-5.006120188173960196e+04 0.000000000000000000e+00
-5.006118484456647275e+04 0.000000000000000000e+00
-5.006011839633006457e+04 0.000000000000000000e+00
-5.005825190023855976e+04 0.000000000000000000e+00
-5.005658964621333143e+04 4.039524075577453387e-24
-5.005583183506537171e+04 2.944563389781040523e-24
-5.005581827628517931e+04 1.633000078402835836e-24
-5.005515626061319927e+04 1.815874037174710236e-23
-5.005434425520217337e+04 1.284812942689182262e-24
-5.005433102985697769e+04 0.000000000000000000e+00
-5.005400379905218142e+04 5.110855403416978939e-23
-5.005328570236927771e+04 6.499465210975164359e-23
-5.005290868640218105e+04 1.253778371219777146e-22
-5.005239875062127976e+04 4.082179812889132773e-23
-5.005167313415618264e+04 2.463245850381657307e-23
-5.005092898771172622e+04 2.716808292011441422e-22
-5.005032978998267208e+04 3.685375149106327399e-23
-5.005004941653361311e+04 3.117601270016099737e-23
-5.005000477108132327e+04 0.000000000000000000e+00
-5.004990106062703853e+04 1.312914674831507950e-23
-5.004945126419948065e+04 6.396698485095444311e-23
-5.004871145881917619e+04 1.812521995960000989e-22
-5.004826262501382735e+04 1.183943008721379775e-22
-5.004789296061762434e+04 0.000000000000000000e+00
-5.004745930200810835e+04 5.741983598385907684e-23
-5.004705325256397191e+04 2.582226466701083257e-24
-5.004606974701577565e+04 1.001443588525084254e-22
-5.004582805611794174e+04 8.015923227612504256e-24
-5.004548050794677692e+04 4.993528977114030930e-23
-5.004448463780053862e+04 2.176835442466675638e-24
-5.004391597804635239e+04 4.524386696523365738e-23
-5.004355566542559245e+04 5.696532858183356414e-23
-5.004273481080736383e+04 3.323016081041538533e-23
-5.004183956477363972e+04 8.250340580632033876e-22
-5.004154382193196216e+04 3.152426117929659202e-22
-5.004069180095948104e+04 1.434287938295363195e-24
-5.003999333625954750e+04 1.310786714060836604e-23
-5.003990750891141943e+04 1.724331146982651093e-21
-5.003923947233156650e+04 1.330590723977698636e-23
-5.003841927074702107e+04 5.502155604503111959e-22
-5.003798586250237713e+04 1.032042158694180021e-20
-5.003786187605265877e+04 6.094044485661776653e-23
-5.003671014052213286e+04 1.735238777837314538e-21
-5.003623160692049714e+04 6.291946669043795183e-22
-5.003575454650915344e+04 9.415023433540892782e-21
-5.003573448777284648e+04 6.839312160247516229e-23
-5.003460731059085811e+04 8.166664013768599409e-21
-5.003374621894051961e+04 2.757877829013740202e-20
-5.003362838367748191e+04 2.876133996906125827e-23
-5.003296144927454588e+04 7.261410885868783809e-21
-5.003275755680969451e+04 7.626446904068669101e-20
-5.003159185240628722e+04 4.122037290513483281e-20
-5.003146261717235029e+04 9.416140584392180059e-20
-5.003077490754550672e+04 1.733167045324957120e-20
-5.002999241144832195e+04 2.423507953524751703e-22
-5.002982932014529069e+04 1.584307930171048691e-21
-5.002969233991675719e+04 2.854322041570225372e-23
-5.002940241717282333e+04 5.635578825996707003e-20
-5.002873271730745910e+04 2.847407213076864576e-20
-5.002822730938682798e+04 1.641488124029403155e-19
-5.002785690340508881e+04 4.031721941322718175e-22
-5.002746692483540392e+04 1.173263455244931710e-19
-5.002738594917600858e+04 2.225018638315029013e-19
-5.002704097288368212e+04 1.496738182859007602e-20
-5.002664126827620203e+04 1.086485444586513819e-23
-5.002623850027560547e+04 1.877806488559537434e-21
-5.002576339638365607e+04 2.453822280542550898e-21
-5.002572295083783683e+04 1.717862423684549704e-20
-5.002542860725724313e+04 4.560522932466665932e-20
-5.002531610623572487e+04 3.194192419149095509e-19
-5.002469680262971087e+04 1.873821596243063844e-20
-5.002418938329380762e+04 7.572204510075469248e-20
-5.002359390192420688e+04 1.725349742938104159e-20
-5.002357744512810314e+04 8.454826477239159273e-19
-5.002329346463453840e+04 1.442088336121061458e-18
-5.002263480948638608e+04 9.099997782169861159e-21
-5.002224744298687438e+04 1.097641263644369835e-19
-5.002174837871924683e+04 8.360947169175048148e-20
-5.002149430521096656e+04 4.187798389504647178e-19
-5.002146333215669438e+04 3.295458743363469997e-18
-5.002100679529817717e+04 2.387975642732479174e-19
-5.002068671666804585e+04 1.099231796068577020e-19
-5.002034872515271127e+04 5.523772540829222044e-20
-5.001999230495002121e+04 4.902585940373001606e-20
-5.001994439198248438e+04 4.907784938638315770e-20
-5.001960729850573989e+04 1.013588551069247405e-18
-5.001934875494388689e+04 4.420939054922550742e-19
-5.001893988082774740e+04 2.467253156420483181e-19
-5.001878471628650732e+04 3.540535759172760189e-20
-5.001787611152024328e+04 4.052896740416496203e-18
-5.001785627546814794e+04 2.675815404743091539e-19
-5.001775073409242032e+04 6.310637503120363137e-19
-5.001724071971313970e+04 5.908271736405349618e-18
-5.001691933868278284e+04 1.889271167465685969e-19
-5.001662073991398211e+04 2.194356405003814512e-18
-5.001603977547019895e+04 7.832449771637262090e-18
-5.001572055426462612e+04 5.249130086855098724e-18
-5.001566624270043394e+04 3.956722889180594454e-19
-5.001515806785938912e+04 1.376096643991179731e-17
-5.001460421280318405e+04 2.797996621442599363e-18
-5.001449975600087782e+04 4.779471841639064931e-18
-5.001405634371814085e+04 3.576330424742935158e-18
-5.001358536119135533e+04 1.286304807441428872e-19
-5.001335705091779528e+04 1.142844777952874911e-24
-5.001307533006448648e+04 5.302732006423228203e-17
-5.001252963704608555e+04 1.261962959435969630e-20
-5.001219293772224046e+04 1.739891426725183977e-18
-5.001147854326941160e+04 9.315412667171170808e-19
-5.001145083477831940e+04 4.220466770986354738e-19
-5.001104211161706189e+04 3.005150394272688201e-17
-5.001094021901157976e+04 1.149028851802904491e-18
-5.001036991314367333e+04 1.382088743239416446e-18
-5.000999229389305401e+04 5.643250528838711229e-19
-5.000987798034009757e+04 1.906998217105327901e-19
-5.000932083271892043e+04 7.701887482400344103e-17
-5.000923082663952664e+04 3.383699274458108293e-17
-5.000900913226237753e+04 1.607467195484330401e-16
-5.000835416545503540e+04 3.998475196344640007e-17
-5.000785618914283987e+04 1.511843682465614763e-18
-5.000773140423567384e+04 1.994790163419420020e-18
-5.000719216061524639e+04 7.463265884027559167e-16
-5.000710815621080110e+04 1.151457804955633851e-16
-5.000693437929812353e+04 7.667692318597859780e-18
-5.000644307655347802e+04 3.346966694897395510e-17
-5.000583568067720626e+04 2.367364056677501064e-17
-5.000572012315790926e+04 7.369102545009333663e-17
-5.000533007877699856e+04 2.482603080493620591e-17
-5.000521787100574875e+04 1.191211134446342123e-17
-5.000506808104179800e+04 1.008943862846516374e-16
-5.000465814672521083e+04 6.046807268100546729e-17
-5.000418192866230675e+04 2.952582035147320452e-18
-5.000358420061017387e+04 3.664369464019355984e-16
-5.000339869085574173e+04 1.892442035582152941e-17
-5.000312113199655141e+04 8.944350633356689746e-17
-5.000295638657291420e+04 1.547668636243944320e-15
-5.000275668681722891e+04 2.115251961927807482e-17
-5.000203955903036695e+04 5.734105299858332033e-17
-5.000183160029561259e+04 2.567852816285184626e-18
-5.000144853232963942e+04 5.010438468179151753e-15
-5.000130635659623658e+04 1.981730495166371079e-16
-5.000107010645981063e+04 1.542925916295719583e-17
-5.000084434162132675e+04 2.126913356066989072e-15
-5.000078146634245059e+04 1.943264877084929772e-17
-5.000000267155770416e+04 2.518445202331562078e-20
-4.999999229268202180e+04 2.148861637414899436e-16
-4.999951126280338212e+04 4.324063225562178086e-16
-4.999944444772378483e+04 2.110435296755701347e-16
-4.999931340516166529e+04 1.502727392510346740e-16
-4.999880184488961822e+04 5.307880315435201074e-16
-4.999873009031228139e+04 2.636271515240824112e-15
-4.999863664895010879e+04 1.903269079831612492e-16
-4.999785617753455881e+04 6.161398073107659994e-16
-4.999775629531027516e+04 2.170439103144784100e-17
-4.999744630465295631e+04 1.120433746645953631e-17
-4.999720684718094708e+04 3.314905980761462675e-17
-4.999717955996462842e+04 4.274227733482759021e-15
-4.999667432038941479e+04 7.803517460970485779e-16
-4.999645139438625483e+04 6.272008911181090168e-17
-4.999578843958681682e+04 4.471863255143778218e-17
-4.999572006862350099e+04 1.246769023233995749e-14
-4.999553606730354659e+04 8.862490565181006912e-17
-4.999504869679031981e+04 1.837395209663522102e-14
-4.999499514075557090e+04 1.391716869066004548e-16
-4.999463554578769254e+04 6.541298721033278656e-15
-4.999451810340532393e+04 1.331131342749641692e-15
-4.999426099021160917e+04 1.421438973172739032e-18
-4.999363910062784271e+04 3.429686180489743014e-16
-4.999358397969683574e+04 9.691345158416572039e-17
-4.999327353155262244e+04 2.663907008915992386e-16
-4.999291805149002175e+04 7.254028830762717536e-14
-4.999260358922561863e+04 9.076134572180191639e-15
-4.999242813018494053e+04 3.023466386844517784e-15
-4.999212683148295037e+04 5.153810287566078115e-16
-4.999176655253335775e+04 6.643166437836965262e-18
-4.999144795236358186e+04 8.853024394342093982e-16
-4.999113391092822712e+04 3.973778625209287269e-16
-4.999090492710792751e+04 1.446793555278901959e-16
-4.999079171865021635e+04 2.974875500596130310e-15
-4.999056496814270213e+04 2.728450209656740147e-15
-4.999042850147069839e+04 5.129294900930572150e-16
-4.998999229255413229e+04 1.390734968047417317e-15
-4.998986958648437576e+04 3.005510948139277769e-17
-4.998931208527587296e+04 1.291289881071997413e-13
-4.998930034603959211e+04 2.693083461664266608e-17
-4.998889807937222940e+04 6.537646743424887186e-16
-4.998867363072209992e+04 1.018740156062146670e-13
-4.998852277229375613e+04 1.401641121210949836e-15
-4.998838502672471805e+04 1.243310794626952941e-16
-4.998785617612376518e+04 7.557517982300836046e-15
-4.998746828759662458e+04 2.771022454574608344e-18
-4.998717785274611379e+04 8.903485648951930634e-13
-4.998716949074956210e+04 1.579250904172150553e-13
-4.998675263287451526e+04 4.299788948751778086e-15
-4.998660871008189861e+04 2.177246147228646573e-16
-4.998655675074193277e+04 1.664912722659952676e-13
-4.998580617996104411e+04 2.175452857628618403e-16
-4.998572006054998201e+04 2.797290490763027656e-13
-4.998555522721336456e+04 3.666381387903151730e-17
-4.998512867951659427e+04 5.076801643961414407e-16
-4.998504088511016744e+04 6.607627922185224015e-16
-4.998483404685475398e+04 6.243447740677422200e-15
-4.998444816154688306e+04 1.288429974865544558e-13
-4.998402843833749648e+04 5.356963818892865725e-17
-4.998358394868917094e+04 6.239942717433916387e-13
-4.998353789120841247e+04 3.460849068083297155e-16
-4.998302744319490739e+04 2.372646757936732330e-16
-4.998290713617546135e+04 6.724880307566476214e-13
-4.998269677354821761e+04 1.300371324855422134e-15
-4.998235931950857048e+04 9.646445182196917344e-15
-4.998192339100454410e+04 1.188044897442728481e-15
-4.998157944393402431e+04 1.218580499882896637e-15
-4.998144784701006574e+04 8.775205799854376757e-12
-4.998111988280693186e+04 8.542823002243569813e-15
-4.998077466363461281e+04 1.888993633826583080e-12
-4.998064876340590126e+04 1.615480321285964360e-14
-4.998029548800373595e+04 4.874892692138508007e-14
-4.998022284333028074e+04 1.518802845309406658e-14
-4.997999229253982776e+04 9.291034882240893342e-13
-4.997984688115320751e+04 3.465524961082481097e-15
-4.997940475048145163e+04 6.161090668293542767e-16
-4.997931177247886080e+04 1.042591530387362858e-13
-4.997917677144684421e+04 2.046450202746997394e-15
-4.997864506906901806e+04 3.245992367193918918e-12
-4.997862090403393086e+04 2.303353311048834065e-13
-4.997822346090985229e+04 1.793889371178745896e-13
-4.997810352324294217e+04 1.024523810212312875e-14
-4.997785617594918585e+04 1.422859565974389205e-12
-4.997727106347563677e+04 1.169659096918622256e-15
-4.997717576052727964e+04 8.939241435629214326e-13
-4.997709481557198887e+04 5.340681116440253367e-16
-4.997668221503075620e+04 1.553355512428952851e-16
-4.997651486122063943e+04 2.679585237438575350e-13
-4.997618288711553032e+04 4.773700795337151992e-14
-4.997595209029583202e+04 2.360819246582566708e-15
-4.997577172905044426e+04 2.071265349644494981e-16
-4.997572005944518605e+04 2.842490490701877753e-11
-4.997530777396558551e+04 4.995745031667934446e-15
-4.997507254768108396e+04 4.436904370272848978e-14
-4.997503980219904770e+04 1.771036360027781246e-11
-4.997464605300375842e+04 2.002309847419830056e-14
-4.997439180834425497e+04 1.028688890068160831e-12
-4.997415623585537833e+04 2.735411941632048839e-13
-4.997395378438103944e+04 2.418361333299640169e-15
-4.997358394333095930e+04 3.024272591964659975e-12
-4.997332413390724105e+04 5.187204671015137083e-16
-4.997308879543113289e+04 1.120550238831329973e-15
-4.997290424349968089e+04 7.356223220962895599e-11
-4.997233958931321831e+04 2.722155354998247966e-13
-4.997226668283232721e+04 2.992603777291130505e-12
-4.997216022671824612e+04 1.587755966333321032e-14
-4.997174328414426418e+04 2.255339268733393309e-14
-4.997144782850059710e+04 1.904805524153246388e-11
-4.997138469321913726e+04 7.082667884828621505e-15
-4.997085028425429482e+04 2.095491312706149685e-15
-4.997076905342109239e+04 7.180307926984039289e-12
-4.997034338303560799e+04 3.688251419036732508e-14
-4.997018741764800507e+04 1.396853410839436436e-13
-4.997015410206821252e+04 1.823918575334886325e-12
-4.996999229253509839e+04 2.696337792728659275e-12
-4.996978870856457797e+04 1.896224282286681099e-14
-4.996937714994395355e+04 1.392729802109485479e-17
-4.996931171687009919e+04 1.315623165229243271e-10
-4.996863458063686267e+04 1.012294333259030299e-11
-4.996844001504144398e+04 2.486472624292197188e-15
-4.996823385263803357e+04 3.392867235011249110e-15
-4.996805144726624712e+04 3.692046627846220522e-12
-4.996797990367230523e+04 9.661790180775446649e-14
-4.996785617587409797e+04 3.146086690800425202e-11
-4.996772253198920225e+04 3.626578095802501945e-18
-4.996717561245637626e+04 1.166495843377541118e-09
-4.996677184383930580e+04 5.973946487220528566e-14
-4.996650094150166115e+04 4.755649269992741146e-11
-4.996647049240192428e+04 4.988731514154284148e-15
-4.996631807585711067e+04 8.672671308153911668e-14
-4.996595606654760195e+04 4.371097801568060919e-14
-4.996586446722429537e+04 6.642042917755725844e-15
-4.996572005878287018e+04 9.841509918027026505e-10
-4.996547387396625709e+04 4.581763912000585386e-16
-4.996503952051194210e+04 1.371243197955576328e-10
-4.996482332525349921e+04 1.714665864959873672e-14
-4.996456127431226196e+04 3.244216342500314871e-14
-4.996436854085762752e+04 5.856674474175596988e-11
-4.996406039679289097e+04 1.302126700128026132e-14
-4.996386785075553053e+04 1.144497712528815524e-12
-4.996381010485762818e+04 2.678501987616693034e-14
-4.996358393931304454e+04 7.379468658405919130e-10
-4.996309808343918121e+04 2.012007374824064897e-14
-4.996290344292297959e+04 2.306760237194799488e-11
-4.996280263267339615e+04 3.996429413378829107e-17
-4.996244395088039164e+04 9.791331353726176839e-15
-4.996223906394017104e+04 7.054258810603414114e-11
-4.996194908362155547e+04 2.572436934308219834e-14
-4.996179324678677949e+04 3.771367460382553412e-15
-4.996145319638177898e+04 1.662054393078266520e-13
-4.996144781037853681e+04 1.216249580989775125e-08
-4.996076738258339174e+04 5.846181900335533361e-10
-4.996067047977478796e+04 6.296290948739014114e-14
-4.996035228851626744e+04 6.960394584591962257e-14
-4.996011675920711423e+04 2.348657823462599374e-12
-4.996000467056618800e+04 1.827598713244111839e-13
-4.995999229234027734e+04 5.547338320914029570e-09
-4.995973583749277168e+04 2.615284031765629623e-13
-4.995931165236040397e+04 1.799081952410952681e-09
-4.995928603359378758e+04 9.610133472062078454e-15
-4.995884130474505946e+04 8.511988494020203012e-14
-4.995863128561750636e+04 1.564907703038679845e-09
-4.995837052016811504e+04 2.873884380133539548e-14
-4.995800099198777752e+04 1.023868702313444455e-12
-4.995798394685198582e+04 1.316168652979318514e-11
-4.995785617378010647e+04 2.429020457877954512e-09
-4.995774982791011280e+04 1.979114947368280329e-14
-4.995752067519364937e+04 2.019147247760193627e-16
-4.995717541894641181e+04 6.327326444811036474e-10
-4.995659516458892176e+04 4.494693614722180675e-14
-4.995649514821101184e+04 1.363345448244431830e-09
-4.995637764814314141e+04 1.817159840378072867e-13
-4.995586605517356656e+04 7.321637569413138794e-14
-4.995578223539479950e+04 1.086606172961464084e-13
-4.995572004728193133e+04 5.540316220014233325e-08
-4.995542425757808087e+04 7.880772492931893860e-16
-4.995507404754216986e+04 1.691770132726274192e-13
-4.995503901163301634e+04 6.120341100530885262e-09
-4.995462824830535101e+04 1.485717320664658109e-16
-4.995435871131930617e+04 1.173601770783162596e-10
-4.995412019267489086e+04 2.899080736288561326e-15
-4.995374624151115859e+04 2.055098377237582393e-12
-4.995369687231018906e+04 1.778940522356605858e-13
-4.995358389317581896e+04 1.558234938903266608e-08
-4.995340012436699908e+04 1.092448043536307924e-16
-4.995315781794853683e+04 8.480345246305846327e-15
-4.995290224276714434e+04 3.705427735006464288e-08
-4.995263870270378538e+04 7.421347239524407720e-14
-4.995222182048528339e+04 2.759200084598138506e-10
-4.995194214444607496e+04 6.523216880996697762e-14
-4.995173783965740586e+04 4.376319726948424249e-15
-4.995163070280288957e+04 8.698873238683709665e-14
-4.995144912178817322e+04 2.841067068938163651e-12
-4.995144765065646061e+04 8.424649626298297591e-08
-4.995084116524009733e+04 1.561590409672891394e-12
-4.995076476035382075e+04 2.500513655820678734e-08
-4.995036253154072620e+04 4.695646553145914653e-14
-4.995008407279086532e+04 4.271090112266057120e-12
-4.994999228977305029e+04 8.118940004853411610e-09
-4.994998601870264974e+04 1.271394672062406514e-15
-4.994964666203406523e+04 1.101283648709390341e-14
-4.994951748234747356e+04 5.662202938524856307e-13
-4.994942678680427343e+04 2.654015197506676445e-14
-4.994931115217521437e+04 5.546272277834862957e-08
-4.994911887686299451e+04 1.767395197007427482e-14
-4.994862599611592304e+04 5.054582285689154647e-09
-4.994846581588439585e+04 1.926962860318087665e-13
-4.994794415644342371e+04 3.063870838363970630e-11
-4.994785613916888542e+04 9.619331251843219316e-08
-4.994777597408055590e+04 6.704123687589465633e-14
-4.994759937192271173e+04 1.666524562263134097e-14
-4.994740831699382397e+04 1.034924427556022501e-13
-4.994717401334542228e+04 7.565019849072407654e-07
-4.994682186674499826e+04 1.896335840246120190e-14
-4.994648504598876752e+04 5.961202889063617383e-09
-4.994616675192979164e+04 4.544494226131990000e-16
-4.994584889765125263e+04 6.750459500333222126e-13
-4.994579803937957331e+04 9.784390208138709401e-12
-4.994571981950204645e+04 2.462560462149616807e-06
-4.994547568661959667e+04 1.782295625526988759e-13
-4.994528115860397520e+04 1.234894499821289492e-15
-4.994503549590629700e+04 4.188420786176264392e-07
-4.994481410239302204e+04 4.222860620412117344e-16
-4.994434062475361861e+04 1.047088972963840829e-10
-4.994405091260954941e+04 3.951202436756693866e-14
-4.994393999291152431e+04 1.297941877017234483e-14
-4.994365686782649573e+04 4.685624393095240393e-12
-4.994358294389692310e+04 5.102869560901132093e-07
-4.994328152447861794e+04 3.863843033435443976e-14
-4.994313527334028913e+04 3.638691397442111920e-14
-4.994289437210196047e+04 2.110032934153318897e-07
-4.994263902512990171e+04 1.828753052543690182e-14
-4.994230965045946505e+04 1.409787013048053741e-13
-4.994219101242862962e+04 5.375199352628620142e-10
-4.994178995155403391e+04 6.076098979446142783e-15
-4.994151964310587937e+04 3.993705163073030165e-12
-4.994146176196875604e+04 1.789457649783675382e-10
-4.994144475328639237e+04 1.218603587101285381e-05
-4.994114923053716484e+04 1.829084387455266236e-12
-4.994074883919017884e+04 1.374497143922586266e-07
-4.994072835403314821e+04 2.838525379101606428e-11
-4.994012764112393052e+04 2.751110438332505212e-13
-4.994003425249406428e+04 3.479752029598639300e-10
-4.993999219148843986e+04 4.134875533007674198e-06
-4.993966063619934721e+04 1.155858413832618883e-15
-4.993934237636697799e+04 4.339613226373671095e-10
-4.993930398081726162e+04 6.059000632291399340e-06
-4.993908719871837820e+04 8.727999776976188040e-13
-4.993900013256746752e+04 3.946964190262793490e-14
-4.993864118571300060e+04 8.241446864751107407e-13
-4.993859648955205193e+04 2.944221248725389514e-09
-4.993815177897494868e+04 6.816873363959735492e-15
-4.993786814048937958e+04 8.537433128466086383e-12
-4.993785554887258331e+04 7.027092469478228578e-06
-4.993769870971060300e+04 1.732230495732349332e-14
-4.993722713397647749e+04 1.563996629247083826e-10
-4.993717057859326451e+04 2.990893850540411182e-08
-4.993715862347113580e+04 8.554252715184336485e-06
-4.993701131912677374e+04 6.131710451072252741e-17
-4.993655904017438297e+04 3.505235614763337820e-12
-4.993643450085039512e+04 1.161700635571361469e-08
-4.993589631194710091e+04 2.447262374718322456e-13
-4.993571770592708344e+04 1.131903633563153920e-04
-4.993568947666781605e+04 8.948928481128957899e-09
-4.993528483338264050e+04 4.857331648282577569e-12
-4.993500617064465769e+04 3.012951858101216473e-06
-4.993499505288445653e+04 4.722880807814987751e-08
-4.993480881327857787e+04 1.304993474488747515e-13
-4.993425979722775810e+04 1.117297679551619080e-08
-4.993412484735419275e+04 1.371069355322290402e-13
-4.993391081874773954e+04 6.696546883689052293e-13
-4.993357627937452344e+04 6.810341585375882616e-05
-4.993349972218841140e+04 3.728677454249254522e-09
-4.993334522709104931e+04 5.973330452449453663e-12
-4.993288404107823590e+04 8.413165691206823679e-11
-4.993284246027268819e+04 7.221676444706849765e-08
-4.993281092579418328e+04 2.622711635188689904e-10
-4.993258648253677529e+04 1.584027730599070825e-12
-4.993206927538581658e+04 7.144256030805476007e-10
-4.993153029675529979e+04 6.671464559854490020e-11
-4.993142619858970284e+04 3.474750407897853163e-04
-4.993131446487804351e+04 1.510747336116769140e-08
-4.993126264284605713e+04 7.577793233797837515e-09
-4.993091794292883424e+04 5.118746467464082665e-12
-4.993066390832282923e+04 1.548826861454332513e-07
-4.993061902586571523e+04 6.986294661493535964e-10
-4.993055174566099595e+04 1.018246153879617616e-11
-4.992999089561928122e+04 3.652810675926418537e-10
-4.992998932244928437e+04 1.579992729274784584e-05
-4.992986009857981844e+04 2.603709172981916089e-08
-4.992926044060690037e+04 7.237852694185991482e-05
-4.992906713328516344e+04 5.578044116167589559e-09
-4.992887475261012150e+04 8.982048240179081165e-13
-4.992846809818928887e+04 1.043249116229941596e-07
-4.992845787260945508e+04 2.864799111088951014e-08
-4.992827272903308040e+04 6.371303172864661460e-12
-4.992803904812557448e+04 2.699550566988567624e-12
-4.992783807484551653e+04 4.417414466996237403e-04
-4.992782680906854512e+04 7.691157843321110757e-10
-4.992763027076210710e+04 1.578234516370546820e-08
-4.992739854046459368e+04 1.062045195830811681e-11
-4.992707144988655637e+04 5.915707779181516951e-06
-4.992696189118925395e+04 1.354794527246910232e-12
-4.992682251395455387e+04 1.154352433808634139e-10
-4.992665847107747686e+04 1.066869941024063697e-12
-4.992624598536495614e+04 2.423636894002425517e-08
-4.992620694226895284e+04 1.823849568575671304e-11
-4.992566010539721901e+04 1.552054240503126202e-02
-4.992560381329320080e+04 7.774577650819192037e-10
-4.992537808230446535e+04 1.368794664370112311e-07
-4.992515955460081750e+04 1.916818637149657303e-10
-4.992485261120392533e+04 5.468066386966113961e-06
-4.992470429454925761e+04 3.962487425258589935e-10
-4.992455906468087051e+04 8.739757793076779247e-09
-4.992400022360803268e+04 2.145617373293147480e-07
-4.992397453191924433e+04 1.658697924683600015e-08
-4.992357385092372715e+04 2.272810645288851727e-11
-4.992344773776360671e+04 1.380685080377357099e-03
-4.992310260595621367e+04 5.979378784079339241e-08
-4.992276839557352650e+04 1.250669726576707008e-10
-4.992259917167823005e+04 5.878577566758535865e-06
-4.992229385780674784e+04 3.420673169785984174e-09
-4.992219965751453128e+04 9.346103992040829591e-12
-4.992211318730874336e+04 6.399900911974847045e-11
-4.992172595211467706e+04 5.107228251392583977e-07
-4.992166990440314839e+04 1.007683538092729988e-08
-4.992148888392910885e+04 6.740414651994417166e-11
-4.992119294351425197e+04 1.441996559951700969e-05
-4.992104953764971287e+04 4.322967257058872797e-10
-4.992080204755447630e+04 2.373123384493848694e-07
-4.992055105202824052e+04 3.542575097509622293e-09
-4.992030849765884341e+04 1.177341466400133591e-04
-4.991998779761195328e+04 1.994048978385913262e-05
-4.991995419391665200e+04 9.561530886886361325e-01
-4.991959211778819736e+04 1.045999034950708151e-09
-4.991942361462447298e+04 7.306153465353889196e-06
-4.991934282874345081e+04 5.697106308089309036e-09
-4.991930832504307182e+04 8.645648392832375692e-10
-4.991889023772643122e+04 6.433318280496685168e-05
-4.991847998790582642e+04 4.614941494553252914e-09
-4.991821670245734276e+04 1.911332525640390651e-09
-4.991797989839696675e+04 9.296158284406609432e-05
-4.991774930198505172e+04 2.506271549108838453e-02
-4.991770482859174081e+04 2.396520004824446373e-06
-4.991742804822760809e+04 9.651082331561424971e-09
-4.991709333686073660e+04 1.518239881959734982e-06
-4.991655621713711298e+04 2.023186258123518247e-09
-4.991653752938334219e+04 5.015027248156291983e-05
-4.991624428281113069e+04 7.677025946196584910e-12
-4.991613378502301202e+04 1.303109801058608459e-08
-4.991585531454750162e+04 2.364902584366715883e-11
-4.991561420584644657e+04 8.247240648825671265e-06
-4.991542522076277965e+04 6.173187714236988533e-06
-4.991542052692249854e+04 2.680226138396895035e-04
-4.991528674691663036e+04 1.151315843894055525e-10
-4.991515683879471908e+04 1.092119169036234262e-09
-4.991488548597821500e+04 2.479221751685817971e-11
-4.991473476737795863e+04 7.784278712697329528e-08
-4.991424598804518610e+04 2.121257894683532955e-10
-4.991413567294669338e+04 1.250614207498960082e-05
-4.991376645283137623e+04 4.783363499959426782e-10
-4.991321938848363789e+04 1.336661557807475439e-07
-4.991320746127113671e+04 1.604316125060807047e-07
-4.991299188857002446e+04 2.672896981859747482e-05
-4.991299140983726829e+04 7.487475980660302415e-07
-4.991286209178068384e+04 1.637445386269260243e-09
-4.991234873359836638e+04 1.931645079022002904e-09
-4.991209680224917247e+04 1.135703615692746804e-11
-4.991168763740007125e+04 4.584339463160880692e-08
-4.991137731113277550e+04 2.914482266502522410e-09
-4.991113879435881972e+04 2.102713334917232555e-10
-4.991077663588677387e+04 7.286727741245991060e-07
-4.991064463097615226e+04 6.001330277105820887e-12
-4.991048380363133037e+04 5.774162094106639556e-05
-4.991017607594703441e+04 3.846146813125795962e-10
-4.990993637207880238e+04 9.543904383725021531e-08
-4.990991662657086272e+04 8.878332003692032884e-10
-4.990959126142492460e+04 3.170108960443689093e-12
-4.990919776860589627e+04 2.393458776541610455e-08
-4.990897201658102858e+04 3.124290080296293606e-11
-4.990894125624852313e+04 3.030427967058420116e-10
-4.990873667163777282e+04 2.552734038145641768e-11
-4.990857013226285926e+04 8.598681325163689257e-10
-4.990830781337883673e+04 2.753699755820982720e-07
-4.990818755499190593e+04 3.026314965402460339e-09
-4.990791325810375565e+04 6.558578005385612516e-06
-4.990776786307085422e+04 3.568442707877913230e-09
-4.990749685188446892e+04 3.952449850001402783e-08
-4.990675472100929619e+04 6.553109423838011779e-10
-4.990667160918315494e+04 6.298416842607273039e-08
-4.990653709640794114e+04 4.684598278590233522e-09
-4.990597341508301906e+04 8.740391512233791888e-10
-4.990580122231731366e+04 2.068610547970694971e-08
-4.990529475555990211e+04 4.875238571108182230e-08
-4.990521654009966005e+04 5.265280319504406025e-11
-4.990503224949854484e+04 1.954703553496979014e-09
-4.990426213937035209e+04 1.505910973787905015e-11
-4.990413658642528026e+04 1.417676969402207775e-08
-4.990406923209326487e+04 1.357026123487621496e-08
-4.990371132109215250e+04 2.558716765906896304e-13
-4.990361761919876881e+04 7.298010897578154849e-14
-4.990328056342447962e+04 6.138333996567867498e-11
-4.990321450624483987e+04 8.723229496748233351e-12
-4.990286140269023599e+04 4.852456733520677941e-14
-4.990265486149599747e+04 4.814059335098623354e-09
-4.990253573651086481e+04 1.764700441064956794e-09
-4.990240217844177823e+04 3.205146768181991353e-11
-4.990207825745678565e+04 3.173515215357929267e-12
-4.990159031731251162e+04 2.645587788302243151e-11
-4.990149504800597788e+04 4.452098864176612679e-11
-4.990111085335019743e+04 4.059081920684975992e-12
-4.990072236423888535e+04 7.993927566537078419e-11
-4.990028433286098880e+04 7.572570706267331975e-11
-4.990012033617501584e+04 1.289041178252428973e-09
-4.989996809808367107e+04 5.960532491698674552e-09
-4.989988636601367034e+04 1.335648648710617680e-08
-4.989909391499267076e+04 4.436859325167641553e-12
-4.989887875665300817e+04 4.475341257261390575e-12
-4.989837346511382202e+04 1.879603081792667307e-11
-4.989814835845495691e+04 3.550945715327723959e-10
-4.989778139924067364e+04 7.118449575662803086e-12
-4.989758842343184369e+04 7.921700773732516826e-11
-4.989748818940656929e+04 1.527443131595127686e-10
-4.989718411507888231e+04 3.987828685508966821e-09
-4.989705324194894638e+04 5.065135897421607772e-12
-4.989683526509108196e+04 1.270935397432549241e-11
-4.989658851143566426e+04 2.830446638225365502e-12
-4.989624605875967973e+04 8.097666212488317934e-11
-4.989614502198973787e+04 9.259133964687404221e-12
-4.989612496610239032e+04 9.431606768319915750e-13
-4.989568002873819205e+04 2.144567929116844772e-13
-4.989555249277998519e+04 7.609525969261976659e-11
-4.989500452948446036e+04 1.268298203508090526e-13
-4.989446458510540106e+04 3.218597790873171829e-13
-4.989443788323353510e+04 1.287218453772550969e-11
-4.989358074137322546e+04 4.528988296577679458e-11
-4.989334843743884994e+04 5.521454629610437667e-13
-4.989296487956495548e+04 7.427473696048201392e-14
-4.989281002338671533e+04 1.368751135916677504e-13
-4.989241732740623411e+04 1.490271004860698508e-13
-4.989171316543296416e+04 7.575213364293551541e-14
-4.989167384405536723e+04 2.429391225445301264e-13
-4.989147411677469790e+04 1.715172148386412539e-14
-4.989093852464376687e+04 6.661258124258434812e-14
-4.989087889599204209e+04 1.196533708106784873e-13
-4.989054122015139728e+04 2.841097809541128247e-15
-4.989033528580951679e+04 5.840369924238317299e-14
-4.988998560008971253e+04 3.351046329258085392e-14
-4.988978305981298763e+04 1.225548731548809070e-15
-4.988966841619178012e+04 1.141265141693060832e-13
-4.988934552374226041e+04 2.502903634183096037e-14
-4.988891073337523267e+04 9.844932721414798987e-12
-4.988876729038379563e+04 1.024220060862843857e-12
-4.988825151599159290e+04 4.066453871272635525e-13
-4.988807604353921488e+04 3.476042511978961975e-17
-4.988762843178877665e+04 6.205409562207861922e-13
-4.988735541447190917e+04 6.342734787335971470e-14
-4.988712577283928113e+04 8.449301781111033680e-14
-4.988611909483745694e+04 2.988216302368613760e-12
-4.988565730108608841e+04 1.093205012809036042e-15
-4.988545934724657855e+04 2.655150270084973385e-13
-4.988517673142741842e+04 2.107542755664127622e-13
-4.988479781209185603e+04 4.071470974285770713e-14
-4.988459023631762102e+04 4.471043474918116730e-14
-4.988452970346724760e+04 1.856434996683858077e-16
-4.988405702715962980e+04 2.822568682907764047e-16
-4.988398580789879634e+04 1.778770698431034084e-16
-4.988347847183288832e+04 1.151820045111560256e-16
-4.988331442767921544e+04 1.865305804775499158e-15
-4.988314037762316002e+04 3.463846515988801948e-15
-4.988305613936192094e+04 5.753778300538887547e-16
-4.988272636307237553e+04 6.054616694983251738e-14
-4.988232505160692381e+04 3.342824132445300187e-16
-4.988192871486383956e+04 2.859396017321586294e-15
-4.988095604769492638e+04 1.238126843927109816e-16
-4.988054125331032265e+04 8.490909599389243009e-16
-4.988028151229266950e+04 1.356711170359748723e-16
-4.987991469970237813e+04 6.858203652669833695e-16
-4.987955602945642022e+04 5.832843096344437269e-16
-4.987894373755216657e+04 1.195957454790144241e-16
-4.987819765732999076e+04 3.694743765188499890e-17
-4.987789207293074287e+04 6.622267390996477166e-16
-4.987778863331215689e+04 3.748255662526254359e-15
-4.987752816117252223e+04 1.182469053909966039e-17
-4.987721925448421098e+04 4.255764849207279463e-15
-4.987715146021143300e+04 2.624353348268553431e-17
-4.987663107211775787e+04 7.859069220344036902e-16
-4.987641504897268896e+04 7.584920652847364390e-18
-4.987564026813705277e+04 1.521249194749035457e-18
-4.987561454338648764e+04 2.396733466272637223e-19
-4.987536261390133586e+04 3.844283232221469244e-17
-4.987490323381562484e+04 1.013198153514246467e-15
-4.987471264746534871e+04 1.202202707811603801e-15
-4.987437507246821770e+04 3.567449980340721865e-16
-4.987378116953930294e+04 5.531701862494973374e-16
-4.987257072509849968e+04 2.388973021139909798e-19
-4.987223016656949767e+04 5.157452714070642183e-18
-4.987191294276388362e+04 2.927317494495742201e-17
-4.987138242341976729e+04 4.807079907088941418e-17
-4.987108814635073941e+04 9.906911092891875055e-20
-4.987075982223817846e+04 1.385005176531116148e-19
-4.987014134021209611e+04 1.219728386785897726e-21
-4.987010660716452549e+04 5.577901312076124851e-23
-4.986963974851299281e+04 2.496957821168150068e-21
-4.986949626864959282e+04 5.132524859954534263e-20
-4.986919609707743803e+04 1.444431638132837484e-18
-4.986910559429526620e+04 3.593021539065537152e-18
-4.986877731128782034e+04 2.129660327446361276e-18
-4.986825918137468398e+04 2.803704366362602422e-18
-4.986741021373384865e+04 1.600501045697655596e-19
-4.986693690531697939e+04 8.689200399017215737e-19
-4.986609517720050644e+04 1.821759927365480469e-18
-4.986599192247082101e+04 6.744687484400646106e-18
-4.986523965181094536e+04 1.079895667520847661e-18
-4.986434808570845053e+04 8.838952264521014145e-20
-4.986403444309734914e+04 4.175851808675109068e-20
-4.986363800827367231e+04 1.862304342077685297e-20
-4.986336313379244530e+04 1.314871923984515595e-18
-4.986303086132684257e+04 1.859009271318706551e-20
-4.986267338398218271e+04 1.301084798038802138e-18
-4.986228333430203202e+04 9.292310660262918903e-20
-4.986142263278963219e+04 1.941262190825395980e-20
-4.986100304224630236e+04 2.953498363081534221e-21
-4.986080330444685387e+04 5.408187690029034589e-22
-4.986068723717227113e+04 2.063371194802117787e-22
-4.986028440391580807e+04 5.877490118844209802e-20
-4.986005145740717126e+04 1.442864838368648477e-20
-4.985883713536598952e+04 1.634819643390653507e-21
-4.985801552589089260e+04 5.795077024507835512e-21
-4.985746374345247750e+04 2.741547541997548598e-21
-4.985694541611590830e+04 1.139351257974188328e-20
-4.985654016113618854e+04 3.424826565886724547e-21
-4.985560295663976285e+04 1.761263653092849829e-23
-4.985521232451125252e+04 2.678693624555394355e-22
-4.985509299558222119e+04 5.092880943176232839e-21
-4.985498341531371989e+04 6.735865933394737831e-21
-4.985424467520981125e+04 5.317690581506796643e-23
-4.985419398467037536e+04 1.550879759024797593e-21
-4.985372329526067188e+04 1.302981809120390325e-21
-4.985244399883440929e+04 3.262438069206576333e-22
-4.985216381091928633e+04 2.011088131892107688e-24
-4.985182948728303018e+04 2.529521618397771807e-21
-4.985095645773937576e+04 4.536541853490496407e-22
-4.984976677877501061e+04 1.855982233146567383e-23
-4.984938337925376254e+04 1.417726376811419869e-22
-4.984879720927539165e+04 0.000000000000000000e+00
-4.984810295967003913e+04 6.947339434283858530e-24
-4.984773520312874462e+04 0.000000000000000000e+00
-4.984680719605846389e+04 1.689425194798657762e-23
-4.984652907360388781e+04 0.000000000000000000e+00
-4.984565818256417697e+04 1.193341036371134758e-23
-4.984480922913420363e+04 1.443938239304687145e-23
-4.984458103144812048e+04 0.000000000000000000e+00
-4.984441585802910413e+04 1.688791843374450484e-23
-4.984428207097813720e+04 1.420281687618925763e-24
-4.984266762397051207e+04 0.000000000000000000e+00
-4.984214857611204206e+04 1.077371790447044290e-23
-4.984142330109702016e+04 0.000000000000000000e+00
-4.984048771810422477e+04 1.000090856694268285e-24
-4.983934129263779323e+04 0.000000000000000000e+00
-4.983875764515784977e+04 0.000000000000000000e+00
-4.983862659973058180e+04 0.000000000000000000e+00
-4.983821342519119207e+04 0.000000000000000000e+00
-4.983802320185064309e+04 0.000000000000000000e+00
-4.983720433932576270e+04 0.000000000000000000e+00
-4.983614732634453685e+04 0.000000000000000000e+00
-4.983497126588746323e+04 0.000000000000000000e+00
-4.983415413760648516e+04 0.000000000000000000e+00
-4.983278786348600988e+04 0.000000000000000000e+00
-4.983230294842204603e+04 0.000000000000000000e+00
-4.983111318696930539e+04 0.000000000000000000e+00
-4.983068605713144643e+04 0.000000000000000000e+00
-4.982927904602685885e+04 0.000000000000000000e+00
-4.982871265395521186e+04 0.000000000000000000e+00
-4.982729403909882240e+04 0.000000000000000000e+00
-4.982702103947654541e+04 0.000000000000000000e+00
-4.982652974745397660e+04 0.000000000000000000e+00
-4.982586570854989986e+04 0.000000000000000000e+00
-4.982445184373193479e+04 0.000000000000000000e+00
-4.982303357078233967e+04 0.000000000000000000e+00
-4.982185527631289733e+04 0.000000000000000000e+00
-4.982096809706015483e+04 0.000000000000000000e+00
-4.982078536413561233e+04 0.000000000000000000e+00
-4.981939450530089380e+04 0.000000000000000000e+00
-4.981880430806749791e+04 0.000000000000000000e+00
-4.981800247988199408e+04 0.000000000000000000e+00
-4.981651882824185304e+04 0.000000000000000000e+00
-4.981432117373596702e+04 0.000000000000000000e+00
-4.981271460850590665e+04 0.000000000000000000e+00
-4.981177542285921663e+04 0.000000000000000000e+00
-4.981024786149249849e+04 0.000000000000000000e+00
-4.980922670110902254e+04 0.000000000000000000e+00
-4.980677563342136273e+04 0.000000000000000000e+00
-4.980618816849963332e+04 0.000000000000000000e+00
-4.980535347603851551e+04 0.000000000000000000e+00
-4.980221655812997778e+04 0.000000000000000000e+00
-4.980023417224537843e+04 0.000000000000000000e+00
-4.979985258042007626e+04 0.000000000000000000e+00
-4.979974567237511656e+04 0.000000000000000000e+00
-4.979845179669513891e+04 0.000000000000000000e+00
-4.979262478686712711e+04 0.000000000000000000e+00
-4.979211871701446944e+04 0.000000000000000000e+00
-4.978474924530953285e+04 0.000000000000000000e+00
-4.978446403702354291e+04 0.000000000000000000e+00
-4.977798051632457646e+04 0.000000000000000000e+00
-4.977760972710901115e+04 0.000000000000000000e+00
4.993894538584999827e+04 0.000000000000000000e+00
4.993896361086083925e+04 0.000000000000000000e+00
4.993988573737346451e+04 0.000000000000000000e+00
4.994175920363881596e+04 0.000000000000000000e+00
4.994342806116025167e+04 0.000000000000000000e+00
4.994429342148025898e+04 0.000000000000000000e+00
4.994430783960963163e+04 0.000000000000000000e+00
4.994486895321751217e+04 0.000000000000000000e+00
4.994579614048103394e+04 0.000000000000000000e+00
4.994581108616387792e+04 0.000000000000000000e+00
4.994603411504652468e+04 0.000000000000000000e+00
4.994677839174004475e+04 0.000000000000000000e+00
4.994717224404394801e+04 0.000000000000000000e+00
4.994767153415138455e+04 0.000000000000000000e+00
4.994839113409406127e+04 0.000000000000000000e+00
4.994913640666954598e+04 0.000000000000000000e+00
4.994974832617568609e+04 0.000000000000000000e+00
4.995000499690490687e+04 0.000000000000000000e+00
4.995006216442521691e+04 0.000000000000000000e+00
4.995019468108322326e+04 0.000000000000000000e+00
4.995062203400391445e+04 0.000000000000000000e+00
4.995136759880856698e+04 0.000000000000000000e+00
4.995181887848959741e+04 0.000000000000000000e+00
4.995213037482265645e+04 0.000000000000000000e+00
4.995262542081790161e+04 0.000000000000000000e+00
4.995303198797938967e+04 0.000000000000000000e+00
4.995401707988209819e+04 0.000000000000000000e+00
4.995420877031468262e+04 0.000000000000000000e+00
4.995460567047577206e+04 0.000000000000000000e+00
4.995560252117938944e+04 0.000000000000000000e+00
4.995614460019021499e+04 0.000000000000000000e+00
4.995651788546731404e+04 0.000000000000000000e+00
4.995735337167866237e+04 0.000000000000000000e+00
4.995822583423558535e+04 0.000000000000000000e+00
4.995853764880268864e+04 0.000000000000000000e+00
4.995939724302446848e+04 0.000000000000000000e+00
4.996001555098265089e+04 0.000000000000000000e+00
4.996016203126291657e+04 0.000000000000000000e+00
4.996084890454310516e+04 0.000000000000000000e+00
4.996167350019983860e+04 0.000000000000000000e+00
4.996208923594717635e+04 0.000000000000000000e+00
4.996216266090512363e+04 0.000000000000000000e+00
4.996338304748691007e+04 0.000000000000000000e+00
4.996384953450447210e+04 0.000000000000000000e+00
4.996430024375286303e+04 0.000000000000000000e+00
4.996434344809639879e+04 0.000000000000000000e+00
4.996548375333107833e+04 0.000000000000000000e+00
4.996635556168192852e+04 0.000000000000000000e+00
4.996642651759902947e+04 0.000000000000000000e+00
4.996713143479093560e+04 0.000000000000000000e+00
4.996734438497882365e+04 0.000000000000000000e+00
4.996849111370457831e+04 0.000000000000000000e+00
4.996862976495784824e+04 1.314639197088176868e-24
4.996933920130864135e+04 0.000000000000000000e+00
4.997001654062539455e+04 0.000000000000000000e+00
4.997028385604550567e+04 0.000000000000000000e+00
4.997040794468151580e+04 1.564742760719471190e-24
4.997067995885150594e+04 2.020405949303191190e-24
4.997138836050171085e+04 0.000000000000000000e+00
4.997191872544552461e+04 0.000000000000000000e+00
4.997216793742777372e+04 0.000000000000000000e+00
4.997268349331076024e+04 0.000000000000000000e+00
4.997274038008220668e+04 0.000000000000000000e+00
4.997318830803742458e+04 0.000000000000000000e+00
4.997358059415958269e+04 0.000000000000000000e+00
4.997390609025636513e+04 0.000000000000000000e+00
4.997431760833587032e+04 0.000000000000000000e+00
4.997440170172331273e+04 0.000000000000000000e+00
4.997470435319687385e+04 2.209103084128258574e-24
4.997481960539798456e+04 0.000000000000000000e+00
4.997544137513759779e+04 0.000000000000000000e+00
4.997599043560875725e+04 1.313938513698945750e-24
4.997646394082773622e+04 5.859567119137551079e-24
4.997658095043450157e+04 5.818372637272781404e-24
4.997685263917089469e+04 8.097119518503164787e-24
4.997755250687641819e+04 0.000000000000000000e+00
4.997788453322847636e+04 1.838253843171927561e-24
4.997842542386261630e+04 1.465764197930300837e-23
4.997860575317079929e+04 3.484183689196409833e-24
4.997866314635732124e+04 2.120951423387550606e-23
4.997918595568371529e+04 3.839768972288128538e-24
4.997950567158543709e+04 1.104109934668952639e-24
4.997983647051179287e+04 1.057474517916265729e-24
4.998001665321176552e+04 0.000000000000000000e+00
4.998023384150961647e+04 1.454900738433087654e-24
4.998056986828500521e+04 4.570452034831695262e-24
4.998073801053172065e+04 4.562973505221520034e-24
4.998126572082389612e+04 1.190339824092111003e-24
4.998138757531646843e+04 1.197775334397438513e-24
4.998216858646860055e+04 0.000000000000000000e+00
4.998227762587911275e+04 4.631355975044576787e-23
4.998244598002659768e+04 6.959030986186332960e-24
4.998286021977516793e+04 8.820265634419170928e-23
4.998328549099321390e+04 0.000000000000000000e+00
4.998352566787675460e+04 0.000000000000000000e+00
4.998410994848239352e+04 1.331964080211966807e-22
4.998432023340625165e+04 7.224032903234820396e-24
4.998453816917040967e+04 2.069467228770500056e-24
4.998495587661454920e+04 5.661888741535202098e-22
4.998557113783542445e+04 1.742587647718654070e-23
4.998569206437552930e+04 4.198817742122606613e-23
4.998608719121722243e+04 2.281748867971672395e-23
4.998647121626825538e+04 1.531480709440338230e-22
4.998683059414177842e+04 0.000000000000000000e+00
4.998705318911404174e+04 6.211596474870505446e-24
4.998762301670178567e+04 0.000000000000000000e+00
4.998799473649026913e+04 1.503573500718290102e-24
4.998862058522678853e+04 2.964594296487910642e-22
4.998871246469190373e+04 1.286270695716681927e-23
4.998909807181046199e+04 3.227214804444936288e-22
4.998924907389353757e+04 2.466223329752284537e-23
4.998977131097269012e+04 1.796933037893558226e-23
4.999001666534107062e+04 1.137074763221870759e-23
4.999031280945715116e+04 1.816503629950166087e-22
4.999076748198043788e+04 3.538000736041003307e-21
4.999096158836736868e+04 1.162998307895972386e-22
4.999115064761402755e+04 1.219095317010276695e-21
4.999184087905471824e+04 1.536404580973008769e-22
4.999216868566628546e+04 5.309700123516401220e-22
4.999247326498718758e+04 7.603447016730793471e-23
4.999291120790226705e+04 3.935702340638485315e-23
4.999305771940912382e+04 1.701644994494242753e-21
4.999326015693362569e+04 1.910780365025407360e-22
4.999374807221794617e+04 5.122778639523271538e-22
4.999432065151107963e+04 5.084284039315651605e-22
4.999437019838904962e+04 3.213804169493276435e-23
4.999485565838133334e+04 2.353702888491423777e-24
4.999496137759938574e+04 4.071822559288202254e-24
4.999505007432672573e+04 1.942998672933543044e-22
4.999552781867414160e+04 5.798407377241566698e-24
4.999604360919928149e+04 1.255495292060060070e-22
4.999647248743250384e+04 7.803835820963699606e-21
4.999682394848715194e+04 0.000000000000000000e+00
4.999706021584060363e+04 1.104822195477196162e-21
4.999717621256944403e+04 1.209554052860954997e-20
4.999746646132564638e+04 1.405317938756131068e-22
4.999813916812752723e+04 3.624924928040617176e-24
4.999842615263259358e+04 1.660608186632420877e-23
4.999862403036971227e+04 1.904803069323840367e-21
4.999887743411540578e+04 4.765656762955791013e-21
4.999913166129887395e+04 9.839489699845131424e-22
4.999930323217098339e+04 4.390271525816360039e-20
4.999948494027963898e+04 1.267572448987017848e-21
5.000001666668676626e+04 6.452368487300172586e-23
5.000023974201199599e+04 8.961413044446612906e-22
5.000069934183842270e+04 1.712016630822330049e-22
5.000077456508592149e+04 1.232334665920503096e-20
5.000081721953440137e+04 4.886925886545516446e-22
5.000138269741803379e+04 1.299441163324520565e-21
5.000146557793125976e+04 2.372665054016428847e-22
5.000164911845587631e+04 2.051525566218278138e-22
5.000216869842819142e+04 6.234449609813620832e-22
5.000244309122961567e+04 5.670958951218838349e-22
5.000283911197938869e+04 4.931335269161837186e-22
5.000292451696874195e+04 6.874688093440055025e-20
5.000302227073310496e+04 9.978308516936614595e-22
5.000349728624620911e+04 1.834806292313161082e-20
5.000384270550221117e+04 4.926216697436187816e-22
5.000432072311367665e+04 1.758633813691128891e-20
5.000444821874242916e+04 1.902685475075256771e-22
5.000473577655139525e+04 4.271831615716042234e-22
5.000507202224494540e+04 5.442841877091569364e-19
5.000524937206538743e+04 7.978773835711879714e-22
5.000555747854164656e+04 6.231887535162834842e-20
5.000575207033559855e+04 5.339287514612796340e-21
5.000598192374022619e+04 7.389023341551605990e-23
5.000647272302419151e+04 3.388085550326998607e-19
5.000662626734279911e+04 1.687716725744008162e-21
5.000699995528349245e+04 1.808064118996771665e-22
5.000721697408006730e+04 2.519721410377570832e-20
5.000759785639609618e+04 4.914205908719902472e-20
5.000780576562324131e+04 1.008236329385028113e-20
5.000812414843823353e+04 2.124269900107131800e-22
5.000852994548816787e+04 2.366450804943853105e-23
5.000862465774697193e+04 2.830493532736681474e-19
5.000908060008180473e+04 3.678155888090638608e-22
5.000932477660652512e+04 4.218850554331144191e-22
5.000935832677903818e+04 6.289977426144708364e-20
5.000965114337948762e+04 2.022222473643847293e-20
5.000984154330038291e+04 7.004184508700706685e-21
5.001001666683347139e+04 3.294582010921589629e-20
5.001038525923484849e+04 1.142963096901192852e-23
5.001077644026104099e+04 3.720681033537905044e-18
5.001096086427676346e+04 4.209848174141794497e-22
5.001135110508496291e+04 1.789572871261737794e-21
5.001149172144880140e+04 7.031853412336576676e-19
5.001170348788188858e+04 5.258065257692701634e-21
5.001181945537839056e+04 4.541457955358027247e-22
5.001216870002242649e+04 1.417572379434389636e-18
5.001280073412523052e+04 1.900991558170269768e-21
5.001292783945825795e+04 5.009236161155377280e-19
5.001307597081914719e+04 1.338207745885993545e-20
5.001354649198393599e+04 3.970560978027837327e-20
5.001361988396932429e+04 6.705292142695023757e-19
5.001362650991971168e+04 7.901075008875417383e-19
5.001432073216181743e+04 5.870138730281782287e-19
5.001448160700326116e+04 1.831865413850990446e-21
5.001468945070240443e+04 0.000000000000000000e+00
5.001507852343842387e+04 1.633624136594486520e-19
5.001519251544326107e+04 1.781341011112057390e-20
5.001540516967414442e+04 1.484259624777103089e-20
5.001574602957314346e+04 3.556801425307273779e-19
5.001624687267033005e+04 6.236609100973231100e-21
5.001647276031074580e+04 9.959250463341006011e-18
5.001674329548688547e+04 3.714036868030881722e-22
5.001721629762330849e+04 5.640524477927804406e-20
5.001722874234659685e+04 5.502274639699418261e-18
5.001760646562017064e+04 6.170690441098325744e-21
5.001784595596329746e+04 1.076287151817198742e-19
5.001832306932916254e+04 1.450470812725224942e-20
5.001862477607429173e+04 5.548481807618837542e-18
5.001870656110707932e+04 7.205001572638025805e-21
5.001914617536654987e+04 9.959829409531045729e-21
5.001937696931849496e+04 2.632866515416685955e-17
5.001966497739472106e+04 4.593235460563700044e-20
5.001993025703304738e+04 5.118681974742762764e-19
5.002001666684972588e+04 7.617107984312736535e-20
5.002007076641829917e+04 3.659943865935776327e-20
5.002043767395390023e+04 6.968969947814179817e-21
5.002077675871093379e+04 3.082118745554487428e-17
5.002087422963766585e+04 1.287147388194547004e-20
5.002111883401000523e+04 2.294374461809365944e-21
5.002152337485323369e+04 6.532530109993095162e-18
5.002165492339899356e+04 7.009453244320610994e-21
5.002200602309902752e+04 4.431576147969431188e-19
5.002216166283143684e+04 3.148179768327638728e-20
5.002216870022285730e+04 2.449174285341086988e-19
5.002292866876670450e+04 3.289545747280275100e-17
5.002298421027776931e+04 6.761124574810425959e-21
5.002320634360911936e+04 1.645909846633655076e-20
5.002363178151373722e+04 2.167311329310118981e-22
5.002367053789978672e+04 4.026004593301848635e-19
5.002406308020788128e+04 1.042827784129904017e-18
5.002432073347745609e+04 3.662372018787542108e-17
5.002438232086443168e+04 7.102642429398515352e-20
5.002451853861134441e+04 2.351413699077983280e-21
5.002499743481363112e+04 8.966385710355713305e-21
5.002508042054854013e+04 3.369388978678154292e-16
5.002519835510783014e+04 4.815234219847117070e-20
5.002566573626872560e+04 3.265009887191119771e-20
5.002580653850181261e+04 7.883979320390183676e-18
5.002610101047315402e+04 3.346203457862490920e-21
5.002634050304944685e+04 2.455697173047700000e-20
5.002647276625959785e+04 6.379005284763329849e-16
5.002698663631537784e+04 2.601628721135678098e-20
5.002723192328852019e+04 9.636179629010323450e-17
5.002724973917964235e+04 1.866839639456978737e-20
5.002793071382262133e+04 1.242994930658883828e-17
5.002800264718180551e+04 1.269907683167174816e-18
5.002811091050873074e+04 5.982605368335087469e-19
5.002858151641530276e+04 1.370999709795624690e-21
5.002862479753377556e+04 1.422162521179606844e-16
5.002897792913402373e+04 9.794230356336159720e-21
5.002938291696846136e+04 7.209713932467009535e-18
5.002950304154922924e+04 7.012183073513508269e-20
5.002998269489426457e+04 8.554125357695470466e-19
5.003001666685452074e+04 8.779104920597544643e-17
5.003007326848730008e+04 1.716308568363871224e-17
5.003009144018693769e+04 1.059867639964678856e-19
5.003053221179013781e+04 4.915676756139032783e-20
5.003077682453602029e+04 2.760752333715778738e-15
5.003095748948481923e+04 1.194507832033642989e-20
5.003153311739470519e+04 7.336274867407263930e-17
5.003187289427244104e+04 2.526313366916487520e-21
5.003204601982929307e+04 4.872327649976671978e-20
5.003216870030137216e+04 3.494759551770043432e-15
5.003218733551372134e+04 4.423076820100366903e-19
5.003239136754687934e+04 7.322691204371112754e-21
5.003262865649830201e+04 5.539201676835257807e-21
5.003292884275745018e+04 1.098179668172875366e-15
5.003359445615475852e+04 2.117949716287617925e-18
5.003368281632923754e+04 3.169749918872336449e-16
5.003384798397236591e+04 4.279971192462345540e-20
5.003398688402998960e+04 2.444614917721463298e-19
5.003429443270365300e+04 4.203799298469580683e-18
5.003432073418189975e+04 3.759935552751194540e-16
5.003447939624626451e+04 7.881321998166044091e-20
5.003483276357225259e+04 8.240536840493976380e-20
5.003508084402866371e+04 1.151833648974225386e-15
5.003549492597727658e+04 4.616616860307718321e-19
5.003575656318167603e+04 9.134354674086578343e-19
5.003583057097058918e+04 3.005849245919931486e-16
5.003626281646067946e+04 2.196471727621822227e-20
5.003639649220691354e+04 1.871286230361341837e-20
5.003647277051238780e+04 9.250196356312740452e-15
5.003651926112168439e+04 3.904174448043693592e-21
5.003721809283925541e+04 5.752537829626563280e-19
5.003723284333659831e+04 4.730228893025194751e-16
5.003751593029112701e+04 1.869088221914143320e-20
5.003787743148154550e+04 2.458858153236502565e-23
5.003797505746802926e+04 2.023570095702187066e-17
5.003840838363931834e+04 1.166304477091183220e-20
5.003848841825925774e+04 7.016621556392479656e-19
5.003862481659853802e+04 9.173741452858955361e-15
5.003891102317057084e+04 1.206919015467492548e-20
5.003938477295482880e+04 6.039036930183128707e-15
5.003967242713718588e+04 2.433431921470254739e-21
5.004001666705458774e+04 4.326274577867242587e-17
5.004005754755494127e+04 9.096348694233183499e-19
5.004011543843742402e+04 5.298743000813342065e-17
5.004031614317407366e+04 1.021336623232956908e-18
5.004055361035498208e+04 1.433123459249725928e-21
5.004077689265614026e+04 4.531572915094156880e-14
5.004107063944808760e+04 9.670007663072610425e-21
5.004153589120585093e+04 3.844411522523666426e-15
5.004154037685728690e+04 8.731370185433325128e-16
5.004197669673432392e+04 5.407457426795443647e-21
5.004216870243034646e+04 1.185758609533743484e-16
5.004225897308813728e+04 1.656327267643066182e-20
5.004237284871671000e+04 8.558694271780083156e-21
5.004257025141867780e+04 7.909340349435872674e-20
5.004285403890272573e+04 2.594201694606430188e-20
5.004292904594021093e+04 1.862109357907274209e-15
5.004368869190826808e+04 8.550862792710656393e-16
5.004374949380869657e+04 1.230579165524290842e-19
5.004400751955174201e+04 1.328416833453766719e-19
5.004432074573768477e+04 5.511465281265878135e-14
5.004439411974713585e+04 4.442706965984702096e-18
5.004452700885436207e+04 3.263245010125937947e-20
5.004496321643776901e+04 6.937019168154764559e-21
5.004508137483237078e+04 9.126949196952904410e-14
5.004528972715035343e+04 5.119662159307874694e-19
5.004573943674847396e+04 2.132600269703899592e-21
5.004584092415199848e+04 1.021382470434189626e-15
5.004622348079136282e+04 6.453627899385509264e-23
5.004647281647806085e+04 9.061443290267340907e-13
5.004652805560325942e+04 6.677774738155798752e-19
5.004663401984236407e+04 2.070727358134352059e-21
5.004698105060371017e+04 2.638417696684009857e-21
5.004721802713902434e+04 4.103932061587776295e-17
5.004723408286803897e+04 6.529974077403081831e-14
5.004772644878079882e+04 1.409079576742834004e-20
5.004799355021224619e+04 1.108632733648479230e-18
5.004842813028204546e+04 1.486008754486743820e-20
5.004862497564578371e+04 3.716819797617022736e-15
5.004865053168439772e+04 1.801704101153078297e-19
5.004865936307179072e+04 2.341793064592712925e-19
5.004890804113484774e+04 5.494847732877445938e-22
5.004938748597638187e+04 3.175006854888542699e-14
5.004955242913716211e+04 3.744967850575982558e-19
5.005001666963074240e+04 2.010542376717032214e-13
5.005002928166743368e+04 5.058582007877208671e-20
5.005014696751336305e+04 4.446392844275852893e-17
5.005038560933931149e+04 5.993115997663365024e-22
5.005069382309178036e+04 4.538490471923822812e-20
5.005077739380093408e+04 9.623856565786286171e-13
5.005078244590201211e+04 5.352873830264227775e-17
5.005101019412774622e+04 2.330592061475543101e-20
5.005127918345324724e+04 4.265909270588412563e-19
5.005154221725194657e+04 2.011811450397142144e-14
5.005195490594367584e+04 2.331359072694056717e-21
5.005216873776530701e+04 7.451240692447769583e-12
5.005230298672839854e+04 1.438100052980487342e-17
5.005261523154375755e+04 1.168487304728435070e-20
5.005279209650816483e+04 1.659239041767884387e-19
5.005291170223354857e+04 3.146487252804080997e-21
5.005293046543117089e+04 7.598445332200653405e-13
5.005357585095750983e+04 4.452921811034512096e-20
5.005369915381447936e+04 6.754126707007592444e-17
5.005422034310956951e+04 9.366086967522142559e-21
5.005432097980633262e+04 1.300673120939769012e-14
5.005446022585054016e+04 2.062677682007430976e-18
5.005456062378663046e+04 2.963346648928881594e-20
5.005492565434386779e+04 2.338465004080527886e-20
5.005508494492396858e+04 1.048610105949558725e-12
5.005509210765694297e+04 3.352263175125860771e-16
5.005560882970185048e+04 2.803087369832391211e-22
5.005585962177722104e+04 5.400371449619983185e-16
5.005635122169352690e+04 3.092384716921937948e-20
5.005647379206514597e+04 4.309416958185615647e-12
5.005649068765624543e+04 5.181298630934293904e-20
5.005662183548402390e+04 1.412984053488567215e-17
5.005707265699784330e+04 1.775893113025643438e-18
5.005724209368893935e+04 3.902367297380280850e-13
5.005725617085264093e+04 1.102024368853800054e-16
5.005778255726374482e+04 1.922514650446119783e-19
5.005802536066728499e+04 2.839805784391573238e-16
5.005812463350409962e+04 8.241525555587531072e-20
5.005859721434600215e+04 2.123628227690975937e-18
5.005862794298915105e+04 6.856989726869316800e-12
5.005878687820125924e+04 1.159706195496750060e-17
5.005890935915117007e+04 4.433224323605273947e-19
5.005922160211193841e+04 1.884992008566061063e-19
5.005940376569508226e+04 2.141263348913319055e-15
5.005968009423879266e+04 3.824239347865398241e-21
5.006001676685200073e+04 1.250017167573297814e-16
5.006019832323057926e+04 1.265946796756437626e-18
5.006031752833617793e+04 1.829333552441975116e-19
5.006077991864576325e+04 4.239210621956627873e-15
5.006078470240053866e+04 3.073469115539499679e-11
5.006096709502830345e+04 1.542931723550283782e-16
5.006129302645985445e+04 5.033156269938214879e-18
5.006140515182413947e+04 3.305175361955667655e-19
5.006157238523908018e+04 8.292003968076559028e-15
5.006177668771038589e+04 3.742651664496875919e-19
5.006216931134803599e+04 4.685875289093677680e-12
5.006232664573775401e+04 1.661891765501493500e-20
5.006238091069018992e+04 3.439506458635782900e-16
5.006270834314091917e+04 4.487059808238655110e-19
5.006294603684925823e+04 6.868725027255643489e-12
5.006313590593115077e+04 7.775920251375025332e-17
5.006319068112996320e+04 7.099031755504748469e-18
5.006343393470261799e+04 2.686676452339183698e-20
5.006375081445413525e+04 5.796560805983970975e-15
5.006388736846137908e+04 4.343130760505405732e-19
5.006432301347154862e+04 4.507233571676803681e-11
5.006456827639519906e+04 9.958741239971825594e-17
5.006459339538016502e+04 3.258883665355389697e-17
5.006511475964679994e+04 5.568976146110149206e-14
5.006515343943850166e+04 1.471302929946273450e-17
5.006534897842049395e+04 1.159258598047404260e-17
5.006558287591258704e+04 4.129765494970566033e-19
5.006594226005454402e+04 7.088586885727105961e-16
5.006634210965106467e+04 2.287038667097768726e-17
5.006648026172628306e+04 7.720240868523898013e-10
5.006650523382221581e+04 4.115403230282707201e-17
5.006678363640049793e+04 2.645784283152155441e-15
5.006710195093235961e+04 6.174515778561046089e-19
5.006729450944792916e+04 3.481211803125126367e-14
5.006751109069843369e+04 2.108630730869394376e-18
5.006756864391062845e+04 3.466074541677756201e-18
5.006786931078107591e+04 3.733380939821571490e-18
5.006814973398643633e+04 1.636044023964842877e-14
5.006864623043213942e+04 1.029913717271596335e-10
5.006888930111221271e+04 2.055100380708467793e-17
5.006900659648524015e+04 6.581822311863176953e-16
5.006920191870842973e+04 2.646101061346599926e-18
5.006948876756128448e+04 4.723165182914730319e-14
5.006949445781204122e+04 5.986073248914658412e-15
5.006976863666530699e+04 1.272141752015174831e-17
5.006990324852344202e+04 2.527841410924936097e-18
5.007001966761303629e+04 4.302889729138257355e-10
5.007037579569268564e+04 3.027631809299229539e-15
5.007049551017265185e+04 1.481103026659742493e-18
5.007082808817046316e+04 2.355716485403898453e-13
5.007125029355946754e+04 2.765892093921974322e-16
5.007157132162437483e+04 2.102584129237700221e-20
5.007170360972149501e+04 1.959784599249538898e-15
5.007192561071853561e+04 1.238185586734179469e-15
5.007218709569938801e+04 1.490942292260269585e-08
5.007222142210054153e+04 2.102694833536429689e-15
5.007243616929950804e+04 6.287048304128505602e-17
5.007262315050220059e+04 2.763919666061752244e-14
5.007268551097170712e+04 7.871561250362482946e-17
5.007303351331798331e+04 1.136939019361886905e-12
5.007307602459673944e+04 3.226126877213876398e-17
5.007350822872447316e+04 3.708572701385143842e-16
5.007353083748339122e+04 1.966094280185239759e-17
5.007375867131281120e+04 1.460196945632667702e-18
5.007394078624683607e+04 5.708204943400499004e-14
5.007420158905808785e+04 1.308461307224260501e-15
5.007438157255217084e+04 9.068567644588653419e-10
5.007488415135727701e+04 3.760810783003794110e-15
5.007490116652032157e+04 4.424345763519347693e-15
5.007526918611706787e+04 3.295926729468584967e-13
5.007530562885363179e+04 2.863859349716804211e-17
5.007577648406740627e+04 1.093376666223065775e-17
5.007582502666420623e+04 2.569101890780909994e-17
5.007620376438375388e+04 2.801769041987294865e-14
5.007644967662626732e+04 2.939901616096451785e-16
5.007661045573923184e+04 2.374324228546115794e-11
5.007692435384199052e+04 2.409878362819994309e-18
5.007718675359665212e+04 2.855870887254935466e-16
5.007753985554267274e+04 4.186638763055037800e-13
5.007773911559960834e+04 1.119884521255936638e-17
5.007807531452782860e+04 2.670127087493999031e-16
5.007824556686179130e+04 3.686075136460409440e-18
5.007837466114108975e+04 2.853665964731200005e-18
5.007849443487351527e+04 3.420222759452951473e-15
5.007878203101559484e+04 3.839787339370292153e-18
5.007888169276371627e+04 6.438748921235016547e-13
5.007900011687044025e+04 2.658572483119877985e-23
5.007943704040170996e+04 1.050621744048401954e-16
5.007950724669607735e+04 3.063883550013763801e-15
5.007984811797917064e+04 3.895831895541881192e-14
5.007994277728097950e+04 3.437111659531761256e-17
5.008005076230059058e+04 2.625137748992969851e-10
5.008040141811962530e+04 1.385868885607201650e-16
5.008081270296917501e+04 9.514468908080908458e-15
5.008084549860317202e+04 3.360121943621426129e-16
5.008114197223462543e+04 1.253752456041833128e-16
5.008120083626332780e+04 1.499436819147205811e-11
5.008123807633131219e+04 1.484122633034016002e-16
5.008184596147987759e+04 4.187823098684960994e-17
5.008219390027761256e+04 4.610970788383096428e-13
5.008226571322847303e+04 1.072612393105090593e-11
5.008232835077080381e+04 6.367821997446383460e-18
5.008270064473599632e+04 1.157952265937496892e-16
5.008304175516441319e+04 5.663457991832676180e-18
5.008316131636568753e+04 1.345500774542923471e-15
5.008357008423618390e+04 2.008973332342673051e-12
5.008398148570868943e+04 3.126035162291891830e-19
5.008420969314849935e+04 1.754292865739507826e-15
5.008424155665645958e+04 2.325429165562213745e-18
5.008457166753905767e+04 3.236023997444940935e-12
5.008461145334570028e+04 1.414794660243343588e-11
5.008472069269375061e+04 1.513280880109492918e-17
5.008500699588195130e+04 3.499863789731760516e-16
5.008521378359343362e+04 3.932247799263784454e-19
5.008533834849363484e+04 1.157143528770628757e-21
5.008553703178515570e+04 8.127261198495908526e-16
5.008555962020234438e+04 2.671913326133309717e-17
5.008598866239015479e+04 9.332587620339445832e-14
5.008623077911323344e+04 2.662516060620039543e-18
5.008659547500342160e+04 9.665660723803958313e-15
5.008699034452500928e+04 1.803648779868481995e-11
5.008705419308810087e+04 8.261473563190597799e-11
5.008731842830475944e+04 4.572822160811715417e-15
5.008750242207098199e+04 2.100057269154393435e-18
5.008769294778213225e+04 3.263807259625728669e-16
5.008794101330698322e+04 3.178016503286421034e-14
5.008845179775441648e+04 6.082771738842840170e-15
5.008845385323744995e+04 6.917781048833820117e-14
5.008900272324675461e+04 3.337694700241720243e-17
5.008938084654539853e+04 1.169197510541359860e-14
5.008944978931092919e+04 1.050130766019894961e-12
5.008957294145705964e+04 6.881996155463424707e-12
5.008981845340900327e+04 1.468434207725428750e-15
5.009036373950624693e+04 6.380660673219468861e-15
5.009038232636381872e+04 4.285918257604140637e-15
5.009054552520560537e+04 3.761962944672595081e-19
5.009085356086144748e+04 2.118970552484065387e-17
5.009096115718122019e+04 1.336511722277859285e-13
5.009143106737794005e+04 5.639201725060657184e-16
5.009159903180084075e+04 7.260684705656676384e-17
5.009174226745437772e+04 2.575286163693637142e-17
5.009193314813036704e+04 3.222889233489944563e-14
5.009196718734433671e+04 7.542225461476872568e-15
5.009215664804905100e+04 1.649089941662105370e-13
5.009233192077338026e+04 8.112914616644589144e-17
5.009271390668820823e+04 1.929936495622971455e-17
5.009282860138636170e+04 1.015504649428191594e-15
5.009350627841608366e+04 3.960284609248376338e-14
5.009382918918750511e+04 7.229664135836858324e-17
5.009391274669439008e+04 3.818831325719059859e-17
5.009445635857914749e+04 1.370464789252384207e-15
5.009460369734503911e+04 6.345232630829986008e-18
5.009479203878383123e+04 4.836534441585995888e-14
5.009530648696720164e+04 2.989742153268685443e-16
5.009536884301157988e+04 5.706223882250850653e-19
5.009608500243056915e+04 1.121429569452458637e-16
5.009626714047152927e+04 7.610939607529358052e-23
5.009635315297383931e+04 2.407216238618161506e-17
5.009676799792762904e+04 2.892380507371914634e-17
5.009696344921238051e+04 3.710834204557799138e-17
5.009701592377315683e+04 6.734743316166561246e-16
5.009733580578463443e+04 3.850560388195215228e-17
5.009746633199685311e+04 7.717148421405884425e-14
5.009768460522542591e+04 4.118066954457404026e-18
5.009780897275806637e+04 2.230028801220626458e-15
5.009814102061049198e+04 4.662649055708578376e-18
5.009835078584023722e+04 1.098545735078195598e-18
5.009869432488901657e+04 9.116475068735795703e-17
5.009889070283490582e+04 2.545695310015013748e-18
5.009938396310040116e+04 8.605227939596481359e-17
5.009958839361220453e+04 1.109597458177064907e-15
5.010015447488582140e+04 1.019047735839636210e-14
5.010031249204495543e+04 2.661226070392779735e-15
5.010037119408036233e+04 1.307511146587544520e-16
5.010060358991719113e+04 3.068860988610300824e-17
5.010132006651896518e+04 2.541800642690139330e-16
5.010144122241324658e+04 9.142796297461128394e-17
5.010215757853799732e+04 1.660337636200701428e-16
5.010231764356481290e+04 1.192844626356951361e-17
5.010272383806155995e+04 8.134328960830197612e-18
5.010287268003229838e+04 5.388618512289873766e-17
5.010297587164577999e+04 2.347540622399989291e-17
5.010300204426991695e+04 7.651861376310977081e-17
5.010336965143553243e+04 7.316199213697489352e-20
5.010368729784898460e+04 1.705356668843594292e-18
5.010388929394225124e+04 3.335047195860387499e-18
5.010400828446233936e+04 1.492960592951186873e-16
5.010437111477988947e+04 4.358469893487277357e-19
5.010444345851278922e+04 9.717624699121546960e-21
5.010479337706485967e+04 1.083101694942954529e-18
5.010493908685577480e+04 2.758659375441192723e-22
5.010539180052791926e+04 1.781362509065902124e-18
5.010573065915820916e+04 3.441235746268222796e-17
5.010603341531459591e+04 7.602372891635718555e-20
5.010668640791632060e+04 2.704041346532623266e-19
5.010730568525209674e+04 3.022191091076370417e-20
5.010747733466928184e+04 9.325807118588174759e-20
5.010771033671455370e+04 3.058595920166715533e-19
5.010804094254516531e+04 2.926728786956678004e-18
5.010850680229305726e+04 6.502007082888930418e-17
5.010886512861795200e+04 2.008917326348803738e-19
5.010904670089124556e+04 1.884553043983396214e-19
5.010939158651739854e+04 9.950164591685198350e-20
5.010971064341922465e+04 3.299809427891187924e-20
5.011002851241025201e+04 1.442564933029403347e-19
5.011005579153552389e+04 3.069438199341814221e-18
5.011052990629516717e+04 6.053500278342769891e-20
5.011077454541649786e+04 6.114760063184842151e-19
5.011080423018596048e+04 1.225627877031600155e-19
5.011109405694032466e+04 8.854984405707935293e-20
5.011130298346612835e+04 1.677971588070322622e-17
5.011171772803041677e+04 1.997629470789099443e-19
5.011209381079406012e+04 9.553636676831883704e-19
5.011238016773089475e+04 1.780858541100099734e-20
5.011279360263718263e+04 8.727827969655159972e-19
5.011330357129848562e+04 1.943426307939559340e-20
5.011342770119974739e+04 7.320188036289809498e-22
5.011411272364553588e+04 1.155084209993057624e-19
5.011481394609756535e+04 3.206103392257843018e-19
5.011501149480161985e+04 7.103226484867525216e-20
5.011533369948680775e+04 1.019147130175128264e-21
5.011576526047001971e+04 1.265675539775827564e-23
5.011595423902341281e+04 2.471303021797557410e-21
5.011600009416091780e+04 3.012944037735836207e-22
5.011635984865515638e+04 6.582099863431054389e-24
5.011643997296437738e+04 2.630446515580102828e-24
5.011691722317532549e+04 1.118480979340189059e-20
5.011714501493678836e+04 2.431111462879758468e-22
5.011745257149977988e+04 3.607307140916766120e-22
5.011752448776659730e+04 8.709262851747740732e-23
5.011763166604505386e+04 7.714016325924877276e-22
5.011811888367153733e+04 8.249342290274247672e-23
5.011854951311730110e+04 7.320414234133021643e-22
5.011968810011970345e+04 3.356760260034536506e-20
5.011981017226463882e+04 2.256127794828331074e-20
5.012023910344244359e+04 1.200960384797096740e-21
5.012051090556040435e+04 3.851816401407122160e-21
5.012087294301470683e+04 9.872379723883629498e-21
5.012161108065211738e+04 6.936909752973673020e-22
5.012240996017266298e+04 6.813562334480459481e-22
5.012253954373033775e+04 1.405082224476850459e-20
5.012272552125968650e+04 1.158456796730157923e-21
5.012302900191953086e+04 1.931745064064302142e-22
5.012320323136557272e+04 7.166935389289402269e-21
5.012342754397962563e+04 1.010379317310627915e-21
5.012387420131427643e+04 1.401875824955278205e-21
5.012424720131621143e+04 2.482926399731140569e-23
5.012476277633877908e+04 2.610146819574715190e-23
5.012479825061389420e+04 9.413922364186977302e-24
5.012518480668180564e+04 1.633225335683134088e-24
5.012550909027594753e+04 6.243664822244937936e-23
5.012595859303836187e+04 3.037045327006862480e-22
5.012602828983817744e+04 4.858524973428745104e-22
5.012667287168530311e+04 0.000000000000000000e+00
5.012803919482872152e+04 0.000000000000000000e+00
5.012830259969355393e+04 2.056634383437855449e-24
5.012854471134390769e+04 3.537941614282580062e-24
5.012904220976321085e+04 0.000000000000000000e+00
5.012939414735408354e+04 1.839885920947319342e-24
5.012980812508882082e+04 0.000000000000000000e+00
5.013029181786926347e+04 0.000000000000000000e+00
5.013039448371615435e+04 0.000000000000000000e+00
5.013092197625998233e+04 0.000000000000000000e+00
5.013107738648152736e+04 1.274775227355225222e-23
5.013126364189974993e+04 3.782735854778175176e-23
5.013154696354318003e+04 1.624969019949800242e-23
5.013176090742439555e+04 3.262036881954147137e-24
5.013221377100111567e+04 1.488225930846168790e-23
5.013325467949195445e+04 0.000000000000000000e+00
5.013369352372868889e+04 4.932618494020599361e-24
5.013437396672396426e+04 4.749891031968774284e-24
5.013448191552751086e+04 1.965092222374382128e-23
5.013528606914198463e+04 3.843657195655193012e-24
5.013618425080132874e+04 0.000000000000000000e+00
5.013650070448217593e+04 0.000000000000000000e+00
5.013691581579186459e+04 0.000000000000000000e+00
5.013711114935833757e+04 1.223307647992289907e-24
5.013761968330977106e+04 0.000000000000000000e+00
5.013783046982172527e+04 0.000000000000000000e+00
5.013828542818340065e+04 0.000000000000000000e+00
5.013925089826522162e+04 0.000000000000000000e+00
5.013943982130486256e+04 0.000000000000000000e+00
5.013970054913259810e+04 0.000000000000000000e+00
5.013998202620355005e+04 0.000000000000000000e+00
5.014017021592463425e+04 0.000000000000000000e+00
5.014040179439644271e+04 0.000000000000000000e+00
5.014181841758652445e+04 0.000000000000000000e+00
5.014255334131629934e+04 0.000000000000000000e+00
5.014300908654516388e+04 0.000000000000000000e+00
5.014355374756221863e+04 0.000000000000000000e+00
5.014408231588030321e+04 0.000000000000000000e+00
5.014492349824458506e+04 0.000000000000000000e+00
5.014526168009528919e+04 0.000000000000000000e+00
5.014542398775273614e+04 0.000000000000000000e+00
5.014552863613914815e+04 0.000000000000000000e+00
5.014625648765391816e+04 0.000000000000000000e+00
5.014635964041214902e+04 0.000000000000000000e+00
5.014698247792733309e+04 0.000000000000000000e+00
5.014817458208523021e+04 0.000000000000000000e+00
5.014866275285697338e+04 0.000000000000000000e+00
5.014875570065475040e+04 0.000000000000000000e+00
5.014969086326540128e+04 0.000000000000000000e+00
5.015083015760106355e+04 0.000000000000000000e+00
5.015113718581160356e+04 0.000000000000000000e+00
5.015176822665610234e+04 0.000000000000000000e+00
5.015245511744821852e+04 0.000000000000000000e+00
5.015299773636575264e+04 0.000000000000000000e+00
5.015372054214046511e+04 0.000000000000000000e+00
5.015413695739999093e+04 0.000000000000000000e+00
5.015496871925327287e+04 0.000000000000000000e+00
5.015566664799501450e+04 0.000000000000000000e+00
5.015599714095461241e+04 0.000000000000000000e+00
5.015627684644350666e+04 0.000000000000000000e+00
5.015640838455117773e+04 0.000000000000000000e+00
5.015797675303701544e+04 0.000000000000000000e+00
5.015847679860051721e+04 0.000000000000000000e+00
5.015918423402257031e+04 0.000000000000000000e+00
5.016015769263010588e+04 0.000000000000000000e+00
5.016116182033804944e+04 0.000000000000000000e+00
5.016171366579718597e+04 0.000000000000000000e+00
5.016202990879319259e+04 0.000000000000000000e+00
5.016230442500473873e+04 0.000000000000000000e+00
5.016261077831493458e+04 0.000000000000000000e+00
5.016346312537927588e+04 0.000000000000000000e+00
5.016441123765252269e+04 0.000000000000000000e+00
5.016583454058494681e+04 0.000000000000000000e+00
5.016639402628673270e+04 0.000000000000000000e+00
5.016791969296440220e+04 0.000000000000000000e+00
5.016827869336621370e+04 0.000000000000000000e+00
5.016949726306026423e+04 0.000000000000000000e+00
5.016992639211085771e+04 0.000000000000000000e+00
5.017135009347377490e+04 0.000000000000000000e+00
5.017207273738950607e+04 0.000000000000000000e+00
5.017313768746084679e+04 0.000000000000000000e+00
5.017353980639704241e+04 0.000000000000000000e+00
5.017405612972912786e+04 0.000000000000000000e+00
5.017499072032621189e+04 0.000000000000000000e+00
5.017624831749068107e+04 0.000000000000000000e+00
5.017761686428296525e+04 0.000000000000000000e+00
5.017883996119854419e+04 0.000000000000000000e+00
5.017954694853818364e+04 0.000000000000000000e+00
5.017973707396064856e+04 0.000000000000000000e+00
5.018134223482226662e+04 0.000000000000000000e+00
5.018189601033797226e+04 0.000000000000000000e+00
5.018279594434089813e+04 0.000000000000000000e+00
5.018423555857156316e+04 0.000000000000000000e+00
5.018654113611688808e+04 0.000000000000000000e+00
5.018794032890161907e+04 0.000000000000000000e+00
5.018905456385861180e+04 0.000000000000000000e+00
5.019058216838132648e+04 0.000000000000000000e+00
5.019165122101742600e+04 0.000000000000000000e+00
5.019365053959772922e+04 0.000000000000000000e+00
5.019442035432099510e+04 0.000000000000000000e+00
5.019552610423894657e+04 0.000000000000000000e+00
5.019852195390022098e+04 0.000000000000000000e+00
5.020019388405565405e+04 0.000000000000000000e+00
5.020081599625687522e+04 0.000000000000000000e+00
5.020098301541031105e+04 0.000000000000000000e+00
5.020244896349727060e+04 0.000000000000000000e+00
5.020817672693636268e+04 0.000000000000000000e+00
5.020868013416857139e+04 0.000000000000000000e+00
5.021555685832939344e+04 0.000000000000000000e+00
5.021586672776313935e+04 0.000000000000000000e+00
5.022233488209357893e+04 0.000000000000000000e+00
5.022273913636518409e+04 0.000000000000000000e+00
