-5.000005215641956602e+04 5.210526222806687880e-06
-4.999816815083850815e+04 2.926599219148029477e-07
-4.999647209011925588e+04 1.582131045631164233e-04
-4.999496860311552882e+04 3.409617577242342962e-06
-4.999364758620742214e+04 2.222021265369016280e-04
-4.999248630315606715e+04 4.143644933055133229e-06
-4.999145681173178309e+04 4.615605239110288306e-06
-4.999052966378441488e+04 3.919840283490109199e-06
-4.998994009977571841e+04 8.479277801647814729e-06
-4.998967960748475889e+04 7.378226674513145523e-05
-4.998888772514598531e+04 6.096265376363512821e-06
-4.998813864023148199e+04 4.635306669863410814e-10
-4.998782667969752220e+04 1.360240926262974816e-05
-4.998741216792704654e+04 7.479623037230147278e-06
-4.998674086477329547e+04 2.318754803992494182e-04
-4.998606932655100536e+04 1.172850063011822045e-04
-4.998569435338962649e+04 1.647862604047840504e-02
-4.998541063284335542e+04 1.289578268551621850e-04
-4.998476864006061078e+04 9.806633369942827793e-06
-4.998413558573673072e+04 4.323863208235953818e-05
-4.998367464070983260e+04 1.681281815161473213e-05
-4.998341545174413477e+04 1.287416075539897323e-05
-4.998290099703497253e+04 1.152002232927339071e-05
-4.998227984600391937e+04 1.249867033448915860e-06
-4.998164610271666606e+04 1.281676984294458777e-05
-4.998145992789748561e+04 1.561196063847083970e-04
-4.998098760928861157e+04 1.411587307714522029e-06
-4.998029702384040138e+04 5.223732070897927169e-08
-4.997989804060184542e+04 9.812607638487481632e-01
-4.997974018382855866e+04 1.790629380066865528e-04
-4.997923442787940439e+04 2.343889299647082990e-07
-4.997890355708760762e+04 2.040584285457252160e-05
-4.997818061330753699e+04 4.791152862462283766e-06
-4.997770296616367705e+04 5.860269955247363396e-04
-4.997725332104943664e+04 3.603044371999638826e-06
-4.997718678455532063e+04 1.228091514383552465e-04
-4.997643830920606706e+04 2.150260452841890965e-07
-4.997543663577345433e+04 1.573814451849115465e-06
-4.997538899936595408e+04 1.231113682828134828e-06
-4.997516142432311608e+04 7.293392876596681203e-08
-4.997438341773516004e+04 8.557402666164002459e-08
-4.997353245566419355e+04 1.054742668525098194e-06
-4.997298520817305689e+04 4.499744531775584927e-07
-4.997267415606423310e+04 8.634831851561446605e-07
-4.997240930787459365e+04 1.719952613721883348e-07
-4.997104898057518585e+04 2.101602053068004154e-07
-4.997061319016209018e+04 2.084863538430075280e-06
-4.997050865108752623e+04 7.900736417568808415e-05
-4.997001181160048873e+04 1.492300091167795587e-07
-4.996848328143241088e+04 7.575074520125819134e-07
-4.996815588503725303e+04 1.277134397298576464e-09
-4.996800208080869925e+04 1.610128533158195001e-07
-4.996710591662515799e+04 2.016175050693577331e-09
-4.996633889723406901e+04 7.064120265276112522e-09
-4.996549176760993578e+04 3.246723703596841528e-08
-4.996508875279791391e+04 1.249005588530790139e-09
-4.996408903125958022e+04 1.620039852521514426e-08
-4.996392388169895275e+04 6.198546613782120043e-10
-4.996294674405203841e+04 1.656248939271046182e-10
-4.996194030799849861e+04 3.896757995435535414e-11
-4.996139646541079128e+04 1.045890127313663912e-09
-4.996044056297401403e+04 2.845770562755591530e-08
-4.996006739940952684e+04 2.211333811071001888e-10
-4.995947993719667284e+04 1.116466375623120837e-08
-4.995817196584657358e+04 2.958024253951802124e-11
-4.995731251235406671e+04 9.136729973503243551e-11
-4.995708517073567782e+04 5.496353685141124250e-11
-4.995580166564874526e+04 3.422469458563228300e-12
-4.995573806904617959e+04 1.056108835653840350e-13
-4.995441377491097955e+04 1.150229723048129317e-10
-4.995358380850060348e+04 1.191243949751397631e-12
-4.995246021902209031e+04 1.330413484447162294e-12
-4.995186191025501466e+04 2.708745206282728366e-13
-4.995095777032648766e+04 1.082186387507114592e-11
-4.995090604919046018e+04 1.767282563949116514e-13
-4.994914589686255204e+04 2.002430669252548980e-11
-4.994878811856585526e+04 1.489724898215588253e-14
-4.994696177344986791e+04 3.894593174779973701e-14
-4.994653457120245002e+04 1.676721192345726343e-13
-4.994594900461543148e+04 4.438201363919411831e-14
-4.994519827403989621e+04 1.600506860304804227e-17
-4.994388263996066962e+04 2.664455842447271916e-16
-4.994383594683402043e+04 1.732343353248520052e-13
-4.994183115568601352e+04 3.894391958357329420e-14
-4.994127698041964322e+04 3.486783665724190526e-19
-4.993988024713380582e+04 2.618747331227162567e-15
-4.993959135316620814e+04 2.525781626009662478e-16
-4.993828644855934544e+04 1.431765276546360857e-14
-4.993798371953181777e+04 1.321630506737365803e-17
-4.993648953486592654e+04 5.322204938670205222e-16
-4.993585857647498051e+04 1.423352546664860057e-16
-4.993418111081830284e+04 7.658882709387974274e-18
-4.993402714388647291e+04 1.716912162475696065e-16
-4.993182709077409527e+04 1.258656005601760852e-16
-4.993172347323031136e+04 2.608466819797901139e-17
-4.992939803981270961e+04 2.042346493922570840e-17
-4.992919077067018225e+04 7.383519705231422082e-21
-4.992719192635933723e+04 7.410175941311596648e-20
-4.992685821665757248e+04 4.175103536871445049e-18
-4.992632082780993369e+04 1.947777836039303475e-18
-4.992464197569045064e+04 2.495524672015314178e-20
-4.992388316207041498e+04 6.433870415912033952e-20
-4.992289700104903022e+04 1.599158261612218134e-19
-4.992126666643378849e+04 2.536296909672305342e-19
-4.992072772915526002e+04 1.524891790619172318e-21
-4.991971021481721982e+04 4.172411351974919022e-20
-4.991861321577522904e+04 1.106551014850889854e-21
-4.991740562601840793e+04 9.972282296824146287e-22
-4.991603814434572269e+04 6.721556877823899064e-21
-4.991456651815139776e+04 1.994775118284870946e-22
-4.991345101892586536e+04 1.355371769097681440e-22
-4.991222271110025031e+04 3.628006722599973234e-24
-4.991122586342989962e+04 0.000000000000000000e+00
-4.991043768473056116e+04 5.384793925075306419e-22
-4.990885964900226827e+04 0.000000000000000000e+00
-4.990780881674629200e+04 4.730663070457482715e-24
-4.990627267873391975e+04 1.168229436992057288e-23
-4.990497470228947350e+04 0.000000000000000000e+00
-4.990386306342812895e+04 0.000000000000000000e+00
-4.990264333583797998e+04 0.000000000000000000e+00
-4.990221168000935722e+04 0.000000000000000000e+00
-4.989997691214367660e+04 0.000000000000000000e+00
-4.989969568245678965e+04 0.000000000000000000e+00
-4.989755920982485259e+04 0.000000000000000000e+00
-4.989718841007047013e+04 0.000000000000000000e+00
-4.989527115019326448e+04 0.000000000000000000e+00
-4.989490988728778757e+04 0.000000000000000000e+00
-4.989265014834107569e+04 0.000000000000000000e+00
-4.989187633017711778e+04 0.000000000000000000e+00
-4.988928223976884328e+04 0.000000000000000000e+00
-4.988892269685991778e+04 0.000000000000000000e+00
-4.988753424844928668e+04 0.000000000000000000e+00
-4.988641568762447423e+04 0.000000000000000000e+00
-4.988497060976716602e+04 0.000000000000000000e+00
-4.988274515597730351e+04 0.000000000000000000e+00
-4.988010549251762859e+04 0.000000000000000000e+00
-4.987963968222477706e+04 0.000000000000000000e+00
-4.987697733717445226e+04 0.000000000000000000e+00
-4.987646826484857593e+04 0.000000000000000000e+00
-4.987379145474434335e+04 0.000000000000000000e+00
-4.987138884826546564e+04 0.000000000000000000e+00
-4.986852640357011114e+04 0.000000000000000000e+00
-4.986330176136511000e+04 0.000000000000000000e+00
-4.986279963770254108e+04 0.000000000000000000e+00
-4.986016558878080832e+04 0.000000000000000000e+00
-4.985963435980737268e+04 0.000000000000000000e+00
-4.984457013931653637e+04 0.000000000000000000e+00
-4.984390000029536895e+04 0.000000000000000000e+00
-4.984121814441127935e+04 0.000000000000000000e+00
-4.984053610815524735e+04 0.000000000000000000e+00
4.999995141471036914e+04 1.285968671406319998e-15
5.000184230667952215e+04 3.125199358588527423e-13
5.000354462167266320e+04 2.160741523969043375e-12
5.000505427527736174e+04 7.072245069879789580e-10
5.000638186646836402e+04 5.275353845353740973e-12
5.000755040929474490e+04 2.359561406891509942e-14
5.000858783361531096e+04 2.309362820575743494e-12
5.000952352967097249e+04 9.962571375700272218e-11
5.001006750616573845e+04 1.043161633457494985e-11
5.001038250403747224e+04 4.945739500516583988e-12
5.001118372051798360e+04 3.122751385604712516e-12
5.001194204823328619e+04 6.187302945203819023e-11
5.001219694093587896e+04 1.608725449378584911e-08
5.001267684534664295e+04 2.111429456751374435e-10
5.001335815235201153e+04 2.812185474684653162e-14
5.001403917109488975e+04 1.234459398307588598e-13
5.001434384559698810e+04 2.356265580937390362e-11
5.001470717560623598e+04 1.394243582985857950e-14
5.001535923829731473e+04 1.674855907836263777e-13
5.001600041703049646e+04 3.815014570714058359e-15
5.001640366824904777e+04 6.297353165336044850e-14
5.001670260328985023e+04 2.294162829216119797e-14
5.001725118985759764e+04 3.913219531608218423e-14
5.001788027975052682e+04 3.232514445499181843e-14
5.001851565422536078e+04 1.392236922612673082e-14
5.001861206114551169e+04 1.053822426358506436e-13
5.001918368946693226e+04 9.648404407544323678e-15
5.001987510477889009e+04 2.631572004740957718e-13
5.002010626160103129e+04 6.006408756973427546e-12
5.002041503014451882e+04 4.538308518678120942e-12
5.002086556682498485e+04 1.107500900161539963e-11
5.002127070414947229e+04 2.224561167025912894e-13
5.002199790486665006e+04 8.971870070587756172e-14
5.002231026822908461e+04 3.865144823274073865e-11
5.002289689101789554e+04 8.064125513304927289e-14
5.002292866728612717e+04 2.184929073459847400e-16
5.002373839580257481e+04 5.778835960845885236e-14
5.002463386534729943e+04 4.620122203919917203e-13
5.002472206672820175e+04 9.799219855297232469e-14
5.002496682113511633e+04 4.171063712948402900e-13
5.002577045952020126e+04 2.783749889062758483e-14
5.002662339721610624e+04 6.461544632210877616e-14
5.002704944889655599e+04 1.215048195399340187e-10
5.002745520340193616e+04 1.279852577684421632e-13
5.002775085930494970e+04 4.015841347742521774e-13
5.002911917822993564e+04 3.427929879498284476e-14
5.002949900594210339e+04 8.073625145804650023e-13
5.002954312872391893e+04 8.638239413672013241e-15
5.003015831800134038e+04 3.947912268075788960e-16
5.003163782011362491e+04 5.778983816328630288e-15
5.003200818957915180e+04 2.607875393286248270e-19
5.003206075008155312e+04 3.541291517264242731e-15
5.003305237833038700e+04 1.735573729831869520e-16
5.003380205862136791e+04 9.748484462369002330e-15
5.003458646566903917e+04 1.005715619230694859e-15
5.003506831247571972e+04 1.158825104957562470e-16
5.003605409874563338e+04 3.963128002229842007e-18
5.003623217057659349e+04 1.560692062543158331e-15
5.003714929193280113e+04 1.241743625422178505e-13
5.003820577165469876e+04 2.134912930896474864e-14
5.003874697497147281e+04 2.780190030242169170e-16
5.003968152898285189e+04 1.768910321379697780e-16
5.004007810556449112e+04 2.156441459956608977e-16
5.004066620859265095e+04 1.793861892048035189e-16
5.004198249552632478e+04 2.394125549874759705e-17
5.004283612884930335e+04 1.525045767819371507e-17
5.004305383847541816e+04 9.850557368472680682e-17
5.004434404906634882e+04 3.017903343776997874e-18
5.004443141331340303e+04 2.141573501289085834e-18
5.004572115247819602e+04 1.634177731952320534e-21
5.004659919346194511e+04 5.485517641263617907e-17
5.004767395080150891e+04 3.563361250895396311e-19
5.004827550360718305e+04 1.293749918233062737e-16
5.004923106056849065e+04 1.642644388589907044e-18
5.004924354659924575e+04 1.026755929113443938e-19
5.005100415402810177e+04 8.688804678087548052e-19
5.005142366467628017e+04 6.758251063222575016e-19
5.005320797260172549e+04 1.168041943015209621e-20
5.005362646636177669e+04 3.700364823582173286e-19
5.005426452416982647e+04 1.297574457401681803e-20
5.005495466898941231e+04 5.365387920877362094e-20
5.005632524039066629e+04 5.801424221754770552e-21
5.005634505376165907e+04 6.924748115085113964e-20
5.005837568451973493e+04 3.214705327468700929e-21
5.005890279157126497e+04 1.605674246040620170e-19
5.006032209183785017e+04 1.174998987806999501e-21
5.006059899944146309e+04 1.279820713543367410e-20
5.006185991844176897e+04 8.486081426638236347e-22
5.006221607857036724e+04 6.064139951659255451e-22
5.006374649195947859e+04 5.879639819805431642e-23
5.006430917666421738e+04 6.683534644268905178e-22
5.006607171942215791e+04 3.164222918142348075e-22
5.006622478196855809e+04 9.477077654791910864e-23
5.006842564975694404e+04 4.690709495933581243e-23
5.006854420023791317e+04 1.678826089744342969e-22
5.007085537735855178e+04 8.363462076767035838e-24
5.007106162633295753e+04 6.446384862586788966e-23
5.007306585523403919e+04 0.000000000000000000e+00
5.007336430375676719e+04 0.000000000000000000e+00
5.007398462135870795e+04 0.000000000000000000e+00
5.007560453130664973e+04 1.928170960568124028e-24
5.007641037578736723e+04 0.000000000000000000e+00
5.007733771623658686e+04 0.000000000000000000e+00
5.007902012353475584e+04 0.000000000000000000e+00
5.007953344512796320e+04 0.000000000000000000e+00
5.008064950802777457e+04 0.000000000000000000e+00
5.008167807343669119e+04 0.000000000000000000e+00
5.008296476065211755e+04 0.000000000000000000e+00
5.008427731907703128e+04 0.000000000000000000e+00
5.008576981650386733e+04 0.000000000000000000e+00
5.008687874722521519e+04 0.000000000000000000e+00
5.008812651663794531e+04 0.000000000000000000e+00
5.008917198183543951e+04 0.000000000000000000e+00
5.008989249040217692e+04 0.000000000000000000e+00
5.009154548298122245e+04 0.000000000000000000e+00
5.009252428629620408e+04 0.000000000000000000e+00
5.009412527211058477e+04 0.000000000000000000e+00
5.009542433455474384e+04 0.000000000000000000e+00
5.009653929043082462e+04 0.000000000000000000e+00
5.009777095558013389e+04 0.000000000000000000e+00
5.009819863817620353e+04 0.000000000000000000e+00
5.010038360900078987e+04 0.000000000000000000e+00
5.010068057753208996e+04 0.000000000000000000e+00
5.010287060942240350e+04 0.000000000000000000e+00
5.010320628549720277e+04 0.000000000000000000e+00
5.010522196684318624e+04 0.000000000000000000e+00
5.010558285317985428e+04 0.000000000000000000e+00
5.010786612699405669e+04 0.000000000000000000e+00
5.010849367551732576e+04 0.000000000000000000e+00
5.011107899872129929e+04 0.000000000000000000e+00
5.011143953029162367e+04 0.000000000000000000e+00
5.011309636782445159e+04 0.000000000000000000e+00
5.011396898843576491e+04 0.000000000000000000e+00
5.011562112001857895e+04 0.000000000000000000e+00
5.011803308856941294e+04 0.000000000000000000e+00
5.012051174209790042e+04 0.000000000000000000e+00
5.012082754255155305e+04 0.000000000000000000e+00
5.012341026268199494e+04 0.000000000000000000e+00
5.012391469532796327e+04 0.000000000000000000e+00
5.012660443787721306e+04 0.000000000000000000e+00
5.012952236180181353e+04 0.000000000000000000e+00
5.013229930026346119e+04 0.000000000000000000e+00
5.013705652829563041e+04 0.000000000000000000e+00
5.013755360010850563e+04 0.000000000000000000e+00
5.014016199154137576e+04 0.000000000000000000e+00
5.014069235493196902e+04 0.000000000000000000e+00
5.015574234284650447e+04 0.000000000000000000e+00
5.015644853031264938e+04 0.000000000000000000e+00
5.015908142750252591e+04 0.000000000000000000e+00
5.015978177923897601e+04 0.000000000000000000e+00
