-5.002244422628844768e+04 7.997174847207213541e-19
-5.002242414843454026e+04 2.704120763884214246e-18
-5.002020303928462090e+04 1.921229626561916187e-12
-5.001835773972296738e+04 9.851012294022112491e-12
-5.001709521200381278e+04 5.357760239376000443e-15
-5.001707910070399521e+04 1.742758961660169486e-13
-5.001673264156884397e+04 4.403385657272310417e-11
-5.001537864749201981e+04 2.392103846796489266e-11
-5.001448039855081879e+04 4.965307188336876847e-11
-5.001413277262837801e+04 7.988036116778187556e-12
-5.001372857374562591e+04 6.617802105784092678e-12
-5.001296523526540841e+04 1.164605411385441704e-10
-5.001230589733578381e+04 5.644419946008580577e-13
-5.001222005727430223e+04 4.260817407564409311e-12
-5.001207873204180214e+04 7.841840402081024423e-14
-5.001133275644994865e+04 1.927593280298707908e-13
-5.001049832944985246e+04 1.906161134174035913e-10
-5.001007636255701073e+04 6.802084172604631579e-12
-5.000969339441799093e+04 5.644793769867812477e-11
-5.000890846371381485e+04 4.239574343027233089e-11
-5.000866655004436325e+04 8.887675928085963500e-13
-5.000843612750407192e+04 2.431592057301730096e-11
-5.000797619742520328e+04 9.442322148627891912e-11
-5.000777973106571881e+04 1.161552818560543575e-12
-5.000732037866064638e+04 3.786967826274250494e-11
-5.000643716968844819e+04 1.617030549313683986e-11
-5.000601651982155454e+04 7.838631896339668544e-10
-5.000580850024805113e+04 5.264595010849113823e-10
-5.000505172253696946e+04 9.032168762077623693e-12
-5.000425019919082115e+04 1.853310955977644092e-10
-5.000385938940156484e+04 1.471102704066731169e-09
-5.000342277195684437e+04 1.788292173326266417e-10
-5.000230892566953844e+04 1.650802250444504962e-09
-5.000181114373303717e+04 7.068597185512347756e-09
-5.000158530318063276e+04 1.616017252562160640e-10
-5.000009076713511604e+04 9.929791286770222894e-10
-5.000006830231584900e+04 5.776407040491060691e-09
-4.999998123970579763e+04 5.200784026960513948e-09
-4.999941917519184062e+04 1.098643101637291214e-10
-4.999816181450465228e+04 1.000463659565788334e-09
-4.999793826604454080e+04 5.128321322814716142e-09
-4.999764043215250422e+04 5.075781709931582640e-10
-4.999681942558332230e+04 3.177974599948242643e-10
-4.999641521641718282e+04 5.971284214345626042e-09
-4.999581568346182758e+04 4.408191512658366087e-08
-4.999513592731987592e+04 4.111994052086025151e-10
-4.999466825029249594e+04 3.099624495249949538e-09
-4.999389304373438063e+04 7.194555562646184374e-09
-4.999370598498855543e+04 3.123538194931858178e-08
-4.999315687494965096e+04 1.608117029075794400e-08
-4.999228903792785422e+04 1.055894552964976962e-09
-4.999163677403253678e+04 1.139701214717874880e-07
-4.999151489736330404e+04 2.384710849243617043e-10
-4.999088295173337974e+04 2.905073903329354176e-09
-4.999006787472519500e+04 4.187833409915660348e-09
-4.998988259995750559e+04 1.601687783056450017e-08
-4.998960467545404390e+04 2.609910578006963069e-08
-4.998949731301698193e+04 5.222347152777106069e-08
-4.998863631188900035e+04 1.232257372761183510e-11
-4.998816843063612760e+04 6.815872608559410578e-09
-4.998793239263286523e+04 2.254288548150085634e-07
-4.998748713340789254e+04 3.495631312499860946e-07
-4.998714895374048501e+04 4.046531425143345048e-10
-4.998639855167640781e+04 4.078030602407041546e-12
-4.998589707693801029e+04 2.273611569551282251e-07
-4.998579828080408333e+04 2.629672303860422002e-06
-4.998548919334015227e+04 4.675667553539895528e-07
-4.998520080400594452e+04 1.699016541412102363e-07
-4.998453789478233375e+04 2.706701003986041592e-09
-4.998434488400869304e+04 2.473918484872498635e-09
-4.998366728440896259e+04 9.248686862389942047e-07
-4.998354846316647308e+04 9.176831837725357300e-10
-4.998337489942615503e+04 1.185307845014458259e-08
-4.998248816054822237e+04 3.033539912348584717e-11
-4.998186953082555556e+04 2.365314274620197014e-10
-4.998170582449427457e+04 3.272608619585413739e-07
-4.998153816885061678e+04 7.967321904262101410e-06
-4.998113455644377973e+04 8.767563700996289797e-08
-4.998085020776966121e+04 2.138829625871449199e-08
-4.998025180498651753e+04 1.626205642257704621e-08
-4.998006761437014211e+04 5.394637492886033771e-06
-4.997976440072206606e+04 1.578511460300782280e-08
-4.997955751006767969e+04 5.819403907933969751e-08
-4.997941688627493568e+04 1.160965630512803516e-05
-4.997881365881490638e+04 2.762145990296517019e-08
-4.997809556408254139e+04 3.428320998617425007e-09
-4.997793096564475854e+04 1.418365138294861366e-05
-4.997776780080284516e+04 7.909334646479357038e-08
-4.997731297501351219e+04 2.610140411546539916e-06
-4.997724684151702968e+04 9.912822068743651932e-07
-4.997638947595437639e+04 2.495912561165392169e-08
-4.997605791724106530e+04 2.328128398702659161e-08
-4.997579314104121295e+04 8.096008732924242697e-05
-4.997558548752775823e+04 2.875050875584900593e-08
-4.997535715204216831e+04 4.928431754563025656e-07
-4.997517257400977542e+04 5.104192283797072658e-06
-4.997424990404031996e+04 7.909487255994308759e-09
-4.997411555622026208e+04 7.336511041396207060e-10
-4.997376418788837327e+04 2.625228971280592828e-07
-4.997365150845397147e+04 1.362244843149651148e-04
-4.997309404404603993e+04 9.964420597112895636e-08
-4.997304417051566998e+04 6.059000248590498238e-09
-4.997253231409794535e+04 3.776521277872407938e-10
-4.997204420106622274e+04 9.482242325755974300e-08
-4.997150185718361172e+04 2.402096459100286319e-04
-4.997129743905787473e+04 2.126311312737170479e-07
-4.997095505946823687e+04 1.649545535442973138e-07
-4.997049519074674754e+04 1.290543788971334010e-08
-4.997020575406613352e+04 3.334255094873127441e-10
-4.997006390787487908e+04 3.096335266202154883e-05
-4.996953720785024052e+04 1.862349281451344136e-07
-4.996933746450250328e+04 1.389158794673715487e-04
-4.996894005617500807e+04 2.077829113983593733e-08
-4.996881028782729118e+04 9.951213600977012302e-10
-4.996867749808472581e+04 3.345437712557293956e-08
-4.996790981171162275e+04 9.343008714109510976e-04
-4.996765645285155915e+04 1.877433662201063056e-09
-4.996715836510891677e+04 3.548401178880540446e-10
-4.996714556576652103e+04 4.016278540152045382e-11
-4.996688504285589443e+04 8.290516581422522035e-08
-4.996659642026826623e+04 5.630343878573665229e-08
-4.996572849371480697e+04 1.358054018025204104e-02
-4.996561939733315376e+04 9.603661756789656339e-08
-4.996496032516656851e+04 5.425282634014650988e-06
-4.996490957701283332e+04 1.879441833288545352e-06
-4.996477586184546817e+04 1.501093320448726533e-07
-4.996427415077132173e+04 1.658732735701616501e-08
-4.996384425255900715e+04 2.349631229762819795e-09
-4.996351265921733284e+04 2.863971485905745639e-03
-4.996320332673839584e+04 7.642901217616953164e-08
-4.996276637967386341e+04 1.250886408282565525e-06
-4.996267287533251510e+04 9.065766880808655592e-07
-4.996233757659033290e+04 1.270765965710721382e-07
-4.996206441716458357e+04 7.212140132014124237e-09
-4.996125502954759577e+04 2.553815416773266909e-05
-4.996095980402441637e+04 3.518349870741671638e-08
-4.996048118306510150e+04 1.086393537953718116e-04
-4.996033153628750006e+04 1.031733982090178125e-04
-4.996002710562367429e+04 9.251377050511732092e-01
-4.995999003388966230e+04 2.355842256331890393e-05
-4.995924078188739077e+04 1.525455514138752343e-07
-4.995895079570653616e+04 1.763676123046394734e-04
-4.995879320610723516e+04 1.035448235672981256e-06
-4.995840964569483185e+04 9.861529371536885346e-06
-4.995814081491177785e+04 1.432182207453610602e-04
-4.995781558265974309e+04 5.386426529042485228e-02
-4.995778036491019884e+04 8.410224249738670497e-04
-4.995738432154912152e+04 3.488307932424275384e-08
-4.995697289458224259e+04 6.933335916531600015e-07
-4.995659830952448829e+04 1.190467067102047421e-05
-4.995595369832095457e+04 9.481060729735167749e-06
-4.995567298693688645e+04 2.023595342562371422e-05
-4.995564584234308859e+04 9.346021496593403768e-07
-4.995548145112933707e+04 1.282215724286105227e-03
-4.995440535691099649e+04 1.724207276228268415e-07
-4.995419998757231224e+04 1.909923738458831278e-05
-4.995364359893987421e+04 2.985195312497832879e-07
-4.995351435599279648e+04 7.543272744842567465e-08
-4.995340857568781939e+04 9.127285429957076108e-07
-4.995305103397957282e+04 9.866886885019484569e-05
-4.995293286211598024e+04 2.128890691302255256e-07
-4.995180846197370556e+04 9.887110387741117060e-09
-4.995175626639281836e+04 2.094003838080632067e-07
-4.995157293096583453e+04 3.935100541244934237e-09
-4.995119674434412445e+04 4.584724141067972993e-08
-4.995111333656146599e+04 1.407582407273793452e-07
-4.995054158886443474e+04 3.484043178460834443e-05
-4.995026387326123950e+04 4.853848873907397020e-08
-4.994984365669498220e+04 5.971134904430468849e-09
-4.994930165251620929e+04 2.139955301377380078e-08
-4.994926335461762937e+04 6.606517093389191195e-08
-4.994879172429956088e+04 2.709524054227193792e-07
-4.994840206511670840e+04 1.564053021029761118e-08
-4.994797009563659958e+04 1.238000757427138660e-05
-4.994763828053747420e+04 2.424357228744339124e-08
-4.994724602305790177e+04 1.041150503550233735e-08
-4.994683664869950735e+04 4.065162635814773052e-08
-4.994667509637042531e+04 3.828513429583519033e-10
-4.994619572963259998e+04 3.498755981228536983e-08
-4.994589688514638692e+04 3.762187149479958098e-10
-4.994534598816331709e+04 4.769184598333824622e-07
-4.994475774250664108e+04 2.838350729750139726e-09
-4.994466625781958282e+04 8.090910078979756338e-09
-4.994426539229037007e+04 3.226636314257821625e-08
-4.994406786256267515e+04 7.394120489295800064e-09
-4.994372586167685222e+04 3.131773037693599108e-10
-4.994269146352136158e+04 3.435911681362909860e-08
-4.994257948871592816e+04 4.431166945573991846e-09
-4.994222845140176651e+04 3.857088028238073943e-11
-4.994172778333668248e+04 2.495407217821927353e-10
-4.994163159978398471e+04 7.868087795418135322e-10
-4.994135858292363991e+04 1.065885569654599792e-11
-4.994064734304088051e+04 5.672209534183644644e-11
-4.994033366723291692e+04 3.368694522578942154e-12
-4.993999146807077341e+04 9.326442932096004873e-09
-4.993941805803931493e+04 2.317036867910946195e-11
-4.993910926880878105e+04 7.003512549854715268e-11
-4.993891358205917641e+04 2.403431857027547516e-10
-4.993834186969308939e+04 4.763691614073652866e-11
-4.993781393470482726e+04 1.855915070346901216e-13
-4.993728810969440383e+04 6.889513562293755565e-09
-4.993703030188036792e+04 2.101597277258217828e-10
-4.993671216159651522e+04 3.769573129246532581e-10
-4.993635374536787276e+04 5.225773690033152945e-12
-4.993586037324622157e+04 7.281389189725861312e-11
-4.993567320390377427e+04 7.759778246014597441e-12
-4.993484480737216654e+04 2.067598653797168061e-11
-4.993460280483905808e+04 5.141327879172910439e-11
-4.993447644070320530e+04 2.895872286925083268e-10
-4.993382442525333317e+04 6.457854617958008283e-11
-4.993362012796984345e+04 2.477496934589144704e-12
-4.993348007623065496e+04 5.033397743875908814e-12
-4.993284961796055723e+04 1.732401897874587947e-12
-4.993244141400772787e+04 8.664878769726741599e-13
-4.993179192017295281e+04 1.362218191079768927e-11
-4.993126356577307160e+04 1.004974899503923984e-12
-4.993115872691104596e+04 3.236005533499943491e-12
-4.993073109791334718e+04 1.000876770154117936e-13
-4.993019749302446144e+04 2.526993861525961257e-14
-4.992955962805796298e+04 4.349176619559168956e-13
-4.992896072021608416e+04 3.585760372389132507e-12
-4.992878128640999785e+04 9.679220144012808277e-13
-4.992827613159349130e+04 1.632635104588247161e-13
-4.992797744131504442e+04 1.138179541253109622e-13
-4.992743833861270105e+04 3.669942038583157950e-15
-4.992727118781194440e+04 8.493547992375975703e-14
-4.992652275848208228e+04 6.673063115366751752e-13
-4.992610951146039588e+04 4.722886604146518216e-12
-4.992581631511746673e+04 2.982605138600281351e-13
-4.992538748088692955e+04 1.984613368005676579e-13
-4.992505873683116806e+04 6.892195776179313671e-14
-4.992386339949474495e+04 6.553478510793992857e-14
-4.992353865502675762e+04 4.001604832197545384e-14
-4.992341596528931404e+04 1.943453934972420406e-13
-4.992315946005206206e+04 1.978514886910546180e-13
-4.992269693858573737e+04 1.002847664486387556e-14
-4.992180905624119623e+04 3.136294075647376320e-15
-4.992160749245792977e+04 3.647091802569820438e-15
-4.992110699025787471e+04 1.776424198872596197e-16
-4.992063787836047413e+04 8.866649125320401755e-16
-4.992049672194167215e+04 1.099974529713741524e-14
-4.992001902355180937e+04 2.256196823611415124e-16
-4.991927753503380518e+04 3.071584517865074851e-16
-4.991865638101473451e+04 1.023747546148798260e-16
-4.991822475060474244e+04 1.681706536531607762e-16
-4.991781782216907595e+04 3.431052822663546539e-15
-4.991722206595624448e+04 5.217424243917734814e-16
-4.991656319241772871e+04 2.016135407500649132e-16
-4.991576745767750253e+04 4.627125298855488226e-16
-4.991544238009827677e+04 1.277738794585500287e-15
-4.991515531909532729e+04 1.109798462617362746e-16
-4.991473481540911598e+04 3.294226461603739758e-15
-4.991445888934907271e+04 3.689750074786595809e-16
-4.991361280301120132e+04 3.268009707522368329e-16
-4.991273989493468252e+04 3.111138784827591516e-16
-4.991258786234070431e+04 1.890492140792635938e-16
-4.991170949049134651e+04 1.615103255490907018e-17
-4.991165495089381875e+04 1.771536643125158908e-16
-4.991131879702951119e+04 1.890459815849987570e-17
-4.991053382795027574e+04 5.993569108919203026e-18
-4.990977692395109625e+04 1.845941840595273011e-17
-4.990895260598621098e+04 9.103316647365427800e-19
-4.990894762685483147e+04 8.087629401153743913e-20
-4.990839834986923961e+04 1.531629271503834797e-18
-4.990750471372004540e+04 1.453189120491803660e-20
-4.990670673312470899e+04 3.412015860811141174e-18
-4.990620299535139930e+04 1.878540228686831523e-18
-4.990537205150902446e+04 1.167668531633832791e-19
-4.990513777500501601e+04 1.901982913017060202e-18
-4.990481673959588807e+04 1.723019776803982606e-19
-4.990400010783023026e+04 6.872308332643342218e-19
-4.990350936847113189e+04 8.243189616244591980e-20
-4.990317084862259799e+04 4.203320424261203924e-18
-4.990274726414740144e+04 1.796629138140833147e-20
-4.990211400734816561e+04 3.415054616941701340e-19
-4.990076201431054506e+04 5.976446536247966828e-19
-4.990033931311327615e+04 1.165689392099218474e-19
-4.989994233455830545e+04 1.018610384691228265e-21
-4.989882371769567544e+04 1.518708847042929365e-23
-4.989835583175628562e+04 2.538790354654019420e-20
-4.989794446984514070e+04 5.785145639531142745e-22
-4.989750064346216095e+04 4.606293568531053292e-22
-4.989692288689210545e+04 9.852284461142298648e-22
-4.989630947358059348e+04 4.519063112041661169e-21
-4.989564155501620553e+04 4.547361188740129584e-21
-4.989462324772478314e+04 1.255650398952672954e-21
-4.989450849162656959e+04 7.570512782716169284e-22
-4.989355141197727062e+04 1.717182064213181674e-23
-4.989326544190355344e+04 1.852809000103704035e-21
-4.989241598777148465e+04 5.575807790135723075e-21
-4.989128600132590509e+04 2.925510422480934080e-21
-4.989038272446258634e+04 0.000000000000000000e+00
-4.988953697108897904e+04 1.150315983002264437e-22
-4.988915126534891897e+04 4.914413962430070904e-22
-4.988844245549906918e+04 6.755545721184106565e-23
-4.988755038721796882e+04 2.333708506418417150e-23
-4.988719772228681541e+04 3.396964884221101187e-23
-4.988704321653183433e+04 9.581972338610770437e-24
-4.988616952866371139e+04 0.000000000000000000e+00
-4.988560744274388708e+04 3.733437889817173031e-24
-4.988474451062902517e+04 0.000000000000000000e+00
-4.988407078296890541e+04 1.832007445387114119e-23
-4.988292340480738494e+04 0.000000000000000000e+00
-4.988235917506340775e+04 8.344435463421711444e-24
-4.988121642569875985e+04 3.143623086328978946e-24
-4.987994333568193542e+04 0.000000000000000000e+00
-4.987963494160352275e+04 6.317347970996772917e-24
-4.987890378197490645e+04 0.000000000000000000e+00
-4.987774901746981777e+04 0.000000000000000000e+00
-4.987711912507294619e+04 0.000000000000000000e+00
-4.987670479788494413e+04 0.000000000000000000e+00
-4.987532987041735032e+04 0.000000000000000000e+00
-4.987509803699422628e+04 0.000000000000000000e+00
-4.987390228858649789e+04 0.000000000000000000e+00
-4.987185520211933181e+04 0.000000000000000000e+00
-4.987121470596735890e+04 0.000000000000000000e+00
-4.987081378870845947e+04 0.000000000000000000e+00
-4.987026656063746486e+04 0.000000000000000000e+00
-4.986868328118973295e+04 0.000000000000000000e+00
-4.986806241564186348e+04 0.000000000000000000e+00
-4.986718766977993073e+04 0.000000000000000000e+00
-4.986651357101132453e+04 0.000000000000000000e+00
-4.986571635907127347e+04 0.000000000000000000e+00
-4.986323598326269712e+04 0.000000000000000000e+00
-4.986200977083831094e+04 0.000000000000000000e+00
-4.986120490736817010e+04 0.000000000000000000e+00
-4.986017274012730923e+04 0.000000000000000000e+00
-4.985979617624737148e+04 0.000000000000000000e+00
-4.985900140352519520e+04 0.000000000000000000e+00
-4.985816072844411246e+04 0.000000000000000000e+00
-4.985659019483550219e+04 0.000000000000000000e+00
-4.985464845961191168e+04 0.000000000000000000e+00
-4.985242907463083975e+04 0.000000000000000000e+00
-4.985150853405773523e+04 0.000000000000000000e+00
-4.985072831659870280e+04 0.000000000000000000e+00
-4.984880743358572363e+04 0.000000000000000000e+00
-4.984762959901394788e+04 0.000000000000000000e+00
-4.984738379717190401e+04 0.000000000000000000e+00
-4.984460786164847377e+04 0.000000000000000000e+00
-4.984156909870936943e+04 0.000000000000000000e+00
-4.984119167502778873e+04 0.000000000000000000e+00
-4.983995936583550065e+04 0.000000000000000000e+00
-4.983892617326451000e+04 0.000000000000000000e+00
-4.983727433531334100e+04 0.000000000000000000e+00
-4.983104900615772931e+04 0.000000000000000000e+00
-4.983062965415365761e+04 0.000000000000000000e+00
-4.982598067226426792e+04 0.000000000000000000e+00
-4.982575159528310178e+04 0.000000000000000000e+00
-4.981657503303818521e+04 0.000000000000000000e+00
-4.981620434653194388e+04 0.000000000000000000e+00
4.997771783902647439e+04 1.787888728038324507e-23
4.997773927078090492e+04 0.000000000000000000e+00
4.997980181884237390e+04 1.375276188735300985e-18
4.998165422653492715e+04 1.789916838212072624e-18
4.998303785545653955e+04 1.163933873828114819e-18
4.998305483711989655e+04 5.829129423529170938e-19
4.998328668895663577e+04 2.044287721463020103e-16
4.998465036233499995e+04 8.290092452754849926e-16
4.998557822731716442e+04 1.353973150406998550e-16
4.998595426608183334e+04 1.809974426496008567e-20
4.998634754654454446e+04 8.798579630245559531e-17
4.998709978977862920e+04 1.006159755563635850e-16
4.998780978408174269e+04 1.814702672455429996e-16
4.998792767152329179e+04 3.946027360308066952e-17
4.998802376616449328e+04 2.509839245212971355e-16
4.998873509951064625e+04 9.314954542860910175e-16
4.998956880921207630e+04 3.830636467287198860e-16
4.998993372395720507e+04 2.802813777272735278e-16
4.999037530644505023e+04 3.669284775354067463e-17
4.999116304099623085e+04 5.426733140546223404e-19
4.999143327773281635e+04 7.930882141936979581e-18
4.999167161889914132e+04 3.022926309894085237e-17
4.999204850966788217e+04 3.900681180128567658e-15
4.999230711000732845e+04 2.660264155315943615e-17
4.999276369696116308e+04 2.832735851193649337e-17
4.999365163161967939e+04 1.349566928271970370e-17
4.999404528812317585e+04 3.380357080342377073e-16
4.999425659008927323e+04 5.738074936906790476e-16
4.999503939035155054e+04 1.360156120740533616e-17
4.999583529469100176e+04 1.638561910471176064e-16
4.999619595123902400e+04 5.407936243950263541e-15
4.999666639070105884e+04 6.342639862994108432e-16
4.999777839094008232e+04 4.366101871289030418e-15
4.999825349473268579e+04 1.674582311721721333e-14
4.999850840413094556e+04 4.130588692719250253e-15
4.999994089722483477e+04 8.867327655680620751e-17
5.000000409845799732e+04 1.992269973962333877e-15
5.000008826330734883e+04 3.082007393783685897e-14
5.000067271132006135e+04 4.737319764599730154e-17
5.000191737329465832e+04 8.025825561410215785e-16
5.000208742831888958e+04 2.073029214810968640e-15
5.000245406020036171e+04 1.228311856177918324e-15
5.000327878789387614e+04 1.052815157767907346e-16
5.000366749482879095e+04 2.838902160818610632e-14
5.000422506385297311e+04 1.203993668010090577e-13
5.000496660180881008e+04 9.857983822701337618e-15
5.000542211594458786e+04 5.619984596528250197e-14
5.000621104307427595e+04 1.186961021365440285e-14
5.000634993221770856e+04 8.721946813361934100e-13
5.000693985686397355e+04 1.212254781600295315e-15
5.000782364934316138e+04 1.218537869561415134e-14
5.000843642464064033e+04 5.542996090557474055e-15
5.000858707938805310e+04 3.892896449968441283e-15
5.000923637289910403e+04 8.099182983594045800e-15
5.000994232616342924e+04 4.507812258864666767e-13
5.001021843295025610e+04 1.119363857441193699e-14
5.001050912449431780e+04 2.620166412132295782e-13
5.001060150649830757e+04 2.625201973684802709e-13
5.001149379698448320e+04 8.469393492014144428e-15
5.001196363178828324e+04 1.686347852951348265e-13
5.001209375024692417e+04 7.274354819872937821e-12
5.001261363734099723e+04 1.339517480128957307e-12
5.001300405479160690e+04 2.689643292427851903e-14
5.001377426942645252e+04 9.786002255938205685e-17
5.001422809256780602e+04 3.739039505577664738e-14
5.001424418500439788e+04 2.827696785228386635e-15
5.001463231957762036e+04 2.065621922299916164e-13
5.001495463786942128e+04 3.754226826845260246e-14
5.001558736152663187e+04 4.850027121086864482e-14
5.001586759919458564e+04 8.153444142411860432e-15
5.001639026765321614e+04 2.426826355456589790e-12
5.001659159546744922e+04 5.577600185472911201e-13
5.001681452179518237e+04 1.975159666281104724e-13
5.001773847607548669e+04 3.342118745792807449e-14
5.001831319759736652e+04 2.600958311459164253e-14
5.001845659886868089e+04 6.985801399592411984e-13
5.001853634932651767e+04 1.265364540602319366e-11
5.001901819322269876e+04 4.565036079608358760e-14
5.001933658116383594e+04 6.038143389980721934e-15
5.001990944952474820e+04 1.922659730054026023e-14
5.001994259225833957e+04 2.279150495723180225e-15
5.002047122583900637e+04 2.431501095272360665e-14
5.002059343420072400e+04 4.870303119592298409e-13
5.002067245035369706e+04 1.841810853107605410e-11
5.002141270130051271e+04 4.427425542416869852e-14
5.002209509457169042e+04 9.085359977861644616e-12
5.002210863047833845e+04 9.981673261193338831e-15
5.002239198038687027e+04 1.073940792434030083e-13
5.002280022693602223e+04 1.269052796013525631e-11
5.002299377432011534e+04 2.242222218432198592e-13
5.002385104306106950e+04 1.814223938994006043e-14
5.002409434648696333e+04 1.017076687680886039e-14
5.002424875671811606e+04 9.157721370122895716e-11
5.002458074075142940e+04 1.306773989538778710e-14
5.002485867792354838e+04 2.626391664364296000e-13
5.002496434439295990e+04 5.784651573725982817e-13
5.002595016605913406e+04 3.047478744178094934e-14
5.002608458523541776e+04 2.105322793334738325e-14
5.002640436442397913e+04 5.527939117569586660e-10
5.002641942891089275e+04 6.216690298198346918e-11
5.002703867918703327e+04 3.864166337641171810e-14
5.002720565208407061e+04 3.862897785049029895e-16
5.002769510405664914e+04 1.969445326394429397e-18
5.002816693180886068e+04 8.814616600322773270e-14
5.002857145326066529e+04 2.048721243167412835e-10
5.002894444026964629e+04 5.217867965400358835e-15
5.002920550738468592e+04 1.620982162979966413e-14
5.002971353795482719e+04 5.304984316002719996e-15
5.002994633272452484e+04 9.328128648859425995e-10
5.003005160257956595e+04 3.355607384395865261e-15
5.003068365621512930e+04 1.012653080123131905e-13
5.003075203036085441e+04 8.339286414057224100e-12
5.003123104386396153e+04 8.678437436554212508e-15
5.003141067626037693e+04 6.705939410206978533e-15
5.003152449714366230e+04 2.055476926681684473e-14
5.003211659306463844e+04 1.337667486395751249e-08
5.003259709531535191e+04 2.407438005087087376e-15
5.003295053619478858e+04 9.492715185234364433e-13
5.003304879146516760e+04 1.171295316621289781e-17
5.003332112632905046e+04 2.278237520907121579e-15
5.003365013507020922e+04 4.828270427995954074e-16
5.003431433163061592e+04 1.901158070981941104e-09
5.003461824984147825e+04 3.506615831920329362e-15
5.003516950049308798e+04 5.063867696925872560e-14
5.003529179843643215e+04 5.969633110693240873e-15
5.003543495819634700e+04 2.869158371626455430e-15
5.003591807324759429e+04 3.831357172839250536e-15
5.003642838374727580e+04 3.711455042179415871e-16
5.003654656701954809e+04 1.057107178306189661e-10
5.003701948018278927e+04 1.053909352813295930e-16
5.003740379254949949e+04 5.320048217715182227e-13
5.003751197057127138e+04 1.567725915920974291e-13
5.003785831597651850e+04 3.976938136613180942e-16
5.003818418809513969e+04 8.254869507006816003e-17
5.003882051931464230e+04 3.563282768739444533e-14
5.003929284130404267e+04 1.819228306820236280e-15
5.003968077345478378e+04 2.829777564237577736e-14
5.003985987201675744e+04 2.570728518972728928e-13
5.003997861999816087e+04 5.696274811339857995e-10
5.004025012026821059e+04 8.117364311742517064e-16
5.004101941328744579e+04 4.170697029893367256e-16
5.004114106821105815e+04 1.306126839778557290e-11
5.004146610153040820e+04 2.816295927799343696e-17
5.004178745327616343e+04 2.197347830836598523e-14
5.004204335865330359e+04 3.868355326505036939e-14
5.004220047826829978e+04 1.216747383925861016e-13
5.004245608803315554e+04 7.908184971623805232e-16
5.004291116610863537e+04 1.210990064523733827e-16
5.004327207828565588e+04 4.786304875536073980e-15
5.004350992954219691e+04 4.176351140465398392e-12
5.004425412538956152e+04 8.468561024578474688e-14
5.004452120083846239e+04 1.154421812159018621e-11
5.004455675617764064e+04 1.939978963081594189e-11
5.004464687636051531e+04 3.212613419769928845e-15
5.004586989542393712e+04 3.852370984943829692e-15
5.004592538349495590e+04 2.967489075686568321e-15
5.004659970156251802e+04 2.660361355634622316e-13
5.004675214837321255e+04 6.050231695298389037e-14
5.004680980973236728e+04 1.999477676310816465e-12
5.004699039333157998e+04 7.757093030128865118e-11
5.004733390460656665e+04 1.610196320705839493e-14
5.004838103346681601e+04 1.610428856330685684e-13
5.004845526368770516e+04 2.623861976668747032e-17
5.004870162437317776e+04 2.471084698709508218e-15
5.004903933360592782e+04 2.638614599889658056e-13
5.004912577718883404e+04 2.470584372281897494e-13
5.004951213090495730e+04 1.546218034721903580e-11
5.004999010050909419e+04 1.850345599028601597e-15
5.005039311864029150e+04 3.385209891495167574e-15
5.005087411259829969e+04 5.767207213988679964e-14
5.005100877162221877e+04 1.224941052998666736e-15
5.005143642505135358e+04 4.565891524901107379e-14
5.005188309471038519e+04 4.141704281120155121e-15
5.005209809222938929e+04 7.253779008852277337e-13
5.005261551868396054e+04 3.330205042604294474e-18
5.005305915069189359e+04 1.504201547610105246e-15
5.005337231523192895e+04 6.477191077812341790e-14
5.005357730574994639e+04 4.654415534436906769e-15
5.005405635190299654e+04 1.941756189734733409e-15
5.005440620667243638e+04 2.171485266341859856e-17
5.005473748388364038e+04 1.462730440879534966e-13
5.005557485752618231e+04 2.814189387561721850e-16
5.005562564812690835e+04 3.216487227816874812e-16
5.005596175624379248e+04 8.417637303719890501e-16
5.005619063570461003e+04 5.887563423446569128e-17
5.005657934608407231e+04 9.852350202649251320e-19
5.005741226955079765e+04 3.898005071665719115e-14
5.005773237979584519e+04 2.659366105226694635e-16
5.005810522770166426e+04 8.840020090298902902e-17
5.005853215181025735e+04 2.627055900168126235e-17
5.005862205111914955e+04 3.359243852580542924e-16
5.005892736983824580e+04 8.943377713151256551e-16
5.005968154881291412e+04 3.636189914640962844e-17
5.006001182094585965e+04 8.939063842497932787e-17
5.006012825817013800e+04 2.299290292240020360e-14
5.006089500876027887e+04 1.915396654700689640e-16
5.006116291469344287e+04 2.397171137468152751e-16
5.006133022491377778e+04 5.762726115264144872e-17
5.006195062730482459e+04 9.991929511145164504e-17
5.006255355342156690e+04 1.005148070084394516e-17
5.006285509511895361e+04 1.301995856226147225e-15
5.006325163327592600e+04 1.988739303441821060e-17
5.006364169166245847e+04 1.379103821438679424e-16
5.006389860271086218e+04 1.230847537909983854e-16
5.006444999609527440e+04 1.353642202967859730e-17
5.006468079459046567e+04 2.840345818176606281e-19
5.006551086175308592e+04 5.529605593362495638e-17
5.006566324512043502e+04 7.636852915591110539e-17
5.006579480457669706e+04 3.787558054722595622e-17
5.006646667315551167e+04 6.712353468519807022e-18
5.006664376579274540e+04 9.020352129120689513e-20
5.006681835941658210e+04 2.303471198664227445e-18
5.006748314423359261e+04 9.525566498612834871e-19
5.006793490347907937e+04 3.400743900486552522e-20
5.006840153162595379e+04 2.166062904213265711e-17
5.006906752426666935e+04 2.398310936368667280e-18
5.006914107580759446e+04 3.951614278255572874e-21
5.006963809691296774e+04 6.732202520525249231e-19
5.007017328073931276e+04 5.652453929698502317e-19
5.007083034333145042e+04 3.153010249799760005e-18
5.007127472997015138e+04 2.413168567699497658e-17
5.007157558253319439e+04 2.688336725554662661e-18
5.007203923532136105e+04 4.176076625641325445e-19
5.007238977093425638e+04 5.239456379645384284e-19
5.007297762510111352e+04 6.408952512259524179e-20
5.007310114731798240e+04 4.026580412327370761e-20
5.007382212496884313e+04 4.008050225467169640e-19
5.007415940844034776e+04 2.117315548829108404e-18
5.007449199849036813e+04 2.199515851627974398e-19
5.007502483822817885e+04 6.923886285050907728e-20
5.007527546341813286e+04 6.278999524546636266e-21
5.007655299611855298e+04 2.494464939800553384e-20
5.007675989762954850e+04 4.563115858936710051e-20
5.007698367401852738e+04 8.855048723968289053e-20
5.007716925825857470e+04 3.870439720076061164e-20
5.007762607370263868e+04 1.400368952816021176e-21
5.007854543769578595e+04 1.748660996325066662e-22
5.007879991930929100e+04 6.214364305001289681e-23
5.007926337116837385e+04 3.637441058809407468e-21
5.007970350698212133e+04 1.123714185452867248e-20
5.007985302857503120e+04 2.157580487814966858e-21
5.008029856629230926e+04 3.581036848470727052e-21
5.008118672982544376e+04 1.463988337451718641e-22
5.008177399752906786e+04 1.106406666232770771e-22
5.008216279565391596e+04 3.070351231691425204e-21
5.008249881739284319e+04 3.013603915058253684e-20
5.008310360942865373e+04 5.513644994372454912e-21
5.008380097584269242e+04 1.525369872899862055e-21
5.008462329626677092e+04 1.473255431954156726e-21
5.008498863490611257e+04 2.235754414816464102e-21
5.008529055193921522e+04 2.660493800427619595e-22
5.008565841890161391e+04 1.635978823782443924e-21
5.008589307566488424e+04 1.799819248920398615e-22
5.008680332247385377e+04 1.840013767564364673e-22
5.008769264039133850e+04 1.869535151892457836e-22
5.008782942134959012e+04 3.638840080119160238e-23
5.008866025194037502e+04 5.716912747963517475e-24
5.008878720774255635e+04 5.143243373941656883e-23
5.008919233749409614e+04 2.308598606767923867e-24
5.008992281230458320e+04 2.146377403618651273e-24
5.009063458239760803e+04 6.517547645571306759e-24
5.009140099320758600e+04 1.492980278920364142e-23
5.009153195926865737e+04 0.000000000000000000e+00
5.009197632032901311e+04 0.000000000000000000e+00
5.009291785348882695e+04 1.605947203755698216e-24
5.009368360377363570e+04 2.081046079520692886e-23
5.009417603114444501e+04 2.729045524933579448e-23
5.009507344626705890e+04 0.000000000000000000e+00
5.009530553728585073e+04 7.240049157683885839e-24
5.009557686254942382e+04 1.252647867227987537e-24
5.009644607990099030e+04 3.327533345458179880e-24
5.009700972602084221e+04 0.000000000000000000e+00
5.009721519078729762e+04 2.792427280601669309e-24
5.009768653875309974e+04 0.000000000000000000e+00
5.009842737189414765e+04 0.000000000000000000e+00
5.009962989828459104e+04 0.000000000000000000e+00
5.010004761121268530e+04 0.000000000000000000e+00
5.010064826706136228e+04 0.000000000000000000e+00
5.010167608924159867e+04 0.000000000000000000e+00
5.010207271478390612e+04 0.000000000000000000e+00
5.010251871649464738e+04 0.000000000000000000e+00
5.010309063358829735e+04 0.000000000000000000e+00
5.010356695774326363e+04 0.000000000000000000e+00
5.010419725053600996e+04 0.000000000000000000e+00
5.010486690093478683e+04 0.000000000000000000e+00
5.010586982462490414e+04 0.000000000000000000e+00
5.010590700262530299e+04 0.000000000000000000e+00
5.010693208764577139e+04 0.000000000000000000e+00
5.010719719404773787e+04 0.000000000000000000e+00
5.010800945890176081e+04 0.000000000000000000e+00
5.010916914782701497e+04 0.000000000000000000e+00
5.011014947117467091e+04 0.000000000000000000e+00
5.011096209032720071e+04 0.000000000000000000e+00
5.011135061481377488e+04 0.000000000000000000e+00
5.011213826142043399e+04 0.000000000000000000e+00
5.011300792407440895e+04 0.000000000000000000e+00
5.011332923592978477e+04 0.000000000000000000e+00
5.011354849708563415e+04 0.000000000000000000e+00
5.011452831472473190e+04 0.000000000000000000e+00
5.011490722669081151e+04 0.000000000000000000e+00
5.011581149110018305e+04 0.000000000000000000e+00
5.011641430616363505e+04 0.000000000000000000e+00
5.011765622503912891e+04 0.000000000000000000e+00
5.011813222397048230e+04 0.000000000000000000e+00
5.011933556826136919e+04 0.000000000000000000e+00
5.012060991117316007e+04 0.000000000000000000e+00
5.012086157685802755e+04 0.000000000000000000e+00
5.012158829017089010e+04 0.000000000000000000e+00
5.012292076563213777e+04 0.000000000000000000e+00
5.012339114319855435e+04 0.000000000000000000e+00
5.012389330536319903e+04 0.000000000000000000e+00
5.012527265088483546e+04 0.000000000000000000e+00
5.012549101346782845e+04 0.000000000000000000e+00
5.012672352051761845e+04 0.000000000000000000e+00
5.012878964053009258e+04 0.000000000000000000e+00
5.012940881269300007e+04 0.000000000000000000e+00
5.012982088957228552e+04 0.000000000000000000e+00
5.013034888173425134e+04 0.000000000000000000e+00
5.013174288086646266e+04 0.000000000000000000e+00
5.013243479963918071e+04 0.000000000000000000e+00
5.013357190738740610e+04 0.000000000000000000e+00
5.013408746044192958e+04 0.000000000000000000e+00
5.013496041284393141e+04 0.000000000000000000e+00
5.013750414118928893e+04 0.000000000000000000e+00
5.013860132669219456e+04 0.000000000000000000e+00
5.013950355057427805e+04 0.000000000000000000e+00
5.014038979898929392e+04 0.000000000000000000e+00
5.014066431542525243e+04 0.000000000000000000e+00
5.014164844153256854e+04 0.000000000000000000e+00
5.014259501896137226e+04 0.000000000000000000e+00
5.014420653409975785e+04 0.000000000000000000e+00
5.014612238367999817e+04 0.000000000000000000e+00
5.014832988642864802e+04 0.000000000000000000e+00
5.014935262529068859e+04 0.000000000000000000e+00
5.015005335469710553e+04 0.000000000000000000e+00
5.015179972132600960e+04 0.000000000000000000e+00
5.015293576219634997e+04 0.000000000000000000e+00
5.015323938656994142e+04 0.000000000000000000e+00
5.015621729248681368e+04 0.000000000000000000e+00
5.015916560384252807e+04 0.000000000000000000e+00
5.015950212161019590e+04 0.000000000000000000e+00
5.016064434990624432e+04 0.000000000000000000e+00
5.016150220767878636e+04 0.000000000000000000e+00
5.016364728805291088e+04 0.000000000000000000e+00
5.016977649404676049e+04 0.000000000000000000e+00
5.017018979604530614e+04 0.000000000000000000e+00
5.017432793687003868e+04 0.000000000000000000e+00
5.017457212679601798e+04 0.000000000000000000e+00
5.018374760695964505e+04 0.000000000000000000e+00
5.018415793140833557e+04 0.000000000000000000e+00
