-5.007172290971041366e+04 0.000000000000000000e+00
-5.007169699633413984e+04 0.000000000000000000e+00
-5.006501359762868378e+04 0.000000000000000000e+00
-5.006498985521133727e+04 0.000000000000000000e+00
-5.006114673374747508e+04 0.000000000000000000e+00
-5.006060422765651310e+04 2.056716874601387724e-23
-5.006058651819104853e+04 2.803570141800468207e-23
-5.005957685758503794e+04 2.476131913477287213e-23
-5.005855371861245658e+04 3.979184310091904426e-23
-5.005806548103045498e+04 1.870083618209400090e-22
-5.005747307200869545e+04 1.318669826425766172e-22
-5.005658002051398216e+04 8.020559906961924037e-24
-5.005559446783846215e+04 7.093082440131658061e-23
-5.005452688757021679e+04 7.416681976722927501e-23
-5.005339870565563615e+04 0.000000000000000000e+00
-5.005218733892226010e+04 7.224648087012486247e-24
-5.005094152845615463e+04 0.000000000000000000e+00
-5.005089371085693710e+04 0.000000000000000000e+00
-5.004962590413430007e+04 1.002718217425128123e-23
-5.004884868390364863e+04 2.213156392457146171e-23
-5.004832522892403358e+04 2.435558184048904810e-23
-5.004701047311434377e+04 0.000000000000000000e+00
-5.004682510879676556e+04 5.878711696576095756e-22
-5.004572624566946615e+04 7.313821830477813715e-23
-5.004489559520007606e+04 2.125038874666564449e-21
-5.004461768767108151e+04 1.115228981017133423e-21
-5.004442181978310691e+04 1.645715982490516278e-23
-5.004426409843082365e+04 3.749116092550744949e-22
-5.004350373585800116e+04 4.083296571327714730e-23
-5.004296357985179930e+04 2.284094079440411802e-21
-5.004260250597208505e+04 8.222415969125483016e-22
-5.004187345588889730e+04 5.811990290778689225e-22
-5.004150747517027776e+04 1.583762540255917228e-21
-5.004114598005209700e+04 2.480456886450911695e-21
-5.004090184320911067e+04 3.368302645285614293e-22
-5.004046703939263534e+04 1.520004101935303923e-22
-5.003951400859701971e+04 1.189706203315567031e-20
-5.003949273603854817e+04 4.944183930219582499e-20
-5.003880291410815698e+04 5.291131191633625759e-21
-5.003877916282002843e+04 3.677542389355961169e-21
-5.003792267325591092e+04 7.852113667163519037e-20
-5.003732831066979998e+04 2.456231448012188044e-21
-5.003683424049495079e+04 1.474758613984066974e-21
-5.003674692779672478e+04 0.000000000000000000e+00
-5.003667946541042329e+04 4.240621235517631481e-22
-5.003655503917569877e+04 8.696450940233374049e-22
-5.003635194310393126e+04 8.045639306949032472e-21
-5.003552885902054550e+04 2.218163500533718642e-20
-5.003502031016752881e+04 8.088215928510318077e-22
-5.003470097126897599e+04 3.060411143392838876e-21
-5.003457681329079787e+04 1.949252616253414886e-20
-5.003383343353160308e+04 1.846411017566451182e-21
-5.003352955982531421e+04 2.144054752032274337e-20
-5.003287501062529918e+04 3.059081707352807154e-20
-5.003260896437811607e+04 1.925086840889287982e-21
-5.003250125007724273e+04 2.383213600025122354e-19
-5.003191693989804480e+04 3.406250750750183168e-21
-5.003091112165681989e+04 3.593109947901824449e-20
-5.003089768213225761e+04 3.387163408002930059e-21
-5.003050413863822178e+04 2.031338384753500425e-19
-5.003046764340678783e+04 5.762872753556214607e-19
-5.002971653000295919e+04 3.757035498580606709e-21
-5.002913468192376604e+04 9.403089959604034247e-21
-5.002876459430757677e+04 8.075216329460504423e-20
-5.002848663216954446e+04 2.411988607047501627e-19
-5.002823444778998964e+04 1.906219610065301078e-20
-5.002743591179460054e+04 2.863263417431372332e-20
-5.002711862190182728e+04 2.217474766727404698e-20
-5.002663640366347681e+04 1.065792252675486348e-18
-5.002656075659424823e+04 3.604104779854463049e-19
-5.002599861750508717e+04 3.636762905560121211e-20
-5.002486828611117380e+04 1.644305542024066792e-18
-5.002451178845798131e+04 1.667649324852925631e-18
-5.002442276396368106e+04 4.325027067227767513e-18
-5.002430779791052191e+04 1.181605959553839465e-19
-5.002355914384029165e+04 1.988827974762202502e-19
-5.002298896893412166e+04 9.126819062945893107e-19
-5.002264546205314400e+04 3.139180846275528446e-18
-5.002239717419155932e+04 1.178656672623758494e-18
-5.002172353714509518e+04 1.103518685792348413e-20
-5.002089768195294891e+04 6.605708589528133551e-19
-5.002088935958974616e+04 6.290952357088461923e-19
-5.002057955452064925e+04 1.158348908743450739e-18
-5.002029810347381863e+04 4.225795577545155022e-18
-5.002021147121454123e+04 2.262425140950054965e-19
-5.001922380039384007e+04 2.067953887492592806e-18
-5.001910200685863674e+04 1.013857780910395291e-18
-5.001876199626432208e+04 3.667861202439094150e-18
-5.001821707761090511e+04 4.223099817272365967e-17
-5.001765994826264796e+04 1.839304536518760782e-19
-5.001747725636864197e+04 5.232755120095903613e-19
-5.001696070865937509e+04 6.280335899608968938e-19
-5.001662737457714684e+04 9.237309948832556027e-19
-5.001638632177475665e+04 4.938815786725718228e-18
-5.001609668077799870e+04 8.062894338482145495e-17
-5.001599404410812713e+04 1.965209786545139694e-18
-5.001559210906158842e+04 1.923730727378380887e-18
-5.001465010272224026e+04 3.305676598666150397e-20
-5.001449508535859059e+04 3.983821349801581756e-17
-5.001439710687340994e+04 1.574480469995311893e-20
-5.001407402622769587e+04 1.637662225147315527e-18
-5.001372160993535363e+04 5.823372856441180063e-19
-5.001314669249836879e+04 4.399785954627854198e-19
-5.001263928947268869e+04 1.758983834797079720e-19
-5.001236497115193924e+04 3.115611679446851965e-16
-5.001214202174727689e+04 5.102553429023283755e-17
-5.001191157359624049e+04 3.724453855677897987e-18
-5.001180471858367673e+04 1.744131504613600096e-18
-5.001132671649566328e+04 1.630620134595870462e-18
-5.001104122013910091e+04 2.143401793746468415e-19
-5.001089756772028340e+04 1.983881978631948456e-18
-5.001051662409551500e+04 1.346006863588209259e-17
-5.001024137300907751e+04 7.014580995594225749e-16
-5.001006641893327469e+04 1.472329537897659989e-16
-5.000999464540046756e+04 2.221992044397004171e-17
-5.000985200369280938e+04 8.844640489964661012e-18
-5.000948640876852733e+04 2.512667476571486740e-17
-5.000899316421315598e+04 2.114795010644288551e-21
-5.000876152956126316e+04 1.916004728960932591e-16
-5.000850290512861102e+04 9.425621631126679532e-18
-5.000812409945504623e+04 9.599398281618383804e-17
-5.000803190765250474e+04 2.341217307843050968e-17
-5.000768527149551664e+04 1.617760370272340139e-19
-5.000722848857130157e+04 8.776859794170416612e-18
-5.000663478154341283e+04 5.625332363950558397e-18
-5.000662569109794276e+04 1.527601632744599848e-15
-5.000619904457277153e+04 2.944549888686753188e-16
-5.000607139049860416e+04 1.141770539487257485e-16
-5.000598218902567169e+04 4.257817874830471937e-16
-5.000562778952825465e+04 8.983990181101609471e-18
-5.000507609754255100e+04 6.066014767733631710e-18
-5.000449065277165937e+04 3.408604504686593635e-15
-5.000446964681904501e+04 4.156276024823847379e-18
-5.000434871135391586e+04 6.604409571156468591e-18
-5.000391526367189363e+04 2.755829803227696665e-15
-5.000382851614683750e+04 7.631013759582909851e-17
-5.000320134763070382e+04 9.159140115082853293e-20
-5.000270125737301714e+04 5.034208242391959621e-18
-5.000255334881701856e+04 3.120893495437383240e-17
-5.000235597103576583e+04 6.351506323456329972e-16
-5.000199604001775151e+04 1.136031091473570717e-16
-5.000182418322699959e+04 2.765633118950681054e-15
-5.000094650239001203e+04 1.180753541556778698e-16
-5.000089755775079539e+04 2.005256430329954504e-15
-5.000059207132298616e+04 1.201757646604265015e-16
-5.000032377446054306e+04 1.730562326313853100e-16
-5.000022348255586985e+04 8.207003982586817214e-15
-4.999977017103432445e+04 1.380260225253671071e-15
-4.999951295217212464e+04 2.669336969457361030e-17
-4.999925605376806925e+04 4.097840806551440807e-17
-4.999876145375664055e+04 6.589614877883936741e-15
-4.999866001934745873e+04 1.040162644112730020e-17
-4.999811200728172116e+04 5.351903619728721179e-15
-4.999809040508021280e+04 2.713090138542171685e-14
-4.999771230464121618e+04 1.024598227328059924e-15
-4.999734885868965648e+04 2.655779378820888251e-18
-4.999711299880585284e+04 1.993747520612699903e-17
-4.999683513576354017e+04 3.766504015846461294e-16
-4.999662539052667853e+04 3.276892715338610349e-16
-4.999596788652482792e+04 4.971564244311976556e-14
-4.999573918274516473e+04 2.830856824193755157e-15
-4.999559653287108813e+04 2.505383056810465300e-16
-4.999543922758867848e+04 1.318202730152677376e-16
-4.999511631440804922e+04 5.072411364496496779e-16
-4.999450314025281114e+04 5.226143469608714857e-16
-4.999448944345441123e+04 8.016468159174297294e-14
-4.999406029587388912e+04 3.869408865923043345e-18
-4.999384438551320636e+04 4.399901262581224013e-15
-4.999361271622918139e+04 4.834904349501847295e-16
-4.999305885867582401e+04 1.383994312744002266e-16
-4.999281141356780427e+04 3.192215215478190501e-17
-4.999235379726227256e+04 3.338152818707719761e-13
-4.999228507983298186e+04 1.015430318616724077e-16
-4.999197107214492280e+04 3.039148671740528832e-15
-4.999172797176445602e+04 3.824409370527840194e-14
-4.999153054056745896e+04 4.853515756004387174e-15
-4.999122711688053096e+04 2.047685777545080315e-16
-4.999089755639538635e+04 7.168186339529811386e-15
-4.999050623964506667e+04 8.476043738865909355e-18
-4.999022462968083710e+04 4.633764371871495451e-14
-4.999021813204170030e+04 4.495106352798974550e-13
-4.998970784602416825e+04 1.357214488683201230e-15
-4.998963681701596943e+04 3.833454576571014250e-14
-4.998957624667757773e+04 2.604357417346827166e-14
-4.998893251270981273e+04 4.571439528288282595e-17
-4.998876144163685967e+04 4.457707892885331396e-13
-4.998820096922108496e+04 9.132139790109864965e-18
-4.998808442252245732e+04 1.608173833410471267e-15
-4.998780541905204882e+04 1.255177749394461915e-15
-4.998758159629990405e+04 2.269137836684491199e-16
-4.998751978631452948e+04 1.054403896594722102e-14
-4.998727075851090194e+04 9.332222070128038469e-16
-4.998692745615039894e+04 8.525955857844716791e-16
-4.998667000483947049e+04 5.055481294596107635e-20
-4.998662533423388959e+04 2.420952957564215499e-12
-4.998595172534640005e+04 8.655429403987799830e-13
-4.998588124641656759e+04 2.677819946987167841e-16
-4.998579643897208007e+04 1.868362781840201614e-15
-4.998543381047606817e+04 2.041741345517355551e-13
-4.998520366072621255e+04 8.692095584232008934e-17
-4.998457875149758183e+04 2.918416555332625744e-17
-4.998448925003377371e+04 3.258337583103172192e-12
-4.998413896257749002e+04 1.091768058871198808e-16
-4.998398044768426917e+04 3.684633019631866353e-16
-4.998384083429042221e+04 2.297856115893403998e-13
-4.998381279498883669e+04 6.452220766430365020e-13
-4.998335265884983528e+04 2.395191278768902510e-14
-4.998322987893914978e+04 1.265730584041305283e-15
-4.998260125708454871e+04 2.015350624276366489e-16
-4.998235323695977422e+04 1.843022893761272063e-14
-4.998231776317673211e+04 4.082251452264440370e-15
-4.998182279394942452e+04 2.294683512061758465e-14
-4.998169346233642864e+04 7.402129360788991766e-13
-4.998162349605003692e+04 1.673561076118079033e-14
-4.998129487073715427e+04 9.002372306836823930e-16
-4.998096849104623834e+04 3.404230002425627869e-15
-4.998089755621153017e+04 5.343780115101605952e-12
-4.998049771435346338e+04 1.056469631873887661e-15
-4.998025663102782710e+04 2.701848685562377118e-14
-4.998021733955787931e+04 1.342130740782641380e-11
-4.997965521686571446e+04 1.778333657770277183e-13
-4.997956567028143763e+04 2.512689536052512693e-12
-4.997932404675202270e+04 2.688532750201615634e-14
-4.997924107809642010e+04 1.154020086532686914e-14
-4.997876143976636376e+04 1.067484559674117433e-11
-4.997871336206947308e+04 8.064564745761271256e-16
-4.997808172793033009e+04 1.458137553448270287e-11
-4.997775842008423933e+04 1.435172770843313313e-15
-4.997764367842020874e+04 4.844241917780666705e-16
-4.997752718918778555e+04 5.556800813045853231e-15
-4.997743509979118971e+04 4.303084379084073819e-14
-4.997722634499907144e+04 4.734527021862322103e-14
-4.997662532408649713e+04 4.304259347358833314e-14
-4.997656019896106591e+04 4.573302827244325710e-15
-4.997595870858604030e+04 2.808152121050106963e-14
-4.997594654825126054e+04 1.490064197329024487e-11
-4.997551407185135758e+04 1.435747174805502622e-14
-4.997533385876327520e+04 1.447012214968581775e-14
-4.997524187262304622e+04 3.393109056313656989e-13
-4.997462814970113686e+04 4.097922503774105893e-15
-4.997448921083274763e+04 1.431533494308589221e-10
-4.997431115486953058e+04 1.300798826982038475e-14
-4.997417894602235174e+04 1.023807095645640221e-16
-4.997381223196348583e+04 2.285424087846734429e-11
-4.997354111252794974e+04 3.542646190412972770e-14
-4.997324063108123664e+04 6.834600965851961347e-14
-4.997321304021570540e+04 2.316264589672334568e-14
-4.997297708119408344e+04 3.335040140263320417e-15
-4.997246107737440616e+04 2.465833324409085959e-16
-4.997235310410533566e+04 2.526443660430805158e-10
-4.997177775600091991e+04 3.311234572198128108e-15
-4.997167921171554917e+04 1.682969910482917327e-11
-4.997148439332327689e+04 1.920667170042090019e-17
-4.997132247870197170e+04 2.314977290683938949e-15
-4.997111692363001930e+04 3.329014363788998076e-12
-4.997089755610561406e+04 2.378140311217249242e-11
-4.997086681648280501e+04 1.238922280206211995e-15
-4.997046847138852172e+04 2.985350795861538798e-15
-4.997021700815868098e+04 1.855545446034973856e-10
-4.996983451751426037e+04 1.216695275163568357e-13
-4.996954736763692199e+04 7.871428834214065254e-13
-4.996945103450106399e+04 1.383570696409358989e-13
-4.996904592410579789e+04 2.686741166738903795e-12
-4.996900741562221810e+04 2.830194407995395520e-12
-4.996876143823182792e+04 9.503059825273819950e-10
-4.996858712602217565e+04 1.010856059367224728e-13
-4.996819179650918522e+04 1.967551102311298862e-14
-4.996808092253713403e+04 1.137391935242869430e-10
-4.996752443779242458e+04 1.530883254797005919e-14
-4.996741803958275705e+04 3.137744133978258228e-12
-4.996706202801331528e+04 1.052721933778270135e-15
-4.996695549257966923e+04 3.005512787861217922e-14
-4.996663215829522960e+04 1.665998776481790248e-14
-4.996662531290129118e+04 3.230021089022974456e-09
-4.996653080172652699e+04 2.498283633392857797e-14
-4.996601433831803297e+04 3.349819816439716613e-13
-4.996594480200614635e+04 6.993324920712862387e-10
-4.996534218693716684e+04 1.691340213189405689e-14
-4.996529169032380014e+04 8.413477003464497217e-11
-4.996488641073169129e+04 4.055797510008438617e-12
-4.996466111790075956e+04 4.003590332065634312e-13
-4.996448915792260959e+04 1.813158952858319142e-09
-4.996425333587612840e+04 3.297690707365411592e-14
-4.996380867590205162e+04 6.527053757446449799e-12
-4.996366466688936634e+04 9.521628967151442771e-14
-4.996346332777613134e+04 4.140733298273337872e-14
-4.996317448049668747e+04 4.935794504167819398e-11
-4.996304735713839182e+04 3.696870825971048496e-12
-4.996286086072654871e+04 2.796049878517831038e-12
-4.996245957033213199e+04 1.083579312341285952e-13
-4.996235291647434497e+04 2.990728425028691054e-10
-4.996216788473780616e+04 4.201712864657895470e-14
-4.996174606816844607e+04 3.026776908291483882e-14
-4.996167230893494707e+04 8.872768505929122214e-11
-4.996152629145797982e+04 2.596362582413509623e-14
-4.996104577390344639e+04 1.056879777146382256e-11
-4.996089755318224343e+04 1.596954298286019233e-08
-4.996082470511175052e+04 8.756692461933312949e-14
-4.996063085272969329e+04 6.289663582936071536e-15
-4.996026973337624804e+04 2.688196634388228500e-13
-4.996021646691027127e+04 1.515728267664295443e-08
-4.995953565803886886e+04 1.370626662032464099e-09
-4.995947463450433861e+04 3.318540206122724886e-12
-4.995907670586298627e+04 6.079278959596760970e-14
-4.995893081407243153e+04 6.680525510933543521e-11
-4.995876141618475958e+04 1.206741854334250967e-08
-4.995873123305344780e+04 3.278933417284457894e-12
-4.995851473837030790e+04 1.870900687918885106e-14
-4.995843171549410908e+04 2.814763362585827295e-13
-4.995811577070723433e+04 3.984205987571052033e-14
-4.995807957376049308e+04 3.889298560277587231e-10
-4.995739792700920225e+04 1.961674435929245980e-10
-4.995737900777999312e+04 8.165766359903811059e-15
-4.995720599843258969e+04 6.179963477208468070e-13
-4.995681832789784676e+04 1.639629661255743936e-11
-4.995670926277808030e+04 1.195438200502358513e-12
-4.995662521568210650e+04 1.280721021756338009e-09
-4.995652853342269373e+04 5.919608963940882250e-13
-4.995594182122725761e+04 9.555843567957269969e-10
-4.995575550500155077e+04 1.862801355030318261e-14
-4.995530472450353409e+04 8.289466442066580406e-12
-4.995525861879839795e+04 9.567890393383016517e-10
-4.995505811121320585e+04 1.050162612927804983e-12
-4.995469939815058751e+04 3.144134670524795418e-14
-4.995468121995553520e+04 2.445994313690247093e-13
-4.995448880299735174e+04 2.008033420419895653e-07
-4.995428727782923670e+04 1.537807678883230090e-13
-4.995380251720768865e+04 1.576399207755445792e-08
-4.995311739205509366e+04 1.381597275489316030e-09
-4.995309160332350439e+04 5.984142499050653752e-13
-4.995280908324285701e+04 1.556660127101098355e-13
-4.995264576297961321e+04 5.408012966059579381e-15
-4.995256289419976383e+04 2.558699240164613262e-12
-4.995235178037599690e+04 7.726940171366074149e-08
-4.995227906996458478e+04 9.892098062331077964e-14
-4.995166068120565615e+04 7.114661526958380072e-10
-4.995145871861375053e+04 1.724843664498755827e-13
-4.995120060030253080e+04 2.103560320482237998e-14
-4.995097362367955793e+04 1.341822435464813482e-10
-4.995089751185649220e+04 5.241346394200259852e-08
-4.995069023488688254e+04 7.930166709726439823e-13
-4.995058486110607919e+04 2.769499324495095752e-14
-4.995045789546037850e+04 1.933974112166111089e-12
-4.995021333130991115e+04 6.359781673146281475e-09
-4.995017937012117909e+04 1.692354533039304094e-13
-4.994951506339757179e+04 3.558969373394194000e-08
-4.994947504341987224e+04 1.120768563912569823e-10
-4.994928080308595963e+04 1.073632808610542989e-12
-4.994882367662167962e+04 3.996727505930991061e-12
-4.994876102083499427e+04 1.680176241104934383e-06
-4.994870867401244323e+04 3.751272854977055382e-15
-4.994832408322693664e+04 1.293134431812380325e-12
-4.994807210450066486e+04 1.322561810774140846e-07
-4.994771852412221779e+04 3.189428095264304040e-13
-4.994736375662260252e+04 2.067152599018926325e-08
-4.994724228193795716e+04 3.431392088404034069e-12
-4.994705207957385574e+04 5.380383047850118950e-14
-4.994681554591677559e+04 1.039885440186650934e-14
-4.994666796854507265e+04 1.119763754588472885e-10
-4.994662342392590654e+04 3.064122687221992774e-06
-4.994630361315708433e+04 2.686990889513415824e-13
-4.994596523573179729e+04 1.665506367505123837e-11
-4.994592621366748062e+04 2.190807714674800690e-07
-4.994552736607671250e+04 2.501587310299407159e-13
-4.994527188735829986e+04 3.431153078247376924e-13
-4.994520537560059165e+04 1.351263909015212985e-10
-4.994483913929908886e+04 9.893324130700660383e-15
-4.994450957513809408e+04 6.198503942464778168e-11
-4.994448344286838983e+04 2.103018151749842121e-07
-4.994410748389092623e+04 1.564607365644376876e-12
-4.994398272375522356e+04 1.611192911658384307e-12
-4.994377340210070543e+04 8.234843718170432029e-07
-4.994339291283547936e+04 1.037194215839573252e-12
-4.994323953558667563e+04 3.656829532620269327e-13
-4.994303837008516712e+04 1.132062198660943683e-09
-4.994290634430460341e+04 6.061906687488365220e-13
-4.994234811119855294e+04 7.116888299489584164e-10
-4.994233925290102343e+04 9.557205309409542380e-07
-4.994204781272083346e+04 3.261586663429520112e-12
-4.994187460994813591e+04 3.650662209864807527e-12
-4.994161129599359992e+04 1.600603644167681775e-07
-4.994124217419644992e+04 6.274149796438775785e-13
-4.994089692960339744e+04 2.187563054936204221e-05
-4.994086197553265083e+04 1.267216874245733218e-09
-4.994082971894474031e+04 5.928601707583882433e-12
-4.994057801723887678e+04 1.365607354891498382e-12
-4.994018850699998438e+04 9.417098376297459387e-06
-4.994018663638742873e+04 4.572524431134144454e-07
-4.994002174783543160e+04 1.826506524189060352e-13
-4.993985591527209908e+04 1.089452810042326822e-12
-4.993943860761259566e+04 4.391928275351838088e-10
-4.993943770472033066e+04 3.660308640366298208e-08
-4.993875850265281042e+04 2.566185276002756039e-05
-4.993867395370003942e+04 2.076268000988608311e-09
-4.993854966089491063e+04 1.812589605789709763e-12
-4.993806697473763779e+04 3.327467769752849890e-10
-4.993802794593607541e+04 1.082338265051756927e-05
-4.993801537781788647e+04 3.815489234914027426e-10
-4.993786188811479951e+04 1.665939831639547473e-11
-4.993725087996515504e+04 5.816454663397749197e-08
-4.993673499952316342e+04 3.268890607449555236e-12
-4.993661473587734508e+04 1.223130222765922523e-05
-4.993649944472536299e+04 6.832262393067114198e-11
-4.993646604344744264e+04 1.631741710873877036e-10
-4.993637534676449286e+04 5.084200424167209996e-12
-4.993595183081305731e+04 7.647149916464324816e-13
-4.993585478091779805e+04 2.812488898868920401e-09
-4.993568132604498533e+04 6.875226805648952464e-13
-4.993553003708965116e+04 1.446433006769494513e-13
-4.993531775906281837e+04 3.219208514061884939e-12
-4.993504927875100111e+04 3.863393258219554156e-08
-4.993463666387279227e+04 4.290721268559186177e-13
-4.993445871280704159e+04 2.324646572439529354e-04
-4.993428020349847066e+04 4.965952690694464642e-10
-4.993418509303613973e+04 5.032752560729830058e-11
-4.993397993333541672e+04 3.746969267317861189e-13
-4.993366620173261617e+04 3.193475185142338894e-06
-4.993357816305760934e+04 1.144289094016668818e-11
-4.993330433749633085e+04 1.520877467122268892e-11
-4.993283179989221389e+04 1.834192043987737562e-08
-4.993258076959218306e+04 7.307421169128496941e-18
-4.993228367383414297e+04 3.894006282941094802e-05
-4.993214111391427286e+04 1.160489836187688547e-10
-4.993203835688463005e+04 8.680330368411704578e-13
-4.993192239523209719e+04 3.088283275558233132e-12
-4.993169249078411667e+04 4.319341474189352351e-11
-4.993146005648819846e+04 2.123324239614513518e-06
-4.993135462069504138e+04 3.808424410992325223e-10
-4.993088091667926346e+04 3.732189314678508525e-04
-4.993059766581025178e+04 4.326143768052915124e-11
-4.993052316119179159e+04 9.234271454795806208e-12
-4.993008476005651755e+04 1.062834240286681200e-04
-4.992981612432959082e+04 3.559991234297885837e-09
-4.992975488325347396e+04 7.199113008008603970e-10
-4.992952537878243311e+04 9.913564589043047999e-11
-4.992923470675188582e+04 6.852270148839861061e-07
-4.992920669252888911e+04 2.099462056849648083e-09
-4.992904391256917734e+04 5.337315684133323830e-10
-4.992869559305533767e+04 3.332910848697877293e-03
-4.992834535400232562e+04 2.626258426240734090e-08
-4.992828117430643761e+04 1.149843840734288463e-10
-4.992800249165755667e+04 1.261617763980700180e-09
-4.992785923643682327e+04 1.599752832062394645e-04
-4.992756992510531563e+04 1.493601288008591264e-08
-4.992711760527275328e+04 1.144644449657103766e-10
-4.992698842394982785e+04 4.239151353387138456e-07
-4.992678119717797381e+04 1.754132288670847042e-10
-4.992647811018944776e+04 2.215591746061438150e-03
-4.992630815865752811e+04 2.145264211897930793e-09
-4.992607439262974367e+04 5.790380933179026550e-08
-4.992606052085600822e+04 6.143164124257964999e-09
-4.992560555272789497e+04 3.999293474415738150e-05
-4.992549289236245386e+04 1.074689789753089103e-09
-4.992537021092980285e+04 7.316525931965765804e-09
-4.992519671048097371e+04 1.968892441750111852e-09
-4.992490738850766502e+04 1.134078320817395519e-09
-4.992471975743786606e+04 2.689760661783211537e-06
-4.992422425324910728e+04 7.898289123134246900e-03
-4.992413068229975761e+04 2.505084480210214779e-08
-4.992378340504772495e+04 3.675083417846491334e-07
-4.992367200740485714e+04 2.410215919038847986e-11
-4.992332231124622922e+04 2.092446719171272427e-06
-4.992312843684015388e+04 1.664865106375444475e-09
-4.992294363289083412e+04 1.306983977857350664e-09
-4.992272079175000545e+04 7.047021350113034796e-10
-4.992242729898418474e+04 2.925096428392747069e-06
-4.992239114089567738e+04 6.186557613172439987e-09
-4.992210537624925200e+04 6.558715882006444161e-09
-4.992193208678021620e+04 5.289227070751988981e-03
-4.992158269029723306e+04 2.943605030078249135e-10
-4.992147139993580640e+04 1.191299195904660779e-07
-4.992125544601687579e+04 9.127654469383247134e-08
-4.992100845729632420e+04 1.680239388814357701e-03
-4.992082642227398173e+04 6.435525588627531990e-01
-4.992061670120243798e+04 4.431301483346916943e-08
-4.992035183559032157e+04 2.023325712862225326e-08
-4.992010892478239839e+04 2.918487052882717734e-06
-4.991984999786870321e+04 2.731515619582366790e-08
-4.991959925306267542e+04 4.127589662075795314e-03
-4.991956875736998336e+04 4.492803903732636588e-08
-4.991914987818697409e+04 3.642464848895319996e-06
-4.991913409284572845e+04 8.326839373240435217e-07
-4.991866570241492445e+04 8.935965455736449153e-03
-4.991853348579404701e+04 2.676252842504245333e-01
-4.991842812150032842e+04 3.799591136864859222e-06
-4.991805732911276573e+04 2.485246644790841468e-08
-4.991776328245676268e+04 1.936027497837329634e-06
-4.991767649791058648e+04 5.424497131370803162e-09
-4.991731233803759824e+04 8.742127419354790237e-08
-4.991722439752485661e+04 1.626397256683528294e-03
-4.991700515560885833e+04 2.058500891789338892e-08
-4.991679829804865585e+04 6.563792717366053226e-06
-4.991629527649752708e+04 4.319552385575332887e-03
-4.991614659767718695e+04 4.151311941788784349e-02
-4.991608024519692844e+04 6.990296804721049145e-06
-4.991588981934629555e+04 1.868386117188430883e-08
-4.991539107698011503e+04 5.585128925042376664e-08
-4.991493274585247855e+04 4.259290412562751171e-09
-4.991480753680186899e+04 2.156945932268245956e-04
-4.991467833506155876e+04 2.003836038335780725e-08
-4.991445491513269371e+04 3.193511831862030339e-06
-4.991419428411757690e+04 4.126360522722447999e-07
-4.991389301744975091e+04 7.169811680240475819e-04
-4.991379160807066364e+04 4.938217859997351742e-06
-4.991370220647603855e+04 6.569821319624749601e-07
-4.991367985042049986e+04 5.322449651153062823e-03
-4.991361070976399787e+04 1.695972452386356463e-07
-4.991302475620553014e+04 1.236938527644424470e-09
-4.991298971952887950e+04 1.431952303398300353e-07
-4.991235025578449131e+04 9.716006844296532332e-06
-4.991210230411839439e+04 6.866712328298025661e-07
-4.991191028199663560e+04 2.254511613474194803e-09
-4.991151566470631951e+04 3.553749287308590325e-06
-4.991145419630961260e+04 5.770896577576000043e-05
-4.991114744665741455e+04 4.532972733755285611e-04
-4.991100313792838278e+04 1.221290650580401191e-07
-4.991066179568135703e+04 3.793861042321434214e-08
-4.991055192569838982e+04 9.649795149242714595e-08
-4.991024019507708726e+04 1.790566258361801923e-09
-4.990985556189290219e+04 1.311256372578069307e-07
-4.990970066093974310e+04 8.335074937808975498e-09
-4.990951325132416969e+04 1.739399431278841736e-08
-4.990923683466382499e+04 7.734110612774666844e-09
-4.990898954800770298e+04 7.388560339875163222e-07
-4.990897118786539068e+04 2.924707072608506598e-08
-4.990856107836099545e+04 3.577378254198873954e-06
-4.990855343069084483e+04 4.492125589281060690e-07
-4.990815912930908962e+04 2.508820767258523711e-08
-4.990788154657829728e+04 1.441602654317046190e-09
-4.990746235347950278e+04 4.346204270369274871e-09
-4.990732480294604466e+04 1.030650724230463385e-06
-4.990700702953911969e+04 8.439994059650837366e-10
-4.990694998952673632e+04 1.149382924060458603e-08
-4.990649518242100021e+04 2.600730072108486569e-07
-4.990630367025759188e+04 8.212472549097403945e-09
-4.990592809577487787e+04 2.978211748074598165e-06
-4.990564497689039854e+04 6.647080531871895920e-09
-4.990538326136398246e+04 2.301046369055201740e-10
-4.990483071302016469e+04 2.123230907561837373e-08
-4.990476133815011417e+04 2.818468559846894324e-07
-4.990462586309670587e+04 2.872777036554274321e-08
-4.990416579694041866e+04 7.123716052972579066e-10
-4.990397693731512118e+04 2.036779661197258455e-07
-4.990371988042513840e+04 8.415615924748938570e-09
-4.990326747565884580e+04 1.601300002075710378e-06
-4.990319951819263224e+04 2.455980788483340875e-07
-4.990306695662442507e+04 2.578199790333526486e-08
-4.990258248721587006e+04 1.600141231135179767e-11
-4.990222030259342864e+04 3.968476719721846249e-09
-4.990216345114281285e+04 2.107036128844049548e-08
-4.990198459933302365e+04 4.145259415676091724e-09
-4.990158400388843438e+04 1.134192197019757038e-09
-4.990150056419090834e+04 1.234727670974780422e-08
-4.990140036299596250e+04 3.619345665927238965e-08
-4.990065285231329472e+04 7.671121914404444255e-08
-4.990053240445720439e+04 3.369142583131839783e-07
-4.990037234069480473e+04 1.777281361663308990e-10
-4.990007947358634556e+04 6.581904578555374007e-11
-4.989964393666236720e+04 1.166281930060122324e-10
-4.989952755663974676e+04 5.700248507250405134e-10
-4.989903037044219673e+04 1.417623807811473583e-09
-4.989879633344040485e+04 3.296707189076110783e-09
-4.989797051668109634e+04 3.086138251050117488e-09
-4.989781144380866317e+04 2.303703620072649425e-08
-4.989778348817123333e+04 2.500814585850578889e-09
-4.989755492102124845e+04 9.450797438300064894e-11
-4.989719932224997319e+04 6.803529940856978417e-11
-4.989691693227592623e+04 3.814079557072956914e-10
-4.989690055935867713e+04 2.521624567538001869e-10
-4.989651338983770984e+04 2.078871292081135070e-11
-4.989620420413861575e+04 3.078342514082563547e-12
-4.989587155870819697e+04 1.901400773844459784e-12
-4.989552035325540055e+04 8.284580615994463449e-12
-4.989516768275563663e+04 6.291365295296706414e-14
-4.989505814969736821e+04 4.209330521165973127e-12
-4.989499527056403167e+04 5.235301169315096216e-13
-4.989457281480215897e+04 1.091891729815522097e-12
-4.989430593367871188e+04 3.675041111216760699e-10
-4.989415593549452751e+04 5.447086495895547457e-11
-4.989373707561544143e+04 1.106400211462299172e-10
-4.989350325882215111e+04 4.465984474989211107e-11
-4.989276674898131751e+04 4.945026814169567132e-11
-4.989250258388978546e+04 6.201143486234146246e-12
-4.989229714493999927e+04 7.731458222344545661e-10
-4.989169690790590539e+04 3.195659046344085122e-11
-4.989145336078431865e+04 1.736247180059879219e-11
-4.989129182864900213e+04 3.904025164168715465e-11
-4.989096678910641640e+04 3.334110895634917352e-11
-4.989070116252318257e+04 1.690859151746344114e-11
-4.989030773654584482e+04 7.397653378740851838e-13
-4.988994254988137982e+04 2.172017679639141713e-11
-4.988952610233665473e+04 1.508543600709017194e-10
-4.988950495818812487e+04 1.904361391409004635e-10
-4.988915244989551138e+04 2.910805697705099810e-13
-4.988894687035134120e+04 1.827363229809311531e-12
-4.988867915737691510e+04 2.450729141948403160e-13
-4.988839682384391199e+04 1.461794679950770243e-11
-4.988782078673627984e+04 3.005279057357031156e-13
-4.988758236525904795e+04 1.884715567357473081e-12
-4.988726994859696424e+04 1.749583364296657924e-13
-4.988682917989485577e+04 2.564606128154411361e-12
-4.988672924972316105e+04 4.882433037739734596e-11
-4.988620105962507660e+04 4.846875204558929190e-16
-4.988559588709613308e+04 4.393515047817673395e-13
-4.988489653248268587e+04 4.234619219350922399e-15
-4.988457529065445124e+04 1.174425293022513821e-13
-4.988433207169662637e+04 1.718532879783121397e-13
-4.988402384937612078e+04 8.055912148487065436e-13
-4.988391925449813425e+04 2.850556400401937899e-14
-4.988380047695244139e+04 5.726915531053777292e-13
-4.988328429327673803e+04 2.252566977330468622e-13
-4.988307047652865003e+04 1.530884286238912123e-15
-4.988273474799454561e+04 9.465826047030460433e-14
-4.988238872449839255e+04 3.240266445329050788e-15
-4.988203700090508210e+04 7.493137639197756607e-15
-4.988196816568099894e+04 3.960129131317479042e-15
-4.988131102088793705e+04 2.561279434846075667e-15
-4.988116276072447363e+04 2.278254461660127600e-13
-4.988081321024484350e+04 1.136487765543276166e-13
-4.988060671654087491e+04 4.619695605322996760e-14
-4.988007900597821572e+04 1.030706420481782165e-13
-4.987950231782715127e+04 4.080699054685553651e-14
-4.987851875795067463e+04 1.285467256791592523e-13
-4.987839317455158744e+04 1.474892529003513556e-14
-4.987815793768818548e+04 1.660479904502504322e-13
-4.987774720198896830e+04 5.293110327369860116e-15
-4.987747751896674163e+04 2.883157628613133824e-14
-4.987701111460445100e+04 2.410605908639922827e-15
-4.987676095613728830e+04 1.750681793134265974e-14
-4.987657738949536724e+04 2.771225565148028446e-15
-4.987600440413116303e+04 2.449556031845273684e-15
-4.987569003215592966e+04 1.678644871831160444e-15
-4.987552980201319588e+04 3.354610418033347732e-14
-4.987541673636814085e+04 3.300881763741826124e-14
-4.987485140548979689e+04 9.385562893721946014e-16
-4.987439488778883242e+04 3.091060897472688075e-16
-4.987414701146258449e+04 3.618926759231830531e-15
-4.987367438127682544e+04 6.459765629066323801e-16
-4.987278211106758681e+04 4.931217260609145167e-15
-4.987232171497354284e+04 3.387072355410764560e-17
-4.987152241406706162e+04 2.797082705421713099e-17
-4.987138010199944983e+04 5.023046184340822395e-17
-4.987086823816344258e+04 1.570080397983516162e-16
-4.987016148338528728e+04 5.665385107263854273e-18
-4.987002618446041015e+04 1.284299706187473350e-19
-4.986988948068775790e+04 2.767420006218640460e-17
-4.986939045014575822e+04 1.156054126570279221e-16
-4.986901000455278700e+04 2.952823101946403509e-17
-4.986890893258139840e+04 2.919899421746479873e-17
-4.986858917033138277e+04 9.763463655191656742e-17
-4.986804084219384822e+04 1.198991491973257555e-17
-4.986782826411009592e+04 9.898473174628336912e-18
-4.986709598026375170e+04 2.872229463817260875e-18
-4.986695946010734770e+04 2.542143811919711385e-16
-4.986643509013995936e+04 7.319549275582094466e-17
-4.986579686836122710e+04 4.255008008252695508e-17
-4.986476459315288230e+04 2.877275316812740999e-18
-4.986438845087273512e+04 8.857443894999230471e-17
-4.986369620662322268e+04 1.482110722068946205e-17
-4.986348526263282838e+04 2.242051940008506863e-18
-4.986318839459009178e+04 2.274223948686229411e-18
-4.986288064099010080e+04 1.763374197188776135e-18
-4.986243550838113879e+04 1.558407669471464823e-17
-4.986204662022702541e+04 1.065764967487613297e-21
-4.986199363043058838e+04 4.045683121210220467e-18
-4.986150021704086976e+04 8.974733365416287344e-19
-4.986092845570392092e+04 2.152526470459012298e-18
-4.986054957753201597e+04 9.667369914963341157e-19
-4.986033661854518868e+04 2.307216912144224545e-19
-4.985964793371241831e+04 6.690133431660544283e-19
-4.985860471456604137e+04 2.804896146936717292e-22
-4.985770917932313750e+04 7.599925336261331729e-20
-4.985739248317736201e+04 3.725772088091009511e-20
-4.985665362142126833e+04 1.607496454583817727e-19
-4.985625633084477158e+04 6.320720897155841380e-20
-4.985583649067937949e+04 3.987359984351854294e-20
-4.985567024636072165e+04 1.242312424170832288e-19
-4.985496830596443033e+04 6.301056402585804750e-22
-4.985434713513555471e+04 1.030399647499439915e-19
-4.985386585284001194e+04 8.339625921876283714e-20
-4.985307446424190130e+04 4.871553135244399226e-21
-4.985266079688379978e+04 6.059296638410490512e-20
-4.985216219809118047e+04 3.908083649360772236e-20
-4.985200879571022961e+04 1.045810167893558094e-20
-4.985141806066014396e+04 4.494195540539674674e-20
-4.985049359909555642e+04 2.271677921244341488e-21
-4.984969839044229593e+04 1.424509682464782115e-21
-4.984913526053201349e+04 9.437122001448188839e-21
-4.984856944779846526e+04 5.683710394582868753e-22
-4.984786472539846727e+04 2.474789497594411703e-22
-4.984706622400744527e+04 5.395519897203925185e-24
-4.984676685782050481e+04 1.266655109693588382e-22
-4.984633749362769595e+04 9.224654604592805619e-23
-4.984615779528566782e+04 8.874089450462797995e-24
-4.984535055945147178e+04 1.171986866319065079e-22
-4.984516669321060181e+04 5.399315859319443984e-23
-4.984368187068092811e+04 1.458110852616089638e-22
-4.984298119586853136e+04 1.195616701232086861e-22
-4.984282605731406511e+04 5.505187962909188942e-23
-4.984139767566989030e+04 3.186254725101671678e-22
-4.984087664972791390e+04 0.000000000000000000e+00
-4.984015150467700732e+04 6.203956587440231190e-23
-4.983945026223823515e+04 1.700724666494759646e-24
-4.983831086462100211e+04 3.121447169554443617e-24
-4.983730851616288419e+04 2.433805383446780812e-23
-4.983702262509368302e+04 2.447918325631090691e-24
-4.983618277939868858e+04 0.000000000000000000e+00
-4.983580405810489901e+04 0.000000000000000000e+00
-4.983506281877210131e+04 0.000000000000000000e+00
-4.983444984145509079e+04 0.000000000000000000e+00
-4.983376846366949030e+04 0.000000000000000000e+00
-4.983308615904746694e+04 0.000000000000000000e+00
-4.983208978918258799e+04 0.000000000000000000e+00
-4.983091696103510913e+04 0.000000000000000000e+00
-4.982990887692554679e+04 0.000000000000000000e+00
-4.982956146618272032e+04 0.000000000000000000e+00
-4.982941925738150894e+04 0.000000000000000000e+00
-4.982870510238103452e+04 0.000000000000000000e+00
-4.982736082140590588e+04 0.000000000000000000e+00
-4.982613115244967048e+04 0.000000000000000000e+00
-4.982576414241966268e+04 0.000000000000000000e+00
-4.982405082220632175e+04 0.000000000000000000e+00
-4.982282204619051481e+04 0.000000000000000000e+00
-4.982210330117426929e+04 0.000000000000000000e+00
-4.982174004698541103e+04 0.000000000000000000e+00
-4.982042622975791164e+04 0.000000000000000000e+00
-4.981839683693227562e+04 0.000000000000000000e+00
-4.981670361388344463e+04 0.000000000000000000e+00
-4.981547723446969030e+04 0.000000000000000000e+00
-4.981518115638299787e+04 0.000000000000000000e+00
-4.981456503049375897e+04 0.000000000000000000e+00
-4.981212751130410470e+04 0.000000000000000000e+00
-4.981176130570798705e+04 0.000000000000000000e+00
-4.981063371858278697e+04 0.000000000000000000e+00
-4.980961560450815887e+04 0.000000000000000000e+00
-4.980863741220919474e+04 0.000000000000000000e+00
-4.980766019943035644e+04 0.000000000000000000e+00
-4.980371354389719636e+04 0.000000000000000000e+00
-4.980271639678423526e+04 0.000000000000000000e+00
-4.979997495043506933e+04 0.000000000000000000e+00
-4.979594387037947308e+04 0.000000000000000000e+00
-4.979374046487665328e+04 0.000000000000000000e+00
-4.979335742021919577e+04 0.000000000000000000e+00
-4.979197566243237816e+04 0.000000000000000000e+00
-4.979061568725029065e+04 0.000000000000000000e+00
-4.978821196654584492e+04 0.000000000000000000e+00
-4.978192885901703266e+04 0.000000000000000000e+00
-4.978152440677545383e+04 0.000000000000000000e+00
-4.976888995429749775e+04 0.000000000000000000e+00
-4.976841270917367365e+04 0.000000000000000000e+00
4.992843185126281605e+04 0.000000000000000000e+00
4.992845928643798106e+04 0.000000000000000000e+00
4.993512251126032788e+04 0.000000000000000000e+00
4.993514756981357641e+04 0.000000000000000000e+00
4.993886632656779693e+04 0.000000000000000000e+00
4.993951007365728583e+04 0.000000000000000000e+00
4.993952889242835226e+04 0.000000000000000000e+00
4.994044752948563109e+04 0.000000000000000000e+00
4.994149677444907138e+04 0.000000000000000000e+00
4.994200734817440389e+04 0.000000000000000000e+00
4.994259598406303849e+04 0.000000000000000000e+00
4.994348278846637550e+04 0.000000000000000000e+00
4.994446811251530744e+04 0.000000000000000000e+00
4.994553727519263339e+04 0.000000000000000000e+00
4.994666467645836383e+04 0.000000000000000000e+00
4.994787366818280861e+04 0.000000000000000000e+00
4.994909031333771418e+04 0.000000000000000000e+00
4.994915873721661774e+04 0.000000000000000000e+00
4.995043635180064302e+04 0.000000000000000000e+00
4.995118674741261202e+04 0.000000000000000000e+00
4.995173499080189504e+04 0.000000000000000000e+00
4.995304915809925296e+04 0.000000000000000000e+00
4.995322220206926431e+04 0.000000000000000000e+00
4.995433540963240375e+04 0.000000000000000000e+00
4.995516598279475147e+04 0.000000000000000000e+00
4.995546628694653191e+04 0.000000000000000000e+00
4.995570928672853915e+04 0.000000000000000000e+00
4.995584513593964948e+04 0.000000000000000000e+00
4.995656737193262234e+04 0.000000000000000000e+00
4.995710488542082021e+04 0.000000000000000000e+00
4.995747728888248093e+04 0.000000000000000000e+00
4.995821412698991480e+04 0.000000000000000000e+00
4.995858376417734689e+04 0.000000000000000000e+00
4.995893457080578810e+04 0.000000000000000000e+00
4.995912192568903993e+04 0.000000000000000000e+00
4.995962565372657264e+04 0.000000000000000000e+00
4.996057211330286373e+04 0.000000000000000000e+00
4.996059861155018734e+04 0.000000000000000000e+00
4.996125847142969724e+04 0.000000000000000000e+00
4.996128961404916481e+04 0.000000000000000000e+00
4.996218319884115772e+04 0.000000000000000000e+00
4.996276768756459205e+04 0.000000000000000000e+00
4.996333549232807854e+04 0.000000000000000000e+00
4.996341689579861122e+04 0.000000000000000000e+00
4.996354478060830297e+04 0.000000000000000000e+00
4.996364807438533899e+04 0.000000000000000000e+00
4.996373959194328199e+04 0.000000000000000000e+00
4.996461493961594533e+04 0.000000000000000000e+00
4.996509185569688998e+04 0.000000000000000000e+00
4.996545101389055344e+04 0.000000000000000000e+00
4.996551166845708212e+04 0.000000000000000000e+00
4.996634980724515481e+04 0.000000000000000000e+00
4.996659761837748374e+04 0.000000000000000000e+00
4.996727034921875747e+04 0.000000000000000000e+00
4.996751212775202293e+04 0.000000000000000000e+00
4.996757790442738769e+04 1.651843062771093978e-24
4.996825537909004197e+04 0.000000000000000000e+00
4.996912572536228981e+04 0.000000000000000000e+00
4.996925513048782159e+04 0.000000000000000000e+00
4.996959747306633653e+04 0.000000000000000000e+00
4.996962397690417129e+04 0.000000000000000000e+00
4.997045286999599921e+04 0.000000000000000000e+00
4.997098032151773805e+04 0.000000000000000000e+00
4.997127509802173881e+04 1.556004876597256063e-24
4.997162052587477228e+04 1.368837256416386914e-23
4.997189725022554194e+04 0.000000000000000000e+00
4.997268299711019790e+04 0.000000000000000000e+00
4.997303021059061575e+04 0.000000000000000000e+00
4.997341949728012696e+04 2.459184748523450305e-24
4.997355342489529721e+04 2.369835594792560155e-23
4.997416374691250530e+04 7.904803108463499608e-24
4.997527256755023700e+04 6.698616435713722739e-24
4.997555935360638978e+04 4.425169350783167934e-24
4.997572061399596714e+04 8.748585804670813684e-24
4.997579727121275209e+04 0.000000000000000000e+00
4.997658348490463686e+04 4.016862033315531846e-24
4.997711563365143957e+04 0.000000000000000000e+00
4.997749674522067653e+04 1.463790262421874206e-23
4.997768820765108103e+04 9.604566498310934181e-23
4.997842587914953037e+04 7.715574398401040766e-24
4.997912632170725556e+04 0.000000000000000000e+00
4.997925936539681425e+04 3.367075384673502502e-23
4.997956615039705503e+04 1.548258385779526998e-23
4.997980113119960879e+04 2.260112511985558064e-22
4.997991729168398160e+04 1.354845967506740377e-23
4.998093277670456155e+04 2.371719314240956242e-24
4.998105751092332503e+04 1.522193555615608673e-23
4.998127785487925576e+04 2.316124626611571007e-23
4.998189658021843206e+04 2.061926980912803382e-22
4.998250592385916389e+04 4.385936652544276239e-23
4.998268920316539152e+04 0.000000000000000000e+00
4.998316257155938365e+04 0.000000000000000000e+00
4.998342827917476825e+04 3.691086673010875183e-22
4.998377837721983815e+04 4.504721348625982702e-23
4.998403324453895038e+04 1.700295379248443294e-23
4.998415906874861685e+04 0.000000000000000000e+00
4.998457070669739915e+04 2.130736281197192946e-24
4.998550832408644055e+04 2.235353091560680398e-23
4.998557641954328574e+04 1.244376684227397527e-21
4.998579631315200822e+04 0.000000000000000000e+00
4.998607088004743855e+04 9.953834184931989453e-22
4.998646464259758068e+04 2.592243187184436534e-23
4.998704597517287766e+04 3.652207238044341910e-23
4.998756386847854446e+04 0.000000000000000000e+00
4.998772215586881066e+04 1.032954896219792268e-21
4.998802308690820064e+04 5.266040385880870884e-22
4.998829533964641450e+04 3.258953432876519593e-22
4.998838777000596747e+04 5.374790880602177149e-23
4.998888515495447064e+04 1.829289978188888866e-23
4.998912640500306588e+04 4.265279721148056692e-22
4.998922391291946406e+04 0.000000000000000000e+00
4.998968724462246610e+04 1.219480975055821478e-23
4.998986067634065694e+04 2.583051141433072705e-22
4.999011077000686055e+04 2.459749356530074106e-22
4.999023999797143915e+04 3.263865655240417538e-23
4.999033395031600230e+04 2.255996183772960897e-23
4.999077307241024391e+04 1.570950115999058893e-23
4.999127416196932609e+04 9.598466577980035375e-24
4.999127842055475776e+04 2.442181001292551672e-21
4.999172882394962653e+04 3.576847763396582815e-22
4.999199270872312627e+04 1.146490288867210455e-20
4.999215545990793908e+04 1.445488161284758111e-21
4.999253448371261038e+04 2.223883364080333718e-23
4.999303663117520045e+04 3.470941788663007599e-23
4.999343007079207746e+04 1.452593270157261460e-21
4.999358295168152836e+04 2.262865756468953749e-24
4.999397979389099055e+04 1.302843810288598544e-21
4.999409720678018493e+04 9.481366199527677848e-21
4.999419039353953849e+04 3.788219091338401058e-21
4.999457544635035447e+04 4.622359499171745342e-23
4.999513225247493392e+04 3.082003308704611536e-23
4.999558117698448768e+04 4.495025856788922698e-21
4.999574331033392082e+04 6.946168574877930012e-24
4.999584876509089372e+04 1.351770579689903706e-23
4.999623106029559858e+04 8.937471681337115243e-21
4.999633120907011471e+04 3.595415801040920077e-24
4.999705223066946201e+04 1.566201470224201816e-22
4.999748801533302321e+04 3.325217205917712867e-22
4.999765138372102228e+04 1.705764154940199811e-22
4.999773159365075117e+04 9.447131112910472245e-20
4.999824805660832499e+04 4.711078557645182354e-21
4.999834226828780083e+04 1.111642763553873954e-20
4.999912641638748755e+04 6.269040487907151456e-23
4.999927561411383795e+04 1.410443014788369895e-22
4.999958301534824568e+04 7.742364059783411578e-23
4.999987951883274218e+04 1.538468758510249050e-19
4.999992037330477615e+04 0.000000000000000000e+00
5.000040075681393500e+04 2.018158651539508119e-20
5.000069834089033975e+04 5.218140089090994519e-22
5.000098289609739732e+04 1.494004863107950016e-21
5.000127843593458965e+04 4.615939881249436007e-20
5.000156710530355485e+04 2.875825175202306563e-21
5.000202378434118145e+04 8.203085345294313114e-20
5.000209578034536389e+04 4.078829909249685688e-21
5.000246926211283426e+04 2.185554470902250749e-21
5.000289232150471071e+04 4.201867655800153668e-21
5.000309713462818763e+04 8.988380503832497126e-22
5.000339815308432298e+04 5.566345845879811502e-23
5.000343041223552427e+04 5.168043753155857680e-19
5.000416597479832126e+04 8.388528620044561382e-20
5.000447528773010708e+04 1.741641838987150574e-22
5.000462047395585978e+04 3.984041849479038067e-22
5.000475153671287262e+04 1.391276719489229118e-22
5.000512304332713393e+04 9.405144056530886716e-23
5.000558225476499501e+04 1.129930260993450132e-18
5.000570182632349315e+04 5.010739754249773818e-22
5.000618790926121437e+04 4.759293036621382137e-21
5.000630578156421689e+04 5.578245152634346041e-19
5.000658483292540041e+04 5.218023722185825281e-20
5.000714786542711954e+04 4.767761632064547031e-23
5.000745293138012494e+04 1.283141601316996207e-22
5.000773379824202129e+04 3.996478705084812925e-19
5.000794482302166580e+04 2.131516439650504738e-21
5.000825648868121061e+04 1.536276796880725610e-20
5.000843575253222662e+04 1.142498685336702081e-19
5.000870478460959566e+04 1.161291964253533875e-20
5.000903632595000818e+04 7.538009105909468152e-21
5.000912641788772453e+04 8.933317490674094465e-19
5.000973212721267919e+04 3.953583881426958854e-22
5.000988484579115902e+04 6.139586910639178692e-19
5.001000983453566005e+04 2.889298892210043931e-22
5.001053315542064956e+04 1.614456088137632544e-20
5.001055736803342734e+04 5.862266017024607093e-20
5.001067803518058645e+04 7.374984943876287194e-22
5.001127844914342859e+04 3.606891855633153127e-18
5.001132336374190345e+04 3.914988012485506684e-22
5.001203468756197981e+04 8.217836227752969154e-18
5.001211238747183961e+04 5.316530480278908689e-21
5.001244444636982371e+04 1.659908727862024973e-20
5.001264078151336435e+04 4.636251184131115366e-19
5.001267914277453383e+04 6.966070540522203327e-19
5.001305445480717026e+04 3.796588029615219466e-21
5.001331845666212757e+04 7.527541390121408990e-21
5.001343047225675400e+04 6.666082712191036053e-19
5.001358573378670553e+04 1.653945600381102852e-23
5.001418306451169337e+04 2.492458428620841072e-18
5.001437619145862845e+04 4.488577064205465079e-21
5.001451620562929020e+04 9.653308612633115167e-22
5.001476877598648571e+04 6.580524139817191520e-21
5.001507906866524718e+04 5.802502713321169946e-22
5.001558246745001088e+04 7.301678928896638285e-18
5.001568856996002432e+04 8.657708711902215473e-22
5.001613992402605800e+04 4.683550653245315339e-20
5.001628240308785462e+04 3.387118128691106613e-20
5.001632830967174232e+04 1.191858324699451581e-18
5.001644923371015466e+04 2.652641676122829059e-20
5.001686393573041278e+04 1.261190063011102005e-19
5.001710720841649891e+04 2.244019445211731730e-21
5.001765479285710899e+04 1.514853171934249925e-20
5.001773439407548722e+04 8.593074133256030898e-17
5.001795305248062505e+04 2.106413039864726119e-20
5.001845300184677762e+04 7.021208238546789161e-18
5.001849903937166528e+04 4.053842868668808464e-18
5.001866562644344231e+04 2.188503139284998845e-20
5.001893671064351656e+04 6.765766849283634451e-20
5.001912641809079651e+04 3.846500064974353300e-19
5.001926956390593841e+04 1.522709562133867256e-20
5.001980270172289602e+04 2.556252663816993795e-21
5.001988618325534480e+04 5.143340042281359646e-17
5.002005043334343645e+04 1.264990676946341879e-20
5.002060174135601847e+04 3.266800453592806665e-18
5.002065564356812683e+04 5.477788105409370563e-19
5.002094999125897448e+04 5.126644948153986935e-20
5.002100913070936804e+04 5.604038597859214568e-19
5.002127845126907050e+04 7.763224677100229109e-17
5.002157219985659322e+04 1.623349271552585220e-20
5.002203764203305036e+04 7.013948621487538703e-18
5.002253887924511218e+04 1.438487194374975113e-19
5.002264177205835585e+04 8.607616926697161631e-19
5.002274539666438795e+04 1.532060509467653729e-18
5.002278229871996882e+04 1.232113106666055315e-18
5.002302788639654318e+04 1.257470023993597573e-18
5.002343048349216406e+04 5.998025168733027110e-16
5.002371860483698401e+04 2.188417788074318839e-20
5.002418858950840513e+04 7.869629755184325129e-17
5.002431447478289192e+04 2.430134394847961760e-20
5.002483133594784158e+04 9.495206124961650387e-20
5.002487915844781674e+04 1.923773050147712302e-18
5.002502097256845445e+04 4.204238027481761275e-20
5.002558251216545614e+04 7.319710785648442314e-16
5.002567771817093308e+04 0.000000000000000000e+00
5.002597190581225004e+04 1.407998414760726504e-20
5.002609988147101831e+04 1.184550496984893673e-22
5.002633868264415651e+04 1.866541176265887155e-16
5.002676253311987966e+04 1.011549445984102361e-18
5.002699429192742537e+04 1.298693216030285876e-17
5.002704128109603334e+04 2.630886137710566048e-18
5.002733198826120497e+04 3.881910394999166681e-19
5.002773453295885702e+04 1.537507317888989198e-17
5.002781027197503863e+04 6.040858407015322567e-20
5.002848715560783603e+04 4.969370126169902815e-17
5.002852272955009539e+04 1.576157659471483812e-18
5.002881513040986465e+04 1.888757762150759556e-19
5.002896359201890300e+04 3.715162733970087502e-20
5.002911844199174811e+04 1.300456461613789639e-17
5.002912641819774581e+04 1.735901696133327231e-15
5.002940807681415754e+04 1.007365803084616489e-20
5.002987716729514068e+04 2.786815140191233605e-19
5.002988654596167180e+04 5.903259661785224044e-16
5.003043118151521048e+04 1.196155390209233028e-20
5.003063459782917198e+04 2.138707652168143438e-17
5.003084380676998990e+04 5.069007888771127521e-20
5.003121570214347594e+04 1.658017957403145494e-18
5.003127845283683564e+04 4.592437677743629591e-15
5.003131363863903971e+04 5.000389085706419564e-20
5.003173695145632519e+04 1.087888170535454504e-19
5.003203851923040929e+04 3.978825918026603657e-15
5.003208402800521435e+04 4.640016258154792164e-20
5.003277913733894093e+04 2.185517563943506010e-16
5.003279260044609691e+04 2.552699779041574749e-20
5.003326294982384570e+04 1.038936907097748655e-17
5.003333631604859693e+04 1.119268874581685653e-17
5.003343049497371248e+04 4.623834874087753740e-18
5.003366290963588108e+04 1.717836005847765049e-19
5.003380587082118291e+04 5.053624392006626492e-19
5.003419047615656018e+04 1.837965221133666079e-16
5.003431141353971907e+04 3.903478643574980117e-20
5.003492068481257593e+04 4.017333612840584122e-17
5.003499132282625214e+04 1.712733534474878542e-19
5.003538567639797839e+04 8.192871395022670721e-18
5.003558256690776034e+04 7.068042385235190925e-15
5.003569501441868488e+04 1.761156349674431079e-21
5.003604378912220272e+04 1.802420139218904898e-20
5.003634250871255790e+04 1.804562545056677207e-17
5.003671870116017817e+04 1.420141407723353334e-20
5.003688803762313182e+04 1.617217144147949573e-20
5.003705717415560503e+04 1.751503866785814006e-16
5.003732562635779323e+04 3.086872687024200033e-18
5.003742992788818083e+04 3.852543423640201436e-19
5.003773472526486148e+04 5.323481237741995044e-14
5.003788692606808036e+04 2.096753980852753044e-20
5.003814763342656806e+04 1.926856772856085516e-19
5.003849464149932464e+04 1.782125148521829394e-15
5.003861119566937850e+04 2.702340025944790923e-21
5.003881236596516101e+04 1.188144569766947338e-19
5.003912642106608109e+04 1.321225927108583507e-15
5.003919668443238334e+04 3.420437895956760882e-16
5.003947304701361281e+04 5.894017213635324229e-18
5.003970977435352688e+04 4.230091912263316508e-19
5.003988709027870209e+04 1.583596331455353515e-15
5.004008511694388289e+04 6.583404369680295435e-19
5.004064712091338879e+04 1.020934851102153681e-16
5.004084587862043554e+04 1.894868366162664399e-21
5.004127847418896272e+04 1.010293137520489985e-13
5.004128620504125138e+04 8.147357132868976134e-19
5.004132846855640673e+04 5.808533330160507686e-17
5.004159288002138055e+04 1.846641696021051923e-18
5.004176896939566359e+04 1.319312489344536959e-19
5.004190396025476366e+04 3.825068051972016201e-19
5.004203989536988229e+04 2.566682039255008197e-15
5.004225023125933512e+04 9.875969289453414908e-20
5.004280050413109711e+04 6.104355646641599479e-15
5.004299990376854839e+04 8.734145370070339109e-20
5.004317598248638387e+04 1.951151667233104140e-18
5.004343058841482707e+04 4.962748527816212317e-13
5.004345946938839188e+04 5.121947375838627182e-18
5.004360876484440814e+04 8.802481966664771143e-20
5.004383311123622843e+04 1.831194395192826414e-19
5.004419355013438326e+04 9.814651058206499538e-15
5.004458285292742949e+04 3.265892892488927055e-19
5.004495461429661373e+04 4.788251580012515442e-15
5.004504037670229445e+04 1.577758916280809563e-17
5.004530637287974969e+04 3.616520692187532918e-19
5.004558290995132120e+04 2.350841552020698732e-13
5.004560149498724059e+04 9.782887575787427645e-18
5.004563636039748963e+04 7.963639854074488547e-19
5.004611015495897300e+04 1.185855210229411130e-18
5.004634874418510299e+04 2.632773238662925052e-14
5.004711198911888641e+04 1.932368992578499909e-16
5.004723944874827430e+04 1.580237697025550917e-19
5.004760243858531612e+04 7.975870315410152574e-19
5.004769706816059625e+04 1.134516500067672408e-18
5.004773583519516251e+04 1.203964902245291606e-13
5.004773926345195650e+04 3.736522384368567664e-17
5.004806770063973818e+04 1.252501830671455691e-19
5.004850645541969425e+04 1.206819613725125300e-13
5.004887053978494077e+04 1.147553515918866532e-18
5.004912646227281948e+04 2.940036582010296423e-12
5.004922323704016162e+04 1.903210721070421803e-17
5.004927328197049792e+04 2.184783340706131943e-16
5.004967281974000070e+04 3.918560612684598562e-23
5.004982814615577081e+04 5.027943133118505849e-21
5.004985643478912243e+04 3.954917494899202151e-19
5.004989019656823075e+04 7.135228725237146433e-14
5.005019912512735755e+04 1.104924182568588419e-18
5.005066804009984480e+04 3.952568712325337919e-14
5.005087949004783150e+04 7.011062043743956196e-18
5.005107930055267207e+04 6.140399964950513130e-19
5.005127887151041796e+04 4.584292541244309277e-12
5.005143656116294005e+04 3.600732649987969431e-16
5.005166740346822189e+04 5.203969801612656451e-20
5.005200102807045187e+04 2.387121435406455627e-17
5.005204735093178169e+04 8.682205096675713203e-13
5.005264324037251208e+04 6.870526618640707068e-19
5.005283512753270043e+04 1.404934648821715823e-15
5.005315794246167206e+04 1.122374611385128367e-19
5.005331649168804142e+04 1.192994097977834032e-18
5.005343238963180193e+04 1.065672020928527360e-12
5.005360496643561055e+04 3.583455843746859854e-16
5.005363506463249360e+04 3.018267863759288887e-17
5.005402515120957105e+04 2.314004483974493503e-19
5.005420920386226499e+04 1.422148024988915280e-12
5.005439263732451218e+04 9.328377736909662236e-18
5.005484141044344142e+04 3.452672248487423345e-18
5.005500932392365939e+04 1.148584672675260997e-14
5.005511542016475869e+04 4.261274574561377019e-18
5.005555826826192788e+04 5.994685674842044341e-19
5.005558827946736710e+04 2.127672547353625682e-12
5.005578207486469910e+04 1.479608089475104521e-16
5.005624129044233268e+04 4.998985059705200445e-19
5.005637804623397824e+04 5.735647378318770039e-14
5.005640448970370926e+04 5.921407856677251056e-20
5.005698362455014285e+04 1.116443724932120021e-17
5.005712149663407035e+04 5.564596133735487634e-19
5.005719242973439395e+04 8.859701680752328432e-15
5.005750156885497563e+04 1.423078321344192903e-19
5.005774832402465108e+04 1.506873970633061891e-11
5.005795778894994146e+04 2.219257065441404438e-16
5.005831509463273687e+04 8.742443433827081023e-18
5.005850183449737233e+04 8.481925128958517822e-17
5.005855626927233243e+04 3.584264487987827325e-13
5.005912700987147400e+04 2.664810682020230380e-12
5.005925639875264460e+04 2.258336323190306245e-20
5.005938489325116825e+04 4.505787783020247654e-15
5.005957070935989759e+04 1.562037613529619598e-18
5.005982890499394125e+04 8.149885041452558703e-18
5.005991495925809431e+04 6.580369194987374045e-12
5.006013784827757627e+04 3.017321607027139218e-16
5.006034920103612239e+04 2.597958838769443994e-17
5.006052504956198391e+04 1.434857420006622818e-21
5.006074603768905945e+04 3.464634510208895526e-13
5.006101949003746995e+04 5.013907966812731515e-20
5.006128120724809560e+04 8.750754547503655354e-11
5.006158896247234225e+04 1.049960267279864575e-17
5.006186208538476058e+04 1.125965874998385029e-18
5.006209115201063105e+04 3.455801702316388088e-12
5.006229635154530115e+04 3.886883855981006224e-18
5.006237032424526114e+04 2.613431169771230098e-20
5.006252882416159991e+04 1.981175323212572739e-17
5.006294917580438050e+04 1.668181002444921060e-13
5.006344061376890750e+04 1.892790955144396939e-10
5.006368230892427528e+04 3.299475674144202263e-18
5.006380225487445568e+04 2.348846167048811987e-15
5.006392821926203032e+04 1.054414163760006330e-16
5.006408302991527307e+04 3.015169962184427437e-17
5.006428000511204300e+04 1.365864870172035617e-11
5.006443866724678082e+04 4.480066840008180533e-18
5.006470501159596461e+04 1.881052846243300017e-20
5.006489969761791872e+04 8.834748775946310168e-19
5.006507408607925754e+04 1.966403985951810466e-17
5.006516726022463263e+04 2.893778148413256102e-14
5.006561226902268390e+04 4.424310154566921760e-12
5.006580573109491525e+04 4.072484950255943654e-19
5.006602749791382666e+04 2.999197925938156660e-15
5.006625704665957892e+04 7.133809302825932455e-16
5.006642542470106855e+04 1.107037891592957006e-15
5.006648431342487311e+04 8.142966749777532570e-12
5.006678869154930726e+04 9.647553141142696898e-17
5.006709662244385254e+04 6.600690001898944704e-18
5.006740127454668982e+04 1.179449368417055912e-14
5.006780307007247029e+04 3.050190791481167589e-10
5.006784498157695634e+04 3.924743537570017327e-16
5.006826732503262610e+04 1.810647816065108897e-15
5.006828120356184081e+04 9.803482128611416775e-16
5.006852126893739478e+04 9.079389402826363149e-19
5.006870618569027283e+04 2.696565010775431455e-12
5.006872363419927569e+04 8.691026983435072814e-15
5.006903077354334528e+04 4.633914710756618913e-16
5.006914301891183277e+04 4.449831844890939934e-09
5.006965233188380807e+04 2.019664723655079348e-14
5.006988832294505119e+04 4.574657374057701777e-17
5.007001797948912281e+04 2.914824583463765775e-10
5.007052147729793796e+04 5.065303810081773908e-15
5.007068089984872495e+04 2.917539933294134624e-16
5.007094754516342073e+04 7.251588600665814156e-13
5.007097244256097474e+04 1.690859918945509159e-15
5.007123414309902000e+04 6.089322136448879110e-18
5.007134424553332792e+04 3.225892133131149200e-09
5.007138602635809366e+04 9.725609893373331145e-17
5.007192197514673171e+04 3.395463917529198111e-14
5.007212940432495088e+04 5.841796225976719526e-16
5.007225980555285787e+04 8.107022626701393939e-11
5.007243901415299479e+04 3.432011528600338246e-16
5.007278407986568345e+04 7.116883486901715616e-15
5.007320984723036236e+04 8.622938228145357505e-13
5.007332714160180331e+04 4.714069000988135732e-16
5.007357726044135779e+04 5.978818107357567289e-09
5.007369867394596804e+04 5.350042897966633441e-16
5.007412522843957413e+04 1.230834412268421321e-15
5.007421104063298844e+04 5.661364884451342413e-14
5.007439057067955582e+04 4.677630786737762854e-16
5.007453019516274799e+04 1.009008872102469876e-11
5.007490290229139646e+04 6.471666639968911785e-18
5.007502100525708374e+04 2.689564138015513412e-15
5.007523708778711443e+04 7.073330765364653086e-16
5.007549420934119553e+04 1.252178005321692803e-12
5.007553614905970608e+04 1.918826307719823917e-14
5.007584643578135001e+04 2.651572678587281519e-09
5.007630708254991623e+04 6.823975994385702017e-16
5.007651937571178860e+04 2.441748002427020281e-14
5.007681623475161177e+04 6.950930955851963300e-14
5.007683103208645480e+04 2.757689086760463792e-12
5.007728774985904602e+04 6.247094316536687557e-16
5.007749479630742280e+04 7.359055892395504785e-17
5.007773163020788343e+04 5.360336316379795545e-15
5.007780508923023444e+04 6.328278968117861530e-13
5.007801884389850602e+04 7.082919443191835183e-16
5.007815402062436624e+04 4.612265580767908566e-10
5.007834391169263108e+04 2.862099726056670559e-16
5.007883729518711334e+04 1.548715178370691468e-14
5.007887544618819811e+04 8.294279856439928694e-15
5.007915931400761474e+04 3.289534618902767993e-10
5.007919017476643057e+04 2.378068620751693240e-09
5.007921050794436451e+04 2.872151149691152946e-12
5.007978418669723033e+04 7.532376431507284396e-18
5.008006357470957300e+04 1.593979667867973418e-15
5.008014057443897036e+04 2.090959746286889138e-13
5.008050260769396118e+04 9.019721162309877510e-11
5.008059312815206067e+04 1.328271091468525108e-15
5.008096649441312911e+04 3.741833558744980530e-17
5.008119226625333249e+04 1.964808460683533444e-13
5.008142388408428815e+04 2.863372873531501916e-14
5.008147557258380402e+04 9.456570090498798115e-10
5.008153900367290044e+04 1.705256636220564308e-10
5.008199643028193532e+04 6.458182123012780856e-16
5.008243229933139082e+04 1.733981297761929735e-14
5.008250861651635933e+04 2.000050764182023541e-13
5.008276287334412336e+04 1.290371570006314403e-16
5.008289368308603298e+04 3.374988791628683375e-11
5.008314431736692495e+04 2.680940265767703198e-17
5.008345400081394473e+04 1.474542042827195120e-16
5.008355963252631045e+04 6.957352690411779523e-15
5.008385149597009877e+04 3.755749612941381843e-12
5.008395204591270158e+04 5.496711898541753077e-13
5.008434849331275473e+04 2.669674357699970180e-16
5.008459174208714830e+04 3.486789011138795151e-16
5.008489491815859947e+04 6.877286617201831003e-14
5.008532725383302750e+04 7.043597086395792977e-12
5.008553651614589762e+04 3.126775822360548843e-18
5.008575384905708052e+04 1.072423865663086278e-16
5.008593231174031098e+04 1.884367054311940873e-14
5.008627530114467663e+04 9.154514227096609978e-13
5.008628891106514493e+04 4.424957899199059914e-12
5.008642021150385699e+04 3.937365520363976648e-12
5.008668054618172027e+04 1.285723591783828840e-17
5.008677204046054248e+04 1.427763834392691123e-18
5.008691190161721170e+04 5.171505916977950407e-19
5.008731160763152729e+04 1.387006507105907523e-14
5.008746533504526451e+04 1.106088192808375494e-17
5.008780175891721592e+04 2.915084654801587155e-12
5.008830816153915657e+04 8.697163183347542968e-14
5.008859781304933131e+04 1.206372976259934889e-14
5.008875678775949928e+04 1.257664037042021945e-11
5.008895258612919861e+04 2.417733909278443843e-11
5.008900346879509743e+04 1.659575633318629634e-14
5.008948021851963858e+04 1.736521252489340650e-16
5.008975477506290918e+04 1.393152856026398408e-15
5.008982030504949216e+04 1.204133575445630732e-15
5.009019669122049527e+04 4.515517960628918771e-17
5.009031441650001216e+04 1.543652584301796705e-12
5.009075231703407189e+04 5.007579959453673294e-14
5.009092217416942731e+04 2.791421611985906460e-14
5.009120715843811922e+04 6.208657009702862923e-13
5.009126595887338772e+04 2.863539377146272547e-12
5.009154545814087760e+04 1.119429167870005694e-11
5.009158050958601234e+04 2.602295432589925576e-13
5.009190448322722659e+04 1.423553659000213032e-15
5.009219785033394146e+04 3.068951629909497149e-15
5.009259343029237789e+04 2.160552231249554309e-16
5.009286156607500016e+04 2.174389777213349232e-13
5.009303065861972573e+04 8.971559676450014148e-15
5.009347460761891125e+04 4.654034038372024434e-14
5.009359682608338335e+04 4.513572913905418776e-16
5.009378181981157104e+04 6.986795521097995299e-13
5.009415288352851348e+04 3.183178507128238234e-13
5.009419377496488596e+04 3.033522109786849399e-12
5.009472063676128892e+04 6.489065827242027409e-15
5.009511259803165740e+04 2.090866261483046152e-16
5.009543783969762444e+04 5.338952451301522736e-15
5.009567270218366320e+04 5.197388746440435619e-15
5.009584478843707620e+04 2.014517281094370899e-15
5.009632155781031906e+04 1.055244347107673845e-13
5.009635448623221600e+04 8.755320513894437623e-16
5.009675670342561352e+04 1.337292014238434190e-14
5.009687545231877448e+04 5.850336278821304587e-13
5.009720716800069931e+04 6.360750334405467688e-15
5.009736097690384486e+04 5.229781915761240718e-16
5.009796389542875841e+04 1.236643068285625298e-16
5.009804887405727641e+04 9.761359385019427506e-16
5.009828133767781401e+04 1.070462721520829702e-16
5.009848006402306055e+04 3.460810561943662770e-16
5.009886461719247745e+04 1.676043639303392878e-15
5.009889717500274855e+04 2.697431042929410460e-15
5.009903556251165719e+04 2.626684557812056694e-16
5.009958158435151563e+04 1.776743279799287710e-14
5.009976968567583390e+04 1.836738124090814423e-15
5.010020834618352092e+04 2.168485370076560521e-22
5.010042058142153110e+04 2.471475680971745727e-17
5.010067035212118208e+04 3.280664879122906437e-15
5.010087445421366283e+04 1.639968402412955455e-16
5.010143947539913643e+04 8.224710666867189799e-17
5.010161161349897884e+04 1.327687807718237122e-16
5.010232552380151901e+04 2.429472402051518745e-15
5.010248672997288668e+04 1.875124845434447397e-16
5.010277883766264131e+04 7.121117748359400425e-18
5.010294591791696439e+04 4.411245086339026160e-18
5.010324126597850409e+04 2.653828943392274818e-16
5.010338396654262760e+04 8.990463681766444046e-16
5.010361444872850552e+04 3.850854252959994521e-18
5.010388384604296152e+04 1.631884396723991365e-16
5.010417582528638013e+04 4.274999913236557418e-16
5.010473150308494951e+04 2.405008485366595774e-17
5.010491143977824686e+04 3.490738863848094367e-16
5.010512371281244850e+04 3.495462034233449889e-15
5.010531453270200291e+04 6.857210765838036880e-17
5.010555136824301007e+04 8.664128811088546689e-18
5.010598960300521867e+04 7.379220653960131206e-17
5.010604766141441360e+04 1.170278014139330511e-17
5.010645142011842836e+04 4.796540781832586173e-17
5.010669269218306727e+04 1.574005639673558321e-16
5.010698007703644544e+04 3.788431699052491821e-17
5.010764615657569811e+04 1.808719625852079086e-16
5.010792724469157838e+04 1.238954390742087907e-15
5.010802266300466727e+04 6.666169823780259378e-20
5.010866457927295414e+04 5.303916854866005641e-20
5.010901943577905331e+04 6.384581980072916155e-18
5.010915501916820358e+04 1.065907086602962068e-17
5.010944920741260285e+04 2.019568967500039405e-17
5.010976765825149050e+04 5.157110151635282138e-18
5.011026588157043443e+04 2.133461282879199732e-18
5.011052917388885544e+04 2.605523589093292708e-17
5.011073559278128960e+04 1.381008991032158985e-16
5.011094304691343859e+04 5.080818096826734701e-20
5.011129288232818362e+04 2.013997403903549797e-18
5.011141241101970809e+04 2.647316990301310259e-18
5.011191888144837867e+04 3.038452949248191881e-20
5.011197854254727281e+04 1.045118970763989107e-18
5.011269919486918661e+04 1.649825711857494666e-21
5.011291711624997697e+04 3.804139812095246067e-20
5.011337466710461740e+04 7.951741867541173329e-23
5.011353777116003766e+04 1.786194806476808662e-18
5.011367239785135462e+04 5.612229216669361079e-19
5.011417274851445836e+04 2.131537540866018187e-18
5.011481338618665177e+04 5.291963364217292366e-19
5.011559477064317616e+04 1.488577250402663998e-19
5.011592329362384771e+04 3.848132206373152072e-20
5.011624107855153852e+04 7.294416066932458074e-19
5.011637224700063962e+04 1.113074560675926009e-18
5.011651784859616600e+04 3.902296516140891844e-19
5.011662142796751141e+04 1.504306176074280323e-19
5.011709493184668099e+04 4.972856801870802008e-19
5.011743675762387284e+04 7.731988191567445688e-20
5.011772959590298706e+04 2.455122668045843955e-19
5.011808663312928547e+04 4.586203418936560345e-21
5.011849721713997860e+04 1.828665919988887545e-19
5.011855518588800624e+04 1.598312577325873646e-20
5.011918226900141599e+04 1.719505699647961046e-18
5.011936460176823311e+04 3.595417231842793038e-21
5.011971562231008284e+04 1.179600684880575103e-19
5.011983001730613614e+04 1.624857359309718471e-20
5.012039086570895597e+04 1.442260572178152886e-19
5.012104300202346349e+04 3.506604863225987490e-20
5.012191926183836040e+04 3.042247168537263006e-19
5.012218716578928434e+04 1.277555750915151176e-20
5.012226804787719448e+04 8.328860888488613035e-20
5.012272453967351612e+04 1.081273759755924237e-20
5.012293606568597170e+04 8.257594632592986353e-21
5.012365238747791591e+04 4.416732221449940026e-21
5.012372924194465304e+04 6.502535726664995115e-21
5.012390510097143851e+04 1.266875183476402451e-21
5.012444124025607744e+04 2.285603623931230802e-21
5.012484498187682766e+04 8.905515651931936183e-21
5.012492122552212822e+04 1.251271348970046976e-20
5.012509109794176038e+04 1.410620208507214413e-21
5.012559433932479442e+04 9.760055752911730406e-22
5.012622697318387509e+04 0.000000000000000000e+00
5.012637129768111481e+04 2.786784131872155560e-23
5.012687905505254457e+04 4.963493858075676578e-22
5.012764537360428949e+04 2.134407723147106809e-22
5.012810538242205803e+04 1.046768254530699026e-21
5.012890286585858848e+04 8.784926669716023108e-22
5.012918386029550311e+04 0.000000000000000000e+00
5.012964758518468443e+04 1.497137254197472453e-22
5.013037095950570074e+04 4.279039510905709783e-23
5.013045669940321386e+04 1.370623500252302735e-21
5.013065446857627103e+04 4.181276474923923586e-22
5.013112779503632919e+04 6.469802650656921693e-22
5.013151604732173291e+04 1.226567993056512682e-23
5.013173281003852753e+04 6.102103439815209920e-24
5.013187351872243744e+04 1.630748943462590400e-22
5.013237332374421385e+04 9.047285882849795515e-23
5.013282878628729668e+04 7.896494414060295642e-24
5.013346045985548699e+04 7.026796139726520298e-22
5.013349082019804337e+04 4.449023149688552643e-23
5.013407296019175556e+04 8.685439309545860122e-23
5.013468901638266834e+04 3.154478727762690493e-23
5.013584452927875100e+04 1.004632057620327133e-23
5.013615021493120730e+04 8.142067553115157364e-23
5.013679166652289132e+04 1.765808432750937703e-24
5.013709464442444005e+04 0.000000000000000000e+00
5.013735154184838757e+04 2.491084367555530971e-24
5.013778690084545087e+04 0.000000000000000000e+00
5.013819345593598700e+04 2.398622104142213749e-24
5.013847170993390318e+04 1.548871584452149389e-24
5.013858986892907706e+04 0.000000000000000000e+00
5.013897875485831173e+04 0.000000000000000000e+00
5.013957098920703720e+04 0.000000000000000000e+00
5.014000317830380664e+04 0.000000000000000000e+00
5.014024052906416182e+04 0.000000000000000000e+00
5.014090297230723809e+04 0.000000000000000000e+00
5.014190834332053782e+04 1.890034485795779658e-24
5.014279253788528149e+04 0.000000000000000000e+00
5.014327800690682488e+04 0.000000000000000000e+00
5.014385420339895791e+04 1.677090180892560623e-24
5.014433389438885206e+04 0.000000000000000000e+00
5.014476039133987069e+04 0.000000000000000000e+00
5.014491945385580766e+04 0.000000000000000000e+00
5.014563032046738954e+04 0.000000000000000000e+00
5.014613084404827532e+04 0.000000000000000000e+00
5.014679238055587484e+04 0.000000000000000000e+00
5.014743145360858762e+04 0.000000000000000000e+00
5.014777158830010012e+04 0.000000000000000000e+00
5.014828112496840185e+04 0.000000000000000000e+00
5.014851406231397414e+04 0.000000000000000000e+00
5.014909940171363996e+04 0.000000000000000000e+00
5.015032872942834365e+04 0.000000000000000000e+00
5.015089494634709990e+04 0.000000000000000000e+00
5.015140520457878301e+04 0.000000000000000000e+00
5.015197541911179724e+04 0.000000000000000000e+00
5.015268285036709131e+04 0.000000000000000000e+00
5.015343123753009422e+04 0.000000000000000000e+00
5.015376916266769695e+04 0.000000000000000000e+00
5.015417745225429826e+04 0.000000000000000000e+00
5.015448110831739177e+04 0.000000000000000000e+00
5.015518524877834716e+04 0.000000000000000000e+00
5.015549494453360239e+04 0.000000000000000000e+00
5.015692682387589593e+04 0.000000000000000000e+00
5.015769854961957026e+04 0.000000000000000000e+00
5.015785832664441841e+04 0.000000000000000000e+00
5.015920046998069301e+04 0.000000000000000000e+00
5.015976430372496543e+04 0.000000000000000000e+00
5.016044297717294103e+04 0.000000000000000000e+00
5.016114077382522373e+04 0.000000000000000000e+00
5.016248841589218500e+04 0.000000000000000000e+00
5.016327897358233167e+04 0.000000000000000000e+00
5.016358834586343437e+04 0.000000000000000000e+00
5.016454497340873786e+04 0.000000000000000000e+00
5.016471745436477795e+04 0.000000000000000000e+00
5.016544406180769874e+04 0.000000000000000000e+00
5.016611183240902756e+04 0.000000000000000000e+00
5.016688021933776326e+04 0.000000000000000000e+00
5.016759517872149445e+04 0.000000000000000000e+00
5.016855538846869604e+04 0.000000000000000000e+00
5.016964093085354398e+04 0.000000000000000000e+00
5.017062075818589801e+04 0.000000000000000000e+00
5.017103853707209782e+04 0.000000000000000000e+00
5.017137524633724388e+04 0.000000000000000000e+00
5.017204860568317963e+04 0.000000000000000000e+00
5.017330897710126737e+04 0.000000000000000000e+00
5.017449822286474227e+04 0.000000000000000000e+00
5.017492242173561681e+04 0.000000000000000000e+00
5.017672872197819379e+04 0.000000000000000000e+00
5.017784441329311085e+04 0.000000000000000000e+00
5.017867488236317149e+04 0.000000000000000000e+00
5.017897024206745846e+04 0.000000000000000000e+00
5.018039059385934524e+04 0.000000000000000000e+00
5.018226434545232041e+04 0.000000000000000000e+00
5.018403867994769826e+04 0.000000000000000000e+00
5.018502194941668131e+04 0.000000000000000000e+00
5.018532333701178140e+04 0.000000000000000000e+00
5.018600736084899108e+04 0.000000000000000000e+00
5.018833687316870783e+04 0.000000000000000000e+00
5.018873003438414162e+04 0.000000000000000000e+00
5.019000518449736410e+04 0.000000000000000000e+00
5.019119348450372490e+04 0.000000000000000000e+00
5.019197522677486268e+04 0.000000000000000000e+00
5.019301726242493169e+04 0.000000000000000000e+00
5.019705150217817572e+04 0.000000000000000000e+00
5.019809861828868452e+04 0.000000000000000000e+00
5.020095042190200184e+04 0.000000000000000000e+00
5.020477525238654925e+04 0.000000000000000000e+00
5.020660988955238281e+04 0.000000000000000000e+00
5.020711458738840156e+04 0.000000000000000000e+00
5.020859416105037235e+04 0.000000000000000000e+00
5.020984009436248743e+04 0.000000000000000000e+00
5.021277669356203114e+04 0.000000000000000000e+00
5.021898450739299005e+04 0.000000000000000000e+00
5.021950197230528283e+04 0.000000000000000000e+00
5.023147213460090279e+04 0.000000000000000000e+00
5.023201084831096523e+04 0.000000000000000000e+00
