-5.010237007073327550e+04 0.000000000000000000e+00
-5.010229747863065859e+04 0.000000000000000000e+00
-5.009175036854241625e+04 0.000000000000000000e+00
-5.009166361501369101e+04 0.000000000000000000e+00
-5.008373887338353961e+04 0.000000000000000000e+00
-5.008363752945318993e+04 3.811257134829550087e-23
-5.007726110738698480e+04 3.630387909216315656e-22
-5.007714492805773625e+04 2.491674023447601259e-21
-5.007195936411960429e+04 2.092909938476768967e-20
-5.007183168528569513e+04 2.986624511196079507e-20
-5.006786330019235902e+04 1.294418493977009669e-19
-5.006761422264244902e+04 7.809292760088915639e-20
-5.006617576717030897e+04 7.046405002623377504e-24
-5.006613272253268951e+04 9.638630796211940071e-22
-5.006540131117116107e+04 4.044636754007697838e-22
-5.006397636790271645e+04 1.193276543338412776e-19
-5.006168182269539830e+04 3.482217509488730772e-22
-5.005908581758850050e+04 5.163812894855099177e-20
-5.005853658790540794e+04 1.426191172126185479e-21
-5.005849158445370995e+04 8.830353930562332940e-21
-5.005623848448540957e+04 1.609161998073284339e-20
-5.005487756669642113e+04 6.362227434306817846e-21
-5.005358793593238079e+04 9.392546252575455695e-20
-5.005355840164521214e+04 1.388564065570642412e-18
-5.005338440273384185e+04 4.515787076014042937e-19
-5.005272397916541377e+04 8.197252371403484757e-18
-5.005160659352748917e+04 6.720323836673403302e-18
-5.005077536402701662e+04 3.400693888948992938e-18
-5.005002363072265143e+04 8.341025905355679665e-18
-5.004959249729085423e+04 8.757770905076439710e-18
-5.004846786300700478e+04 1.128103702736775797e-17
-5.004722531223623810e+04 3.073512776463177512e-20
-5.004655300375930528e+04 7.200404511209518508e-18
-5.004505479247587937e+04 1.553927443429270867e-17
-5.004393394340433588e+04 3.827634828171115162e-18
-5.004382219931542204e+04 6.879251901867803187e-17
-5.004248373151915439e+04 5.903663262593564768e-20
-5.004204919991632778e+04 4.019466333319546568e-17
-5.004126147039797070e+04 5.542320533834807534e-18
-5.004024961052302388e+04 4.312686522481891411e-16
-5.003967279675633472e+04 6.536730771181702682e-18
-5.003858740861521073e+04 1.117780215157781847e-17
-5.003831109081571049e+04 5.390225416374665711e-19
-5.003789842165703158e+04 4.721815255311323485e-19
-5.003781777474554110e+04 3.733094471706608639e-18
-5.003707696852580557e+04 3.203523144980811810e-16
-5.003647795151087485e+04 5.006362484821624655e-16
-5.003559829614662885e+04 1.400879825037358903e-16
-5.003521826498642622e+04 1.666377000352080474e-16
-5.003446142926582979e+04 1.123668490492900434e-19
-5.003389451583390473e+04 7.335542580833592923e-17
-5.003383127946511377e+04 2.880333660047290767e-18
-5.003360083993585431e+04 1.055217090956608576e-15
-5.003302838116940984e+04 8.450388846099573148e-16
-5.003221913015170867e+04 4.528291463458232768e-17
-5.003162496005266439e+04 2.941907056458613133e-15
-5.003156249314078013e+04 2.476965308924178863e-15
-5.003111472923581459e+04 9.886481457870677657e-17
-5.003036929764555680e+04 4.938279952138496363e-17
-5.002970014801781508e+04 2.663411542824837678e-15
-5.002924355034063774e+04 1.188629766838188241e-16
-5.002844759061477816e+04 2.485441994366125856e-15
-5.002812044081163185e+04 2.659348592751143602e-17
-5.002772630172100617e+04 1.286577553975205609e-14
-5.002697118079081702e+04 5.974741924422381827e-16
-5.002600947556924075e+04 3.373613919332888895e-17
-5.002576196844207152e+04 3.325004295710755696e-16
-5.002517588789344882e+04 1.122520011431587639e-15
-5.002446972954116791e+04 2.125620132212266921e-15
-5.002402284810182755e+04 1.479515213170608311e-14
-5.002353892900556821e+04 2.898653508611924173e-14
-5.002327761136516347e+04 3.529764241267901044e-15
-5.002243272092263942e+04 2.629735157440253347e-15
-5.002210618095428072e+04 1.919848192049916601e-16
-5.002176422180037480e+04 1.425262958251452254e-16
-5.002145851195553405e+04 9.390490374686224423e-14
-5.002062909382191719e+04 8.333991847220749967e-15
-5.002032796529820916e+04 4.183548730823656122e-15
-5.001965031803979218e+04 3.307882062854331041e-14
-5.001938742256356636e+04 1.838028898657863929e-13
-5.001920315629815013e+04 1.575357167010225670e-14
-5.001839410555356881e+04 5.214923839581506176e-15
-5.001774421950698161e+04 1.440318501605539389e-15
-5.001742792447091051e+04 5.470717823062298512e-14
-5.001725995949955541e+04 7.504859386598274346e-15
-5.001681426518226363e+04 7.989912400995593797e-15
-5.001608192545679049e+04 1.382184303336317518e-15
-5.001560948074654152e+04 1.663681497133846635e-15
-5.001545409840905631e+04 3.756936655966316866e-13
-5.001474106780633883e+04 8.488826649677971339e-15
-5.001467909775186854e+04 7.692542467329751303e-15
-5.001396596957005386e+04 6.986156330880264421e-15
-5.001365529992645315e+04 2.768969126535452934e-15
-5.001351809975606739e+04 1.490878742232227667e-12
-5.001346857284726138e+04 3.341758035028052733e-15
-5.001319944391229365e+04 6.957824816035725701e-16
-5.001223952306067076e+04 4.327787663889699564e-16
-5.001189231582528009e+04 5.397228740993535691e-14
-5.001154424162863870e+04 4.391091088405404761e-13
-5.001140377690994501e+04 2.530120642099818193e-12
-5.001133764089355827e+04 9.301002924280968328e-14
-5.001113219965735334e+04 1.002281240533835327e-13
-5.001029809602300520e+04 1.223731124861068837e-15
-5.000976767108001513e+04 9.250379314828303213e-14
-5.000938176308906986e+04 5.531421711537218011e-14
-5.000930495139289269e+04 1.927608779590357426e-12
-5.000878350037099881e+04 2.445770606307270188e-14
-5.000869440636868239e+04 2.609163483525620530e-14
-5.000816382109291590e+04 1.230643002802890863e-14
-5.000767330447943823e+04 2.107203754000114975e-13
-5.000730929769448994e+04 5.353776287573240483e-14
-5.000723200238533900e+04 6.981937981675704262e-12
-5.000639881238932139e+04 8.616328582461053294e-14
-5.000611404088909330e+04 1.157332791930614248e-13
-5.000585716356184275e+04 3.260624813586021693e-15
-5.000535377801584400e+04 2.100227491474417901e-14
-5.000520236882470635e+04 3.861150065904285007e-14
-5.000509832626176649e+04 2.350653508454676641e-13
-5.000433710499006702e+04 2.062561308809291509e-14
-5.000378437058189593e+04 9.145183617396725735e-14
-5.000351282366520172e+04 9.422251080339119233e-12
-5.000341166991743376e+04 3.383093016821158877e-17
-5.000315380126347009e+04 6.778521213416728944e-12
-5.000305818197769258e+04 6.128673931391394393e-13
-5.000263628518704354e+04 9.577026856178056077e-14
-5.000204265649092122e+04 1.263581455974809076e-15
-5.000173086042772047e+04 3.835477106419275844e-13
-5.000138323280054465e+04 6.230665762029358267e-11
-5.000112757499460713e+04 7.241658845210039214e-13
-5.000103974672510230e+04 1.084675350358456971e-14
-5.000089487890303280e+04 4.928673255029900394e-14
-5.000028253239214246e+04 7.773851764731731018e-14
-4.999988528912065522e+04 4.442889558530669867e-14
-4.999948555619926628e+04 6.112709900370411120e-14
-4.999926115441238653e+04 1.371824538248279807e-10
-4.999914021059648076e+04 4.010714477141916079e-12
-4.999879489655616635e+04 1.075280218420048426e-14
-4.999830385081314307e+04 7.888169727147749935e-16
-4.999803938422865031e+04 4.401844280662749021e-13
-4.999762427615070192e+04 1.166352041021208042e-12
-4.999734246758974041e+04 1.274027002705644836e-13
-4.999714866128555150e+04 3.804763321422430863e-12
-4.999697956921514560e+04 2.994851791371699363e-12
-4.999638515552303579e+04 5.264580253756869598e-14
-4.999611059532342915e+04 2.209643565801164936e-13
-4.999556694093995611e+04 2.292036538167167225e-13
-4.999527256826880330e+04 9.285449005878857037e-13
-4.999504836627248733e+04 1.426502017508124287e-10
-4.999496561111235496e+04 7.699790852476942601e-12
-4.999446094221877138e+04 1.199493394882447934e-12
-4.999410862366463698e+04 1.098212106341898056e-12
-4.999351066430474020e+04 1.180555096558711925e-09
-4.999326747078999324e+04 1.068502934850289901e-12
-4.999316262914051185e+04 8.535356809608014688e-13
-4.999294572144025733e+04 2.058401388662206802e-11
-4.999288682648969552e+04 1.559300134194419017e-13
-4.999262218357918755e+04 1.044920440134936186e-12
-4.999215755981895927e+04 3.749531338331480541e-13
-4.999138755966180179e+04 6.006975848299186631e-11
-4.999137266678838932e+04 1.610109304552994121e-09
-4.999106305895682453e+04 3.365268421066955770e-13
-4.999085084751858813e+04 7.320137762403989482e-11
-4.999044194092779071e+04 2.453824069384331475e-12
-4.999007715332129010e+04 1.874335360836662590e-12
-4.998988925557742186e+04 3.858713362214322842e-13
-4.998962924107461004e+04 5.714245061512672080e-13
-4.998923314281673083e+04 2.810949736250419211e-10
-4.998893592851275753e+04 5.730650547569453803e-14
-4.998876237010626937e+04 8.354301514563705567e-11
-4.998843231340766943e+04 7.955684928166881876e-13
-4.998810086403237801e+04 1.201752430253730296e-14
-4.998745820940328122e+04 6.521240677196314952e-12
-4.998709050257966010e+04 3.206968555778096144e-09
-4.998700897760121734e+04 7.562254634756300740e-11
-4.998686629317588086e+04 8.338524611774581670e-15
-4.998660879368287715e+04 4.715211363597480294e-13
-4.998652234044348006e+04 4.990281039995615026e-12
-4.998545992811644828e+04 1.674558354813727433e-12
-4.998534697772946674e+04 3.888623433881624840e-12
-4.998496592100476119e+04 1.505537451730020300e-10
-4.998492827982716699e+04 4.055266007338362753e-10
-4.998457690029402875e+04 3.541734803710842693e-11
-4.998443575518806756e+04 2.656434492951860001e-11
-4.998393813144592423e+04 1.232162788614199306e-11
-4.998358139019159717e+04 5.231925665132577649e-13
-4.998350869427841099e+04 7.497089125184402897e-10
-4.998294325357994967e+04 1.423243872929708157e-14
-4.998278661327031296e+04 8.250953013747391525e-10
-4.998276674698944407e+04 6.010300917957024340e-10
-4.998233030038342986e+04 8.657756072097573695e-12
-4.998216803489798622e+04 4.132509657990214224e-11
-4.998141779568837956e+04 1.634844974578319695e-11
-4.998136199987805594e+04 3.222172953321581510e-08
-4.998105059437453747e+04 2.424220782526357891e-11
-4.998089147083053103e+04 3.374001026363325712e-11
-4.998059884671978216e+04 2.562458334227795865e-09
-4.998037836971779325e+04 5.147940144206251193e-11
-4.997992514370302524e+04 1.065717595956616942e-11
-4.997962138568661612e+04 4.871874491443005479e-13
-4.997919418761366978e+04 8.337588902007794917e-08
-4.997912094363905635e+04 1.853336000971461965e-11
-4.997878620617070555e+04 6.264433028567122612e-13
-4.997851450196924998e+04 2.572233659551765133e-11
-4.997839950728671101e+04 5.130030960504735686e-11
-4.997806077086701407e+04 4.417522805085347536e-11
-4.997736744615196221e+04 1.000533560742463715e-15
-4.997716837718690658e+04 2.070631447091420741e-11
-4.997699539792846917e+04 1.262528349751605762e-08
-4.997667087227523007e+04 1.439079019294990130e-11
-4.997640784226079268e+04 4.946151189497239465e-12
-4.997621706255048048e+04 1.724548968170099435e-09
-4.997591747964876413e+04 4.540690541947034387e-11
-4.997572607386964955e+04 4.785706261467459194e-11
-4.997526820541341294e+04 1.391661685325980805e-10
-4.997476190218442207e+04 2.682703132411645175e-08
-4.997445127510091697e+04 2.136409766833872713e-12
-4.997429204570238653e+04 2.538312452933892458e-11
-4.997399206033586961e+04 2.105427273121117345e-09
-4.997372905857431761e+04 9.619746765586343575e-12
-4.997347740646662714e+04 6.511499957956136922e-07
-4.997343071672660881e+04 9.934725267084776286e-12
-4.997304943976744835e+04 1.281609183679481320e-12
-4.997249438483899576e+04 5.220158180595287034e-08
-4.997247308865987725e+04 1.666263338123194277e-10
-4.997204319461675914e+04 1.042656652637664511e-12
-4.997197503784870787e+04 6.894413261584117846e-11
-4.997169627309892530e+04 2.604902882981453433e-11
-4.997158580645264010e+04 5.934739377249421807e-13
-4.997127221106160141e+04 8.344469086140716937e-07
-4.997102223617299023e+04 1.050308846383549157e-10
-4.997065354681340978e+04 1.797379856396900822e-10
-4.997019798478686425e+04 3.366592202404821282e-10
-4.997007901246569236e+04 1.973982436904810661e-10
-4.996971320205174561e+04 6.449055930024416640e-10
-4.996926855102883565e+04 8.202858525686810635e-10
-4.996909469027903106e+04 5.239715797712253223e-10
-4.996903109725420654e+04 2.889653746505634026e-09
-4.996877455263229058e+04 3.926999530027696240e-10
-4.996842467048089020e+04 6.993605106796686663e-11
-4.996813234497674421e+04 2.051470840945057281e-10
-4.996786489444171457e+04 5.904141260251965327e-08
-4.996764394441142940e+04 2.975918549267493259e-10
-4.996730019988000276e+04 3.131826976092317845e-09
-4.996687598293976043e+04 9.044466072928072299e-10
-4.996675024250144634e+04 9.371622560299772239e-07
-4.996639661406061350e+04 3.056219571984538759e-12
-4.996610033066647156e+04 3.550468177518199179e-11
-4.996596960163884796e+04 2.033279050667161841e-10
-4.996565342701036570e+04 6.206144658875528309e-10
-4.996552697159602394e+04 6.618651387489310756e-08
-4.996512681027717917e+04 1.482087712921150005e-09
-4.996497425379684864e+04 1.215586356006963752e-10
-4.996469563839410694e+04 6.121721227704264983e-10
-4.996443047171198123e+04 1.058530788028389993e-06
-4.996402813554550085e+04 8.068936690015764608e-10
-4.996368667804256256e+04 3.657170395225217291e-10
-4.996345256256051653e+04 9.183323360745270891e-07
-4.996342341009504162e+04 9.638000937001990226e-10
-4.996314988053122943e+04 1.211016849573123855e-11
-4.996280430706676998e+04 1.043253109667183146e-09
-4.996233281445119064e+04 5.655141263696898256e-10
-4.996207802064185671e+04 4.449904518937286141e-08
-4.996197696979768807e+04 1.224015758860282284e-11
-4.996153010748180532e+04 9.042955905644420665e-10
-4.996133231692505797e+04 3.973936454583868654e-09
-4.996116290669292357e+04 3.571537846511907312e-08
-4.996111741886597156e+04 1.934337486214451381e-05
-4.996088305608222436e+04 4.346713977219396464e-11
-4.996073084708075476e+04 5.296811820012842759e-08
-4.996005094128009659e+04 1.964032283776504783e-09
-4.995982761768713681e+04 2.004684762637444059e-08
-4.995969133052002144e+04 3.011595841039210580e-06
-4.995962077300033707e+04 2.710003562129085348e-11
-4.995911330093954166e+04 3.484937959444565253e-10
-4.995869272617858223e+04 4.442832999390311602e-05
-4.995868420800483000e+04 6.461393986563467999e-06
-4.995829612886968971e+04 1.532567967368366557e-08
-4.995818483468275372e+04 5.574691442835701402e-10
-4.995799839589228941e+04 8.007152785550280560e-09
-4.995728444577572373e+04 3.632281186571657115e-06
-4.995720637228890700e+04 1.878807672598729559e-09
-4.995703418066452286e+04 7.706742388002955528e-10
-4.995691607043889235e+04 2.637661910590240803e-08
-4.995627452534028998e+04 1.608623404052012289e-09
-4.995620945037897036e+04 2.876154133057775994e-05
-4.995588104606116394e+04 2.063812966880121484e-08
-4.995568983124422084e+04 1.237911746168321784e-08
-4.995540731300853076e+04 1.834731226327656966e-08
-4.995518087562323490e+04 1.748093752362665173e-08
-4.995485865092527820e+04 3.179680445168832673e-08
-4.995483768720768421e+04 1.412855807472355217e-09
-4.995396042902000045e+04 9.544214211548673605e-09
-4.995373400469621993e+04 1.033958016873738154e-07
-4.995369103491788701e+04 5.741302490064066097e-07
-4.995355839144091442e+04 4.689287707264018791e-08
-4.995331444113184989e+04 2.310166714430052750e-09
-4.995294606323626067e+04 2.258425686656877600e-07
-4.995275319069619582e+04 2.860817980755414039e-04
-4.995263354350343434e+04 1.273836478380845878e-07
-4.995240618015722430e+04 4.543018659817571009e-06
-4.995203467036377697e+04 2.320299934855885348e-10
-4.995183308835034404e+04 4.820916915580604218e-08
-4.995114817895844317e+04 3.934169030408491183e-05
-4.995113841214343847e+04 1.055608002328165253e-06
-4.995074483407385560e+04 1.318789560077089379e-07
-4.995064516424793692e+04 3.644685297414554460e-10
-4.995047790074566728e+04 3.673162257194199973e-11
-4.995013978623125877e+04 3.623932362656305658e-04
-4.994995660542765836e+04 8.717896301264507240e-06
-4.994994812717768946e+04 1.998649611915295159e-07
-4.994960956787184114e+04 1.181781491047906007e-07
-4.994901976897415443e+04 1.350650928199025762e-07
-4.994858773496605863e+04 3.832073844095246846e-05
-4.994851645660538634e+04 2.949873873985614741e-07
-4.994837179571630259e+04 1.218458435690172829e-07
-4.994783750547747331e+04 3.809373668282604676e-10
-4.994764286937051656e+04 4.005048800664002496e-08
-4.994749814241090644e+04 2.915632355803463006e-05
-4.994745679224851483e+04 1.200639231493604108e-06
-4.994711492486017960e+04 9.150063471212971786e-08
-4.994690717817408586e+04 5.979386687529310593e-08
-4.994628930289950222e+04 3.894329544977574117e-07
-4.994601377589550248e+04 1.000616593949941811e-09
-4.994596458152246487e+04 1.044163498988231185e-10
-4.994563780333055911e+04 1.322137276632357288e-07
-4.994542854934871139e+04 1.097501084642697884e-06
-4.994501723486489936e+04 4.965353384959546262e-06
-4.994484117024205625e+04 2.724786285039464129e-04
-4.994483966653324751e+04 1.689717440045896657e-05
-4.994445374024160992e+04 9.286743144220777640e-09
-4.994426839973899041e+04 2.036505060500266754e-07
-4.994417273708116409e+04 3.028754151563629179e-08
-4.994371176633857976e+04 3.675904799837880199e-07
-4.994343120885422104e+04 4.496118857732494417e-05
-4.994298500391966809e+04 5.075740071419156524e-06
-4.994263290480856085e+04 5.477179007160966355e-06
-4.994260845563274052e+04 5.910308827911328437e-03
-4.994235480291394197e+04 1.071080167054940117e-05
-4.994216722670777381e+04 1.733188391196462683e-03
-4.994206086906932615e+04 1.846481044728505115e-07
-4.994153590205412183e+04 2.488743732272400904e-09
-4.994112334411868505e+04 2.150390327068621841e-07
-4.994107069801661419e+04 1.539684475406201387e-06
-4.994084289061940217e+04 4.991591200967096184e-05
-4.994059437688253820e+04 2.104693310908303947e-06
-4.994027529325239448e+04 3.557280012915391615e-06
-4.993997320571678574e+04 6.365907409052447000e-07
-4.993976138801134221e+04 1.519506244007187722e-06
-4.993958113214017794e+04 1.240935901821249403e-02
-4.993950034844440233e+04 1.150067389077256245e-05
-4.993938262915189989e+04 3.086338726186056355e-02
-4.993888366199145821e+04 4.899317629209431293e-08
-4.993854982094036677e+04 2.460549379309399434e-08
-4.993824602109780244e+04 5.646215887377774967e-06
-4.993822781938891421e+04 2.712242028586129585e-07
-4.993792879424247803e+04 1.015416714759466861e-08
-4.993738851465583866e+04 2.824990798024312310e-06
-4.993714652184293664e+04 9.122147584873495003e-07
-4.993708907492632716e+04 1.605378523367857296e-05
-4.993686973650134314e+04 1.164028399495039764e-02
-4.993640084728541842e+04 1.059246197813894508e-01
-4.993638480825800070e+04 2.499223523285177846e-04
-4.993620542536592257e+04 6.488482265699757788e-06
-4.993574033014437009e+04 1.275711895364556007e-05
-4.993564316061738646e+04 3.442353436419454387e-04
-4.993521193932577444e+04 4.379695726366573380e-05
-4.993487008203739970e+04 1.042889329722367339e-05
-4.993460348414277541e+04 5.093520674107847296e-05
-4.993419460063678707e+04 2.079067956707877224e-02
-4.993414450654936081e+04 4.870281194743218472e-04
-4.993372163019896107e+04 3.249905072178984776e-05
-4.993346224869211437e+04 1.706219418697926260e-01
-4.993330268251134112e+04 1.021345500074290883e-05
-4.993305297250297008e+04 1.388369054765378188e-03
-4.993285115948374005e+04 9.193188902959187163e-05
-4.993282915026535920e+04 1.806156607996225853e-05
-4.993229684221671778e+04 1.686881595798860300e-05
-4.993191076404380146e+04 7.571324937183283334e-05
-4.993170822501552175e+04 2.468457254124206560e-04
-4.993151920293603325e+04 2.926090996659768198e-02
-4.993130188992864714e+04 1.244139374251309314e-04
-4.993106630167561525e+04 2.017408411103764401e-05
-4.993057552403834416e+04 6.830329050276037241e-03
-4.993056772417031607e+04 1.763402027720392951e-01
-4.993043566850971547e+04 2.558865682077706392e-03
-4.993012972371276555e+04 1.949539816801559085e-04
-4.992980386659307987e+04 2.494844364382842335e-04
-4.992938770169792406e+04 1.507688355014152211e-06
-4.992913478581437084e+04 1.917573403998526797e-03
-4.992886780483266193e+04 4.792337517236879333e-04
-4.992883971387468046e+04 2.738207637418122592e-02
-4.992814972826164012e+04 2.278152401732188236e-05
-4.992799898812967876e+04 6.873664516816558549e-04
-4.992777759429569414e+04 5.488068679356871782e-04
-4.992769968967144814e+04 1.484295376811315681e-01
-4.992728415179166768e+04 5.545224333183040909e-04
-4.992674794618787564e+04 7.295160109755423469e-04
-4.992670797239158856e+04 5.498820033644667097e-04
-4.992617687112763815e+04 1.955958564067736272e-02
-4.992608624726477137e+04 2.206683292530276994e-03
-4.992571221925139980e+04 1.407761763543337330e-04
-4.992530247643277835e+04 2.650814445790247633e-04
-4.992512594864184939e+04 1.245682976569941793e-03
-4.992489356544873590e+04 4.658434712956566540e-03
-4.992484260256349808e+04 8.976982782425546592e-02
-4.992474336158671940e+04 1.242572395987202828e-03
-4.992382728921299713e+04 3.398164734846474320e-04
-4.992366316987797472e+04 1.946852437565922732e-03
-4.992346743995262659e+04 1.199059343196582673e-02
-4.992299422974351182e+04 3.306419274514935959e-04
-4.992275211314779153e+04 8.846374270189392293e-07
-4.992264682557718334e+04 6.459111361958345477e-04
-4.992221463800999481e+04 3.973324436794712787e-04
-4.992199353453875665e+04 4.876749985596835757e-02
-4.992193726175020129e+04 2.018575177085203155e-03
-4.992153863773726334e+04 6.501374790647958214e-04
-4.992135751603290555e+04 4.842870070663021537e-04
-4.992080981950383284e+04 6.735308223327624369e-03
-4.992058953474245936e+04 2.008176276716494091e-04
-4.992044122431772848e+04 3.472710478089085411e-05
-4.991981698429761309e+04 3.527850339321433816e-04
-4.991968275816998357e+04 1.907562631492483409e-06
-4.991935115142614086e+04 4.025025314624627458e-04
-4.991913852694407979e+04 2.381201161671598482e-02
-4.991879703097136371e+04 2.856836700468100374e-04
-4.991834100396533904e+04 3.062961910539629024e-05
-4.991813009790344222e+04 2.320359155601079467e-03
-4.991797375122261292e+04 6.982856708853708979e-04
-4.991784224632794212e+04 6.098838799503266248e-08
-4.991742367844076944e+04 4.097391748995803345e-05
-4.991682598008404602e+04 6.306284558829767075e-04
-4.991652570856219972e+04 7.290185041776375515e-05
-4.991627598342378769e+04 9.370170441003236247e-03
-4.991619930712854693e+04 6.501417119310057334e-05
-4.991576544851065410e+04 6.287891800126408104e-06
-4.991551236243682069e+04 9.274008731769027894e-05
-4.991534967119310750e+04 1.131881320081087015e-03
-4.991514786322910368e+04 2.710677712756967366e-05
-4.991481493709535425e+04 1.348927357680626910e-06
-4.991427534142164950e+04 1.933259921166492745e-04
-4.991395758375412697e+04 1.002960239051786754e-05
-4.991372940356072650e+04 4.775736686250430542e-06
-4.991341760620850255e+04 3.366566160097997449e-03
-4.991321591770620580e+04 6.168100826341829147e-05
-4.991299117584679334e+04 1.349375130347648299e-04
-4.991260760315423249e+04 2.795299800347398169e-04
-4.991210957973898621e+04 1.227168831674894159e-05
-4.991179268174079334e+04 5.427551894117884490e-05
-4.991107341256881773e+04 1.065900763580765501e-05
-4.991099281467573019e+04 2.095253920485722873e-05
-4.991054429196203273e+04 1.104398021044469044e-03
-4.991029021842605289e+04 9.995031187817751618e-06
-4.990996791356464382e+04 3.559180604283959599e-05
-4.990988955626818642e+04 6.006242601227064840e-05
-4.990986890863572626e+04 4.478156342436948707e-06
-4.990948281863943703e+04 2.162228576994767910e-06
-4.990867864651075797e+04 2.510686598091896549e-06
-4.990821280197124725e+04 1.086843292766355174e-05
-4.990803645956550463e+04 2.333789704539159855e-05
-4.990766489741895930e+04 2.883939351045097365e-04
-4.990730379686976084e+04 6.896569723290347365e-06
-4.990717688491656736e+04 1.673466286033339768e-05
-4.990674470845443284e+04 1.018585791400207711e-06
-4.990648251819436700e+04 1.583865177307739387e-08
-4.990574631286517979e+04 2.232243880537389388e-06
-4.990542017501685768e+04 9.338314809593946974e-06
-4.990522711482662999e+04 1.078821253498363124e-06
-4.990478513923384162e+04 6.717558151867946217e-05
-4.990453848518143059e+04 4.213335832491151283e-09
-4.990443687319421588e+04 1.781171310088025247e-06
-4.990418958030681097e+04 1.122639802255307399e-07
-4.990394278855434095e+04 2.792157181792208873e-06
-4.990315453400047409e+04 3.097019167035413200e-07
-4.990284992251770018e+04 6.077426945894893963e-07
-4.990265478546627855e+04 5.074873169308516797e-07
-4.990219224255702284e+04 1.122196273493767649e-06
-4.990188576855089923e+04 1.077840004776215502e-05
-4.990185758450788126e+04 2.195352280454275509e-06
-4.990170475365929451e+04 6.573651781685906264e-07
-4.990097363848379609e+04 2.539468392561671013e-09
-4.990083538665092055e+04 8.874843252803639572e-08
-4.990035993344728922e+04 2.103145610418881251e-08
-4.989942150965452311e+04 3.709001075434675988e-07
-4.989914410786372173e+04 2.498519199253609991e-07
-4.989899822957770084e+04 1.563626000302312863e-06
-4.989884867890837631e+04 1.710799130178614857e-07
-4.989834303612846998e+04 6.167840005879452218e-09
-4.989823962918210600e+04 2.104662753392977596e-08
-4.989800027736010088e+04 3.577823340559272308e-08
-4.989743007717315049e+04 4.549977414449279403e-08
-4.989680347407676891e+04 3.413420393949163758e-08
-4.989621521383651270e+04 3.804172561022848134e-08
-4.989602307242173265e+04 1.202828888954361783e-07
-4.989573131359289255e+04 3.849694301063303346e-09
-4.989478081043908605e+04 1.680488901312887994e-08
-4.989474030817878520e+04 1.491052163713175710e-10
-4.989449778113599314e+04 2.911672072163311451e-09
-4.989382430217078218e+04 4.249305831365594351e-10
-4.989349085313535761e+04 8.120629768982923449e-10
-4.989318681697385182e+04 3.796656406171173813e-10
-4.989294123655868316e+04 8.901443149320396261e-09
-4.989272564121761388e+04 1.851753122743497512e-09
-4.989230303007060866e+04 6.706748397639418575e-10
-4.989171405844955734e+04 1.804511613628474278e-10
-4.989090318563667097e+04 1.452072596540977936e-09
-4.989062423446896719e+04 2.728649178318931542e-10
-4.989022877008896467e+04 2.976349474282023904e-11
-4.989004421668961004e+04 1.498197987721720630e-09
-4.988994884423685289e+04 2.396774785898835342e-10
-4.988934967009759566e+04 3.526198145800144205e-10
-4.988923129266727483e+04 2.077694455023599754e-10
-4.988801527855626773e+04 3.453619118879236983e-10
-4.988788014809932065e+04 1.321091952256654007e-09
-4.988766633832582738e+04 1.322534148672318105e-09
-4.988744256680881517e+04 2.511818101165211815e-11
-4.988667838343577023e+04 1.036986260881711916e-09
-4.988637996548766387e+04 5.956494966916320758e-11
-4.988611603182704130e+04 1.242636116320206752e-10
-4.988538873115950264e+04 2.733912524184933138e-10
-4.988523115649269312e+04 8.414799819936497033e-12
-4.988491957363644906e+04 1.423386230588198663e-10
-4.988463063745105319e+04 3.789229120382333697e-10
-4.988342204815334117e+04 7.095144765757662901e-10
-4.988305902815361333e+04 4.289272522170268885e-11
-4.988269555111876980e+04 2.774536694938271122e-12
-4.988238623334122531e+04 2.458997218351270645e-11
-4.988185068311857322e+04 5.009669963033800063e-11
-4.988121360062673921e+04 1.946517528998867038e-11
-4.988113335727425874e+04 8.241724348087887995e-11
-4.988047092202434578e+04 8.850850321952451125e-12
-4.988007512147627858e+04 1.812804241521672462e-11
-4.987994974849020946e+04 1.497088648044280625e-11
-4.987947951182636461e+04 1.901502880662243921e-11
-4.987914911366254819e+04 3.066284515158170825e-11
-4.987817030600125145e+04 1.371888001694535566e-11
-4.987784190501172270e+04 1.418477555803056698e-11
-4.987721717262037419e+04 3.313649460178744010e-12
-4.987656406330363097e+04 9.358346113347671691e-13
-4.987633314433843043e+04 2.211630197808067153e-12
-4.987603050702202017e+04 8.662105473415322528e-14
-4.987510817715287703e+04 9.771288694920408375e-13
-4.987423180122847407e+04 7.439881617417595125e-13
-4.987391804331562889e+04 2.593139980627153077e-13
-4.987350892877377919e+04 4.890513788462814095e-14
-4.987325944703588902e+04 9.556017672815428641e-15
-4.987220035124702554e+04 2.454193758227874990e-13
-4.987200334301069961e+04 1.964991906977783463e-13
-4.987154547108347469e+04 8.988263706985418944e-17
-4.987086074921106774e+04 1.247044108085973871e-13
-4.987045999540921184e+04 1.965922118579656154e-15
-4.987001359491703624e+04 5.088371899366488468e-14
-4.986946167800555122e+04 3.346104660864561683e-14
-4.986880185515655467e+04 1.705285690036354787e-15
-4.986842873069692723e+04 1.175714835982944438e-14
-4.986749193643065519e+04 4.612908011077488557e-16
-4.986727743236528477e+04 1.438244571342327343e-13
-4.986708518874775473e+04 2.000104861712754890e-15
-4.986650036004753929e+04 4.458059713088494337e-15
-4.986623624299575022e+04 2.726155997822675308e-14
-4.986569757767184637e+04 3.907595359518465932e-14
-4.986504279290277191e+04 8.812985537911900634e-15
-4.986413496269490861e+04 3.699035539463610444e-16
-4.986344486546527332e+04 1.015986504718785293e-14
-4.986301224114119395e+04 3.384538685146568560e-18
-4.986166904802454519e+04 2.288786487412097016e-14
-4.986144283784145227e+04 2.532177931016607156e-16
-4.986043125682102254e+04 4.921068491835188790e-17
-4.985989879974994255e+04 2.139322559550700787e-17
-4.985978940242582030e+04 5.873969098848993552e-17
-4.985859153793515725e+04 6.832394682557670387e-16
-4.985831390601606108e+04 9.623831462731089371e-17
-4.985757263425688870e+04 6.592572069862623081e-18
-4.985702180102042621e+04 6.733069637373110182e-16
-4.985576570165160956e+04 2.625095904615813510e-19
-4.985530017834575119e+04 7.670762395322569804e-20
-4.985416857939887996e+04 9.163898100393392821e-18
-4.985342725041951053e+04 2.796853066345863407e-17
-4.985317362315938226e+04 1.357894258600311260e-19
-4.985286024957382324e+04 4.551966404504707655e-18
-4.985249441047538130e+04 1.596050239758245393e-18
-4.985207536101317237e+04 1.012809510698268148e-17
-4.985165541754300648e+04 4.550702472610664355e-20
-4.985039582228608197e+04 1.072417249310173865e-17
-4.984977315682250628e+04 4.818889849120551298e-18
-4.984901173863166332e+04 7.707024346228702366e-19
-4.984800963921359653e+04 2.176267984113833685e-17
-4.984721085216725623e+04 4.266599732972093284e-20
-4.984662752335477126e+04 1.230327020758174092e-18
-4.984550360954551434e+04 1.294713334477308916e-21
-4.984524629133669805e+04 8.543428060060223233e-20
-4.984417223407199344e+04 1.051411118800420730e-18
-4.984323874420864013e+04 1.589165701240659934e-18
-4.984265618013757921e+04 2.133109019526472486e-20
-4.984181245909519930e+04 2.224855900737418105e-21
-4.984027317151857278e+04 1.507130043300166836e-19
-4.983962431325782381e+04 3.986513571679475664e-20
-4.983898418064714497e+04 1.099952251185129770e-20
-4.983838559026313305e+04 1.998142006068994675e-21
-4.983735506848136720e+04 4.186035170362206034e-21
-4.983614673530678556e+04 5.709837813485758452e-21
-4.983509481349675480e+04 1.836127173900677315e-21
-4.983475890250950761e+04 1.644097742757144594e-24
-4.983290772077004658e+04 1.200738117799738123e-22
-4.983235655811566539e+04 5.625651533409699828e-21
-4.983112241313565028e+04 2.983330234502399921e-22
-4.983050042163741455e+04 7.392997815074776669e-22
-4.982942027812265587e+04 5.051747895662839917e-24
-4.982883904177976365e+04 8.655089506015918936e-22
-4.982869067683190224e+04 6.850539749620669938e-22
-4.982723396277107531e+04 5.235053856511666859e-22
-4.982554227781687223e+04 2.190458432451425581e-23
-4.982406869570614072e+04 1.427086096708714911e-23
-4.982293007945274439e+04 2.758367357640891988e-24
-4.982263680513260624e+04 8.608747814484105578e-24
-4.982150351357238833e+04 2.979190281790559578e-24
-4.982108503821770137e+04 2.781261493432756045e-24
-4.981887966520194459e+04 1.699856247069473473e-24
-4.981712168581107107e+04 3.476676337251846562e-24
-4.981529210801154841e+04 0.000000000000000000e+00
-4.981467315266672085e+04 0.000000000000000000e+00
-4.981204471154743806e+04 0.000000000000000000e+00
-4.981172643081765273e+04 0.000000000000000000e+00
-4.980986494483775459e+04 0.000000000000000000e+00
-4.980838186435887474e+04 0.000000000000000000e+00
-4.980629482573812857e+04 0.000000000000000000e+00
-4.980577420706574776e+04 0.000000000000000000e+00
-4.980455332029208512e+04 0.000000000000000000e+00
-4.980344052124532027e+04 0.000000000000000000e+00
-4.980090137043833965e+04 0.000000000000000000e+00
-4.979745837157390633e+04 0.000000000000000000e+00
-4.979704104968274623e+04 0.000000000000000000e+00
-4.979437516441955813e+04 0.000000000000000000e+00
-4.979280825206494046e+04 0.000000000000000000e+00
-4.978988754172413610e+04 0.000000000000000000e+00
-4.978830727553888573e+04 0.000000000000000000e+00
-4.978725180320466461e+04 0.000000000000000000e+00
-4.978554288417434873e+04 0.000000000000000000e+00
-4.978299901930878696e+04 0.000000000000000000e+00
-4.978094280006751796e+04 0.000000000000000000e+00
-4.977685891468003683e+04 0.000000000000000000e+00
-4.977378986204755347e+04 0.000000000000000000e+00
-4.977080930239771988e+04 0.000000000000000000e+00
-4.976680870283988770e+04 0.000000000000000000e+00
-4.976472983484419092e+04 0.000000000000000000e+00
-4.976252499859895761e+04 0.000000000000000000e+00
-4.975802713253542606e+04 0.000000000000000000e+00
-4.975071631573637569e+04 0.000000000000000000e+00
-4.974572895819275436e+04 0.000000000000000000e+00
-4.974078109985878837e+04 0.000000000000000000e+00
-4.973946606387900829e+04 0.000000000000000000e+00
4.989781556677076151e+04 0.000000000000000000e+00
4.989789147528304602e+04 0.000000000000000000e+00
4.990841955711895571e+04 0.000000000000000000e+00
4.990850995751065784e+04 0.000000000000000000e+00
4.991641653621351725e+04 0.000000000000000000e+00
4.991652178280591033e+04 0.000000000000000000e+00
4.992287951297598192e+04 0.000000000000000000e+00
4.992299973009045789e+04 0.000000000000000000e+00
4.992816506023960392e+04 0.000000000000000000e+00
4.992829660456937563e+04 0.000000000000000000e+00
4.993224071817757067e+04 0.000000000000000000e+00
4.993249646829170524e+04 1.866610477723744623e-24
4.993418544750398723e+04 0.000000000000000000e+00
4.993422291602352925e+04 0.000000000000000000e+00
4.993469389565547317e+04 1.097333617988125342e-24
4.993610470310900564e+04 0.000000000000000000e+00
4.993838974601433438e+04 1.005975944136208735e-24
4.994098948519209080e+04 0.000000000000000000e+00
4.994179254884818511e+04 0.000000000000000000e+00
4.994183180445744802e+04 0.000000000000000000e+00
4.994383720200147218e+04 0.000000000000000000e+00
4.994531255626731581e+04 2.005805761997495408e-23
4.994665223705636890e+04 0.000000000000000000e+00
4.994671178869387950e+04 1.468430381609386073e-23
4.994680748844317714e+04 1.857448142501077140e-24
4.994742183637456037e+04 1.709491745836662157e-24
4.994858502600007341e+04 1.520873143491133667e-22
4.994943422555148572e+04 1.419238022803353131e-22
4.995012196347413555e+04 0.000000000000000000e+00
4.995057729825648858e+04 0.000000000000000000e+00
4.995172632664973207e+04 8.859668131716125554e-23
4.995291806325961079e+04 1.280816552846187662e-22
4.995356363837746903e+04 7.166371133915085037e-23
4.995507656940734159e+04 7.526884104246912161e-24
4.995617316926870262e+04 5.870281758994812375e-23
4.995639742284976091e+04 4.876164960648967315e-22
4.995761966973950621e+04 6.268995658652787111e-24
4.995817472851168714e+04 1.873923018287061114e-21
4.995884749380878202e+04 2.769870355721081505e-23
4.995997141232064314e+04 6.732250479921530307e-22
4.996043333480953152e+04 4.855446555366138808e-23
4.996156698406365467e+04 2.539795613250495532e-21
4.996187826890350698e+04 2.937445293621536359e-21
4.996260777293029969e+04 1.635369205837807641e-23
4.996266175053128973e+04 4.527320053995881837e-23
4.996310279836542759e+04 3.738530299295449387e-22
4.996368634413511609e+04 1.897969107403656928e-24
4.996459771540422662e+04 8.817938736975013770e-22
4.996497689259898470e+04 4.492058934630475218e-21
4.996584217656292458e+04 2.469630374672450319e-21
4.996629197152129927e+04 2.881634871027829428e-22
4.996646057105662476e+04 4.090145325139053373e-21
4.996663387393765152e+04 5.472912828494468964e-21
4.996727471982582938e+04 3.340128234953145928e-22
4.996797528758722183e+04 3.068510261407969565e-24
4.996859311969298142e+04 1.993886320330851728e-20
4.996868726216159848e+04 2.077848105063362317e-20
4.996900554101092712e+04 4.024255218087406595e-21
4.996987380837692763e+04 2.396598075235260622e-22
4.997054120230808621e+04 6.291407711226063836e-20
4.997093153637862997e+04 5.726305345597221672e-22
4.997169782301007945e+04 8.928196489936778102e-23
4.997202230347652221e+04 2.288183815704348055e-22
4.997250763048204681e+04 3.719074691884497694e-20
4.997320389243114914e+04 1.720696400183385833e-21
4.997417088351229177e+04 7.826278465906696922e-20
4.997444662278058240e+04 2.915928453023789251e-20
4.997495286654629308e+04 1.595151521199553920e-20
4.997566628065090481e+04 3.610797659888684938e-21
4.997623763432018313e+04 1.941545852894187157e-21
4.997669291876443458e+04 5.331714955240851049e-19
4.997685998641828337e+04 8.030053515289350745e-21
4.997773536237885128e+04 2.975045557540119909e-20
4.997813728208807879e+04 6.938882112934755402e-20
4.997836030284538720e+04 4.972221591986460343e-20
4.997878496119258489e+04 5.417431701271031767e-19
4.997952069905171811e+04 2.624036280329072269e-20
4.997991949706718151e+04 6.978750900817232370e-21
4.998051065748518158e+04 4.173496406705651746e-20
4.998085799237021274e+04 1.155266411412027668e-18
4.998096945731858432e+04 8.254035902214786113e-21
4.998179798282980482e+04 5.941921551476823552e-20
4.998243431516412966e+04 4.442007291767904511e-22
4.998281805877487204e+04 1.439916596675116533e-18
4.998294506823756092e+04 1.348042478952523642e-19
4.998339359305986000e+04 1.241186485969666736e-19
4.998407014311986131e+04 5.310975052241807005e-21
4.998466953153318173e+04 4.443587607161863270e-20
4.998482706318797864e+04 3.988787750117007776e-19
4.998544042706966866e+04 7.351175860098336089e-20
4.998559272941193194e+04 2.518549917288140319e-20
4.998635771515281522e+04 1.209422782761860730e-19
4.998648249463462707e+04 2.646240809352145856e-21
4.998671453158112854e+04 1.656679865592883602e-18
4.998680722383350076e+04 2.105205480110052280e-18
4.998715628657433990e+04 4.224500212259362419e-20
4.998809807956401346e+04 1.612101437940670511e-20
4.998828555862282519e+04 6.072153028200974887e-20
4.998872429031023785e+04 2.221342465524591964e-19
4.998881784070326830e+04 3.314812049556464118e-18
4.998884975747634599e+04 2.142784377927687222e-17
4.998912519052180869e+04 1.183044804561113983e-19
4.998995699122864607e+04 1.067327212853303296e-19
4.999050202499266743e+04 7.959065461077592897e-19
4.999082538701568410e+04 2.653557282336721174e-18
4.999095471916604583e+04 2.235233586594386996e-17
4.999139004298378859e+04 4.254062791973415840e-19
4.999152432212634449e+04 2.960427637983989764e-20
4.999203074272517551e+04 4.678268475822402774e-20
4.999256781634747313e+04 4.771632926699939250e-19
4.999292440305163473e+04 4.258500854366154908e-20
4.999304136656253104e+04 1.255246048002341651e-17
4.999380799550943630e+04 8.105033776220316770e-21
4.999407049392602494e+04 2.473148201986113601e-19
4.999432762491704489e+04 3.540054637549575266e-19
4.999486082287697354e+04 6.544134610017981565e-19
4.999504288014614576e+04 1.612479971356727609e-17
4.999514020182056265e+04 2.093026207600298295e-17
4.999583883000299102e+04 2.051009840677635909e-19
4.999638802034390392e+04 1.160314642159275530e-18
4.999672020960005466e+04 3.282353872187309315e-16
4.999680368605184049e+04 1.311788913257050128e-23
4.999711330701070256e+04 5.774708171744104182e-19
4.999716758662957727e+04 2.529210238110687353e-20
4.999755264493257710e+04 1.817518376104624382e-19
4.999810270778834092e+04 2.316261355504803927e-19
4.999843368946950795e+04 5.089256885240217868e-19
4.999886524446481781e+04 2.507445440039368678e-16
4.999915272655161971e+04 1.515670416285838945e-17
4.999916949757245311e+04 1.342596163704650971e-17
4.999929436975375575e+04 2.429436921842979497e-18
4.999992975887238572e+04 2.745319030977214888e-19
5.000027304069779348e+04 1.095289327561382086e-18
5.000069268154948804e+04 6.591807234839544370e-19
5.000100219866159023e+04 2.902837332658001087e-16
5.000114733834597428e+04 4.043059743536027991e-18
5.000141559165262879e+04 1.491994553192555173e-18
5.000187740934616158e+04 3.847150285690326132e-19
5.000214509907757019e+04 4.069508089700108811e-19
5.000260558056969603e+04 6.605415850375719669e-20
5.000284691063268110e+04 7.087076061106891679e-20
5.000312863340541662e+04 6.963935531755594887e-16
5.000327967997424275e+04 3.587223902672484206e-18
5.000383328405327484e+04 7.031397133907511947e-19
5.000408152761595557e+04 9.416385899833586067e-20
5.000462931312301225e+04 1.063411816326696046e-18
5.000500850918468495e+04 9.848567127344969342e-18
5.000522922019924590e+04 3.049027442005001380e-19
5.000526563013996929e+04 9.228570862142041519e-18
5.000576753037126764e+04 6.719789658706999497e-20
5.000605457526055397e+04 2.426849498000316344e-18
5.000672246169948630e+04 5.484362002969519829e-17
5.000692721764570160e+04 7.134376823598241609e-18
5.000711661618759535e+04 1.081249085986389709e-18
5.000733011627660017e+04 6.321257338446758147e-17
5.000735815480712336e+04 4.634682197135435432e-16
5.000759150711695111e+04 1.302720777457233000e-17
5.000804808064287499e+04 6.052636887352206658e-18
5.000887539234889846e+04 9.638390019877153858e-15
5.000889648193430912e+04 1.199146518105926237e-16
5.000913264482460363e+04 2.237496832986887453e-17
5.000945640268681746e+04 1.260038570427430103e-16
5.000979839371219714e+04 1.692050831878907850e-18
5.001011260087083792e+04 7.950994428783794030e-19
5.001031966200453462e+04 6.651650697388299718e-18
5.001061689732550440e+04 2.444310928424196616e-18
5.001103056096274668e+04 1.314801357882072925e-14
5.001127825702144764e+04 2.860457448183173260e-19
5.001154794147762732e+04 1.171219626970919270e-16
5.001179360553244624e+04 4.078888931800466618e-17
5.001219609102218965e+04 5.054682688027448689e-19
5.001277866350944532e+04 4.088521845777946188e-19
5.001318504535756074e+04 3.632194742951712127e-20
5.001322633576753287e+04 6.704779868470144872e-17
5.001330193691073509e+04 3.588033184255618060e-18
5.001369557748756051e+04 1.307172513599824077e-17
5.001376918795941310e+04 2.641415603619963910e-16
5.001477108600936481e+04 8.088534999270834836e-19
5.001491191510837962e+04 5.090415817894079807e-21
5.001525543052880676e+04 3.385446608103160226e-16
5.001535429639064387e+04 9.083650110989977815e-15
5.001565362462199118e+04 7.912209124084280151e-17
5.001586264908505837e+04 1.389200434249093010e-17
5.001632911040564068e+04 2.316828492903402965e-17
5.001667707511458866e+04 1.389451943616321341e-22
5.001672421417391161e+04 1.301018403524848557e-13
5.001727398586156778e+04 3.961077770649049236e-17
5.001744830967931921e+04 2.956852026742159172e-17
5.001752594812009920e+04 4.091704429428895270e-15
5.001791167460136785e+04 5.789133812575776901e-18
5.001811514990910655e+04 1.070909748614083582e-16
5.001884475261998887e+04 1.465852632625401387e-16
5.001888621415495436e+04 1.051993577812918335e-13
5.001921338782230305e+04 2.440577579200347270e-17
5.001934180091178860e+04 1.169958288896830941e-17
5.001971069803999126e+04 1.479708309430593145e-15
5.001983832914030063e+04 1.026815057299209647e-16
5.002032135482589365e+04 1.239567702040979257e-16
5.002064406744977168e+04 6.018732259821066744e-17
5.002105403653794929e+04 6.331883715299173607e-18
5.002106895757693565e+04 1.433258073940148466e-14
5.002146769033536839e+04 2.790839347352526817e-17
5.002174708228000964e+04 2.793968348803546420e-16
5.002191205566922144e+04 7.523825709293051067e-15
5.002219592112598912e+04 5.955605786415310856e-16
5.002285534848336101e+04 4.751942170120008119e-17
5.002305924339892954e+04 2.975403836232107171e-17
5.002328214101615595e+04 1.970755382657609911e-13
5.002357477264996851e+04 1.102150374838813534e-16
5.002383403535340040e+04 5.374155214183561096e-18
5.002411865005097934e+04 1.885580700154498444e-15
5.002430688070954056e+04 5.631889470942551973e-19
5.002445282114492875e+04 7.327756118138911844e-17
5.002497955834522872e+04 5.110206870375671301e-17
5.002552970752469992e+04 7.760141735606948079e-14
5.002579205747811648e+04 1.572279336152490854e-19
5.002595750404568389e+04 7.080226709385313643e-18
5.002634993919474800e+04 1.667488859380514051e-15
5.002652115534774930e+04 5.904447880261581065e-16
5.002675488963653333e+04 1.353698146374184466e-13
5.002681691979071184e+04 2.133069545807828377e-16
5.002713127236020227e+04 9.419062978039253102e-18
5.002776957606642100e+04 5.381536528543389747e-16
5.002781082824273471e+04 3.137796264232702794e-14
5.002816959383726498e+04 5.153730366336569559e-16
5.002827571671231271e+04 2.692250444738998796e-16
5.002856269934390002e+04 3.066454785439613928e-15
5.002870751809335343e+04 7.292089579551847141e-15
5.002897308251982031e+04 3.213760007162063999e-12
5.002921655619648664e+04 2.220600278641571741e-16
5.002961131854006089e+04 2.774527842696691102e-17
5.003011689241928980e+04 1.708409873847944218e-13
5.003016811000055895e+04 2.910754805218165457e-14
5.003057070928776375e+04 2.399932985512041118e-15
5.003101553888736817e+04 1.670533446578819236e-15
5.003113065667943010e+04 2.067529904952808989e-14
5.003122519400509918e+04 5.720517075371655593e-12
5.003143496898568992e+04 1.462082099577554781e-16
5.003180298287649202e+04 9.208345130272490327e-17
5.003215047428216349e+04 1.528381123542364506e-15
5.003246359990555356e+04 7.211191027532201529e-14
5.003262225320737343e+04 4.010285161664630212e-17
5.003299229993507470e+04 1.663368134989610790e-17
5.003333575134444982e+04 5.490771920023958622e-16
5.003351609553099115e+04 1.940265909337531235e-12
5.003383536080181511e+04 2.345819226819812243e-15
5.003412845727913373e+04 1.435570166487870893e-15
5.003428013055017072e+04 1.155768858476960156e-16
5.003458535722098168e+04 5.905620259068929976e-18
5.003481579172393685e+04 2.538122733334912765e-14
5.003511004244521610e+04 2.251410806040089721e-15
5.003528609284991398e+04 1.562388847481406295e-15
5.003558576590534358e+04 4.963221962654454486e-15
5.003584593074600707e+04 3.420634618808015811e-13
5.003619570781741641e+04 1.353726043735336981e-16
5.003661274058239360e+04 2.222073735580884387e-15
5.003677460906343185e+04 2.436560600683953858e-11
5.003683608614285185e+04 1.507096127071538761e-15
5.003720623969809094e+04 1.394419627679662616e-13
5.003743121743163647e+04 1.903654400899486890e-15
5.003792376565477025e+04 5.746555452881869293e-17
5.003820792137132230e+04 3.471941456397798838e-12
5.003829050166886736e+04 1.064851138610202703e-13
5.003871137698461825e+04 1.803478164331728915e-15
5.003887054708172218e+04 4.973658344319017151e-16
5.003911144897586200e+04 6.488527867183748052e-13
5.003912164421125635e+04 2.770192786668215698e-11
5.003938167798632639e+04 5.470021179492503171e-15
5.003961994988250808e+04 1.966609781395513737e-14
5.004017000339190417e+04 5.363768814011421580e-17
5.004044086161159066e+04 2.023729992927575284e-16
5.004060625362715655e+04 1.368362325522635134e-12
5.004064767784807918e+04 1.082567577312768597e-15
5.004117356963591737e+04 1.293579902837103720e-14
5.004155998537498817e+04 9.210855806440798412e-13
5.004161886062692065e+04 2.852353019668199721e-15
5.004199652316206630e+04 5.770738214112977086e-15
5.004211667130744900e+04 7.306116608067892351e-14
5.004225413968208886e+04 7.116727637429328721e-16
5.004302520005036058e+04 9.223039550284944324e-13
5.004304243749150191e+04 4.331720012511823947e-15
5.004321633820277202e+04 8.038608374105814900e-16
5.004335088017144153e+04 4.833284555843389621e-15
5.004404395329616091e+04 1.397004323634692130e-13
5.004405542471521039e+04 2.197541367943561797e-11
5.004442053521409252e+04 1.039788179473773740e-13
5.004455254072728712e+04 8.288169135681633503e-15
5.004488277766416286e+04 6.754670535698722374e-16
5.004508629699868470e+04 6.524813309031961460e-14
5.004540994726987992e+04 6.353293819217888237e-14
5.004546860165693943e+04 5.740597623773743756e-12
5.004631585221561545e+04 4.840439333526334013e-14
5.004656946813526883e+04 7.574398730414481333e-14
5.004658755739047047e+04 4.122295877127502513e-11
5.004672679046705889e+04 4.053266389876147763e-14
5.004692846290781745e+04 9.074860503620358811e-16
5.004729979222953989e+04 3.052629453399166148e-14
5.004746675326194963e+04 3.488882958124956505e-10
5.004765063266349171e+04 2.395473551394432587e-14
5.004792664010421868e+04 2.206204788258489853e-12
5.004819477191899932e+04 9.676686674289600929e-14
5.004843599176807038e+04 1.363305517730959739e-18
5.004914106416065624e+04 3.750598127821735133e-13
5.004914495293348591e+04 3.824056966407855697e-12
5.004953750673349714e+04 4.649264646958173737e-13
5.004961947112926282e+04 3.175570962575147552e-15
5.004978164026729064e+04 7.172684611330880042e-14
5.005008044694824639e+04 1.406368128411632193e-09
5.005032124246360763e+04 7.883893881686908694e-14
5.005039086425209825e+04 3.087499138953990684e-12
5.005066037788081303e+04 9.020275928565337344e-14
5.005122741916556697e+04 5.491571805922695933e-14
5.005171995475955919e+04 3.437785567321476230e-11
5.005178371886052628e+04 1.060093122418863795e-13
5.005193980447600188e+04 7.617141423966841125e-13
5.005242166257408098e+04 1.184217795794084377e-12
5.005258514984854992e+04 3.248182384248080093e-16
5.005272470434104616e+04 2.482417549337041871e-09
5.005288371537464263e+04 2.936241693133134487e-11
5.005317614213746856e+04 4.122496229120861184e-14
5.005333623695476126e+04 3.073941975638114369e-16
5.005402202178214065e+04 9.307813284535480790e-13
5.005425675925237010e+04 3.721562463083635654e-13
5.005430865633834037e+04 1.257423880222373862e-10
5.005465320360426267e+04 1.568641176750114237e-14
5.005482491887868673e+04 1.602579506936287824e-12
5.005533142606312322e+04 1.919400758456696451e-12
5.005538661130782566e+04 2.268659262390421186e-09
5.005541170646298997e+04 3.889746996649061880e-11
5.005581411582454166e+04 1.153054049727920520e-12
5.005604628668508667e+04 7.770624609459121146e-14
5.005610666331964603e+04 7.290120299336451391e-15
5.005654101113643992e+04 2.342736182757897344e-15
5.005690627180044248e+04 9.384182230740208166e-11
5.005730901451190584e+04 3.294229655477942406e-13
5.005754555169009109e+04 1.421734397713888957e-10
5.005768901584965352e+04 1.587034291560134455e-12
5.005794257766364899e+04 9.890094327512796169e-13
5.005806661969478591e+04 9.673352330028551934e-10
5.005816636314221250e+04 6.379338812250778599e-13
5.005873914015657647e+04 1.051971098251377585e-13
5.005915588305274287e+04 5.008025642028871130e-14
5.005919086166322813e+04 6.738812405682075548e-14
5.005950953051619581e+04 2.092181323847582345e-13
5.005972760200803168e+04 6.914347125991334437e-13
5.006002459570569772e+04 2.123638260043304512e-12
5.006027978570465348e+04 3.827446162370307854e-13
5.006052894698871387e+04 4.636503696326381039e-12
5.006062276167293021e+04 1.266083403682070713e-09
5.006077830417183577e+04 8.928755746586783781e-12
5.006082647281628306e+04 9.712949784263624194e-10
5.006138200919290830e+04 6.865055295136537259e-14
5.006171960539004067e+04 1.024090183437471895e-12
5.006202490591221431e+04 2.280813586644898208e-13
5.006212242711147701e+04 1.695621926586831003e-10
5.006241219473662932e+04 1.655604462463819819e-11
5.006291960490959900e+04 5.255514979135051056e-11
5.006310800542165816e+04 1.228026475706631411e-13
5.006318172785562638e+04 3.456435252461483684e-11
5.006337235139449331e+04 3.287861411340344162e-09
5.006379476393691584e+04 4.833809936368190337e-09
5.006389000249122910e+04 1.006903005671150397e-11
5.006406103734784847e+04 8.889078330441903077e-12
5.006457819352921797e+04 2.547939848247279629e-11
5.006473819945081777e+04 6.403424720119664223e-10
5.006509260791344423e+04 8.775959708308709616e-11
5.006540410422533023e+04 2.827496159996482971e-11
5.006568463718305429e+04 7.702803289730247654e-11
5.006606283422638808e+04 6.090724685214630124e-09
5.006612605267958133e+04 2.715218388681989088e-12
5.006662510734429088e+04 4.194600251845994156e-11
5.006674489824254852e+04 8.483902124786831307e-09
5.006697318818786152e+04 1.278715625554494876e-11
5.006734204660224350e+04 1.194987909626254179e-09
5.006741607926920551e+04 2.543393730125386467e-11
5.006750805867925374e+04 5.370943755066718215e-12
5.006797871922727063e+04 1.042280620510971671e-11
5.006840567504413048e+04 6.562607581215296361e-11
5.006859158747926267e+04 1.283963896778720759e-10
5.006874951074970886e+04 6.826682498681967326e-09
5.006900816725721961e+04 1.990271698639212844e-10
5.006915308948258462e+04 3.766524693375540257e-11
5.006965310479692562e+04 8.622364001513243824e-09
5.006971455028650962e+04 1.315734549103834998e-11
5.006997755071293068e+04 1.016139309191188996e-09
5.007018043979971117e+04 9.570393659224041970e-11
5.007048355998201441e+04 1.141025739480280338e-10
5.007094081483277114e+04 1.811993583588570862e-11
5.007114062435185770e+04 4.625446103668897553e-10
5.007141303684424201e+04 4.876769694542007558e-11
5.007143905191639351e+04 5.199164918447108256e-09
5.007216107824604114e+04 2.717631533779150240e-12
5.007230697780416813e+04 3.133914738062531048e-10
5.007253611108744371e+04 6.072668143106384422e-09
5.007262142867636430e+04 5.377046793430829123e-10
5.007303973808423325e+04 1.769959915438527724e-10
5.007353097425852320e+04 9.314251930987759435e-12
5.007356284633186442e+04 3.005693188141118919e-10
5.007411886900530953e+04 2.983490305326937778e-09
5.007417859126598341e+04 3.171321149135277608e-10
5.007460385228425730e+04 4.449039043159653401e-11
5.007506497416068305e+04 1.377845941594838865e-11
5.007519032520961628e+04 3.733245609888722487e-10
5.007539502218203415e+04 9.438713942380951862e-10
5.007540862214506342e+04 2.545111973245561007e-09
5.007558185248413065e+04 1.252351021326473569e-10
5.007647074037196580e+04 6.672686847464210335e-11
5.007660121169795457e+04 2.152903786100263783e-10
5.007683585217173095e+04 1.539446581629378054e-09
5.007733959255937225e+04 1.123522856657244429e-10
5.007755435418576235e+04 1.113196871772694615e-11
5.007774857506575790e+04 1.720609921518771611e-10
5.007805732840086421e+04 2.515003516275011124e-11
5.007827372621851100e+04 1.532328023743863387e-09
5.007837101533053647e+04 2.721958058203252978e-11
5.007872230868918996e+04 6.854478692803954608e-11
5.007892653712191532e+04 1.210474416236297918e-10
5.007951140489913814e+04 7.831719040030624898e-10
5.007972272656999121e+04 7.773354718562269472e-12
5.007993328230734915e+04 1.620157112951287229e-11
5.008050574835016596e+04 4.646554938649805860e-11
5.008062487705804961e+04 1.294572170634058180e-11
5.008096652419872407e+04 6.654348497545632254e-11
5.008114366830216750e+04 6.969797477124289442e-10
5.008154410694244871e+04 6.224844264990645991e-11
5.008195392023131717e+04 7.960195243281988469e-12
5.008220804504460102e+04 2.579806789003018933e-10
5.008235855457069556e+04 6.391361268563356294e-11
5.008250590018850198e+04 1.073795279736960675e-12
5.008287563816781767e+04 1.005700126122111655e-11
5.008351159058776830e+04 6.706602751389018982e-11
5.008374964864392678e+04 6.141874271521201870e-12
5.008402075636849622e+04 2.920006939738166056e-10
5.008407353505562787e+04 1.290999171270966785e-12
5.008449503253452713e+04 8.939103959576650832e-13
5.008485375702994497e+04 1.508289832083253778e-11
5.008499545530793694e+04 1.308595436651439460e-10
5.008515498614828539e+04 4.754576080294152899e-12
5.008548460464466189e+04 1.933435127737209715e-13
5.008604698534325144e+04 2.097251571716848048e-11
5.008641589905893488e+04 1.489954905705697923e-12
5.008664971707294899e+04 2.384675898273382939e-15
5.008689517547120340e+04 1.137280472820564216e-10
5.008706534064348671e+04 9.116979787538947031e-12
5.008730633229530940e+04 2.455383165562573808e-11
5.008775667759573844e+04 3.547605272704549975e-11
5.008817213661671849e+04 4.214717620062768425e-12
5.008852058164086338e+04 6.034035074976078394e-12
5.008921223953412118e+04 1.704716638317661076e-12
5.008934940166163142e+04 4.337758702254638223e-12
5.008978610991976166e+04 5.424430906203011030e-11
5.008995167510088504e+04 1.127865126448373797e-12
5.009033858845655050e+04 7.427568156067682175e-12
5.009045400363410590e+04 5.335527835319281243e-12
5.009050993503219797e+04 5.684794945983158927e-12
5.009089923650908895e+04 1.305433662881245965e-12
5.009165666333587433e+04 2.073041765885134057e-14
5.009212608775826084e+04 4.189736712522736156e-12
5.009229159756514855e+04 1.093922375361797012e-12
5.009268051775057393e+04 2.118294327699893858e-11
5.009297554090433550e+04 2.551598804633576870e-12
5.009322921472068265e+04 4.114825614585517041e-12
5.009359055580262066e+04 1.779554449453473499e-13
5.009380871047206165e+04 1.451479248761509331e-14
5.009456334211404464e+04 1.189890228572686184e-12
5.009485004351902171e+04 1.125999219962439379e-12
5.009512833884703286e+04 8.960087792907353908e-14
5.009557667010504520e+04 8.460077570251300950e-12
5.009590083053921990e+04 1.162197672273435851e-13
5.009597605344330805e+04 6.666724438137726998e-13
5.009607790999245481e+04 6.305943080397299623e-13
5.009637525228758750e+04 8.669302264285123939e-13
5.009719373087143322e+04 1.919743790302900518e-13
5.009757779644234688e+04 1.123014230144877788e-13
5.009768071066172706e+04 2.266355272692443464e-13
5.009812502763322118e+04 1.023736572655454377e-13
5.009843604258426785e+04 1.958634394800901009e-15
5.009848906430426723e+04 3.309102227994816069e-12
5.009872849341257825e+04 3.295429245050378200e-13
5.009944047710743325e+04 1.668631097877219640e-13
5.009949849183563492e+04 7.545433709626986317e-14
5.009992802543209109e+04 3.626641296046908610e-16
5.010086366196157906e+04 1.961832581446335295e-13
5.010120221990180289e+04 1.103554670047612976e-13
5.010140009946396458e+04 9.203050339750359641e-13
5.010154652594652725e+04 1.692978844843217438e-13
5.010206344171615638e+04 2.921011657230117054e-19
5.010218238934098190e+04 9.081981282457638690e-17
5.010233345101967279e+04 1.302104902311134967e-15
5.010296051299646206e+04 1.032319572198616182e-14
5.010356271383715648e+04 1.144973834681744218e-13
5.010422773148794658e+04 1.635135361427564901e-17
5.010431659477823996e+04 2.037562150215552022e-13
5.010462248571730743e+04 8.892812692774835181e-14
5.010553777456544049e+04 3.349473090828987547e-14
5.010561385012159735e+04 7.385508489713498197e-17
5.010580615733510786e+04 9.289476143616142123e-19
5.010658144901020569e+04 1.706547885776295453e-14
5.010695542401801504e+04 5.623988551960704676e-15
5.010722259087922430e+04 3.310553065054698988e-16
5.010737426491780207e+04 4.333348844682182288e-14
5.010763115293388546e+04 2.148284253572894274e-14
5.010815878899284871e+04 3.463062940101554698e-17
5.010866660331584717e+04 2.582215020920581437e-15
5.010948959146360721e+04 2.877992295026179170e-15
5.010983701204869431e+04 3.732641901861740430e-15
5.011014334806445549e+04 2.137331423104492710e-18
5.011029648645417183e+04 1.245159100278074640e-14
5.011047057091917668e+04 2.669211531099284633e-16
5.011097532894479809e+04 8.059304346189546270e-16
5.011122298452179530e+04 5.987852959161705542e-17
5.011235519887887494e+04 5.417300212669618162e-16
5.011252985784320481e+04 4.698826769877189210e-16
5.011268325147874566e+04 2.870441068202851758e-16
5.011291037507130386e+04 9.098124287618739769e-16
5.011363664976345171e+04 1.187127810688606766e-15
5.011402543575755408e+04 1.805663538624844869e-17
5.011430688069064490e+04 2.194939213231533047e-17
5.011507402807340986e+04 1.008714843897218250e-16
5.011511841348780581e+04 1.912416705451147899e-17
5.011556903036325821e+04 9.675938358862985494e-17
5.011574005340264557e+04 5.412779459528425907e-18
5.011688489703700179e+04 1.088944088597212462e-16
5.011741008262390824e+04 8.702749396858598715e-18
5.011778881137462304e+04 6.863296605369943460e-18
5.011797541018672200e+04 1.068853652740323719e-17
5.011851025818676135e+04 4.753114306218841224e-18
5.011907969676523498e+04 2.815037382813441641e-17
5.011929761160459748e+04 2.035492168933376989e-18
5.012000404072484525e+04 1.874162614732501489e-20
5.012034382512977027e+04 3.144729606314178834e-18
5.012052060186230665e+04 1.384420798594553631e-20
5.012093122224773833e+04 3.523246067028121115e-18
5.012128818682108249e+04 2.441732330878893691e-18
5.012226858487763093e+04 5.048091426087696589e-19
5.012256676557554601e+04 5.046758633931826332e-19
5.012313986147812102e+04 1.669015753224667468e-18
5.012386873495082546e+04 2.534086644770880789e-18
5.012403627438403782e+04 4.454358274840507998e-18
5.012428989117528545e+04 2.304089145891770479e-18
5.012538268979722488e+04 1.714258959253202226e-18
5.012608693010932620e+04 4.547864518751963932e-18
5.012648557140387129e+04 7.296746209495690496e-19
5.012700150380544073e+04 7.808353670606249354e-20
5.012719520830444526e+04 1.541545812614543544e-19
5.012812021354404715e+04 1.741104311877683248e-21
5.012836499241536512e+04 1.551892104723150052e-19
5.012894619449592574e+04 5.065890791889411799e-20
5.012943496497480373e+04 1.520840807460734233e-18
5.012983386173690815e+04 6.517285328435935460e-19
5.013049089383949467e+04 5.215048201803117973e-21
5.013091509939118987e+04 9.235693789728142272e-20
5.013166251885794918e+04 3.503828399361058050e-21
5.013205431610346568e+04 1.598826556779394687e-20
5.013297141424538859e+04 1.208974704843960441e-19
5.013306737522078765e+04 1.510531355365548077e-20
5.013342065054867271e+04 1.936663547971421442e-20
5.013400948458468338e+04 4.902417626474463314e-20
5.013422480324957723e+04 5.104014790266585813e-20
5.013469568444695324e+04 2.872113125872084585e-20
5.013541622290311352e+04 1.854390929357993716e-21
5.013622278234939586e+04 6.797480455659113390e-21
5.013677558717558713e+04 2.780947905940468830e-22
5.013749550295074732e+04 9.199300433749667280e-22
5.013855222713659896e+04 2.181194626852883666e-21
5.013901413450002292e+04 2.831896393221079951e-22
5.014009933174181060e+04 1.867502255997811599e-22
5.014061446896628331e+04 1.340620610176701649e-22
5.014083856233477854e+04 9.930979944043570538e-23
5.014189071112750389e+04 6.160035866051427521e-23
5.014213571361263894e+04 6.183406177143777989e-22
5.014284953820596274e+04 9.049101227172287559e-22
5.014338171028373472e+04 3.812162987513176501e-22
5.014470038134984497e+04 2.503130329246320924e-22
5.014515153813335928e+04 7.605774921931399260e-24
5.014628806048526167e+04 1.542107511793404768e-23
5.014695818143624638e+04 0.000000000000000000e+00
5.014746116531596635e+04 2.147258772134299139e-24
5.014753310107719881e+04 2.700377832406990459e-22
5.014792570249229175e+04 2.763173900758737741e-23
5.014835453529071674e+04 1.299130077360750756e-22
5.014886809915368940e+04 0.000000000000000000e+00
5.015002861600226606e+04 4.285039238328655555e-24
5.015061701972712035e+04 0.000000000000000000e+00
5.015165266480048012e+04 0.000000000000000000e+00
5.015222271791069943e+04 3.738332768445400325e-23
5.015329529347771313e+04 0.000000000000000000e+00
5.015387337415211368e+04 2.027997042249542091e-24
5.015492584093405458e+04 0.000000000000000000e+00
5.015541655093602458e+04 0.000000000000000000e+00
5.015638575300516095e+04 0.000000000000000000e+00
5.015702012127383205e+04 0.000000000000000000e+00
5.015796592720789340e+04 0.000000000000000000e+00
5.015892923425335175e+04 0.000000000000000000e+00
5.016025768033703935e+04 0.000000000000000000e+00
5.016096613787642127e+04 0.000000000000000000e+00
5.016160417679016973e+04 0.000000000000000000e+00
5.016223289731857949e+04 0.000000000000000000e+00
5.016305074086452805e+04 0.000000000000000000e+00
5.016447927795091528e+04 0.000000000000000000e+00
5.016558183862554142e+04 0.000000000000000000e+00
5.016574090622083168e+04 0.000000000000000000e+00
5.016771737991206464e+04 0.000000000000000000e+00
5.016797959219729819e+04 0.000000000000000000e+00
5.016928245641577814e+04 0.000000000000000000e+00
5.016992864178968011e+04 0.000000000000000000e+00
5.017122290320833417e+04 0.000000000000000000e+00
5.017175044221609278e+04 0.000000000000000000e+00
5.017202245200111793e+04 0.000000000000000000e+00
5.017340870448423084e+04 0.000000000000000000e+00
5.017512216142249235e+04 0.000000000000000000e+00
5.017654340451776807e+04 0.000000000000000000e+00
5.017781338173483527e+04 0.000000000000000000e+00
5.017796986567856948e+04 0.000000000000000000e+00
5.017920751605794067e+04 0.000000000000000000e+00
5.017958005917349510e+04 0.000000000000000000e+00
5.018179442247396946e+04 0.000000000000000000e+00
5.018348387599970010e+04 0.000000000000000000e+00
5.018538091332347540e+04 0.000000000000000000e+00
5.018619699048943585e+04 0.000000000000000000e+00
5.018867922630385146e+04 0.000000000000000000e+00
5.018903381252015970e+04 0.000000000000000000e+00
5.019085825427001691e+04 0.000000000000000000e+00
5.019249078864598414e+04 0.000000000000000000e+00
5.019445748305906454e+04 0.000000000000000000e+00
5.019487804122592934e+04 0.000000000000000000e+00
5.019617886459118745e+04 0.000000000000000000e+00
5.019717838703571761e+04 0.000000000000000000e+00
5.019994015304328786e+04 0.000000000000000000e+00
5.020328004743524798e+04 0.000000000000000000e+00
5.020376022523007850e+04 0.000000000000000000e+00
5.020646693345682434e+04 0.000000000000000000e+00
5.020820642080662219e+04 0.000000000000000000e+00
5.021096558376346366e+04 0.000000000000000000e+00
5.021246565503081365e+04 0.000000000000000000e+00
5.021351762680020329e+04 0.000000000000000000e+00
5.021536274796519137e+04 0.000000000000000000e+00
5.021778486371905456e+04 0.000000000000000000e+00
5.021997130240135448e+04 0.000000000000000000e+00
5.022389256874423882e+04 0.000000000000000000e+00
5.022715163200152165e+04 0.000000000000000000e+00
5.022993647886586405e+04 0.000000000000000000e+00
5.023406438262030861e+04 0.000000000000000000e+00
5.023600443289249233e+04 0.000000000000000000e+00
5.023871811715463991e+04 0.000000000000000000e+00
5.024292145421299938e+04 0.000000000000000000e+00
5.025030231055798504e+04 0.000000000000000000e+00
5.025572036337299505e+04 0.000000000000000000e+00
5.025984678844678274e+04 0.000000000000000000e+00
5.026132398906360322e+04 0.000000000000000000e+00
