-5.004524485490690859e+04 2.086255958353455446e-22
-5.004521526729656762e+04 1.344086477617862005e-24
-5.003816350817722559e+04 1.985022102287052505e-18
-5.003813539881307224e+04 1.057695261826632082e-19
-5.003334687409696926e+04 1.279806673042062015e-15
-5.003332277704529406e+04 1.846822779907906843e-16
-5.003178038060491235e+04 1.841290878967001542e-14
-5.003058925213234033e+04 9.036771945183768262e-15
-5.003031892714528658e+04 9.107875247921823161e-14
-5.002993515353614202e+04 2.465257821246696000e-16
-5.002901171494746814e+04 3.703029449415355781e-14
-5.002809008140094375e+04 1.280075538595863187e-13
-5.002708964414330694e+04 1.480900086170756479e-17
-5.002598004688254878e+04 2.299940693802359982e-15
-5.002474161304789595e+04 4.730522987454709973e-14
-5.002342836344349780e+04 4.752932080265327178e-15
-5.002207144562118629e+04 1.164119811982908092e-14
-5.002148151942394907e+04 4.883927683342268688e-14
-5.002063031853987923e+04 4.046737250399869790e-14
-5.001943717695897067e+04 1.218189186621865403e-12
-5.001912565137239289e+04 3.487220327154000473e-14
-5.001766653131541534e+04 2.050860290750674124e-13
-5.001740934834226937e+04 3.535815101738634462e-12
-5.001617354701034492e+04 1.386542616896930912e-13
-5.001551938066042203e+04 5.072144503850316338e-13
-5.001468998569795076e+04 6.368280607158751353e-13
-5.001374177719414001e+04 4.516441178910606166e-12
-5.001324918947066908e+04 3.126266224216292826e-12
-5.001213696284436446e+04 3.103698138208215973e-12
-5.001186995559639035e+04 1.092436854578209721e-11
-5.001144790096887300e+04 8.053381652134602078e-12
-5.001129422496743791e+04 6.610659573261816846e-13
-5.001121799463492061e+04 7.281298144401097339e-14
-5.001082541114671039e+04 5.868333978093830751e-13
-5.001036859249597910e+04 9.798427603012258687e-14
-5.000982500207703561e+04 3.057570932035586917e-13
-5.000933677405433264e+04 5.860507623075548430e-12
-5.000927125839922519e+04 6.467782327471822528e-13
-5.000904608522623312e+04 1.533945906141214644e-12
-5.000887278407311533e+04 3.668285759720068398e-14
-5.000874888541602559e+04 1.260554820531448429e-12
-5.000834648303647555e+04 4.699576023569309695e-15
-5.000785992009768961e+04 2.645426642858911959e-14
-5.000729001734359917e+04 7.233155881865108643e-12
-5.000721597773204121e+04 1.455627909078458126e-11
-5.000704474979277438e+04 4.028514930856053907e-13
-5.000653500562025874e+04 1.534848354136732692e-13
-5.000622882508597831e+04 3.156780160026527109e-12
-5.000534944234686554e+04 1.176812661888381396e-11
-5.000519618956840714e+04 1.451663848547259301e-12
-5.000513607984206465e+04 2.576134345902564989e-10
-5.000445623786579381e+04 3.390530768918189419e-12
-5.000376367206990108e+04 1.587410101337914816e-12
-5.000326962797623128e+04 4.807601582403549975e-14
-5.000310481499630987e+04 1.473062917344478669e-10
-5.000289010695108300e+04 1.574752111263143989e-11
-5.000207784381803503e+04 1.943581944920519329e-12
-5.000144180329722440e+04 9.553932375795153155e-11
-5.000119581435844884e+04 2.789275527317153269e-12
-5.000106611909494677e+04 5.026903998393264470e-12
-5.000044961568948929e+04 9.260696247267271690e-13
-5.000003063572511019e+04 1.644517271581276328e-11
-4.999930993062950438e+04 1.761536011926497762e-09
-4.999910709091345052e+04 4.238635842400440122e-10
-4.999895743187560583e+04 5.117400914223951941e-13
-4.999849470892085083e+04 2.999831211003782183e-11
-4.999793494103530247e+04 1.841737937871115063e-13
-4.999719161880044703e+04 2.120367688924605272e-09
-4.999717500478407601e+04 1.222020888386216863e-09
-4.999667793223002809e+04 2.756088323470617430e-12
-4.999562299258435087e+04 9.748917309464407830e-11
-4.999536387504367303e+04 2.115121071407084982e-10
-4.999509827476199280e+04 1.656618569171708952e-10
-4.999505164506014262e+04 1.231827028295011423e-10
-4.999435396781541203e+04 4.335580740262436714e-12
-4.999339175328387500e+04 1.034200189845583600e-12
-4.999322745697023493e+04 1.257612503276554413e-10
-4.999295570236094500e+04 3.990140985735415863e-09
-4.999232317252908251e+04 2.535360581832332269e-12
-4.999182757301389938e+04 7.643919750665393359e-13
-4.999160319407186762e+04 6.618360893999746743e-12
-4.999144086636885913e+04 2.150851453038133803e-08
-4.999090378690975194e+04 5.697954735357823294e-09
-4.999079167829825747e+04 4.450732997927781581e-09
-4.998988853497892705e+04 6.515546305154278578e-10
-4.998930554208415560e+04 6.122493927196339092e-09
-4.998913402250625950e+04 7.947764255202485701e-14
-4.998878661224056850e+04 1.091504670882997441e-09
-4.998860832239674346e+04 2.820456665262910186e-10
-4.998823250758424547e+04 8.164528505049708995e-10
-4.998757161758980510e+04 1.632814452890972503e-10
-4.998726000616500096e+04 8.316884878057015092e-11
-4.998717146627994225e+04 2.732067102068493296e-08
-4.998672769877209066e+04 5.979711987050693519e-10
-4.998652192088753509e+04 5.451906238519357317e-12
-4.998573931917163281e+04 1.642130871946324696e-10
-4.998525399171304161e+04 1.786007378918956448e-10
-4.998504002492535074e+04 2.193260104424210823e-07
-4.998466466456717171e+04 3.345809681430928027e-09
-4.998450030349950976e+04 1.082377820593504103e-09
-4.998395874992394965e+04 2.683902763915553499e-12
-4.998360610779120907e+04 3.733588338331360992e-09
-4.998291255222369364e+04 1.370555049660394821e-08
-4.998269220662365115e+04 3.646367994452592917e-09
-4.998256511317726836e+04 6.590501163655645863e-09
-4.998214188881683367e+04 9.015198295447881084e-10
-4.998208165340748383e+04 3.113390804249771387e-10
-4.998144063596213527e+04 1.741266920829176988e-07
-4.998111351530020329e+04 6.172117576898326971e-12
-4.998079164528402907e+04 1.269046052888932693e-08
-4.998078050736807199e+04 9.728057893146874552e-09
-4.998060734093665815e+04 1.667669441555650122e-09
-4.997966585301197483e+04 4.816972604315582553e-11
-4.997930402854552085e+04 2.320591743776796207e-06
-4.997930120048323442e+04 1.006388019313942241e-07
-4.997881662641141884e+04 3.949429090698059330e-09
-4.997868992860850267e+04 1.405603213262962644e-07
-4.997865251028183411e+04 3.511922198483715366e-08
-4.997819448742394889e+04 2.744778806642381229e-09
-4.997772642740367155e+04 3.826517236766714194e-09
-4.997716569050957332e+04 2.088728587316196605e-06
-4.997711509625711187e+04 1.584252310946908405e-08
-4.997677638091699191e+04 8.679354873926916501e-09
-4.997663222707168461e+04 1.354430666975462617e-08
-4.997653596477527026e+04 8.986292973296583358e-10
-4.997599281951106241e+04 1.214898761188031610e-09
-4.997574824710819667e+04 1.217831421157519419e-10
-4.997503545443266194e+04 1.227670012893082188e-09
-4.997502391190914932e+04 1.301550983667166424e-07
-4.997477972873488761e+04 4.212692397413696356e-09
-4.997452829568081506e+04 5.629562253979237339e-12
-4.997442198244456085e+04 4.799443317344778683e-07
-4.997392125648333604e+04 6.115903071666203940e-11
-4.997293782063272374e+04 1.268591777941898048e-09
-4.997289105834771908e+04 1.626563245722540114e-07
-4.997287693446058256e+04 2.607709933000421787e-06
-4.997272693689588050e+04 3.444080829611583010e-10
-4.997230695445052697e+04 6.369739771453235826e-07
-4.997209723942924757e+04 6.552648478980858439e-10
-4.997143962460093462e+04 3.111608379061588271e-05
-4.997128818877389858e+04 5.749349125488075370e-09
-4.997119958001315536e+04 3.544523455267723068e-09
-4.997083524595054769e+04 9.200435644481516225e-09
-4.997072483506579010e+04 1.789245611699922725e-06
-4.997017144374710188e+04 6.140283390926815078e-08
-4.996994557702630118e+04 6.264725038604641812e-09
-4.996954980832558067e+04 3.233051222340542904e-11
-4.996929967634609784e+04 1.159210234127887402e-05
-4.996897878878949268e+04 2.029637148052258848e-12
-4.996856294895983592e+04 1.314652392987453454e-05
-4.996826760802809440e+04 5.049081280509493477e-08
-4.996802437778486637e+04 1.247151394641639106e-08
-4.996785267812070379e+04 7.220063296406264820e-10
-4.996722199834297498e+04 2.744882745107631607e-08
-4.996715104457060079e+04 5.797222344985094135e-05
-4.996688227501009533e+04 4.670613386327124799e-09
-4.996655713457147795e+04 5.884536905290126109e-08
-4.996638578779622185e+04 4.039557502795894644e-06
-4.996592812441923161e+04 2.290493237145826713e-10
-4.996586680215135857e+04 3.576429679355166107e-08
-4.996551676486601355e+04 1.637139853871861788e-09
-4.996498516329803533e+04 1.103968478200330556e-04
-4.996462718094412412e+04 1.495624183460031424e-09
-4.996420183719731722e+04 2.555233198766258137e-07
-4.996406073344817560e+04 2.604502040486106688e-10
-4.996372986099877016e+04 1.047894460553231755e-08
-4.996352173185363790e+04 2.080396692200892351e-08
-4.996279555748758867e+04 1.385202498725738533e-04
-4.996272374778153608e+04 1.406810555480268247e-07
-4.996240639744864893e+04 2.595156449412196426e-09
-4.996200814620552410e+04 2.472787691325737311e-06
-4.996189024456246261e+04 1.414706764698528545e-07
-4.996159267371470196e+04 8.625068590077598806e-08
-4.996141247625360847e+04 6.466925646829918073e-04
-4.996115739282155118e+04 5.244964450089572310e-09
-4.996075942460485385e+04 8.139669298052649397e-10
-4.996057897328357649e+04 9.926294707441070923e-06
-4.996040602253405086e+04 6.309060548776418615e-09
-4.995980873447246267e+04 1.967990078318030644e-06
-4.995957483954811323e+04 6.922248357474433429e-08
-4.995940188994915661e+04 1.992529619497343769e-07
-4.995920695810404141e+04 3.261799260458515554e-03
-4.995844708859404636e+04 1.524309567707742359e-11
-4.995833565032135084e+04 1.483680738840975025e-04
-4.995792235796937894e+04 1.105808713438701488e-07
-4.995780352425665478e+04 1.074047124693179559e-07
-4.995757918058634823e+04 1.376528838281467856e-06
-4.995722271746616752e+04 6.675999663699906137e-07
-4.995696683626571030e+04 2.770308486606760717e-04
-4.995642931354610482e+04 6.302983231679544614e-08
-4.995606698671548656e+04 1.263743803948480060e-04
-4.995577148178658535e+04 5.676551209817984518e-07
-4.995546724163703766e+04 2.818690107226339076e-06
-4.995525905634858645e+04 9.152292122764771894e-07
-4.995505177628852834e+04 2.792437498286876519e-06
-4.995470425039732072e+04 7.015562171612375495e-06
-4.995468965630600724e+04 6.202333989224238960e-03
-4.995450865512088785e+04 1.551239858423044968e-07
-4.995377354282546003e+04 3.330108174744018218e-05
-4.995336380383778305e+04 2.371696109280953055e-06
-4.995328281609601254e+04 1.877923754260366105e-06
-4.995287390777411201e+04 5.875210759928507193e-06
-4.995276808443843038e+04 2.413150330828653138e-07
-4.995237656025812612e+04 8.896635186418503857e-03
-4.995233147686236043e+04 7.034624228700891296e-08
-4.995146676780858979e+04 2.828815086142440986e-03
-4.995134751871685148e+04 5.037050628904674587e-01
-4.995132437536325597e+04 4.382346399791360245e-03
-4.995096387180713646e+04 5.297167769854813950e-07
-4.995082326824775373e+04 4.998977000461800156e-07
-4.995048745863146178e+04 4.485131682970599803e-06
-4.995002725588778412e+04 8.720696516867895709e-03
-4.994988798645202041e+04 1.086450986942273723e-05
-4.994928936927161703e+04 2.836823030191965391e-04
-4.994910877693381917e+04 1.330210219284342320e-02
-4.994900460403585021e+04 3.313385823387813844e-01
-4.994888604402194323e+04 1.306709366928769840e-04
-4.994881457628588396e+04 1.466949345567202889e-04
-4.994825990359504067e+04 2.019582349812671289e-06
-4.994780697541509289e+04 7.566319734378189723e-06
-4.994764092845586856e+04 4.841296118115048265e-03
-4.994724689828575356e+04 3.481693258821330954e-06
-4.994714667424117943e+04 4.517323457787290994e-05
-4.994675103749764821e+04 5.662990350332644529e-03
-4.994658944775343116e+04 8.423020380387268025e-02
-4.994622368916947016e+04 3.031177189159290510e-05
-4.994577636572718620e+04 1.894797923611351571e-07
-4.994560963060584618e+04 2.799985244511077367e-06
-4.994521905062632140e+04 1.323683700363392259e-03
-4.994478041601846053e+04 2.602715922967214842e-05
-4.994440445597398502e+04 6.854834044299388347e-04
-4.994412249870889354e+04 1.335871605264235366e-02
-4.994404560230064089e+04 2.249370639190550851e-03
-4.994394760305145610e+04 2.559453575959067941e-06
-4.994349956160765578e+04 1.374499874603557878e-06
-4.994292718278904795e+04 1.069757583916225000e-05
-4.994275506230057363e+04 1.756284515539824310e-04
-4.994268747570719279e+04 1.365811916680855055e-05
-4.994215223253083968e+04 1.472711311480070864e-05
-4.994193255550794129e+04 1.286385886730510983e-04
-4.994156782422253309e+04 2.116055063089636312e-03
-4.994128202931361011e+04 1.320559080884235642e-05
-4.994124445943947649e+04 3.438066188729343136e-06
-4.994091732208934991e+04 1.238393363535549429e-07
-4.994053731033713848e+04 4.306584801651607655e-10
-4.994028088546803338e+04 1.268039485933315146e-05
-4.994005369200481800e+04 1.987045370458641482e-06
-4.993955506798170245e+04 5.396615954525045429e-06
-4.993933592951756873e+04 5.213450286878881822e-06
-4.993897872856000322e+04 1.479065156081191647e-04
-4.993875285994487058e+04 4.303091165470550908e-06
-4.993827765759667818e+04 2.338772665668381499e-08
-4.993809722992328170e+04 4.547256606185383571e-10
-4.993775331893914699e+04 1.293095834811056405e-09
-4.993757119178847643e+04 5.296624941082615164e-10
-4.993725888615664735e+04 2.156325470209294087e-09
-4.993696886742495553e+04 1.472732729223640394e-08
-4.993660022736562678e+04 1.445760544612125312e-07
-4.993632465313471039e+04 1.152340757807968953e-06
-4.993608472348065698e+04 1.895803812628741671e-08
-4.993559911765781726e+04 4.672936064514903344e-08
-4.993519593645312125e+04 4.704431482128394282e-07
-4.993490191317641438e+04 1.784238808562747896e-07
-4.993446626687838580e+04 2.784737810109588617e-09
-4.993432557067379093e+04 1.138584836808207486e-07
-4.993369363839037396e+04 9.604929319572650056e-07
-4.993358239522945223e+04 2.346119718376367950e-07
-4.993313493077849125e+04 6.842125915142459701e-08
-4.993293366931320634e+04 2.935899767671721778e-10
-4.993255194808982924e+04 2.576789763397793851e-07
-4.993228368151633913e+04 2.514267324255246921e-09
-4.993193091591202392e+04 8.172264151585062664e-08
-4.993180692258177442e+04 1.158284101036660049e-08
-4.993113094749854645e+04 1.554640772917180773e-07
-4.993103008758886426e+04 3.863586443622012719e-07
-4.993084827879061777e+04 3.828383528008255097e-07
-4.993003773142431601e+04 4.093836072682007392e-08
-4.992975649982558389e+04 1.220034517310977036e-08
-4.992941580322243681e+04 1.960657940826162823e-08
-4.992890295613453782e+04 2.883768433876952203e-09
-4.992850397639477160e+04 4.073084413102577213e-08
-4.992831316665300255e+04 3.528250005109903262e-10
-4.992822685864590312e+04 1.484566640773648818e-07
-4.992798894870845106e+04 1.890390715190456789e-08
-4.992738276986096025e+04 3.429995270217003975e-09
-4.992692439056734293e+04 1.791703473479839314e-09
-4.992659964881545602e+04 1.795488680582080363e-10
-4.992606991675482277e+04 3.055797588415183935e-09
-4.992589972997379664e+04 3.082376976880602543e-11
-4.992548834964836715e+04 1.553910789022771210e-08
-4.992518923163034196e+04 2.807165721272095857e-11
-4.992506264077793458e+04 3.541924893070325145e-10
-4.992465925045646145e+04 7.140046276682107727e-11
-4.992444419808042585e+04 2.951493706701456414e-11
-4.992398365850791015e+04 1.608485378565585599e-11
-4.992346106212474842e+04 5.110039881250737229e-11
-4.992320006999009638e+04 7.068703717848731921e-11
-4.992278685682398645e+04 1.143059328900232764e-10
-4.992260300956870196e+04 2.913084793492885854e-12
-4.992220127134201903e+04 3.278174403571195654e-12
-4.992185308221456944e+04 2.073926823747903700e-10
-4.992145076173786947e+04 4.998604861115126086e-11
-4.992089278523044050e+04 3.904361484425504268e-11
-4.992074841929227841e+04 8.890502322233607191e-13
-4.991995435247327259e+04 2.237885491951841412e-10
-4.991946175492796465e+04 8.581002001467847256e-11
-4.991918506375964353e+04 1.808256032179103140e-11
-4.991896060509581002e+04 4.454563620255211577e-11
-4.991834828886413743e+04 4.229840931102103268e-11
-4.991803884233815916e+04 1.059580887734896799e-12
-4.991721012385692302e+04 1.282330008348750266e-10
-4.991707262202451966e+04 1.322965899866609313e-11
-4.991678622927657852e+04 3.055401831557912948e-11
-4.991640396254925145e+04 9.929210800453559845e-12
-4.991600711978168692e+04 8.703887202053268654e-12
-4.991568687385723752e+04 4.919989709264440379e-12
-4.991493889629140904e+04 2.524159124196452456e-14
-4.991448233016835729e+04 2.406150221533860081e-11
-4.991424277220508520e+04 8.853767993260445190e-12
-4.991387269085386652e+04 1.325154985797749253e-12
-4.991347901821907726e+04 8.926297394423804799e-13
-4.991324014490366244e+04 1.861224117398442894e-13
-4.991302648692084040e+04 3.970190434277682520e-15
-4.991279082519577787e+04 6.213061210026346344e-13
-4.991218921435683296e+04 1.628959343550986434e-15
-4.991170263039520796e+04 2.347896685550048356e-12
-4.991114340478242957e+04 2.858538123817399491e-14
-4.991037793826521374e+04 2.960026213950157393e-14
-4.991016545516929909e+04 5.539506214388111844e-14
-4.990969108982662874e+04 3.951134949744639678e-16
-4.990949270184525813e+04 4.649383266817366741e-15
-4.990912856049138645e+04 6.521813257631124431e-15
-4.990895358380170364e+04 1.459140956278735892e-16
-4.990834346728613309e+04 8.005370235935681285e-14
-4.990775399738928536e+04 5.407502777289963084e-14
-4.990740925843545119e+04 3.484317957454927247e-14
-4.990645295612842165e+04 5.238495188866180459e-14
-4.990598203483987163e+04 2.409970442576715294e-14
-4.990551083707602811e+04 6.876213558378172262e-14
-4.990505792482937977e+04 1.024214064478781840e-15
-4.990462223221048043e+04 4.610830220311410241e-14
-4.990402115948088613e+04 1.020431703735037434e-17
-4.990362435003172868e+04 1.196355580598010116e-14
-4.990289972813759232e+04 2.706330826798811072e-14
-4.990279376753926044e+04 2.943914684693342245e-15
-4.990237192996571684e+04 2.873724200994380191e-16
-4.990210602792877035e+04 1.009711936061339195e-16
-4.990169402469500346e+04 7.397888546387700463e-15
-4.990143670087585633e+04 1.215379037094301079e-15
-4.990045044480766956e+04 2.470610721916391625e-15
-4.990036412885167374e+04 2.018028197231011946e-15
-4.989991643356128770e+04 3.049412517361366694e-17
-4.989958280734836444e+04 3.801185295523351628e-16
-4.989940366698005528e+04 4.212047471233932719e-16
-4.989916583368478314e+04 5.112510037624282610e-18
-4.989830799331448361e+04 3.643500612815632447e-16
-4.989732370120251289e+04 5.491985180334852802e-19
-4.989715651877845085e+04 2.052352697897774834e-17
-4.989634643893338944e+04 8.120363709906012992e-17
-4.989575807945215638e+04 1.213074129642526853e-17
-4.989543081644157064e+04 3.363284535777757241e-19
-4.989504935299097997e+04 1.226488466301269226e-18
-4.989453897847823828e+04 2.718470102401291456e-17
-4.989426875696088973e+04 5.008923944409821162e-17
-4.989336025604180031e+04 6.807252078659798830e-17
-4.989230433871535206e+04 2.977899375697957905e-20
-4.989192405709846935e+04 2.513608134607390301e-17
-4.989138038806043915e+04 2.758753913608987067e-17
-4.989099329606378160e+04 1.615026383656284396e-19
-4.989062019388189947e+04 1.294066001602276059e-17
-4.988993253630632535e+04 3.636893253329291252e-18
-4.988946129533814383e+04 1.370750248831813787e-17
-4.988908547983303288e+04 7.179419925487298259e-19
-4.988890212114983296e+04 1.382117045541302642e-18
-4.988784598857354285e+04 1.275351976055525968e-20
-4.988709412167296250e+04 3.982244345072449188e-19
-4.988683509736275300e+04 1.943970978448676867e-18
-4.988614360593466699e+04 1.960519003145054100e-19
-4.988524388651394111e+04 5.144536474569694014e-20
-4.988501972616352577e+04 6.165679935559631327e-21
-4.988463782754018030e+04 9.939275160041351041e-21
-4.988390244037602679e+04 6.620196596849696661e-21
-4.988300182140351535e+04 3.591927074744741157e-20
-4.988251788724876678e+04 5.509359569276629044e-21
-4.988201809902297828e+04 4.144562281225623020e-22
-4.988180435061222670e+04 8.275287248185884684e-20
-4.988018151416822366e+04 6.198003505362321735e-21
-4.987988743840401730e+04 5.211900059082989232e-20
-4.987909559561483184e+04 1.236497653594202223e-20
-4.987891973672997847e+04 1.073133202435238144e-20
-4.987855773327895440e+04 2.120468650748064404e-20
-4.987781027540360810e+04 1.032805970405018591e-20
-4.987633357357013301e+04 2.890122048263554914e-21
-4.987604457308738347e+04 4.376570067114224964e-21
-4.987473110341293068e+04 1.033323557675134722e-21
-4.987464137474961899e+04 1.791900554067567101e-21
-4.987398967736300256e+04 3.846214477283334832e-22
-4.987342582114585093e+04 1.452482863192047289e-23
-4.987210268102331611e+04 1.912014037397219785e-23
-4.987124169497007824e+04 2.240153132796307511e-23
-4.987057149951394968e+04 1.728991256161133984e-23
-4.987047715101378708e+04 2.049217554682878083e-23
-4.987011907798536413e+04 4.159604343242662088e-23
-4.986871070004580542e+04 2.738628375072185028e-24
-4.986817519055333105e+04 8.990472567471543641e-24
-4.986738172820345790e+04 1.983503615598680268e-23
-4.986699004043848981e+04 7.295462176242981316e-23
-4.986649487217321439e+04 3.126738539342590600e-23
-4.986519140859037725e+04 8.200618549454521113e-24
-4.986487969121904462e+04 0.000000000000000000e+00
-4.986322425902591203e+04 0.000000000000000000e+00
-4.986299982603598619e+04 1.001180065108322919e-23
-4.986099089977172116e+04 0.000000000000000000e+00
-4.986066796671226621e+04 0.000000000000000000e+00
-4.985975424554612982e+04 0.000000000000000000e+00
-4.985907536134966358e+04 0.000000000000000000e+00
-4.985792720851469494e+04 0.000000000000000000e+00
-4.985752468380660139e+04 0.000000000000000000e+00
-4.985669461554214649e+04 0.000000000000000000e+00
-4.985565224182068050e+04 0.000000000000000000e+00
-4.985515757431928068e+04 0.000000000000000000e+00
-4.985390526377587958e+04 0.000000000000000000e+00
-4.985224033544994745e+04 0.000000000000000000e+00
-4.985137677222137427e+04 0.000000000000000000e+00
-4.984967384856055287e+04 0.000000000000000000e+00
-4.984927848623835598e+04 0.000000000000000000e+00
-4.984766219937377173e+04 0.000000000000000000e+00
-4.984738180879726133e+04 0.000000000000000000e+00
-4.984614801564413210e+04 0.000000000000000000e+00
-4.984371230270659726e+04 0.000000000000000000e+00
-4.984301498056975106e+04 0.000000000000000000e+00
-4.984232180885186244e+04 0.000000000000000000e+00
-4.984070542599811597e+04 0.000000000000000000e+00
-4.983957151580808568e+04 0.000000000000000000e+00
-4.983862337110743829e+04 0.000000000000000000e+00
-4.983637669945469679e+04 0.000000000000000000e+00
-4.983537091244820476e+04 0.000000000000000000e+00
-4.983044560915246257e+04 0.000000000000000000e+00
-4.982988576095990720e+04 0.000000000000000000e+00
-4.982710791953713488e+04 0.000000000000000000e+00
-4.982603219281426573e+04 0.000000000000000000e+00
-4.982542320212203776e+04 0.000000000000000000e+00
-4.982188909951109963e+04 0.000000000000000000e+00
-4.981893993013821455e+04 0.000000000000000000e+00
-4.981801328045134142e+04 0.000000000000000000e+00
-4.981474082340952737e+04 0.000000000000000000e+00
-4.980834019324459223e+04 0.000000000000000000e+00
-4.980768390712179098e+04 0.000000000000000000e+00
-4.979567547383256897e+04 0.000000000000000000e+00
-4.979514518951550417e+04 0.000000000000000000e+00
4.995491473172798578e+04 0.000000000000000000e+00
4.995494600653550151e+04 0.000000000000000000e+00
4.996197682504652039e+04 3.192139315727404233e-24
4.996200644869581447e+04 1.235661241456181085e-23
4.996677368899678549e+04 3.349056198033468390e-21
4.996679897302508471e+04 7.889557674692070378e-21
4.996823843539767404e+04 4.308885397446485437e-22
4.996946315247672464e+04 8.921386287705795524e-19
4.996976520422054455e+04 2.723687599208994248e-19
4.997013565694276622e+04 1.915302731639089865e-21
4.997104612454728340e+04 8.283893940869892314e-19
4.997197302997337829e+04 1.566570614722719264e-22
4.997297626883332123e+04 1.701072547616523316e-19
4.997408352878676669e+04 6.282433062263078328e-20
4.997532042248807556e+04 1.964879960549122514e-23
4.997663517895709083e+04 3.020961297843801737e-19
4.997799012521232362e+04 4.053233697879683093e-22
4.997854945248839795e+04 1.906529209648419433e-18
4.997942828533068678e+04 4.990776237174138447e-21
4.998060681911328720e+04 3.460092032151849509e-18
4.998093276849238464e+04 1.027344000290385370e-18
4.998239498701145203e+04 2.112107603660290420e-19
4.998264392193917593e+04 9.938575088572290459e-19
4.998388618560299074e+04 2.646063759289807154e-18
4.998454470532680716e+04 3.692634777377917651e-17
4.998536831568482012e+04 9.331160508740286196e-18
4.998633104739952250e+04 5.238406076360438577e-17
4.998681364072654833e+04 2.033566516756238756e-17
4.998793463522228558e+04 2.600668680400084039e-18
4.998821187732591352e+04 8.735907138755477432e-19
4.998858477832292556e+04 5.514221186830611325e-18
4.998882277447151137e+04 1.089566972549217299e-19
4.998890531388430827e+04 3.279000778941503230e-19
4.998926080608159828e+04 3.814776569968086866e-19
4.998973349547233374e+04 3.727651998210220961e-17
4.999026297143068223e+04 2.194444087875511291e-19
4.999071250837649131e+04 2.088257460285897046e-16
4.999082138017332181e+04 5.161354840070646213e-18
4.999111358184125856e+04 1.504770963459916194e-19
4.999144364771379333e+04 2.848634080438894378e-20
4.999153379665550165e+04 1.691663097647377780e-18
4.999175506520856288e+04 1.624052857087491551e-19
4.999230437173166865e+04 2.802532103844542988e-20
4.999280920461719506e+04 5.704071898875739565e-16
4.999286269198771333e+04 2.583376363375616423e-16
4.999310959007567726e+04 1.918395428647738754e-18
4.999358907595656638e+04 1.370933888040456619e-17
4.999396921276395733e+04 1.370690210745806361e-17
4.999480930206138873e+04 9.454799061467970990e-17
4.999490329602375277e+04 5.592920669980167051e-17
4.999497475946503255e+04 1.352602230376470281e-16
4.999571737990947440e+04 1.428445449250252576e-18
4.999634334909639438e+04 1.415208533923052089e-17
4.999690389359943947e+04 2.219812746110144154e-16
4.999699535201666004e+04 1.818896725290571916e-16
4.999720532782284135e+04 4.779971678167944820e-18
4.999808886886974506e+04 4.459359707830585526e-17
4.999859112641138199e+04 2.835675862203521140e-15
4.999893932873489393e+04 6.804686454648798126e-16
4.999905084144416469e+04 7.997121292870807061e-16
4.999969035582424840e+04 6.275039874726010957e-19
5.000009883023115981e+04 7.624357037176685403e-17
5.000073867586725100e+04 3.584086758005402296e-15
5.000100135574095475e+04 5.135235098795040303e-16
5.000118487459908647e+04 2.323369093245604028e-17
5.000162759066348372e+04 1.078284701698387436e-17
5.000221521536217188e+04 9.292740372114647245e-18
5.000287953407068562e+04 1.963118682987836394e-15
5.000293870950741257e+04 1.806735538038417944e-15
5.000348535551974783e+04 3.091969759966548343e-18
5.000449522468307987e+04 1.248684645940152321e-17
5.000476524587909080e+04 1.532897603574076236e-16
5.000500848410483741e+04 1.825077422243921213e-14
5.000508202614424954e+04 1.309777503115376796e-15
5.000577057942420652e+04 9.232031106546989863e-18
5.000674329901646706e+04 1.156266259906010462e-16
5.000691154087265022e+04 2.381312434235236617e-16
5.000713902504921134e+04 3.198284902831557332e-14
5.000781915094747092e+04 3.196334015136755330e-16
5.000829590673041093e+04 2.189274031583901785e-16
5.000855655386101716e+04 9.261676848124104967e-16
5.000859213185560657e+04 7.421898135634848144e-15
5.000921875110165274e+04 4.275788587852529971e-15
5.000935360113634670e+04 8.807329774793584405e-16
5.001028417847784294e+04 8.710976485167609711e-16
5.001074328719993355e+04 2.021230452220993090e-13
5.001102583092280838e+04 9.713059797481376760e-17
5.001133606716829672e+04 8.062531246742221649e-15
5.001151399230539391e+04 9.720889391297195315e-17
5.001195050393452402e+04 9.496326728582267885e-16
5.001259525791082706e+04 1.015298763404308901e-15
5.001287875700445875e+04 2.581594454416671157e-14
5.001289400289624609e+04 4.569403321590221765e-13
5.001340335159069218e+04 3.787087264926554163e-15
5.001366573695334228e+04 1.570723758015602964e-15
5.001441150765934435e+04 1.542889787322475876e-15
5.001494228029845544e+04 8.090035266962491157e-15
5.001504048530862929e+04 2.402270540011382973e-14
5.001548945631999231e+04 7.690258179454445672e-16
5.001565167029014992e+04 4.696768225808883940e-17
5.001622589466406498e+04 8.269234387232680744e-16
5.001656943082972430e+04 5.843422834421794768e-17
5.001718288383088657e+04 3.021006874630126858e-13
5.001748450000215234e+04 2.916173972000689275e-14
5.001761591890111595e+04 4.575996507165751395e-15
5.001801466596675891e+04 7.922254183660971461e-15
5.001811436089832569e+04 1.890756715254949374e-15
5.001859234466762427e+04 4.172333771094961928e-12
5.001913019014478778e+04 1.934330534929395292e-15
5.001932367820479703e+04 8.753752100722028292e-14
5.001939972824369033e+04 4.410761003830922066e-15
5.001956017507999786e+04 9.946496296470292605e-14
5.002056439708721882e+04 2.359474515727618512e-15
5.002074498067890090e+04 2.507265254670889963e-12
5.002093418883009872e+04 8.115018269533077460e-17
5.002134311256460933e+04 4.695551938568887193e-15
5.002145135901511821e+04 4.890323331093825091e-14
5.002151671469811845e+04 6.980308100767988009e-14
5.002208182579607819e+04 1.854839023477497821e-15
5.002245350156900531e+04 1.065431600711638864e-15
5.002289911604560621e+04 3.301254210071108433e-12
5.002313634595505573e+04 9.779634985990497508e-15
5.002343030701373209e+04 2.002556995868594324e-15
5.002356189537206228e+04 5.962273126554251757e-13
5.002362250951892202e+04 7.304135112015192211e-13
5.002421959799567412e+04 8.034706443467213881e-15
5.002451508947100956e+04 3.786814677984485672e-16
5.002505603844582947e+04 3.667061491261379246e-12
5.002519021197345137e+04 5.098401224132668686e-15
5.002542892760978430e+04 6.795031088672216557e-14
5.002573049338382407e+04 7.952913870805476672e-13
5.002574122758619342e+04 6.529350582019376494e-14
5.002637211907817255e+04 2.901697656292666355e-15
5.002721724207359512e+04 4.487168800210688180e-12
5.002729501905512006e+04 4.606696163818671716e-15
5.002731881023325695e+04 1.051016374939619728e-15
5.002752362372140487e+04 7.099656256081799434e-15
5.002785977457708941e+04 8.521904332092655500e-17
5.002812049776947970e+04 2.265031962093117860e-15
5.002859328433982591e+04 8.360872388805637410e-12
5.002896289034856454e+04 9.826649506550553965e-15
5.002908806171266042e+04 4.577226510188600931e-17
5.002938656851759879e+04 1.392746897635739939e-11
5.002942083331461617e+04 1.014725742906137189e-14
5.003000765471335035e+04 3.133807836392419010e-13
5.003031149635900510e+04 2.415323030718105817e-15
5.003069827062774857e+04 1.184068047195473941e-16
5.003074889096918923e+04 1.286568404164611752e-10
5.003127029277458496e+04 8.923007964869158136e-15
5.003156369300926599e+04 3.970544693627185031e-13
5.003200214752353349e+04 3.736282903249586273e-14
5.003217523650410294e+04 3.117565224619961585e-13
5.003239720190098160e+04 6.375573608473447377e-15
5.003291297405247315e+04 1.099146073762569975e-10
5.003303658458736754e+04 1.465154823620709517e-15
5.003333070635683544e+04 4.731811487725206375e-15
5.003371036261364497e+04 1.007122306848948004e-12
5.003376145922028081e+04 5.910494726560251752e-12
5.003433328796632122e+04 1.832649654326967972e-13
5.003436217181563552e+04 4.875206570985006257e-16
5.003473262070707278e+04 2.445035437772688961e-14
5.003509438319050969e+04 2.862322165956649305e-11
5.003562131911519100e+04 6.055240965154622243e-16
5.003595405100006610e+04 1.276897250675335586e-11
5.003616940003047057e+04 6.563227819346701049e-16
5.003648940706117719e+04 2.111578575742742871e-13
5.003673031267405895e+04 7.236894933524594080e-15
5.003729965488158632e+04 1.251502648355575476e-10
5.003753021382804582e+04 1.081580162086107329e-14
5.003785604435871937e+04 3.644230490560994217e-14
5.003816559091814997e+04 8.132710302229537063e-12
5.003834997739995742e+04 2.803250541479381942e-14
5.003862035617428046e+04 5.387955071793298858e-09
5.003863170555545366e+04 4.177555396326729596e-12
5.003913438372314704e+04 5.094655247317396988e-14
5.003949258907325566e+04 2.712698811269202569e-12
5.003953242460488400e+04 3.270203716313461321e-10
5.003983732359912392e+04 9.178337893302374831e-15
5.004038006037746527e+04 4.044547274255998103e-12
5.004069366071376135e+04 2.822423114282488678e-13
5.004084149980438087e+04 7.898353110150581742e-10
5.004084797357884963e+04 6.679498022921733989e-13
5.004179021723000915e+04 6.789903303676082108e-11
5.004179238238070684e+04 1.422595756135435661e-10
5.004235736060188356e+04 1.608052954078600647e-13
5.004248486566674546e+04 2.227842258296034140e-13
5.004262306698523025e+04 3.530612391704568144e-12
5.004301709860961273e+04 3.181751733657034431e-12
5.004309661067835987e+04 5.199468363923305414e-09
5.004386235586312978e+04 1.083878778041812811e-13
5.004407750888590090e+04 6.492844182163564662e-11
5.004450438155192387e+04 1.719785116863973521e-13
5.004476770650332037e+04 2.713686809939133742e-12
5.004498723958845221e+04 7.513370028828458989e-13
5.004519457825530844e+04 3.351125011769729198e-12
5.004538844519514532e+04 4.145195872340732663e-09
5.004557745038303256e+04 1.278819004841968366e-14
5.004579082854627632e+04 6.964343241784001451e-14
5.004638806753894460e+04 1.746759184823965601e-11
5.004688771542174800e+04 1.052199578709928127e-12
5.004699947648574016e+04 4.497933648474942177e-13
5.004737311462457001e+04 2.112142495919405103e-12
5.004748159815542022e+04 5.845230654633294779e-14
5.004771631655428064e+04 1.373858127199073588e-09
5.004795341755062691e+04 4.526995235030717287e-14
5.004866957373094192e+04 3.154085434490619538e-09
5.004871985808672616e+04 6.580898711558217334e-11
5.004895759834507771e+04 1.449038106971530373e-13
5.004929640996363014e+04 3.709239027497048443e-13
5.004946108480354451e+04 1.121514652932732933e-13
5.004976384551147203e+04 6.427812308924566504e-13
5.005008080137350044e+04 3.502361754516190489e-10
5.005041584876828711e+04 2.731377221432987206e-13
5.005099273393079056e+04 5.452913166516804891e-10
5.005102461719823623e+04 1.760425828910244058e-09
5.005111757517261867e+04 5.853408674252221535e-11
5.005145564263958659e+04 2.155731240825571533e-15
5.005146419500822958e+04 1.598547162910675653e-14
5.005200893618647387e+04 2.772947294464213071e-13
5.005247864400738035e+04 8.843321545316726658e-11
5.005250747323278483e+04 1.455192152151067846e-11
5.005303390975352522e+04 3.902610426488945738e-14
5.005315864841865550e+04 7.071682445406198765e-13
5.005341920211938123e+04 1.326519327863799088e-10
5.005350789781600906e+04 3.478251063777224961e-11
5.005407881812572305e+04 2.618082640910643489e-14
5.005452201251112274e+04 4.625271518999162269e-14
5.005470179058665235e+04 2.204026948721514721e-13
5.005492265710949141e+04 2.540714532194679736e-11
5.005555660090500169e+04 1.982892364808754638e-13
5.005582645184150897e+04 5.081176815189287503e-12
5.005596356171403750e+04 1.047240410353648028e-11
5.005623798429954331e+04 1.512616323173164026e-14
5.005636330509674735e+04 1.299162880361226850e-14
5.005679684133717819e+04 1.266659922244596551e-14
5.005737334236528841e+04 5.904230098801409065e-12
5.005746091481023905e+04 2.444819535559234165e-12
5.005769036498155037e+04 3.972711559125490903e-14
5.005816448646318167e+04 1.009633757311887616e-12
5.005831704613805050e+04 6.095577661054531391e-12
5.005852434860239737e+04 2.698055703723768903e-11
5.005902692840162490e+04 4.078706160025581918e-14
5.005909331689833198e+04 2.545281219986667297e-14
5.005939821644881158e+04 5.194870612341128375e-15
5.005972247223083832e+04 1.088597653712243744e-14
5.005990200752471719e+04 4.210995069632837903e-12
5.006027719344746583e+04 3.049431710814151428e-13
5.006072935232766758e+04 2.059885369340634799e-12
5.006100505202396744e+04 2.982233477459039024e-12
5.006113509193558275e+04 1.739036024222362697e-11
5.006154131412758579e+04 1.409921493311793566e-13
5.006205381053421297e+04 1.441121481342444446e-14
5.006224336827867228e+04 1.202391799095878028e-13
5.006246396893346537e+04 1.328104441718920111e-12
5.006277028509663069e+04 2.200325173413096560e-14
5.006304788038643164e+04 3.720682992388752695e-13
5.006336091725675215e+04 3.548039219252761678e-13
5.006370251456617552e+04 4.364203923911453909e-12
5.006385220243652293e+04 3.320841148047196283e-12
5.006424008277403482e+04 1.598072952756694602e-14
5.006474207814885449e+04 3.342507037032810791e-14
5.006504767661941150e+04 2.306042477527920853e-13
5.006543568531176425e+04 6.725291610418639585e-14
5.006592382904825354e+04 2.932464903964533516e-15
5.006598667127195949e+04 2.350305665733378160e-13
5.006646660881720163e+04 1.944074246733073440e-12
5.006674061095778598e+04 5.732974254108652587e-14
5.006722685277470737e+04 1.202522234920775228e-14
5.006747602443650248e+04 3.244380965241521401e-16
5.006769544743798178e+04 2.412483580614558867e-14
5.006813821177116188e+04 7.315129501755127653e-16
5.006837674576761492e+04 1.983542632099138400e-14
5.006851140699351527e+04 4.183489529470354598e-15
5.006912575530464528e+04 2.123580854129981189e-13
5.006927062830732029e+04 6.893248483410549582e-14
5.006948912729875883e+04 1.482668299092387998e-14
5.007024442352791084e+04 1.728956480248823999e-17
5.007061968602193519e+04 2.392999124833034720e-18
5.007094671408419526e+04 6.752843650464813637e-16
5.007148717720396235e+04 1.519198560632091147e-16
5.007182155224411690e+04 6.837123554886293891e-15
5.007201336911952239e+04 4.219808906064459354e-15
5.007205361441230343e+04 7.457632491716829543e-16
5.007232880558037141e+04 2.743548870957177515e-18
5.007291436400372186e+04 1.202072663762475185e-15
5.007337808748905809e+04 5.274268336029587447e-16
5.007383025192274363e+04 5.936960138019173188e-17
5.007425558814512624e+04 9.486877631794467583e-17
5.007447923357346008e+04 1.517484814304639281e-17
5.007474049587776972e+04 6.508449329512330136e-16
5.007519106186754652e+04 2.209771554616896583e-17
5.007526763977554947e+04 4.828075423419150345e-16
5.007578151204997266e+04 4.776337927429732045e-17
5.007585383877970889e+04 7.385463202800178262e-16
5.007641202431113925e+04 7.750212190895435046e-17
5.007687508659729792e+04 3.356352176469086199e-16
5.007717287699365988e+04 4.069003786060938574e-17
5.007750766531272529e+04 1.360276294833632947e-15
5.007769929167412920e+04 4.756157484844054248e-16
5.007821512257991708e+04 1.694695639013458184e-17
5.007845641003569472e+04 2.148004706399558647e-16
5.007898788700922887e+04 6.493003154464792606e-17
5.007947121806803625e+04 7.841670002750620201e-17
5.007963495313902968e+04 6.363098236157052186e-17
5.008030947124231170e+04 6.610056523581227355e-16
5.008091835141814227e+04 5.166586759793538803e-17
5.008118744315871299e+04 4.131584713360568481e-18
5.008139212977427815e+04 3.382993429587897735e-18
5.008201944327587989e+04 3.707607929867529166e-17
5.008233514471507078e+04 2.630542949298149626e-21
5.008309403760789428e+04 9.882210676469354191e-17
5.008337722273280815e+04 1.117186398173036209e-18
5.008364742596337601e+04 3.593286833416562510e-18
5.008397241051570745e+04 3.347644401389802486e-19
5.008436593202363292e+04 2.490329662904102563e-18
5.008468298863789096e+04 1.037586226757114803e-19
5.008551356728697283e+04 6.188247368619200211e-21
5.008586209584153403e+04 4.479529502377483645e-18
5.008611714435979957e+04 3.136420640889052878e-19
5.008645593206643389e+04 5.175112786630177820e-19
5.008689298569635139e+04 1.913895560350746567e-19
5.008718898838469613e+04 2.875241365427646906e-20
5.008735840299518895e+04 3.251859506758416006e-19
5.008761696795308671e+04 3.941876600238671235e-21
5.008831977049564011e+04 4.748819325044614588e-22
5.008865789713217237e+04 2.585802373772340262e-19
5.008919636345769686e+04 6.911525800217348637e-19
5.008997619716908957e+04 4.149068083387437987e-19
5.009026874959988345e+04 1.631912213943377346e-22
5.009082043435203377e+04 1.307393391115173567e-20
5.009096772999926907e+04 3.115963469811889429e-21
5.009131576748380030e+04 2.373705582218108257e-19
5.009147039155857055e+04 4.835078246306104513e-19
5.009203197225041367e+04 3.179882607066068954e-19
5.009266838798044046e+04 9.657529975579036634e-20
5.009303409895036020e+04 1.611383609927338784e-20
5.009397070885950234e+04 1.991806160909949033e-19
5.009444387679045758e+04 4.985529041007490909e-20
5.009488842089334503e+04 6.276677634749441532e-20
5.009536372915637185e+04 1.209481403341895495e-20
5.009575965582254139e+04 3.618553311463443913e-20
5.009637644763164280e+04 1.563546481282047469e-22
5.009688998188530240e+04 1.111214094719571731e-20
5.009748824968461849e+04 1.110861154194426854e-20
5.009768780746316042e+04 3.142981796999858703e-21
5.009805266751055024e+04 4.690559514701733230e-22
5.009835830775806244e+04 2.209419369915872985e-22
5.009873634687653976e+04 1.508436941003773699e-21
5.009903032108752814e+04 1.925564222981501907e-22
5.010002786703351012e+04 2.570916917395422731e-22
5.010018962062338687e+04 0.000000000000000000e+00
5.010050997938410001e+04 3.038207004828044452e-22
5.010094115038515156e+04 1.282038760148875402e-22
5.010110824880171276e+04 1.538098279704595194e-23
5.010124450413288287e+04 4.111721784918261845e-22
5.010212218238708738e+04 1.422602822239043274e-22
5.010312227861581050e+04 5.958013633264859335e-22
5.010334115201889654e+04 1.081197098792439938e-22
5.010405236419555877e+04 2.935534986457818505e-22
5.010484635880198039e+04 2.023478389786057503e-22
5.010518711153299955e+04 3.993238379863271499e-23
5.010545617639997363e+04 4.346379088112731416e-23
5.010591862406423752e+04 8.899461005832536311e-23
5.010618518926999968e+04 2.609573403847714751e-22
5.010703182978744007e+04 1.064051155851097272e-22
5.010823164921565331e+04 3.311730877263479485e-24
5.010853646737840609e+04 3.470894826554160763e-23
5.010907534411547385e+04 4.684087094635332435e-23
5.010957844576398202e+04 0.000000000000000000e+00
5.010983945884324203e+04 6.413539032758711093e-24
5.011059061069302697e+04 1.867347505611961339e-24
5.011099516182077059e+04 7.511276001476395990e-24
5.011152625346380228e+04 0.000000000000000000e+00
5.011159039476509497e+04 0.000000000000000000e+00
5.011259503743945243e+04 0.000000000000000000e+00
5.011342194673759514e+04 0.000000000000000000e+00
5.011368132733875973e+04 0.000000000000000000e+00
5.011435421942253015e+04 0.000000000000000000e+00
5.011515192524034501e+04 0.000000000000000000e+00
5.011539534231488506e+04 0.000000000000000000e+00
5.011579815956080711e+04 0.000000000000000000e+00
5.011659026438631554e+04 0.000000000000000000e+00
5.011754382860028272e+04 0.000000000000000000e+00
5.011802482148170384e+04 0.000000000000000000e+00
5.011848580122036947e+04 0.000000000000000000e+00
5.011866984680201858e+04 0.000000000000000000e+00
5.012038077434780280e+04 0.000000000000000000e+00
5.012062536386065040e+04 0.000000000000000000e+00
5.012156991168824607e+04 0.000000000000000000e+00
5.012160508672307333e+04 0.000000000000000000e+00
5.012200389108785021e+04 0.000000000000000000e+00
5.012277740770957462e+04 0.000000000000000000e+00
5.012425799839859974e+04 0.000000000000000000e+00
5.012449197691358131e+04 0.000000000000000000e+00
5.012575432815157546e+04 0.000000000000000000e+00
5.012590866752179136e+04 0.000000000000000000e+00
5.012648462294295314e+04 0.000000000000000000e+00
5.012713535653291910e+04 0.000000000000000000e+00
5.012856365694529813e+04 0.000000000000000000e+00
5.012937962461679126e+04 0.000000000000000000e+00
5.013005874670410412e+04 0.000000000000000000e+00
5.013031085213318147e+04 0.000000000000000000e+00
5.013050212450943945e+04 0.000000000000000000e+00
5.013175649701686780e+04 0.000000000000000000e+00
5.013238500859416672e+04 0.000000000000000000e+00
5.013309957836297690e+04 0.000000000000000000e+00
5.013351374732772820e+04 0.000000000000000000e+00
5.013399704493712488e+04 0.000000000000000000e+00
5.013550064609356195e+04 0.000000000000000000e+00
5.013582500304551650e+04 0.000000000000000000e+00
5.013735332759513403e+04 0.000000000000000000e+00
5.013757641146210517e+04 0.000000000000000000e+00
5.013970842083071329e+04 0.000000000000000000e+00
5.013990741272522428e+04 0.000000000000000000e+00
5.014082369664578437e+04 0.000000000000000000e+00
5.014154079600717523e+04 0.000000000000000000e+00
5.014273878077664995e+04 0.000000000000000000e+00
5.014304616111652285e+04 0.000000000000000000e+00
5.014404360756283131e+04 0.000000000000000000e+00
5.014496149534642609e+04 0.000000000000000000e+00
5.014554379462929501e+04 0.000000000000000000e+00
5.014699120845173456e+04 0.000000000000000000e+00
5.014835720204383688e+04 0.000000000000000000e+00
5.014940916355839727e+04 0.000000000000000000e+00
5.015091666472729412e+04 0.000000000000000000e+00
5.015142540231128805e+04 0.000000000000000000e+00
5.015276635304987576e+04 0.000000000000000000e+00
5.015301694003830198e+04 0.000000000000000000e+00
5.015448254218172224e+04 0.000000000000000000e+00
5.015701284032747208e+04 0.000000000000000000e+00
5.015768181466162059e+04 0.000000000000000000e+00
5.015820570171660074e+04 0.000000000000000000e+00
5.015987451918680017e+04 0.000000000000000000e+00
5.016091067173675401e+04 0.000000000000000000e+00
5.016189631846069824e+04 0.000000000000000000e+00
5.016443994323944207e+04 0.000000000000000000e+00
5.016533512798489392e+04 0.000000000000000000e+00
5.017023311037670646e+04 0.000000000000000000e+00
5.017099409163605742e+04 0.000000000000000000e+00
5.017351426371818525e+04 0.000000000000000000e+00
5.017433938752258109e+04 0.000000000000000000e+00
5.017518044474003545e+04 0.000000000000000000e+00
5.017891126126911695e+04 0.000000000000000000e+00
5.018168120222099969e+04 0.000000000000000000e+00
5.018251595745303348e+04 0.000000000000000000e+00
5.018627383439568075e+04 0.000000000000000000e+00
5.019259391266295279e+04 0.000000000000000000e+00
5.019342861249284033e+04 0.000000000000000000e+00
5.020470315540411684e+04 0.000000000000000000e+00
5.020530376869577594e+04 0.000000000000000000e+00
