-5.008293237247650541e+04 0.000000000000000000e+00
-5.008291393814381445e+04 0.000000000000000000e+00
-5.008020303929047077e+04 0.000000000000000000e+00
-5.007835774043453421e+04 0.000000000000000000e+00
-5.007731018529055291e+04 0.000000000000000000e+00
-5.007729535689650220e+04 0.000000000000000000e+00
-5.007673292062960536e+04 0.000000000000000000e+00
-5.007538013371058332e+04 0.000000000000000000e+00
-5.007450926173257176e+04 0.000000000000000000e+00
-5.007420474509672204e+04 0.000000000000000000e+00
-5.007379900353502308e+04 0.000000000000000000e+00
-5.007303238235886965e+04 0.000000000000000000e+00
-5.007267893895636371e+04 0.000000000000000000e+00
-5.007262208069160988e+04 0.000000000000000000e+00
-5.007218056615645764e+04 0.000000000000000000e+00
-5.007139081367290055e+04 0.000000000000000000e+00
-5.007055441201424401e+04 0.000000000000000000e+00
-5.007007677538257849e+04 0.000000000000000000e+00
-5.006974664026102982e+04 0.000000000000000000e+00
-5.006895586322591407e+04 0.000000000000000000e+00
-5.006877700864861254e+04 0.000000000000000000e+00
-5.006857076502843120e+04 0.000000000000000000e+00
-5.006797855525706836e+04 0.000000000000000000e+00
-5.006787072883308429e+04 0.000000000000000000e+00
-5.006740577483690868e+04 0.000000000000000000e+00
-5.006652986563988088e+04 0.000000000000000000e+00
-5.006608201099785947e+04 0.000000000000000000e+00
-5.006584555719771743e+04 0.000000000000000000e+00
-5.006515783939212270e+04 0.000000000000000000e+00
-5.006434513204693212e+04 0.000000000000000000e+00
-5.006387649564680760e+04 0.000000000000000000e+00
-5.006352730620000511e+04 0.000000000000000000e+00
-5.006239960061085731e+04 0.000000000000000000e+00
-5.006183925003613695e+04 0.000000000000000000e+00
-5.006169517076438933e+04 0.000000000000000000e+00
-5.006019722688913316e+04 0.000000000000000000e+00
-5.006006887683023524e+04 0.000000000000000000e+00
-5.005998985951999202e+04 0.000000000000000000e+00
-5.005953389456459263e+04 0.000000000000000000e+00
-5.005817178680308280e+04 0.000000000000000000e+00
-5.005793829721539078e+04 0.000000000000000000e+00
-5.005775602619572601e+04 0.000000000000000000e+00
-5.005692502817880450e+04 0.000000000000000000e+00
-5.005643649260066013e+04 0.000000000000000000e+00
-5.005581576821545605e+04 0.000000000000000000e+00
-5.005523163753152039e+04 0.000000000000000000e+00
-5.005470505361116375e+04 0.000000000000000000e+00
-5.005398932892012817e+04 0.000000000000000000e+00
-5.005370664637786103e+04 0.000000000000000000e+00
-5.005320318966695049e+04 0.000000000000000000e+00
-5.005238690872977895e+04 0.000000000000000000e+00
-5.005165422126613703e+04 0.000000000000000000e+00
-5.005157818444819713e+04 0.000000000000000000e+00
-5.005097327077065711e+04 0.000000000000000000e+00
-5.005006788391723239e+04 0.000000000000000000e+00
-5.004998586539238750e+04 0.000000000000000000e+00
-5.004978677562937810e+04 0.000000000000000000e+00
-5.004952149020990328e+04 0.000000000000000000e+00
-5.004903413467569044e+04 0.000000000000000000e+00
-5.004869043127907935e+04 0.000000000000000000e+00
-5.004841366779881355e+04 0.000000000000000000e+00
-5.004810683359403629e+04 0.000000000000000000e+00
-5.004793244201078778e+04 0.000000000000000000e+00
-5.004750632457659231e+04 0.000000000000000000e+00
-5.004724707653849327e+04 0.000000000000000000e+00
-5.004673137939217850e+04 0.000000000000000000e+00
-5.004604132971027866e+04 0.000000000000000000e+00
-5.004579875829375669e+04 0.000000000000000000e+00
-5.004568108940949605e+04 0.000000000000000000e+00
-5.004538216652366100e+04 0.000000000000000000e+00
-5.004477131898420339e+04 0.000000000000000000e+00
-5.004466306694355444e+04 0.000000000000000000e+00
-5.004383751254249364e+04 0.000000000000000000e+00
-5.004366819657789165e+04 0.000000000000000000e+00
-5.004347465802838269e+04 1.112965027339392964e-24
-5.004276298711968411e+04 0.000000000000000000e+00
-5.004198061744288134e+04 0.000000000000000000e+00
-5.004183586563282006e+04 0.000000000000000000e+00
-5.004154280769654724e+04 0.000000000000000000e+00
-5.004141432556158543e+04 0.000000000000000000e+00
-5.004090090909217543e+04 0.000000000000000000e+00
-5.004046701194338675e+04 0.000000000000000000e+00
-5.004006774780595151e+04 0.000000000000000000e+00
-5.004002028774302744e+04 0.000000000000000000e+00
-5.003947403681762808e+04 0.000000000000000000e+00
-5.003941442986518814e+04 1.303417519156669244e-24
-5.003939588641936280e+04 0.000000000000000000e+00
-5.003889289054067922e+04 0.000000000000000000e+00
-5.003806403411990323e+04 1.041974623949249264e-24
-5.003793177105605719e+04 0.000000000000000000e+00
-5.003792864824124990e+04 2.020748825337935324e-23
-5.003752424980817159e+04 1.182070809374415320e-24
-5.003731432325651986e+04 3.863733642815550206e-24
-5.003661206058731477e+04 0.000000000000000000e+00
-5.003624103036588349e+04 1.040025855906247244e-23
-5.003609054220353573e+04 3.991212013175042374e-24
-5.003579604871808260e+04 0.000000000000000000e+00
-5.003531044368643779e+04 2.383311564337740205e-24
-5.003523809025823721e+04 4.967012181124303937e-24
-5.003486168292228103e+04 0.000000000000000000e+00
-5.003432456743258808e+04 0.000000000000000000e+00
-5.003404113021776720e+04 3.989460463533808010e-24
-5.003366107828199893e+04 0.000000000000000000e+00
-5.003317472719182842e+04 2.543354249447993862e-23
-5.003285097483603749e+04 0.000000000000000000e+00
-5.003273417556889035e+04 5.045444741833484025e-24
-5.003241899701244256e+04 3.523426943198708407e-24
-5.003152759609125496e+04 0.000000000000000000e+00
-5.003132786254840903e+04 4.327115036844345107e-23
-5.003112889820690907e+04 1.429984973571864008e-22
-5.003079242688967497e+04 2.389309722475137532e-23
-5.003007433137577755e+04 2.415127153334315039e-24
-5.003006773274813895e+04 0.000000000000000000e+00
-5.002962634665933001e+04 1.088452750436124705e-23
-5.002942157991504791e+04 2.345679939160746493e-24
-5.002938954652565735e+04 4.523108616813290585e-23
-5.002913220481603639e+04 2.649577351154728674e-22
-5.002825239488804800e+04 7.665772867189194619e-24
-5.002793163195917441e+04 0.000000000000000000e+00
-5.002779110293209669e+04 0.000000000000000000e+00
-5.002727131784491939e+04 3.005766124726243509e-22
-5.002719928997594980e+04 8.265081830750228292e-24
-5.002673722760849341e+04 3.764923906912485327e-24
-5.002653439239721047e+04 6.767980851203810585e-24
-5.002610291868750937e+04 1.596087959587656408e-23
-5.002579558392555191e+04 1.009757928361702219e-23
-5.002556425743195723e+04 1.266454770086552296e-23
-5.002514775381937216e+04 5.464879578580948617e-22
-5.002509240578195022e+04 0.000000000000000000e+00
-5.002482846008746128e+04 1.755698627800068850e-23
-5.002449774729026831e+04 0.000000000000000000e+00
-5.002365970467415173e+04 1.814715986691659736e-22
-5.002355902439171041e+04 0.000000000000000000e+00
-5.002321118033623497e+04 2.293877311259246227e-21
-5.002303718363778898e+04 1.277339728416010582e-21
-5.002256970230818843e+04 1.078217720231115442e-23
-5.002248407317829697e+04 8.192021843572916707e-23
-5.002210516336214641e+04 7.652861307568503465e-23
-5.002152412811074464e+04 1.379684758967953638e-21
-5.002141163617287384e+04 4.848713357545137825e-22
-5.002118752603710163e+04 9.920470726459255113e-23
-5.002093235325742717e+04 1.026151537048463323e-21
-5.002071611465259048e+04 6.889932919921692808e-23
-5.002019802390066616e+04 5.318983321482395220e-23
-5.002006773138616700e+04 1.869756765769837974e-23
-5.002001129640109866e+04 1.099052523384675472e-22
-5.001966937299369602e+04 1.592917766958008160e-22
-5.001938922625270789e+04 1.177740324422559408e-21
-5.001917475608986570e+04 0.000000000000000000e+00
-5.001883655412106600e+04 1.483904946812646090e-21
-5.001865496361711121e+04 3.678765015407125620e-22
-5.001793161681535275e+04 2.093670579435315886e-22
-5.001786672147811623e+04 1.929932849907520528e-22
-5.001764045355108101e+04 1.307239982931533451e-23
-5.001725582924537593e+04 3.437408412293281993e-21
-5.001692709609721351e+04 1.472525679503995406e-22
-5.001675943912548246e+04 1.856120595417392396e-20
-5.001660542790828913e+04 3.084001496010588603e-24
-5.001588211656251951e+04 4.898147050556780240e-21
-5.001579551033500320e+04 2.188910631056591086e-21
-5.001557451174280141e+04 9.240291934783819340e-23
-5.001512392110740620e+04 1.235643156286741368e-20
-5.001485009745671414e+04 2.265576491967028910e-24
-5.001470924001566891e+04 1.866997757469272851e-20
-5.001426307816127519e+04 4.335148349029859339e-23
-5.001387448150690761e+04 8.978394516237296733e-23
-5.001369030419233604e+04 7.575826091561790421e-22
-5.001365943024685112e+04 5.009072612590292042e-22
-5.001299639792350354e+04 3.828098848478064179e-20
-5.001285613169193675e+04 1.609687017901284955e-21
-5.001267034334161144e+04 4.912869704844278116e-21
-5.001249440753569797e+04 3.761274119433079079e-21
-5.001237793359906937e+04 1.387072024692352882e-22
-5.001157984011960070e+04 1.891282828664871625e-22
-5.001152342302711622e+04 4.164389317442264113e-23
-5.001120494117282942e+04 2.106898019929619224e-21
-5.001087000514309329e+04 1.149999795391240964e-19
-5.001073065211198991e+04 2.697299267643424570e-22
-5.001058075319418276e+04 4.203621264009120714e-24
-5.001024055419682554e+04 1.166853804970321911e-23
-5.001006773119931313e+04 1.892072560756667841e-22
-5.000977322417071264e+04 4.113438783596631296e-22
-5.000938757551349408e+04 9.778467070896996255e-20
-5.000894157840295520e+04 3.683269183086994759e-20
-5.000874992510816082e+04 1.634348051623369452e-19
-5.000864257026125415e+04 1.060744231497274338e-19
-5.000844274346579186e+04 7.792319708604282423e-21
-5.000824403230493772e+04 4.993351275917813727e-21
-5.000793161484206939e+04 8.444437903550954892e-22
-5.000743547994330584e+04 1.942075716138071892e-21
-5.000730219145640876e+04 2.424317972735211872e-21
-5.000725194358123554e+04 4.689960466397516512e-19
-5.000679876204386528e+04 4.706033098365182959e-21
-5.000664828565549396e+04 1.651307935942664065e-19
-5.000643210667261155e+04 2.671534443551544527e-21
-5.000604554971930338e+04 1.441897780745812192e-21
-5.000579549969380605e+04 3.800013401408531998e-20
-5.000540103393983736e+04 9.674031045072132624e-21
-5.000512782620868529e+04 5.447908235425538379e-21
-5.000511653028213914e+04 4.589406392870873228e-19
-5.000486993580890703e+04 3.223860755511592818e-20
-5.000453159543153015e+04 5.093477285085305498e-20
-5.000415440378242056e+04 1.965711960890264187e-20
-5.000365938914407889e+04 4.080207879072632676e-19
-5.000352118199988035e+04 9.964576437471581606e-22
-5.000328768375750224e+04 2.404793418303403228e-21
-5.000298316659149714e+04 1.282541554582131972e-18
-5.000250136378830939e+04 7.477686656561546126e-23
-5.000244136988340324e+04 1.250241780828824898e-18
-5.000204978726473200e+04 6.195034051791384697e-21
-5.000171667147337575e+04 3.077920194271856262e-20
-5.000152329227922019e+04 2.734631754980621215e-18
-5.000106398352698307e+04 2.747167242176043002e-22
-5.000085233690749010e+04 1.959678850729202588e-18
-5.000084781761112390e+04 4.863221826608966895e-19
-5.000037045406749530e+04 5.738069358399578427e-19
-5.000010524672193424e+04 1.000184689445752675e-23
-5.000006773117916600e+04 7.419814252353652858e-20
-4.999973131468655629e+04 1.097468940976436257e-21
-4.999962719423096132e+04 5.319924141011656243e-21
-4.999938722867671459e+04 8.683172417848557743e-19
-4.999917190135546116e+04 2.900369077865696978e-21
-4.999872130359156290e+04 2.349959594719126647e-18
-4.999858161465830926e+04 1.470971624196760559e-21
-4.999830765402122051e+04 1.083408210588865826e-18
-4.999797051783514326e+04 8.513089906980825366e-20
-4.999793161460194096e+04 5.548371330167603395e-19
-4.999765958536569815e+04 5.966629949544929833e-20
-4.999735647296011302e+04 6.430841368440257786e-20
-4.999725124259316362e+04 2.651447344975900587e-18
-4.999693547739747737e+04 6.794188167953972308e-21
-4.999661196463112719e+04 2.683113707917561569e-18
-4.999658573246615560e+04 7.485348440420659177e-18
-4.999624494015991513e+04 6.480867527793823489e-23
-4.999579549819527165e+04 5.229305388178344983e-18
-4.999573198043471348e+04 2.482721545283622206e-20
-4.999515326592470228e+04 9.049927153578320872e-20
-4.999511541545002547e+04 2.529862750807569236e-17
-4.999486394722606929e+04 1.067615125996247364e-19
-4.999453107567812549e+04 1.153541423149636137e-19
-4.999446778564411215e+04 1.087481395156555609e-17
-4.999422898744042323e+04 1.862785873840361353e-18
-4.999383645340675139e+04 6.957259852756478252e-22
-4.999375070667966793e+04 7.935624258033600743e-20
-4.999365938248726889e+04 8.192499508008967188e-20
-4.999314869509586424e+04 5.429107224553037768e-20
-4.999297986417062930e+04 5.397038882446787424e-17
-4.999236356523726135e+04 1.809844573583036288e-17
-4.999230968183066580e+04 2.601511873894023332e-18
-4.999223721839311474e+04 3.378437168157074093e-19
-4.999194653598048171e+04 3.587673634015273067e-20
-4.999162559982070525e+04 3.676130528432616105e-21
-4.999152326923455985e+04 9.724061541743619857e-19
-4.999084487018041546e+04 5.536604822606027734e-17
-4.999045323165973969e+04 2.506258554543820091e-19
-4.999028932014401653e+04 3.066948557882591538e-18
-4.999023183583565697e+04 7.193463141345216431e-19
-4.999008870886162185e+04 2.077152186884264018e-19
-4.999006773117685225e+04 4.447166837535132955e-19
-4.998981436673705321e+04 3.543226740266873397e-20
-4.998938716277199273e+04 1.833539515372201288e-16
-4.998918380493525183e+04 2.692596262503566933e-21
-4.998871079905208171e+04 1.252064355162097388e-16
-4.998848299425188452e+04 2.677868221446631815e-19
-4.998836698520863138e+04 5.323429074751328587e-20
-4.998822214527778851e+04 8.428901387064181348e-20
-4.998813116606148105e+04 3.006422535384858722e-17
-4.998805670075431408e+04 1.025507684187525181e-19
-4.998793161457265523e+04 4.592778496141473729e-18
-4.998725107290295273e+04 7.145878213146539940e-16
-4.998665912489270704e+04 4.284460872164364981e-18
-4.998657684426858759e+04 3.074797403274801889e-16
-4.998653959146689886e+04 4.576507276562338930e-18
-4.998648763993065950e+04 3.238959016710100193e-19
-4.998604085950364242e+04 5.006870771411429030e-18
-4.998581105366944394e+04 2.326441249559817626e-19
-4.998579549798812513e+04 1.308911373112170166e-16
-4.998545061103637272e+04 3.021737353883482109e-20
-4.998511502253774961e+04 1.794260289639567419e-16
-4.998503359416151216e+04 3.978370812504476872e-19
-4.998465759433095081e+04 3.710104509952181860e-19
-4.998444572696796968e+04 6.674949038434541378e-17
-4.998423581019983976e+04 3.629842391409037191e-19
-4.998395796020839771e+04 6.859094112135123181e-17
-4.998374138361732184e+04 1.453203809212609056e-18
-4.998365938151097362e+04 8.072172112144255673e-16
-4.998317407993157394e+04 4.612666306193062839e-20
-4.998297904068375647e+04 7.619231807393173667e-16
-4.998274995357493754e+04 1.489561649114771690e-19
-4.998252473869336245e+04 3.961403440768413398e-19
-4.998231711919362715e+04 2.736168922913405854e-16
-4.998192288586946961e+04 4.887058123041715789e-18
-4.998183772357727139e+04 1.710436875117346402e-19
-4.998152326544004609e+04 4.922787123152222893e-15
-4.998129210606191191e+04 4.800020231416339324e-19
-4.998086398192166234e+04 1.597257784713435429e-17
-4.998084309590844350e+04 3.866793487200072352e-15
-4.998059544975484459e+04 5.881224941982634959e-21
-4.998019347661456413e+04 1.878081044346245823e-16
-4.998006773117664125e+04 2.978503031045913232e-16
-4.997998223777814565e+04 1.913928026140516254e-18
-4.997983425822442223e+04 1.305970852602386386e-19
-4.997938715062241681e+04 1.607996963238272490e-16
-4.997929664353373664e+04 2.242386955814248150e-18
-4.997898591448998923e+04 1.021691135048126346e-19
-4.997870761316519929e+04 2.595801313962178789e-15
-4.997853168549292604e+04 6.123239179248839380e-19
-4.997851108838131040e+04 2.235859158774053043e-18
-4.997806741327179770e+04 1.284894020862461357e-15
-4.997793161456899543e+04 1.368597167411726968e-15
-4.997779498904813227e+04 1.286838238422467785e-18
-4.997730783360258647e+04 5.527221744831731865e-19
-4.997725103920220135e+04 1.094380639748535331e-15
-4.997707456926025043e+04 8.774228498895519560e-20
-4.997682189909038425e+04 1.049559526730208300e-18
-4.997657243265437137e+04 1.568408002526794000e-15
-4.997619775429651054e+04 1.522235414929935126e-18
-4.997594435565534513e+04 1.857465475856062879e-18
-4.997583122980554617e+04 2.785768645468714601e-17
-4.997579549796078936e+04 1.178801185878536334e-14
-4.997524038445670158e+04 4.174793088261449575e-18
-4.997514322919234110e+04 1.146736206252569543e-18
-4.997511493567367143e+04 3.713980938279377893e-14
-4.997453041056249640e+04 1.082803532363259257e-17
-4.997443776281087048e+04 3.613149809507216722e-15
-4.997401385192050657e+04 8.109343453638624580e-18
-4.997383613211876218e+04 1.324412562002045294e-17
-4.997369695936846983e+04 2.190961195836828523e-18
-4.997365938136426121e+04 6.063889335355249638e-16
-4.997329410254932736e+04 5.809561189143945931e-18
-4.997299122438944323e+04 3.539157516456545093e-17
-4.997297884627548046e+04 6.076545887160915767e-14
-4.997237015228916425e+04 3.153990226722117606e-17
-4.997230423405403417e+04 2.086456134696610379e-14
-4.997185974311426980e+04 4.419111331948028840e-18
-4.997173602384783590e+04 2.514626000731693245e-17
-4.997166087403951678e+04 2.320324414571924924e-17
-4.997152326482570788e+04 9.492035454920532858e-15
-4.997117034227562544e+04 2.942736682292559801e-20
-4.997084282197754510e+04 3.891670928540174456e-15
-4.997083563438538840e+04 1.677963245450213297e-17
-4.997026260616577201e+04 1.751244691317215969e-17
-4.997017168062286510e+04 4.622463372460499329e-16
-4.997006773117668490e+04 9.439448871100619314e-16
-4.996978928589780116e+04 2.720473900476507654e-18
-4.996964698045334080e+04 7.897560018259554016e-16
-4.996955178324952431e+04 6.742351755764649310e-17
-4.996938714848725067e+04 2.665965359180978230e-13
-4.996924067243679019e+04 1.340376825091016867e-18
-4.996881102823973197e+04 3.464534815610929975e-18
-4.996870681908970437e+04 4.217271805863569173e-14
-4.996821739848212746e+04 1.421036479540357866e-18
-4.996804128314906120e+04 4.287272695602921190e-19
-4.996796708107377344e+04 7.243319019383050241e-19
-4.996793161456841335e+04 2.023743210472732075e-14
-4.996755181176383485e+04 1.359410641128452774e-16
-4.996734065166813525e+04 1.422115243639079669e-20
-4.996725103270324325e+04 9.030446473724365662e-13
-4.996682894690401736e+04 3.684292078619720322e-18
-4.996658764540799166e+04 3.436468601937872177e-15
-4.996657076538557885e+04 2.892682578711905872e-13
-4.996613904043656657e+04 1.154319057946949780e-18
-4.996591355753158859e+04 1.183156097916347369e-15
-4.996579549795523053e+04 4.131339039759232902e-13
-4.996549304687356926e+04 4.325219218826005018e-16
-4.996513002033206430e+04 6.285285945631765373e-20
-4.996511491812957684e+04 3.920618570886555467e-16
-4.996476507819257677e+04 7.450028857665940242e-18
-4.996443584024115989e+04 4.207349231621159334e-14
-4.996442507661074342e+04 1.756847879793131806e-15
-4.996415989346400602e+04 3.690429934004806493e-17
-4.996378645529155619e+04 1.784636661762388660e-14
-4.996365938132865995e+04 1.312254222206432754e-12
-4.996344161239613459e+04 2.636258872527381137e-16
-4.996315995488862973e+04 5.799394550515049378e-17
-4.996297880750437616e+04 2.299283707194793025e-13
-4.996259989059508371e+04 1.235931948393544614e-17
-4.996238022018772608e+04 1.917065423307733418e-19
-4.996230000932183611e+04 7.227604327597410667e-15
-4.996214898818437359e+04 1.001148768009922821e-17
-4.996166463610979554e+04 9.326989926541331003e-16
-4.996152326464548969e+04 7.662264398700387200e-12
-4.996151041975437693e+04 4.410464093093964226e-17
-4.996121542841777409e+04 1.382303247437101377e-17
-4.996092075928761187e+04 5.441501685487641770e-18
-4.996084270354526961e+04 3.452652295145186865e-12
-4.996037559635136859e+04 3.786178232271447542e-17
-4.996016514716564416e+04 3.107563210584501051e-14
-4.996006773117607372e+04 1.187445846388684321e-12
-4.995978649977454916e+04 5.367468587068334663e-18
-4.995961096227539383e+04 7.557800614261656959e-17
-4.995954842711088713e+04 8.031973536943766277e-15
-4.995938714773500396e+04 3.835193504638087058e-13
-4.995928164133994869e+04 1.464233612087434691e-16
-4.995893358189954597e+04 4.486656614023793954e-18
-4.995870661273308360e+04 1.768956519049093219e-12
-4.995857753077866801e+04 9.635037341198066728e-18
-4.995814465772397671e+04 1.765730331740870659e-16
-4.995803108034358593e+04 3.306196849552963089e-13
-4.995793161456056987e+04 3.058962296451811023e-12
-4.995759889220273180e+04 2.176551438615423509e-16
-4.995743416070552485e+04 2.435182533280351658e-15
-4.995726203232756234e+04 1.193504921299986387e-18
-4.995725103004727134e+04 6.979932878045567207e-15
-4.995708216124789033e+04 1.001103533448164448e-17
-4.995657054611545755e+04 4.823825741914902054e-13
-4.995644640337800956e+04 1.089491653680167021e-17
-4.995589856692724425e+04 1.786610157026917775e-15
-4.995579549789485463e+04 2.461805812077814199e-11
-4.995575535130997741e+04 5.533523596265678633e-19
-4.995546609656782675e+04 2.720052019544186283e-18
-4.995533140730803279e+04 1.109778984169815450e-15
-4.995511491006152937e+04 3.328987828043598272e-11
-4.995509172178031440e+04 3.941572929450006631e-17
-4.995443993491770379e+04 1.638709494907312049e-15
-4.995443449022289133e+04 5.223865927029488951e-13
-4.995376702456224302e+04 1.842502818011836862e-13
-4.995365938101016218e+04 8.191330711328213038e-12
-4.995361830182303675e+04 6.004893482918899738e-16
-4.995339374407815922e+04 3.213238320410045740e-17
-4.995324174685800244e+04 9.386597476815512079e-16
-4.995297878398135072e+04 4.648273654446370150e-11
-4.995280418911346351e+04 2.583128186508910442e-18
-4.995255593586490431e+04 3.357057296367780713e-17
-4.995229856782959541e+04 5.402481830167016878e-12
-4.995224663864751346e+04 5.167091739801210006e-15
-4.995163832216957235e+04 3.093472163071006080e-14
-4.995154246473810053e+04 4.147525314107141613e-16
-4.995152326330381038e+04 3.914233223951376086e-11
-4.995115563802549150e+04 1.112744054104118401e-16
-4.995101992810329830e+04 2.479258569923140943e-18
-4.995084264300872019e+04 1.481616466578945093e-11
-4.995077322132380505e+04 1.238677350598472028e-17
-4.995016270032354805e+04 6.482898605549759477e-14
-4.995010308744020585e+04 1.390850181521343920e-16
-4.995006773117070406e+04 1.436108651894748327e-12
-4.994971675016476365e+04 2.348506833075221844e-16
-4.994964006594535022e+04 2.502636587298442390e-16
-4.994950456794087950e+04 1.971605407335510651e-14
-4.994938714279849955e+04 2.540215973933298386e-10
-4.994907573457346007e+04 2.349042027507999479e-16
-4.994870646882471192e+04 4.740943970899488054e-12
-4.994868137085986382e+04 9.385499242923324801e-17
-4.994861733873317280e+04 1.784760557974387824e-18
-4.994802683728019474e+04 4.339419280275260031e-12
-4.994793161446900194e+04 7.694134138216166934e-11
-4.994774251489630842e+04 5.095110699008814266e-17
-4.994751977911865106e+04 1.498957361619200893e-16
-4.994738049642511760e+04 7.265017032132088693e-15
-4.994725101359242399e+04 8.391224002819866292e-10
-4.994706849128848989e+04 3.307684429615095590e-17
-4.994697193228316610e+04 1.359832286133486924e-18
-4.994683416561198828e+04 1.100060045032572653e-17
-4.994657022141763446e+04 7.838976281010232349e-11
-4.994589114120481099e+04 4.300993731643217819e-13
-4.994579549705653335e+04 1.217159649431553889e-09
-4.994547211950707424e+04 8.682889360075496694e-20
-4.994526290310960758e+04 2.380002519511863087e-15
-4.994511486007270287e+04 2.937892332931001191e-10
-4.994503857930976665e+04 7.518211490009815918e-17
-4.994485760547152313e+04 3.230735758086886421e-17
-4.994443383503319637e+04 1.008945439478808451e-11
-4.994436595626579219e+04 9.006154916278571283e-16
-4.994410734475891513e+04 2.014082673444122740e-17
-4.994375553038241196e+04 4.617183461406784190e-13
-4.994365937594757270e+04 1.471708113511438709e-09
-4.994342394562746631e+04 5.886614859455757207e-18
-4.994318500901429798e+04 3.912309500183549942e-16
-4.994312275741380290e+04 7.458246980595258272e-16
-4.994297864572542312e+04 4.117153702933430643e-12
-4.994276529105554800e+04 6.152655251086290102e-17
-4.994233454144341522e+04 4.206135122145353537e-14
-4.994229715070617385e+04 9.847942357283596595e-11
-4.994171625019577914e+04 4.275626742777419813e-17
-4.994161976784099534e+04 9.050348530201242181e-14
-4.994152324103783030e+04 9.450771722473717782e-09
-4.994108494359505130e+04 1.113602802042479932e-16
-4.994101626986943302e+04 7.917889189574201195e-16
-4.994096207054672414e+04 8.416580113966020935e-18
-4.994084229411695560e+04 9.870043755668002366e-10
-4.994016004015787621e+04 4.904705159020395731e-12
-4.994012959735932236e+04 2.779096307000234933e-15
-4.994006773086772591e+04 6.356411746662315179e-09
-4.993982532924073166e+04 1.456890040879453629e-16
-4.993948320234848507e+04 5.095342150000294017e-14
-4.993938706562436710e+04 3.961608843911912205e-09
-4.993932531873441621e+04 3.064141864429345282e-17
-4.993921598290155816e+04 1.325787654734053706e-19
-4.993893098350705259e+04 3.780121946325417888e-17
-4.993879780488436518e+04 2.037264717038782713e-18
-4.993870566001904081e+04 5.222159422347176468e-10
-4.993855017551481433e+04 9.076002873830839605e-18
-4.993802204840623745e+04 1.142891392018487852e-11
-4.993793161143210455e+04 5.052188120940946489e-09
-4.993791704991008010e+04 1.700425370199496080e-17
-4.993747655666145147e+04 4.833195009755592402e-18
-4.993734735069091403e+04 5.659119729528258411e-15
-4.993725078920136730e+04 1.062311779410348120e-09
-4.993684198434533755e+04 6.364292387436138343e-17
-4.993676388366441097e+04 1.723907422794567429e-16
-4.993656848995543260e+04 2.119244048915540019e-09
-4.993652429809456225e+04 6.430950097280497566e-15
-4.993588277144920721e+04 1.358762025688460966e-12
-4.993579548121413245e+04 4.451128470898898869e-08
-4.993575854153501859e+04 1.196212168171758080e-17
-4.993551998626335990e+04 4.610326026332836894e-18
-4.993520966813229461e+04 2.490100298534399857e-14
-4.993511428737000097e+04 1.055564704745332879e-08
-4.993468743107363844e+04 4.822309025031433729e-17
-4.993443037356004061e+04 2.908409222407585588e-11
-4.993411031239813019e+04 1.228051211681489443e-19
-4.993374152856141882e+04 1.084510783981167859e-12
-4.993367573457641993e+04 1.802168898288692392e-16
-4.993365931398346584e+04 3.526480923926744541e-08
-4.993307844701584690e+04 5.923938918300010441e-16
-4.993297732344393444e+04 1.785624403553810068e-08
-4.993292860178062983e+04 4.321752554720576002e-15
-4.993279569575926143e+04 3.495072396380223975e-17
-4.993261967555921001e+04 4.757548506505806925e-16
-4.993242968331478914e+04 8.226908020617664841e-16
-4.993229069362114387e+04 2.945177627973200856e-10
-4.993196904228742642e+04 3.826998787550248675e-17
-4.993159739009535406e+04 6.020634291583862493e-15
-4.993152302920720103e+04 9.695547701804159679e-08
-4.993131644326691458e+04 5.760906259350191754e-17
-4.993093375595339603e+04 6.141544104268831798e-17
-4.993083947983806138e+04 4.226757865550612168e-08
-4.993068150761813740e+04 7.795913482670484542e-15
-4.993045397663742187e+04 2.735408403091573796e-15
-4.993027618605778844e+04 2.465404600905140910e-17
-4.993014858519619884e+04 2.249079644402231208e-11
-4.993006772683728923e+04 4.137094341417654113e-09
-4.992944968196436093e+04 5.843582101811421565e-13
-4.992938641407332034e+04 9.755225330076831378e-08
-4.992914328426437714e+04 2.287314711016949412e-16
-4.992907260957496328e+04 3.598347702189428964e-19
-4.992878435550082941e+04 4.372205270423598749e-15
-4.992870007576436183e+04 2.136517577193442748e-11
-4.992854823880706681e+04 3.411491693569791650e-18
-4.992834789799051941e+04 2.715749296988973569e-16
-4.992800291301285324e+04 2.300784801220730046e-11
-4.992793156011868268e+04 2.212598701045933114e-07
-4.992788121587863134e+04 1.749270160379511904e-16
-4.992765496376391093e+04 3.333754841750980911e-17
-4.992729641980696033e+04 4.837276157485794396e-14
-4.992724900699437421e+04 4.541231519552078835e-07
-4.992717954936336173e+04 5.820979275255083210e-15
-4.992663838677202875e+04 2.816295865726058269e-13
-4.992655808774185425e+04 7.628324565703730055e-09
-4.992635674375366216e+04 4.673973526015510756e-15
-4.992619426043731801e+04 1.590922877059729086e-16
-4.992585228567061131e+04 5.145439995996054797e-12
-4.992579516622199299e+04 2.668691842313322372e-06
-4.992557685022419901e+04 4.814454988272134816e-17
-4.992513635361089109e+04 7.256628218214347976e-12
-4.992510996347005130e+04 7.576284374350023298e-07
-4.992487730071104306e+04 1.898911585577751113e-15
-4.992457561279647052e+04 1.269596820715804968e-13
-4.992441210404332378e+04 3.968236852173140024e-10
-4.992424523753656831e+04 5.679301455395005081e-15
-4.992369511215356761e+04 2.812732617390449468e-12
-4.992365808391017345e+04 9.393886965888998990e-07
-4.992329532746283803e+04 9.104795054779200849e-17
-4.992296936505544727e+04 1.542771890981543456e-09
-4.992296788300717162e+04 3.812931825588254443e-08
-4.992275100830891461e+04 2.387141346905880973e-15
-4.992240360929502640e+04 4.500869349922489117e-14
-4.992226827317111747e+04 7.118881166642541833e-12
-4.992226021069900162e+04 4.563984682747750949e-10
-4.992192622255643801e+04 7.854124408110070595e-18
-4.992165041553036281e+04 2.836014984039893956e-15
-4.992152963527579413e+04 2.098017248263958940e-09
-4.992151946093413426e+04 8.320620317761836165e-06
-4.992104691572384036e+04 2.522781617845294170e-14
-4.992082105911643885e+04 2.061404692815713530e-07
-4.992079224814148620e+04 8.893830871521168483e-11
-4.992055605239311990e+04 3.098023746274888281e-15
-4.992010068691892957e+04 1.707491892251128824e-10
-4.992006759798889834e+04 5.387010043899972035e-06
-4.992000904966540111e+04 8.017765432920205452e-14
-4.991954388332054077e+04 6.454650066998109793e-15
-4.991939372523210477e+04 1.818021679269856360e-12
-4.991937793280608457e+04 1.158093074568853316e-05
-4.991935386072431720e+04 3.607768943657034635e-09
-4.991866689059382043e+04 6.570427365802709067e-09
-4.991863274316964089e+04 1.263787302368116379e-12
-4.991858999113261962e+04 2.424174770847018290e-14
-4.991835540880040207e+04 8.223308234352550179e-17
-4.991806321903049684e+04 1.605119974981568288e-14
-4.991793087732134882e+04 1.059316434931880014e-05
-4.991793072808063152e+04 3.604567258889010414e-06
-4.991746753930502746e+04 5.411569220422749925e-14
-4.991723139714606077e+04 3.937786292510938375e-06
-4.991716770722514775e+04 7.456410586619810636e-10
-4.991704912756024714e+04 7.284543883839707021e-15
-4.991660717520605976e+04 2.052194188830023469e-14
-4.991651838937620050e+04 4.956362202356561990e-13
-4.991650265938003577e+04 1.179887596008686337e-08
-4.991640545674863824e+04 6.930861595021054419e-13
-4.991587381765438477e+04 8.114696670316306114e-15
-4.991579261878714169e+04 8.119197763975181655e-05
-4.991574836343493371e+04 3.782158193498605584e-09
-4.991561905547519564e+04 9.977098179874502370e-13
-4.991507699661800871e+04 5.230326297117334946e-06
-4.991496643772817333e+04 7.105075289245146760e-10
-4.991448179569253989e+04 9.013232939446142053e-14
-4.991432544098312792e+04 5.758712709522034089e-09
-4.991418430456653732e+04 6.066921083151087412e-12
-4.991377092227789399e+04 2.855067425400070769e-13
-4.991365010315021209e+04 1.364442541795512099e-04
-4.991355135159076599e+04 4.406869959000842676e-09
-4.991351585437844915e+04 1.575887995130140064e-12
-4.991291119007117959e+04 8.359446600710366526e-08
-4.991275183179212763e+04 9.324176080219651145e-12
-4.991246847486748447e+04 6.507080839265145928e-13
-4.991213237970345654e+04 1.165551216783339679e-09
-4.991198406081213761e+04 1.634553369990519355e-12
-4.991186840254846175e+04 1.385001574399098931e-13
-4.991165191689327912e+04 1.327097633740152926e-14
-4.991149796748982044e+04 2.412633147955635556e-04
-4.991139949904094829e+04 1.718083062090779167e-11
-4.991133750666960259e+04 7.392559737967873701e-09
-4.991100803059746977e+04 2.056001851981389373e-15
-4.991073007729685924e+04 1.579078860959427307e-07
-4.991051936036210100e+04 2.531205965721451672e-11
-4.991015674751321785e+04 4.548722650080842712e-13
-4.991006390627672954e+04 3.094986435691951928e-05
-4.990992070686123043e+04 2.393189339081230435e-08
-4.990982827808940056e+04 8.422407623116571640e-13
-4.990933229226022377e+04 1.773415922794491425e-07
-4.990932931567141350e+04 1.382649037222676773e-04
-4.990910633005847922e+04 5.175928771207862813e-09
-4.990871708624274470e+04 1.263779866066991436e-12
-4.990852984127267700e+04 6.409260295530280534e-08
-4.990843413442074234e+04 3.950787283762807868e-11
-4.990823517173198343e+04 7.727009846821307478e-11
-4.990794069995138852e+04 4.032315046097783435e-11
-4.990790979841226363e+04 9.342534572560333992e-04
-4.990768864432894043e+04 2.128949042807645592e-08
-4.990759842211453361e+04 2.052158352682931265e-11
-4.990721439115000248e+04 6.650852950269060048e-13
-4.990713708143586700e+04 7.073225183026512848e-11
-4.990685511327208224e+04 7.463418740791353230e-11
-4.990658381361830834e+04 2.636296312230157566e-11
-4.990630699286924937e+04 3.967026407241241188e-08
-4.990611278478780150e+04 2.438740560462639749e-10
-4.990599467991856363e+04 4.697292025478594960e-09
-4.990572843617024773e+04 1.358114233522000544e-02
-4.990562461888889811e+04 7.955781749622277220e-10
-4.990560973779505002e+04 2.633477943788434797e-10
-4.990543415194062254e+04 1.655749945940161095e-08
-4.990523217773427314e+04 1.735273157641984766e-12
-4.990491522274576710e+04 7.418162172989522496e-06
-4.990490033554768888e+04 1.682569058024655166e-08
-4.990458032994032692e+04 1.185700453745632600e-08
-4.990405895226402208e+04 4.189946599155670262e-08
-4.990370195355442411e+04 8.407437166674674050e-09
-4.990366689480496279e+04 4.040832857852614951e-10
-4.990351246911664202e+04 2.863441450915702336e-03
-4.990315608935938508e+04 4.919167688671290445e-08
-4.990281963033971260e+04 1.198604224975129669e-11
-4.990265923415720317e+04 2.289132212116835266e-06
-4.990247371062467573e+04 7.794817133419508813e-12
-4.990228512335391861e+04 4.557343239369666929e-10
-4.990178384186628682e+04 7.224611692826825595e-07
-4.990157314687601320e+04 5.469006444097138671e-09
-4.990127868292824132e+04 5.616265777138279649e-09
-4.990125445916296303e+04 2.571757812394751943e-05
-4.990097610017179250e+04 2.020196821012180087e-10
-4.990085343256736087e+04 5.286805161462322699e-08
-4.990070794358397688e+04 2.231702761014328362e-10
-4.990048438168948633e+04 8.320703139317819133e-10
-4.990036668655664835e+04 2.506686643563441953e-04
-4.990007475536740094e+04 3.367768356215402655e-07
-4.990002709961692744e+04 9.251074692207214012e-01
-4.989997339891020965e+04 1.115000241246477104e-05
-4.989948052645353891e+04 5.384896405444760357e-06
-4.989926780090321699e+04 9.200447707443935746e-09
-4.989894917023773451e+04 1.779799945664450541e-04
-4.989886811615629995e+04 1.440468644262899152e-10
-4.989852817510034947e+04 2.497398727378709315e-09
-4.989838187041577476e+04 4.909189486272837984e-09
-4.989803704360550910e+04 2.875317432360948973e-04
-4.989781475502043031e+04 5.456570176767773506e-02
-4.989775692971418903e+04 9.060688568829700594e-08
-4.989769611691398313e+04 1.071047174143329004e-06
-4.989743898045308742e+04 4.398819992057119345e-08
-4.989714870071472251e+04 2.363353974713425159e-06
-4.989674303245863848e+04 7.373504209225741330e-10
-4.989659454754090257e+04 1.146964082663027883e-05
-4.989651782919848483e+04 6.411974885852161289e-13
-4.989617620868635277e+04 5.147702133220540380e-08
-4.989586324012331897e+04 1.885161430763801303e-09
-4.989567140362776991e+04 4.202008495048365334e-05
-4.989548093344618974e+04 1.270238616846069372e-03
-4.989544452248937887e+04 3.107330903549026254e-08
-4.989529553123304504e+04 5.322992949400592160e-08
-4.989484974576076638e+04 6.874662892072563652e-09
-4.989478772979292989e+04 3.640556139448453077e-07
-4.989441941525627772e+04 1.104575958525869146e-09
-4.989419380449606979e+04 1.973157102234251664e-06
-4.989419104051061731e+04 1.664618272124052546e-05
-4.989407160241660313e+04 3.051632845031968871e-10
-4.989386758865149022e+04 2.139156855550134700e-09
-4.989376615884621424e+04 5.129296608307108758e-09
-4.989327019764056604e+04 3.642456902228487566e-06
-4.989304838161613588e+04 9.660392211300565925e-05
-4.989288913194699126e+04 2.061837807717555191e-08
-4.989268846779932210e+04 1.979376422817244424e-10
-4.989239960445753240e+04 2.262297619414775259e-08
-4.989174253456829319e+04 2.258889841877502660e-07
-4.989167503025034239e+04 2.035278385110979275e-09
-4.989138959704016452e+04 1.696909030830370952e-09
-4.989106630449721706e+04 4.594579474027472543e-11
-4.989083487087703543e+04 7.977530433370861123e-07
-4.989062913092124654e+04 1.223655729303485154e-08
-4.989053766268934851e+04 3.422058926759811699e-05
-4.989016354264137044e+04 2.036737214501346825e-09
-4.988998356819918990e+04 4.945728319038515865e-08
-4.988960274673171807e+04 3.302288581231236820e-11
-4.988951039456603030e+04 8.580148439173312561e-11
-4.988925139755276905e+04 1.196804316708484783e-07
-4.988898345346762653e+04 1.167153430124781410e-10
-4.988879215369987651e+04 4.062146971740249998e-10
-4.988854666321909463e+04 1.289244759652264328e-09
-4.988836570744688652e+04 5.523165497780075841e-07
-4.988811473978026333e+04 3.149429965559627079e-09
-4.988796522892714711e+04 1.205297397423887036e-05
-4.988755300930561498e+04 5.496837171550166310e-08
-4.988748433473121986e+04 6.809062831394198498e-09
-4.988702870948055352e+04 8.400240965969781452e-12
-4.988672705122608750e+04 1.023294557129952662e-08
-4.988670070668440894e+04 1.387481435560115356e-09
-4.988656577338992793e+04 2.302416401537683353e-09
-4.988624003848098073e+04 1.145934998035100422e-09
-4.988586341629905655e+04 6.712183435502479772e-08
-4.988545450413936487e+04 3.921400800929001966e-09
-4.988534361052059103e+04 4.471497077301992308e-07
-4.988506443342957937e+04 1.119489495668778082e-08
-4.988459929071803344e+04 3.241069573629988370e-12
-4.988416224389637500e+04 3.767843612268622571e-08
-4.988404233990763169e+04 2.069537991855121900e-09
-4.988394500136325223e+04 1.209670757213756762e-13
-4.988361637417145539e+04 8.054217069398479217e-13
-4.988334324239325360e+04 2.929739701020202965e-09
-4.988316990768227697e+04 1.260299202889734199e-11
-4.988289192421691405e+04 3.178404065387434315e-14
-4.988270101501011959e+04 2.903485014804483220e-08
-4.988257537530065747e+04 8.297656955072466654e-09
-4.988245326042922534e+04 5.076583972278411677e-11
-4.988217838796959404e+04 3.965656031572282793e-12
-4.988197130259292317e+04 5.314108284557014249e-12
-4.988159029224220285e+04 4.748306513378631081e-10
-4.988152636173192877e+04 4.865053158924086881e-10
-4.988141480382243026e+04 9.716339135521172013e-13
-4.988078600363345322e+04 8.040668445183668406e-12
-4.988020274369876279e+04 4.111572881283162795e-10
-4.988004572960324003e+04 2.355449604078908711e-09
-4.987993852045071981e+04 6.686302456664738037e-09
-4.987936010340644862e+04 2.261692515069511431e-12
-4.987910788238597161e+04 1.158383064106843969e-11
-4.987894053656049800e+04 3.248054160230817941e-11
-4.987855892530566052e+04 7.095332947173686926e-12
-4.987821391645446420e+04 3.588588065937923114e-10
-4.987774506090150680e+04 9.320405688499353289e-11
-4.987749261032887443e+04 7.141476223850385174e-12
-4.987747289683970303e+04 5.143916223360124354e-10
-4.987722815002086281e+04 6.622222028938070963e-09
-4.987680493311688770e+04 6.720122946423458775e-12
-4.987637962975250412e+04 2.705340145877524433e-12
-4.987629955655714730e+04 2.812559979297197980e-11
-4.987612165903329878e+04 4.736870878684413799e-12
-4.987567722786179365e+04 3.447199529656281560e-11
-4.987560998856863444e+04 1.197314917450807631e-10
-4.987528642550562654e+04 2.669827357683323493e-12
-4.987511701983577223e+04 2.680593109489748155e-12
-4.987495658641021873e+04 8.058575213276853703e-12
-4.987449574497987487e+04 1.026075446271381410e-11
-4.987448536678573146e+04 3.017014343181772875e-10
-4.987364015525597642e+04 6.756499159131514295e-11
-4.987347936062093504e+04 3.367222013686181255e-12
-4.987300135147944093e+04 5.355513216858265109e-12
-4.987256088117457693e+04 2.371720345775461460e-16
-4.987213955047240597e+04 1.178341887096127384e-13
-4.987172786465651006e+04 1.326116942089716336e-11
-4.987135143195700948e+04 3.965320771822711474e-13
-4.987106792617961764e+04 3.563712102268399920e-13
-4.987094540954549302e+04 1.864521584778919424e-12
-4.987081823351595813e+04 1.479371199392512603e-13
-4.987062186216111877e+04 8.908315683252654985e-14
-4.987035893109951576e+04 3.718104289530324589e-14
-4.987006168689775950e+04 4.197627598748204249e-14
-4.986977463005733443e+04 1.013595357068026583e-13
-4.986968306868906802e+04 9.314013800693423097e-15
-4.986939698056234920e+04 1.379959579331441370e-14
-4.986908154889997240e+04 1.245943147619875273e-13
-4.986893839132180437e+04 4.613234686670330579e-12
-4.986827043423936993e+04 4.431375540425786895e-14
-4.986786632021055993e+04 2.146440998595490094e-13
-4.986769144746063830e+04 2.744407286637778681e-13
-4.986743724882155948e+04 1.131583383178180685e-15
-4.986706419553120941e+04 1.437961269078763186e-13
-4.986616325226655317e+04 4.905605236309465574e-12
-4.986597557182476885e+04 1.220068844707948214e-13
-4.986556409387692111e+04 2.318025644254017120e-13
-4.986528481995455513e+04 3.760660138960595410e-13
-4.986481722393566452e+04 5.468705454184984906e-14
-4.986473927436289523e+04 1.297923655478852975e-13
-4.986444066631043825e+04 1.780782428382994172e-15
-4.986377728010099963e+04 5.083224792781214830e-15
-4.986338312042589678e+04 1.632978303366801751e-13
-4.986327133909089025e+04 8.877383788309942196e-14
-4.986295418591095950e+04 1.168714450670895277e-14
-4.986286332972481614e+04 2.796476196540700972e-14
-4.986284781948706222e+04 7.226090427841188815e-15
-4.986271110031924036e+04 9.078347114368313060e-14
-4.986232009523489978e+04 1.214806176637174876e-14
-4.986187452171466430e+04 6.156848588347743362e-16
-4.986129898703491199e+04 1.232580406815165872e-17
-4.986057726246178208e+04 2.847590289078097839e-15
-4.986011546798232303e+04 4.887165941321506922e-15
-4.985976972962215950e+04 4.669389262769260381e-16
-4.985944398072433250e+04 5.513587736598690657e-16
-4.985858190318119887e+04 3.215672952374078235e-17
-4.985813682258753397e+04 3.256222716249450845e-16
-4.985773959990100411e+04 2.276901566361312114e-15
-4.985751089353127463e+04 5.789581395653926980e-17
-4.985732776435360574e+04 1.526183845245591510e-15
-4.985710556048677245e+04 7.249454903146075402e-17
-4.985694798980568885e+04 3.714488502720073738e-17
-4.985679992914984177e+04 5.201072531696112540e-16
-4.985653941039002530e+04 1.195445935648462125e-17
-4.985618622649124154e+04 1.343837898976836406e-16
-4.985592196338533540e+04 1.589699222510109751e-17
-4.985522884220018750e+04 2.184241985853281241e-17
-4.985492618967387534e+04 3.449564937875815985e-15
-4.985468158661494090e+04 1.531175772785813721e-17
-4.985439376638228714e+04 1.017301990743402816e-15
-4.985382242445144220e+04 8.521799422858514655e-16
-4.985222504021144414e+04 4.535823539521727602e-17
-4.985207289020907774e+04 2.013395115582691336e-17
-4.985192712466075318e+04 3.491099465497718542e-16
-4.985123799961198529e+04 2.220993060342524548e-22
-4.985112616305649863e+04 6.432796373141045467e-17
-4.985092974592532119e+04 2.406705403265409648e-18
-4.985026428163886885e+04 3.341537951689562119e-18
-4.984978037049823615e+04 4.349003525033479679e-20
-4.984963687728160585e+04 1.090125563445761960e-19
-4.984905658176722500e+04 9.328306366924322343e-19
-4.984898147399630398e+04 2.076453981999642204e-22
-4.984894652792232955e+04 5.318148059391171175e-18
-4.984863867030905385e+04 8.599242074288352978e-19
-4.984846931779049919e+04 1.290388051857045770e-18
-4.984773539333543158e+04 1.551042454561874434e-19
-4.984657647295524657e+04 2.283117252389069742e-18
-4.984618086829107779e+04 2.058760161904018814e-18
-4.984569698009399872e+04 1.579347128180506570e-18
-4.984522151636672788e+04 8.334085343307680522e-19
-4.984440943528432399e+04 3.444409978486433349e-21
-4.984401403894162650e+04 1.915255200057259397e-21
-4.984351055908255512e+04 3.477483618885913415e-18
-4.984287478102850582e+04 7.155891234364922103e-19
-4.984275702914220165e+04 1.208845908770530433e-18
-4.984264528482389142e+04 7.754384388987170413e-20
-4.984197588643394556e+04 4.313839140403713800e-20
-4.984187089673178707e+04 1.253155613638630044e-20
-4.984172360140234377e+04 5.466118055338025570e-20
-4.984111357490527735e+04 2.686925758292431783e-20
-4.984045670949053601e+04 5.161879105655405968e-19
-4.984009552825512947e+04 1.543967339378251605e-20
-4.983993915365671273e+04 7.900441444225332395e-20
-4.983869387347689917e+04 4.035683727677221983e-21
-4.983789247034384607e+04 6.423970196749493501e-23
-4.983755365253251512e+04 8.144524536919264489e-21
-4.983694319226611697e+04 1.316162939479318458e-21
-4.983612388282651955e+04 2.848604918512453000e-21
-4.983579809642813052e+04 3.493178737797645943e-24
-4.983517915420427744e+04 5.074382771470161082e-21
-4.983488340939169575e+04 8.596439701715609765e-22
-4.983422737209953630e+04 1.363218464851128823e-21
-4.983408208663320693e+04 8.885243322548654628e-22
-4.983389028783461981e+04 4.895631742707815265e-23
-4.983369071842274570e+04 1.898973994357728803e-21
-4.983345359800049482e+04 1.945262628653036766e-22
-4.983193727520901302e+04 3.112698088606197963e-21
-4.983178441486120573e+04 2.171342850995269273e-21
-4.983086684604687616e+04 8.199286689239521495e-22
-4.982957184782675904e+04 8.323403352798675514e-22
-4.982933831714151893e+04 2.772047045088732143e-22
-4.982882002511872997e+04 1.756803164560813865e-23
-4.982777181145206850e+04 1.693682000775964984e-23
-4.982741281192610040e+04 1.494946334769368036e-23
-4.982692127436110604e+04 1.298205156408374209e-23
-4.982642729880705883e+04 1.384174569289880860e-23
-4.982593414250032220e+04 0.000000000000000000e+00
-4.982558622961262881e+04 0.000000000000000000e+00
-4.982521322941609833e+04 9.079041899634852378e-24
-4.982410695986840437e+04 0.000000000000000000e+00
-4.982371096204758942e+04 1.283758280798852236e-24
-4.982227197597370832e+04 1.663531697195653903e-23
-4.982199155114649329e+04 0.000000000000000000e+00
-4.982105129350362404e+04 2.393998951716993421e-24
-4.982034760438682861e+04 2.761762890150853652e-24
-4.981933899432078761e+04 0.000000000000000000e+00
-4.981889762340519519e+04 0.000000000000000000e+00
-4.981871461455422832e+04 2.565632860055040704e-24
-4.981748849682533182e+04 0.000000000000000000e+00
-4.981709539258342556e+04 0.000000000000000000e+00
-4.981684495305263408e+04 0.000000000000000000e+00
-4.981588018900352472e+04 0.000000000000000000e+00
-4.981550698117176944e+04 0.000000000000000000e+00
-4.981424405816484068e+04 0.000000000000000000e+00
-4.981230381321994355e+04 0.000000000000000000e+00
-4.981183796770047047e+04 0.000000000000000000e+00
-4.981058304965602292e+04 0.000000000000000000e+00
-4.981027399491144752e+04 0.000000000000000000e+00
-4.980967926541648922e+04 0.000000000000000000e+00
-4.980907260012337065e+04 0.000000000000000000e+00
-4.980831976761559781e+04 0.000000000000000000e+00
-4.980774011298149708e+04 0.000000000000000000e+00
-4.980633774581903708e+04 0.000000000000000000e+00
-4.980574961798747245e+04 0.000000000000000000e+00
-4.980445720060365420e+04 0.000000000000000000e+00
-4.980264639008887752e+04 0.000000000000000000e+00
-4.980165057437562064e+04 0.000000000000000000e+00
-4.980067522075246234e+04 0.000000000000000000e+00
-4.979975408769634669e+04 0.000000000000000000e+00
-4.979958988126306940e+04 0.000000000000000000e+00
-4.979875056462927023e+04 0.000000000000000000e+00
-4.979754143903932709e+04 0.000000000000000000e+00
-4.979633584024362790e+04 0.000000000000000000e+00
-4.979447131922878907e+04 0.000000000000000000e+00
-4.979206359725358925e+04 0.000000000000000000e+00
-4.979134463794023759e+04 0.000000000000000000e+00
-4.979058911462356627e+04 0.000000000000000000e+00
-4.978871087789758894e+04 0.000000000000000000e+00
-4.978758952955912537e+04 0.000000000000000000e+00
-4.978735368499904871e+04 0.000000000000000000e+00
-4.978440031378912681e+04 0.000000000000000000e+00
-4.978148411434498121e+04 0.000000000000000000e+00
-4.978115276074803114e+04 0.000000000000000000e+00
-4.977991168671533524e+04 0.000000000000000000e+00
-4.977890655460880953e+04 0.000000000000000000e+00
-4.977721017872977245e+04 0.000000000000000000e+00
-4.977103360500885174e+04 0.000000000000000000e+00
-4.977059220503560209e+04 0.000000000000000000e+00
-4.976597931413674814e+04 0.000000000000000000e+00
-4.976575050803094200e+04 0.000000000000000000e+00
-4.975657418115090695e+04 0.000000000000000000e+00
-4.975620281632807018e+04 0.000000000000000000e+00
4.991721614267021505e+04 0.000000000000000000e+00
4.991723581024750456e+04 0.000000000000000000e+00
4.991980181883655314e+04 0.000000000000000000e+00
4.992165422593878611e+04 0.000000000000000000e+00
4.992281699369312992e+04 0.000000000000000000e+00
4.992283273924996320e+04 0.000000000000000000e+00
4.992328623024237459e+04 0.000000000000000000e+00
4.992464896654168842e+04 0.000000000000000000e+00
4.992555198543656297e+04 0.000000000000000000e+00
4.992588252801776252e+04 0.000000000000000000e+00
4.992627341723510472e+04 0.000000000000000000e+00
4.992703329165824107e+04 0.000000000000000000e+00
4.992745596234478580e+04 0.000000000000000000e+00
4.992751268721093948e+04 0.000000000000000000e+00
4.992788801346779655e+04 0.000000000000000000e+00
4.992867443860436470e+04 0.000000000000000000e+00
4.992951070017655729e+04 0.000000000000000000e+00
4.992993318446829653e+04 0.000000000000000000e+00
4.993032005337870942e+04 0.000000000000000000e+00
4.993111442644295312e+04 0.000000000000000000e+00
4.993132271904896334e+04 0.000000000000000000e+00
4.993153396241115115e+04 0.000000000000000000e+00
4.993204691750073835e+04 0.000000000000000000e+00
4.993221019465221616e+04 0.000000000000000000e+00
4.993267448847708874e+04 0.000000000000000000e+00
4.993355530476295098e+04 0.000000000000000000e+00
4.993398937386563921e+04 0.000000000000000000e+00
4.993420610606215632e+04 0.000000000000000000e+00
4.993492949628055794e+04 0.000000000000000000e+00
4.993573822472567554e+04 0.000000000000000000e+00
4.993617839489228936e+04 0.000000000000000000e+00
4.993655641502940853e+04 0.000000000000000000e+00
4.993768613349170482e+04 0.000000000000000000e+00
4.993822411630787974e+04 0.000000000000000000e+00
4.993839292518104776e+04 0.000000000000000000e+00
4.993989257120942057e+04 0.000000000000000000e+00
4.993994143707607873e+04 0.000000000000000000e+00
4.994007944651671278e+04 0.000000000000000000e+00
4.994055337697004143e+04 0.000000000000000000e+00
4.994190773586346040e+04 0.000000000000000000e+00
4.994208740041493002e+04 0.000000000000000000e+00
4.994233357758229249e+04 0.000000000000000000e+00
4.994316864171931957e+04 0.000000000000000000e+00
4.994364620043463219e+04 0.000000000000000000e+00
4.994422497788416513e+04 0.000000000000000000e+00
4.994486663972063980e+04 0.000000000000000000e+00
4.994538469853025890e+04 0.000000000000000000e+00
4.994611041938030394e+04 0.000000000000000000e+00
4.994634882798462786e+04 0.000000000000000000e+00
4.994689298332930775e+04 0.000000000000000000e+00
4.994772181518520665e+04 0.000000000000000000e+00
4.994842724643628753e+04 0.000000000000000000e+00
4.994851590200942883e+04 0.000000000000000000e+00
4.994914422460288188e+04 0.000000000000000000e+00
4.994994231947034132e+04 0.000000000000000000e+00
4.995011579214672383e+04 0.000000000000000000e+00
4.995034786031724070e+04 0.000000000000000000e+00
4.995056253041543823e+04 0.000000000000000000e+00
4.995113471975433640e+04 0.000000000000000000e+00
4.995151101225343155e+04 0.000000000000000000e+00
4.995179461380107387e+04 0.000000000000000000e+00
4.995208788023703528e+04 0.000000000000000000e+00
4.995209631053473277e+04 0.000000000000000000e+00
4.995260231299093721e+04 0.000000000000000000e+00
4.995291791235017445e+04 0.000000000000000000e+00
4.995344341108087974e+04 0.000000000000000000e+00
4.995409092676463479e+04 0.000000000000000000e+00
4.995424309380428167e+04 0.000000000000000000e+00
4.995446648889267090e+04 0.000000000000000000e+00
4.995473001083312556e+04 0.000000000000000000e+00
4.995541109136711020e+04 0.000000000000000000e+00
4.995545957051530422e+04 0.000000000000000000e+00
4.995633233128222491e+04 0.000000000000000000e+00
4.995638977428099315e+04 0.000000000000000000e+00
4.995665025068329123e+04 0.000000000000000000e+00
4.995741609214020718e+04 0.000000000000000000e+00
4.995818381266563665e+04 0.000000000000000000e+00
4.995830589682905702e+04 0.000000000000000000e+00
4.995853025914628961e+04 0.000000000000000000e+00
4.995873154483060353e+04 0.000000000000000000e+00
4.995924194539434393e+04 0.000000000000000000e+00
4.995967872977951629e+04 0.000000000000000000e+00
4.995994246140553150e+04 0.000000000000000000e+00
4.996014624161853135e+04 0.000000000000000000e+00
4.996065324812807376e+04 0.000000000000000000e+00
4.996074320079750032e+04 0.000000000000000000e+00
4.996075847633814556e+04 0.000000000000000000e+00
4.996133350392999273e+04 0.000000000000000000e+00
4.996209436101195024e+04 0.000000000000000000e+00
4.996214133834149106e+04 0.000000000000000000e+00
4.996223299410331674e+04 0.000000000000000000e+00
4.996267630656663823e+04 0.000000000000000000e+00
4.996279641892624932e+04 0.000000000000000000e+00
4.996359446520490746e+04 0.000000000000000000e+00
4.996391122624446871e+04 0.000000000000000000e+00
4.996406431333994988e+04 0.000000000000000000e+00
4.996424594425711985e+04 0.000000000000000000e+00
4.996486386606100859e+04 0.000000000000000000e+00
4.996490710427815065e+04 0.000000000000000000e+00
4.996529130940269533e+04 0.000000000000000000e+00
4.996583812194547500e+04 0.000000000000000000e+00
4.996612593401250342e+04 0.000000000000000000e+00
4.996639673655916704e+04 0.000000000000000000e+00
4.996695151923269441e+04 0.000000000000000000e+00
4.996732989874076884e+04 0.000000000000000000e+00
4.996745242918428994e+04 0.000000000000000000e+00
4.996776513347489526e+04 0.000000000000000000e+00
4.996854590056862799e+04 0.000000000000000000e+00
4.996886076698917168e+04 0.000000000000000000e+00
4.996901148222447227e+04 0.000000000000000000e+00
4.996940363588904438e+04 0.000000000000000000e+00
4.996994247738225386e+04 0.000000000000000000e+00
4.997011858215440589e+04 0.000000000000000000e+00
4.997051767499801645e+04 0.000000000000000000e+00
4.997069060726711177e+04 0.000000000000000000e+00
4.997079593891777040e+04 0.000000000000000000e+00
4.997101972585892509e+04 0.000000000000000000e+00
4.997193897751114855e+04 0.000000000000000000e+00
4.997209449384782056e+04 0.000000000000000000e+00
4.997241340741988097e+04 0.000000000000000000e+00
4.997283411122100370e+04 0.000000000000000000e+00
4.997296572660173115e+04 0.000000000000000000e+00
4.997345612359062943e+04 0.000000000000000000e+00
4.997367093509582628e+04 0.000000000000000000e+00
4.997408411255101964e+04 0.000000000000000000e+00
4.997424645154455357e+04 0.000000000000000000e+00
4.997464745528174535e+04 0.000000000000000000e+00
4.997497188425707282e+04 0.000000000000000000e+00
4.997509481303259963e+04 0.000000000000000000e+00
4.997536026351067267e+04 0.000000000000000000e+00
4.997573495782998361e+04 0.000000000000000000e+00
4.997639823598079965e+04 0.000000000000000000e+00
4.997668932031448639e+04 0.000000000000000000e+00
4.997696446235751500e+04 0.000000000000000000e+00
4.997709635425032320e+04 0.000000000000000000e+00
4.997766783161042258e+04 0.000000000000000000e+00
4.997775719033466157e+04 0.000000000000000000e+00
4.997811110227753670e+04 0.000000000000000000e+00
4.997854965909291786e+04 0.000000000000000000e+00
4.997877394779609313e+04 0.000000000000000000e+00
4.997907953887277836e+04 0.000000000000000000e+00
4.997921436057671235e+04 0.000000000000000000e+00
4.997949933121195500e+04 0.000000000000000000e+00
4.997994247922287468e+04 0.000000000000000000e+00
4.998001169817009941e+04 0.000000000000000000e+00
4.998024038530242979e+04 0.000000000000000000e+00
4.998053666907605657e+04 0.000000000000000000e+00
4.998070036810235615e+04 0.000000000000000000e+00
4.998106663899875275e+04 0.000000000000000000e+00
4.998132436901601613e+04 0.000000000000000000e+00
4.998158915913365490e+04 0.000000000000000000e+00
4.998209451036209066e+04 0.000000000000000000e+00
4.998240764365580981e+04 0.000000000000000000e+00
4.998256440910860692e+04 0.000000000000000000e+00
4.998284950476337690e+04 0.000000000000000000e+00
4.998334888862091611e+04 0.000000000000000000e+00
4.998341351370461052e+04 0.000000000000000000e+00
4.998362804876580776e+04 0.000000000000000000e+00
4.998424653224732174e+04 0.000000000000000000e+00
4.998433611529305927e+04 0.000000000000000000e+00
4.998470089530876430e+04 0.000000000000000000e+00
4.998499708466567245e+04 0.000000000000000000e+00
4.998539932386476721e+04 0.000000000000000000e+00
4.998547818698270567e+04 0.000000000000000000e+00
4.998596803123610880e+04 0.000000000000000000e+00
4.998636673322895513e+04 0.000000000000000000e+00
4.998639852642290498e+04 0.000000000000000000e+00
4.998657537147969560e+04 0.000000000000000000e+00
4.998714012517926312e+04 0.000000000000000000e+00
4.998739132451316254e+04 0.000000000000000000e+00
4.998753440665452217e+04 0.000000000000000000e+00
4.998774671965192101e+04 0.000000000000000000e+00
4.998790668421673763e+04 0.000000000000000000e+00
4.998855043347468018e+04 0.000000000000000000e+00
4.998864079201964341e+04 0.000000000000000000e+00
4.998906949191696185e+04 0.000000000000000000e+00
4.998928134280464292e+04 0.000000000000000000e+00
4.998948375576750550e+04 0.000000000000000000e+00
4.998963716855270468e+04 0.000000000000000000e+00
4.998994247942991205e+04 0.000000000000000000e+00
4.999005211014234374e+04 0.000000000000000000e+00
4.999047387623718532e+04 0.000000000000000000e+00
4.999070216832316510e+04 2.490706264483331102e-24
4.999131732319360890e+04 0.000000000000000000e+00
4.999141953321656911e+04 3.233208487635099620e-24
4.999158510971405485e+04 0.000000000000000000e+00
4.999183436313733546e+04 0.000000000000000000e+00
4.999198559971900249e+04 0.000000000000000000e+00
4.999209451253736188e+04 0.000000000000000000e+00
4.999282718652094627e+04 0.000000000000000000e+00
4.999285343515219574e+04 0.000000000000000000e+00
4.999292284214556275e+04 0.000000000000000000e+00
4.999343789009238390e+04 0.000000000000000000e+00
4.999353572802691633e+04 2.870370937989494213e-24
4.999386745456432254e+04 0.000000000000000000e+00
4.999424090802721184e+04 0.000000000000000000e+00
4.999424654433558317e+04 0.000000000000000000e+00
4.999482448824571475e+04 0.000000000000000000e+00
4.999500426047472865e+04 0.000000000000000000e+00
4.999515594755663915e+04 0.000000000000000000e+00
4.999539857671523350e+04 0.000000000000000000e+00
4.999566268388814206e+04 3.142428443946748337e-24
4.999614850814818783e+04 0.000000000000000000e+00
4.999639857073848543e+04 4.362544028907889853e-24
4.999673322793738043e+04 0.000000000000000000e+00
4.999695593658422877e+04 0.000000000000000000e+00
4.999715388110849744e+04 2.636406440053875739e-23
4.999776314979361632e+04 4.205942533305140461e-24
4.999779535889465478e+04 0.000000000000000000e+00
4.999822438289877027e+04 0.000000000000000000e+00
4.999855058132713020e+04 1.161378518192655117e-24
4.999858965041739430e+04 0.000000000000000000e+00
4.999921011698604707e+04 0.000000000000000000e+00
4.999930179493199830e+04 4.795164194304288618e-23
4.999945462689772103e+04 0.000000000000000000e+00
4.999984635256704496e+04 1.976933367627568518e-23
4.999994247945339885e+04 0.000000000000000000e+00
5.000015216050038725e+04 0.000000000000000000e+00
5.000056422551042488e+04 0.000000000000000000e+00
5.000066909113696602e+04 0.000000000000000000e+00
5.000070255789203657e+04 1.128877462561432067e-23
5.000112047878016165e+04 1.369239900621996593e-24
5.000144705649088428e+04 1.140434815703761191e-23
5.000170772442500311e+04 0.000000000000000000e+00
5.000192205707079120e+04 0.000000000000000000e+00
5.000209451280960639e+04 0.000000000000000000e+00
5.000234049967086321e+04 0.000000000000000000e+00
5.000263861884175276e+04 0.000000000000000000e+00
5.000285443043158739e+04 1.600286526660240117e-22
5.000290026801698696e+04 0.000000000000000000e+00
5.000334119499299413e+04 1.180753681368142675e-24
5.000358941034302552e+04 3.908018504046996792e-23
5.000371401245182642e+04 1.104305046512042354e-24
5.000400054630762315e+04 3.966607805518722655e-24
5.000424654596192704e+04 1.799078158439119426e-23
5.000455438659174251e+04 0.000000000000000000e+00
5.000500614077218052e+04 5.078607258320383593e-22
5.000515061513987894e+04 0.000000000000000000e+00
5.000545794328036573e+04 1.578579988200673382e-24
5.000572648959860817e+04 2.293460174284068987e-22
5.000574792168968997e+04 3.127121571068840121e-23
5.000602971778759820e+04 0.000000000000000000e+00
5.000639857825198123e+04 2.242676852008995805e-22
5.000647464124966791e+04 0.000000000000000000e+00
5.000656027855529101e+04 0.000000000000000000e+00
5.000715745588180289e+04 5.691619287159138682e-24
5.000717723268852569e+04 0.000000000000000000e+00
5.000785560949688806e+04 5.985758821157205862e-23
5.000798752897648228e+04 5.800465661456179649e-24
5.000803241790877655e+04 2.767403576037237272e-23
5.000836096952564549e+04 2.354244841416233197e-24
5.000855060776095343e+04 6.179770751496728630e-22
5.000870522094656917e+04 2.010718023466846525e-24
5.000930831532612501e+04 1.383908256090094240e-22
5.000988932272206148e+04 5.290796774801310150e-24
5.000994247945601819e+04 2.820504203842269018e-23
5.000998592085816199e+04 1.437917486910519128e-23
5.001000815401764703e+04 1.875733049963849690e-23
5.001020041764462076e+04 2.503792736403158824e-24
5.001054736654552835e+04 0.000000000000000000e+00
5.001070262953711062e+04 2.952812586870408211e-21
5.001115237851916027e+04 1.448368401031402786e-24
5.001145815823443263e+04 2.698589320550324332e-21
5.001183820430901687e+04 0.000000000000000000e+00
5.001197418104128883e+04 2.025557016128713040e-24
5.001206669653988502e+04 2.794254521521651623e-24
5.001209451284410898e+04 6.764456357790510824e-22
5.001210827338491072e+04 5.984715177196349929e-23
5.001226734651123115e+04 0.000000000000000000e+00
5.001285463179302315e+04 1.707965505098136740e-22
5.001360540254983789e+04 1.744081574909067566e-21
5.001369295883249288e+04 2.745313060225371210e-23
5.001376652558088972e+04 3.322090958958500385e-24
5.001380734697559092e+04 1.033241682221538091e-24
5.001421062221204920e+04 6.779918204472753626e-22
5.001424654620052752e+04 1.054709686661224266e-21
5.001449570840533852e+04 0.000000000000000000e+00
5.001490684679767583e+04 0.000000000000000000e+00
5.001500659046783403e+04 4.904837335364939366e-23
5.001527560652065586e+04 1.038864893060353439e-24
5.001564267379912053e+04 7.387961762926990304e-24
5.001575423715459328e+04 5.467082491120599094e-23
5.001611061195512593e+04 1.677374624958594872e-24
5.001630819064173556e+04 1.111467765974730662e-24
5.001639857942287927e+04 6.061308973451763161e-21
5.001659035389258497e+04 1.974882783644807233e-24
5.001715404068231874e+04 5.138405161042228108e-22
5.001715856220524438e+04 2.147741853503959739e-20
5.001754666604651720e+04 0.000000000000000000e+00
5.001778545009817753e+04 1.481263322755216565e-23
5.001789836926560383e+04 1.032321587226688225e-21
5.001837030616301490e+04 3.196206825407081475e-23
5.001847813874428539e+04 0.000000000000000000e+00
5.001855061215940805e+04 5.207535005933968548e-21
5.001906189068240928e+04 6.482897221563389341e-24
5.001931016474028002e+04 3.313110613980540254e-20
5.001949684112647810e+04 2.207834262300364492e-24
5.001979045999290247e+04 3.515563826842333790e-23
5.001994247945634561e+04 1.201082783738915776e-22
5.002003769769014616e+04 1.002354179122017133e-20
5.002036486733792117e+04 9.910238259095843965e-23
5.002046081120106828e+04 1.418450501387698635e-23
5.002070264341356233e+04 2.493161424846913809e-20
5.002104976456526492e+04 0.000000000000000000e+00
5.002140955730063433e+04 6.872952093504128449e-24
5.002146170809469913e+04 8.706560652872966947e-22
5.002180498722069751e+04 1.863413858715973264e-23
5.002186209595452965e+04 2.412668750310316325e-24
5.002209451284838724e+04 6.463627962049062502e-23
5.002217799741394265e+04 2.372069258019993732e-22
5.002250193579188635e+04 1.961606837049434685e-22
5.002285467060779047e+04 1.341095790657874481e-19
5.002307291200979671e+04 1.121194383151669598e-23
5.002328437858331017e+04 4.838267777633806646e-24
5.002352920887410437e+04 0.000000000000000000e+00
5.002361257442906208e+04 8.066188613082053334e-21
5.002416433694756415e+04 8.018158790950039307e-23
5.002424654623305105e+04 4.323833760417506592e-20
5.002431797374273447e+04 4.548495138171625492e-22
5.002448944691380893e+04 3.860672246304579396e-23
5.002500668810278148e+04 4.035560311197846067e-19
5.002512271677100216e+04 2.800665944580110517e-24
5.002519945351387287e+04 0.000000000000000000e+00
5.002576250776031520e+04 1.228692286234131024e-19
5.002581736925132282e+04 7.291669611256198777e-22
5.002631646091092989e+04 4.840153548813801970e-23
5.002639857959550864e+04 4.328212247011477595e-19
5.002643558844311337e+04 6.361010428742951052e-22
5.002663342456865212e+04 7.075328717481537796e-23
5.002706909987483959e+04 5.673565105473252526e-24
5.002715868513176247e+04 6.252226103744117194e-20
5.002739401088784507e+04 1.356583230729870451e-23
5.002791170338026132e+04 2.012127240829006005e-20
5.002799624351255625e+04 1.250665806037490360e-23
5.002849670995453926e+04 5.334144847815183112e-23
5.002855014960475091e+04 4.955097859889593311e-21
5.002855061287993885e+04 5.565106150931371204e-19
5.002870125256734173e+04 1.150253253356143222e-22
5.002923716283831891e+04 2.111052337565415611e-23
5.002931065450036840e+04 8.751113304860796482e-21
5.002955137758656201e+04 4.803739788482608765e-23
5.002994247945637471e+04 7.880551045413378611e-20
5.003005870447451161e+04 1.890020220702314601e-20
5.003008742594729119e+04 7.559351596286206486e-22
5.003055361296426418e+04 2.005503108619543772e-23
5.003065528803448979e+04 2.851197436582003000e-22
5.003070264591262821e+04 2.802303264332906289e-18
5.003083443289832940e+04 2.972926607504541282e-24
5.003117806124375784e+04 9.460427035689079351e-24
5.003146251680927526e+04 1.236659888803793838e-18
5.003157103810380067e+04 9.998940627576901773e-24
5.003209451284902752e+04 1.653282264075157000e-18
5.003217907932696107e+04 2.329375139741006944e-21
5.003221240011743794e+04 8.453316016502094571e-21
5.003238881865709118e+04 1.005114504619190500e-22
5.003275849473571725e+04 3.127416511703103002e-21
5.003285467821468774e+04 1.205751002086097800e-18
5.003301223319525889e+04 3.440581908569575961e-23
5.003356774769796903e+04 1.648830825329896858e-22
5.003361423686589114e+04 6.778518758963120688e-19
5.003379976140560029e+04 7.768730064572344520e-24
5.003423779640275461e+04 1.294181471556150706e-22
5.003424654623935203e+04 1.156749143684532877e-18
5.003434874130524986e+04 8.766554131874298142e-20
5.003482774561289989e+04 1.528884806573140447e-21
5.003500670872039336e+04 5.902913590086875523e-19
5.003526531043679279e+04 1.447752295585553978e-24
5.003564645595896582e+04 1.047377751559521550e-22
5.003576571859222167e+04 5.688559087806537627e-19
5.003595395542972255e+04 0.000000000000000000e+00
5.003621238937994349e+04 9.113845279196438972e-24
5.003639857963564282e+04 6.956278142518873342e-18
5.003649103542450757e+04 3.884113335428363846e-22
5.003689277219541691e+04 4.912706944485351131e-22
5.003715873499614099e+04 9.842598284884449205e-18
5.003725384835467412e+04 1.399552704559880669e-23
5.003778977855379344e+04 1.209610036462029042e-22
5.003791684002803231e+04 1.215515395472199720e-19
5.003801408553693909e+04 6.020278018359593492e-24
5.003826276564427826e+04 0.000000000000000000e+00
5.003855061308157747e+04 1.289925611408384567e-17
5.003862692889223399e+04 5.782697227234191346e-20
5.003884873430890002e+04 4.563077236270910205e-22
5.003916211285449390e+04 1.847130754416894119e-22
5.003931075276677439e+04 1.470546943453538662e-17
5.003949894404616498e+04 0.000000000000000000e+00
5.003994247945687675e+04 1.303291499735020533e-19
5.004002247687105410e+04 4.951511538341602562e-21
5.004006756952656724e+04 1.218455776065170461e-18
5.004063726446992223e+04 6.051790607022591812e-24
5.004070264675070212e+04 3.929315239015317650e-17
5.004075601946964161e+04 1.339468158356468546e-20
5.004079600477254280e+04 2.108547012922789757e-22
5.004108937565349333e+04 1.191623554586659318e-23
5.004146275215390779e+04 1.198325405605425048e-17
5.004154252117213036e+04 2.689306029716448125e-22
5.004181067788680230e+04 2.652800404693833213e-24
5.004209451285708928e+04 7.698508336490241472e-20
5.004221645420417917e+04 2.376246059840447424e-20
5.004224156306519581e+04 6.454244905986888822e-22
5.004279106083376246e+04 3.473135491022570172e-22
5.004285468120032601e+04 5.954111778946385449e-17
5.004288768580573378e+04 5.046679828009551437e-21
5.004310213465420384e+04 2.466199803218777380e-22
5.004337074282753747e+04 3.149129230484723870e-23
5.004361472804327786e+04 4.199368964466119602e-19
5.004399635677920742e+04 2.457115172654922202e-23
5.004424654630147415e+04 8.416034484043684129e-17
5.004436524378276226e+04 1.213673670643279269e-18
5.004465695649290137e+04 1.003604735965868265e-21
5.004494020518256730e+04 9.030666165367529205e-22
5.004500423034466803e+04 5.185611805664969449e-21
5.004500671797068208e+04 2.141465244128419520e-16
5.004529561247194943e+04 0.000000000000000000e+00
5.004576665222951124e+04 1.387112442648463907e-17
5.004599155390655505e+04 2.867827916254911914e-22
5.004639857996060891e+04 6.985768278714441138e-16
5.004651229514196893e+04 1.578396646736906845e-19
5.004678035627801000e+04 1.065192947277115717e-23
5.004699245114648511e+04 1.735875624536377737e-23
5.004710544290570397e+04 3.569510308135215510e-22
5.004715876087566721e+04 1.894153390898042316e-16
5.004759712292494078e+04 1.541653136624303151e-23
5.004789813245359255e+04 9.345015886831440605e-21
5.004791859035711968e+04 2.733857195142402553e-18
5.004816992705321172e+04 8.658773330089031396e-23
5.004855061444245075e+04 2.594027581781674807e-16
5.004865703630650387e+04 9.080688024046218672e-20
5.004889380179177533e+04 2.608972731783740863e-22
5.004920389991125558e+04 8.546897222773360416e-22
5.004931081872917275e+04 4.409949382944286432e-18
5.004940753677424800e+04 3.028453864750525307e-23
5.004966469774964207e+04 0.000000000000000000e+00
5.004994247946218093e+04 2.029642769674049898e-16
5.005007024392843596e+04 2.470045646454790922e-17
5.005030091754154273e+04 2.485360811963555845e-21
5.005070265175205714e+04 1.860120102160040710e-15
5.005070327775743499e+04 1.137846700695312856e-21
5.005079869051442802e+04 2.678245879034885282e-20
5.005084549138455623e+04 3.364305959836168550e-21
5.005129847014193365e+04 6.728148312535905640e-23
5.005146291057334020e+04 1.234359547585182421e-16
5.005181584442465828e+04 8.597827661690421843e-24
5.005183844906593731e+04 2.288321214580104855e-23
5.005209451294913015e+04 3.734243396371186875e-15
5.005222187737849163e+04 1.679969665536982055e-18
5.005269474550946325e+04 7.745904568863889198e-23
5.005285469792087679e+04 2.239593366566376371e-15
5.005288509837281890e+04 7.389874023902923877e-22
5.005294691155885812e+04 6.667963460982978048e-21
5.005334008826629724e+04 2.370749555774584119e-23
5.005343281581666815e+04 8.469066276538729357e-23
5.005361500456341309e+04 1.060827472829982819e-16
5.005361642092256807e+04 5.564001559948265624e-18
5.005424654715896759e+04 6.901241240766543906e-16
5.005437333273977856e+04 2.036066866726161516e-18
5.005494629343537963e+04 1.878139925476068610e-22
5.005500676899213431e+04 9.468453980407273041e-16
5.005507595607596159e+04 1.883392586449886473e-21
5.005538441579420760e+04 4.242506727098223402e-23
5.005557058467557363e+04 1.628843312763796001e-22
5.005576738373778790e+04 4.644884051047476839e-16
5.005609113651903317e+04 2.173570746072083609e-21
5.005638293099230941e+04 1.517358538939305949e-22
5.005639858517936227e+04 5.840102579349328501e-15
5.005652464371353562e+04 4.575815855324233901e-19
5.005699903565562272e+04 2.012645292429475061e-24
5.005715890256424609e+04 7.728863158183741590e-16
5.005719541038713942e+04 1.742008965113595808e-23
5.005727317999672232e+04 4.560705575040359909e-23
5.005765588330288301e+04 3.572511638307358017e-23
5.005791996706524515e+04 1.046896662635989743e-17
5.005809482364528958e+04 1.665456318623264824e-23
5.005855063742861239e+04 1.928518653377924912e-14
5.005867607170542760e+04 1.057370951029477074e-19
5.005872062120771443e+04 6.405605040809091430e-24
5.005931117734422151e+04 2.928551941950711689e-15
5.005933665883446520e+04 1.342733392114947028e-20
5.005943253368035221e+04 4.505429168403722291e-22
5.005946061346738134e+04 7.397983345946272704e-23
5.005994247977042687e+04 5.976770221544246644e-17
5.006007304617916088e+04 4.926298460263853172e-17
5.006034886982821627e+04 5.140801436559228767e-22
5.006063401942070050e+04 5.129776320232322817e-22
5.006070273126193206e+04 4.058144838236938816e-14
5.006082908959849010e+04 2.923396033884459415e-21
5.006109355875344772e+04 2.962168437575964047e-23
5.006129044000103750e+04 2.785397000939512116e-22
5.006146216336363432e+04 5.095196130844504256e-18
5.006146374400587956e+04 7.863644416248165813e-15
5.006166232008499355e+04 5.236893188818319881e-24
5.006189988861655002e+04 1.444546201952405434e-23
5.006209451600690954e+04 1.646049273064356937e-15
5.006222696113566781e+04 8.524928238594336712e-18
5.006258413412810478e+04 4.904871073130625789e-23
5.006285492828353745e+04 2.733317220339549515e-15
5.006297933148044103e+04 1.507340928168002796e-20
5.006301162979966466e+04 4.770826769679390102e-23
5.006356642152614222e+04 9.192202410331852860e-24
5.006361685966240475e+04 2.912498832767405141e-19
5.006366334754000854e+04 4.374691062679557819e-24
5.006391053515795647e+04 4.425417106537025694e-24
5.006424656292494183e+04 1.193731911616135803e-13
5.006438219938185648e+04 1.452097917532422973e-18
5.006473110794716195e+04 3.512938881583050396e-24
5.006496461798012024e+04 2.260336506838958427e-21
5.006500735473531677e+04 5.357093389762748333e-14
5.006513233868686075e+04 4.586708686100449267e-21
5.006573013587899186e+04 4.119997495645624131e-22
5.006577094827064866e+04 1.206673495432944125e-15
5.006633362404997752e+04 6.439671059636383653e-24
5.006639864644129557e+04 8.520895741049243526e-13
5.006653944276037510e+04 3.402927571214252176e-20
5.006682368926623167e+04 1.356095352108112561e-23
5.006716025075749349e+04 1.161265543447406801e-13
5.006728245791891095e+04 2.382077718866491853e-22
5.006754615839859616e+04 9.978337905181678505e-23
5.006765571516935597e+04 4.160321528149886216e-23
5.006781451169701904e+04 3.945103645637271978e-21
5.006792664024899568e+04 1.700570974014826881e-16
5.006801138504587288e+04 7.308701055961359572e-22
5.006848301978153904e+04 0.000000000000000000e+00
5.006855084739944868e+04 3.788222460232445956e-15
5.006869965774063894e+04 3.020129647106798034e-19
5.006913074517998029e+04 8.239821925196776306e-24
5.006931404063933587e+04 4.859239073198587824e-15
5.006944078929750685e+04 3.711998401694048382e-21
5.006980706100926909e+04 2.831682909768469319e-22
5.006994248381100624e+04 4.508380536109207102e-13
5.007001943771367223e+04 1.120130545782750389e-21
5.007008482509531314e+04 1.863505520257221349e-17
5.007026191197348817e+04 8.746502811312924867e-24
5.007070338214022195e+04 6.166546176135775755e-13
5.007086347632511024e+04 5.681439526587459162e-20
5.007133097084531619e+04 1.521527026725755039e-21
5.007137739510544634e+04 1.716613846901152984e-20
5.007146941763388168e+04 2.848617491271590559e-14
5.007160531040493515e+04 1.200901543447896098e-20
5.007191731746993901e+04 5.488907775163779681e-22
5.007209456823873188e+04 7.322238529443374402e-12
5.007212572413253656e+04 6.692219093447682772e-22
5.007224665727312095e+04 4.815148627481943845e-18
5.007263055431101384e+04 0.000000000000000000e+00
5.007285672252518270e+04 1.418998912752139121e-12
5.007288562947540777e+04 6.022845574837398537e-20
5.007303320633438125e+04 2.635455255256737907e-19
5.007331682399968122e+04 7.762501474530093221e-22
5.007362742489937955e+04 3.314113060604176703e-15
5.007376558079695678e+04 7.051721075397493939e-23
5.007411628980489331e+04 9.520355804378382140e-22
5.007424688521356438e+04 1.129230586307843801e-14
5.007428879318923282e+04 5.898900899517434205e-24
5.007441355184652639e+04 2.930856011424062771e-18
5.007493044529944746e+04 2.143718214073639298e-20
5.007501173254481546e+04 4.324525675737601839e-13
5.007520927956935338e+04 2.826350907755965876e-19
5.007561499783476756e+04 1.136194244061739840e-21
5.007578950398790039e+04 2.355962733917296521e-16
5.007586761956276314e+04 2.299108753563565328e-21
5.007624277741953119e+04 1.650593070676616166e-21
5.007639990428735473e+04 2.536186771328371117e-12
5.007658711838325689e+04 2.557803663332223739e-17
5.007716978495840158e+04 6.389000231256426070e-13
5.007720567960020708e+04 1.493742541798324933e-18
5.007739291992337530e+04 4.045409426653566207e-19
5.007777215845393948e+04 3.904494332976305861e-21
5.007795750495763787e+04 1.226274466281605160e-16
5.007805827943248005e+04 1.466193738284185372e-20
5.007819242096570815e+04 8.402647522894204906e-21
5.007851310592082882e+04 8.345838700738241020e-20
5.007855448110735597e+04 1.333879734811415720e-11
5.007876207172243448e+04 3.653038739086770249e-19
5.007876923307796824e+04 4.199213696742897379e-17
5.007933281495313713e+04 6.025258562644027971e-14
5.007949266314043780e+04 4.006145009006638920e-20
5.007958629951306648e+04 1.299613814177270987e-20
5.007990868114677141e+04 5.977548201295883620e-22
5.007994261010465561e+04 2.231939392601205970e-15
5.008013358275497740e+04 6.084860933102766609e-19
5.008051928115238843e+04 8.774215389856021824e-19
5.008071199579317181e+04 1.960949814285020959e-11
5.008095394216728164e+04 3.349986114153519624e-17
5.008096590710278542e+04 5.270678338620598723e-17
5.008115985428971908e+04 3.513870149789299573e-20
5.008150327427186130e+04 4.571554792238272743e-15
5.008178763850781979e+04 2.310966223671315639e-18
5.008189867844436230e+04 1.722795524304434204e-19
5.008209526206505689e+04 8.990696836370764211e-12
5.008214654300777329e+04 5.472405232203877312e-21
5.008232004625090485e+04 5.981181855442262399e-16
5.008239162399768975e+04 9.483648988671533792e-20
5.008287453188087966e+04 1.256262202270334313e-11
5.008299326050035597e+04 3.722443785919508807e-18
5.008316491364298417e+04 7.169006413899390746e-17
5.008349635176700394e+04 9.284194299356485512e-22
5.008368398190652806e+04 2.867776761029552249e-15
5.008391418454179075e+04 7.600266797885699023e-20
5.008400879274842009e+04 9.423464543026214778e-19
5.008401250073588744e+04 7.636691467887538473e-21
5.008424932466445898e+04 9.159991501591610050e-11
5.008451910334658896e+04 4.664102994789960905e-16
5.008461193764384370e+04 6.526435441281568576e-19
5.008490137570325896e+04 2.014202051894753269e-21
5.008504497017735412e+04 9.210832447597744760e-13
5.008538320765795652e+04 2.421006743236234492e-17
5.008587790443943959e+04 1.683257131426282985e-15
5.008598876950159320e+04 7.412105164499278399e-20
5.008625107676268817e+04 1.652022957735008589e-21
5.008640764599784598e+04 6.154794153101734027e-10
5.008673328773197863e+04 1.487713091207322334e-15
5.008683022644943412e+04 2.056983396175906483e-18
5.008698388170866383e+04 2.220927746653779436e-19
5.008722688361726614e+04 4.336679442785448330e-15
5.008761549256917351e+04 3.159463002471072638e-17
5.008805527513553534e+04 6.011498657201749005e-17
5.008808803924322274e+04 2.459908748542903304e-14
5.008848856914788485e+04 8.642936134758523501e-17
5.008857565842931217e+04 2.043761096217397276e-10
5.008870638951904402e+04 4.771806188636657148e-18
5.008882457241871452e+04 1.207888611325764225e-18
5.008896493996393838e+04 8.599275064706956790e-16
5.008904680842500238e+04 3.206052128138637763e-19
5.008939677090213809e+04 3.995438298497224368e-20
5.008942421720561833e+04 3.666514719749002083e-14
5.008986497898824746e+04 1.609404365610059994e-16
5.008994633477157186e+04 9.328202709192256045e-10
5.009031612321262946e+04 7.774072792320614229e-15
5.009034788177647715e+04 1.433692159017040004e-16
5.009065660286317870e+04 1.168547166113679799e-18
5.009076039640368981e+04 8.410503984444876704e-12
5.009121346168078890e+04 2.307671572941325668e-16
5.009124808566482534e+04 1.802081725802140896e-17
5.009164085732838430e+04 3.617656674876680043e-15
5.009178876182952081e+04 3.423082252907382022e-18
5.009208322688388580e+04 6.786776354321599102e-14
5.009211660847108578e+04 1.337666028736371981e-08
5.009223240109313338e+04 2.790084441557252998e-15
5.009256594973929168e+04 6.895144842949787756e-15
5.009259989491151646e+04 1.371998884080788767e-16
5.009295601534456364e+04 7.076464850948359834e-16
5.009296906435071287e+04 9.208238639852039171e-13
5.009322185884138162e+04 1.245923302646022516e-19
5.009348266882433381e+04 6.978526135989650978e-16
5.009387968101822480e+04 2.805038708852353554e-14
5.009388540763442143e+04 3.794856664823766213e-15
5.009431439429214515e+04 1.901042141294622758e-09
5.009440354912797920e+04 7.466643623344628555e-15
5.009445302927387092e+04 1.003406127142794292e-15
5.009483838754941098e+04 7.145706973149760332e-15
5.009492604902036692e+04 2.737057820938253962e-17
5.009496192021922616e+04 5.233718224181071831e-18
5.009520776120742084e+04 4.540516885586271603e-14
5.009526790619237727e+04 7.677116344250678834e-19
5.009563882242039108e+04 2.149017219155957245e-18
5.009577866530125175e+04 1.740704681989847015e-16
5.009614505416667816e+04 3.334479047114653393e-14
5.009654676801015012e+04 1.056915672885628021e-10
5.009674408429615869e+04 1.141256467435937075e-16
5.009681616082658002e+04 1.094845108586729198e-19
5.009713452519853308e+04 1.053105629084974096e-16
5.009748093909593445e+04 6.769452655581060611e-13
5.009777474824051023e+04 1.783813514881173546e-17
5.009805214561490720e+04 1.680689865397726500e-17
5.009809965905489662e+04 9.463120160084475564e-17
5.009843716860195127e+04 9.910687139359548132e-17
5.009882113029618631e+04 3.512056815074631271e-14
5.009890305656934652e+04 4.790511463825445497e-17
5.009929534541004250e+04 7.780363855578831285e-19
5.009945452693777042e+04 2.845475431864807105e-15
5.009957376576292882e+04 1.701276846021149228e-17
5.009977151032178517e+04 1.914456792455488117e-16
5.009979108375653595e+04 1.940018248277360525e-13
5.009997863296772994e+04 5.697239019549555326e-10
5.010000967319979827e+04 9.038219706907671262e-18
5.010033880829917325e+04 2.403089685263868101e-18
5.010042093944494263e+04 2.861885394321593587e-17
5.010075768656170840e+04 1.297214922091935913e-14
5.010114280971467815e+04 1.303914913892808021e-11
5.010120860629876552e+04 2.223361576929811450e-16
5.010162963780260907e+04 1.231878203313988707e-19
5.010179899578456389e+04 1.578417461090960299e-15
5.010213684047543939e+04 5.041428492315650537e-14
5.010220224812654487e+04 1.480512301663977032e-13
5.010225334883789765e+04 1.085287125749391284e-17
5.010272751208562840e+04 1.048892881763298917e-16
5.010276535851057997e+04 5.825132033226775118e-17
5.010310369189191260e+04 3.471285888450819571e-15
5.010310926921262580e+04 5.221382237576285655e-15
5.010351396985976317e+04 4.145514235082101588e-12
5.010389972161348123e+04 3.985198259274228166e-17
5.010401990183773887e+04 2.390053196191868565e-17
5.010417072905378154e+04 6.026619038877999658e-16
5.010450900619684398e+04 1.005066683705286952e-11
5.010455893979250686e+04 2.099067998665397555e-11
5.010459248689006199e+04 2.561948905020181969e-16
5.010501552629100479e+04 6.855195232234322953e-17
5.010515193036753772e+04 1.127010864301769784e-16
5.010548485435964540e+04 6.876376682100212523e-16
5.010568671646588336e+04 1.796252400962292416e-19
5.010593391308502760e+04 1.997573501231330617e-15
5.010610006801167765e+04 1.198979715340987209e-16
5.010641242116878857e+04 4.026703628035144081e-16
5.010643285506854590e+04 9.066351462712168132e-19
5.010655921973631484e+04 1.073451988431996321e-15
5.010681837170552899e+04 1.711308897139139282e-14
5.010692696020283620e+04 2.203393721931074316e-11
5.010700633738987381e+04 5.784894673949187266e-11
5.010757468506709847e+04 3.416524979372214275e-15
5.010780583715689863e+04 3.286056470031778905e-16
5.010789283372309001e+04 2.023796397146099848e-14
5.010839989521536336e+04 1.818929364705557288e-13
5.010889352419861825e+04 2.622022472401047363e-19
5.010903703121450962e+04 1.158118807794921359e-15
5.010938654626635252e+04 2.860892405023400927e-12
5.010948381746070663e+04 1.699183786103116980e-14
5.010952589739901305e+04 1.306260281130586392e-11
5.010984287073068117e+04 3.733965789605434039e-15
5.011032217007534200e+04 1.653938516716677768e-14
5.011043479463905533e+04 8.525569954393795417e-17
5.011090742179188965e+04 4.005647936354659059e-14
5.011093336448153423e+04 7.546141990011528831e-16
5.011098406955125392e+04 8.088279275580807706e-17
5.011141730556590483e+04 1.364274086100190614e-15
5.011172544888709672e+04 4.543877846177315917e-16
5.011187765685460909e+04 1.445482692219011729e-13
5.011190639087177988e+04 4.126568022267021252e-15
5.011210974243386590e+04 6.309342184350790833e-13
5.011234208177682740e+04 6.363826930646284819e-16
5.011278062006979599e+04 3.495485605253073609e-15
5.011302517847754643e+04 2.909675490404990469e-17
5.011345338091764279e+04 6.107150589030649831e-14
5.011361832652478915e+04 1.963333478325731485e-16
5.011378390221195878e+04 5.022489339623454391e-17
5.011389031564210745e+04 1.823135664231611781e-16
5.011429559482212790e+04 1.130676485577722388e-15
5.011440990195817722e+04 1.098193204425739886e-14
5.011474511161073315e+04 1.374971170542395793e-13
5.011516291437702603e+04 6.982246328327453637e-16
5.011531386861843202e+04 4.501547198629857728e-16
5.011599313086701295e+04 5.528037680475005213e-17
5.011603958747349679e+04 8.793813557463453017e-16
5.011640618641117180e+04 3.888147742292575207e-17
5.011654178209268139e+04 1.532195124007975868e-19
5.011683265759710775e+04 1.156664652225501354e-17
5.011694674405736441e+04 4.222069682315536760e-16
5.011737927016311733e+04 2.093056066217291316e-15
5.011742297033321665e+04 3.582609892983848932e-14
5.011761546945503505e+04 1.005423283191441688e-16
5.011777888207519572e+04 8.959017908004115018e-16
5.011801469398433255e+04 1.189905833924549433e-20
5.011847978757428791e+04 6.479248940306771392e-19
5.011864190777867771e+04 3.932221492493874745e-16
5.011873010867647827e+04 2.942668653921907849e-17
5.011893877538880042e+04 1.135754515186618805e-18
5.011911201634436293e+04 2.083982527898197874e-17
5.011952233280999644e+04 1.490794916666307749e-15
5.012011361071943247e+04 1.881073988771933535e-14
5.012029171305298951e+04 3.668379931913736201e-15
5.012054075148291304e+04 4.706072769355711106e-17
5.012113953827680234e+04 1.007887044885944988e-20
5.012129073963496194e+04 7.106950580936847058e-17
5.012141777881743474e+04 3.130765980408916107e-17
5.012205947740699776e+04 1.483098990346427146e-16
5.012213795488519827e+04 2.535404174269328905e-16
5.012270906826325518e+04 1.535132849775743893e-16
5.012289045673114015e+04 8.145360193590943410e-16
5.012298924936375261e+04 1.845802827335467893e-16
5.012308030806457100e+04 4.426934289855059676e-17
5.012371700488567876e+04 3.063120532535926995e-18
5.012395092080141330e+04 2.245629219531764224e-16
5.012413331366186321e+04 1.125347923298115256e-18
5.012435297192184225e+04 1.302967353957975116e-18
5.012471205344481132e+04 2.024312848015016933e-17
5.012484444755496224e+04 1.990199750029313171e-18
5.012522403573248448e+04 1.473448410925206596e-18
5.012533400715497555e+04 7.856833871659815675e-18
5.012562636840531923e+04 2.742572933996103391e-17
5.012569429738989857e+04 1.229660511272766628e-16
5.012604651528304385e+04 1.002216422504394170e-19
5.012662847525977122e+04 6.866321877555857834e-18
5.012716219590246328e+04 6.244508661408228220e-19
5.012739654203268583e+04 2.738753929109756561e-19
5.012790418088774459e+04 1.208401917134813263e-18
5.012840129217012873e+04 2.029834694875720129e-18
5.012846561030025623e+04 2.097531058730420848e-17
5.012917664370249258e+04 1.943001981120860657e-19
5.012931397117963934e+04 1.212331784635882469e-19
5.012948626932359912e+04 8.428158180524593649e-20
5.012966430125395709e+04 9.031624661964193468e-20
5.012991975130956416e+04 1.107386344857397531e-20
5.013004219108683901e+04 1.866914076115085015e-18
5.013041339659086952e+04 3.522294089411923663e-19
5.013073122062675975e+04 8.991243917806964946e-19
5.013082100885178806e+04 2.183991926941797995e-19
5.013125336204260384e+04 1.801875680519175412e-17
5.013128913827762881e+04 9.269004428534536679e-18
5.013163770159635169e+04 2.292438351910954110e-20
5.013204126943305164e+04 3.655727516739823107e-19
5.013260848936508410e+04 1.573375596960441406e-18
5.013287678273612983e+04 1.144603988446926143e-19
5.013310946474540106e+04 4.462161739070284345e-20
5.013341733828045108e+04 1.224086826349721547e-19
5.013407111665689445e+04 1.596985365663808721e-18
5.013471844549568777e+04 3.381153583706866544e-21
5.013477105945687072e+04 6.960586679227689476e-19
5.013519957362941204e+04 5.668639506604410084e-20
5.013568431111903919e+04 2.395507243368282460e-20
5.013573275287962315e+04 6.655507903544188410e-22
5.013612893686106690e+04 3.481581392750603896e-22
5.013679327025289240e+04 3.169632498149919526e-20
5.013692081422065530e+04 8.920089123853340193e-20
5.013725192622092436e+04 5.418893669176290818e-21
5.013748415261604532e+04 1.023137386538904204e-20
5.013754871841651766e+04 5.695639688646370258e-21
5.013764084172789444e+04 1.271355699365295337e-22
5.013773832907867472e+04 1.482707489401990632e-20
5.013817806605610531e+04 1.558689673644321819e-21
5.013864420692547719e+04 1.132078798270841843e-22
5.013936935234984412e+04 1.065508647905770559e-21
5.013971706445435120e+04 1.650691485067337641e-20
5.014026386586364970e+04 6.848845750063562090e-22
5.014071108137601550e+04 2.884901260858314385e-21
5.014102829927950370e+04 2.362711785532584285e-21
5.014204547562856169e+04 3.714760954867081634e-22
5.014235869359393837e+04 7.245106661787065943e-21
5.014265567404755711e+04 2.135725420192068418e-20
5.014300088980909641e+04 1.983330561377229616e-21
5.014313968150599976e+04 3.412231937074233071e-21
5.014339135321611684e+04 5.310117869398850155e-22
5.014352726061922294e+04 1.046553995841564388e-22
5.014365418378122558e+04 3.849810298205708336e-21
5.014402805997158430e+04 9.358534329650671861e-23
5.014436445289407129e+04 4.452804131857238952e-22
5.014471734603821824e+04 1.579989618105756878e-23
5.014540742109056009e+04 1.433162950280166874e-21
5.014548103600669128e+04 4.906537034169994818e-22
5.014583438176906202e+04 9.968949434679585087e-22
5.014611984666747594e+04 7.778315528148278977e-22
5.014661128179534717e+04 1.804035184465305761e-22
5.014817054172255303e+04 4.026379280468613681e-23
5.014851460304377542e+04 1.092309892386894847e-22
5.014873189617534808e+04 0.000000000000000000e+00
5.014918268278307369e+04 0.000000000000000000e+00
5.014937657653338829e+04 1.237439319708273053e-23
5.014967132386728190e+04 0.000000000000000000e+00
5.015043545469465607e+04 0.000000000000000000e+00
5.015079715519728052e+04 0.000000000000000000e+00
5.015086411634561227e+04 6.182647571574622222e-24
5.015138719343049888e+04 0.000000000000000000e+00
5.015144107165199239e+04 8.549752533856329888e-24
5.015148536028074886e+04 7.944029322422362439e-24
5.015191329146757926e+04 4.179977809176794542e-24
5.015209931860406505e+04 0.000000000000000000e+00
5.015294041640291834e+04 1.289700707928497826e-24
5.015386616723424231e+04 2.580338904118289087e-23
5.015428690075261693e+04 6.165535148288415962e-24
5.015486001573746762e+04 1.616988994928562180e-23
5.015534548809760599e+04 3.435356532690030824e-24
5.015614826783574972e+04 0.000000000000000000e+00
5.015660493305449927e+04 0.000000000000000000e+00
5.015696097524356446e+04 5.852798480086713517e-24
5.015757641643054376e+04 0.000000000000000000e+00
5.015770209218086529e+04 0.000000000000000000e+00
5.015788404674381309e+04 0.000000000000000000e+00
5.015846493419476610e+04 0.000000000000000000e+00
5.015857346485000016e+04 0.000000000000000000e+00
5.015885905572799675e+04 0.000000000000000000e+00
5.015961651065873593e+04 0.000000000000000000e+00
5.016000151741231093e+04 0.000000000000000000e+00
5.016046380276883428e+04 0.000000000000000000e+00
5.016072619863607542e+04 0.000000000000000000e+00
5.016200722938288527e+04 0.000000000000000000e+00
5.016264411972119706e+04 0.000000000000000000e+00
5.016292308938593487e+04 0.000000000000000000e+00
5.016360735703021783e+04 0.000000000000000000e+00
5.016441644110842026e+04 0.000000000000000000e+00
5.016474168240586732e+04 0.000000000000000000e+00
5.016538079267082503e+04 0.000000000000000000e+00
5.016580260657722829e+04 0.000000000000000000e+00
5.016624252210206032e+04 0.000000000000000000e+00
5.016644113438442582e+04 0.000000000000000000e+00
5.016660322264757269e+04 0.000000000000000000e+00
5.016695694727121736e+04 0.000000000000000000e+00
5.016742520344862714e+04 0.000000000000000000e+00
5.016862517970090994e+04 0.000000000000000000e+00
5.016874200844447478e+04 0.000000000000000000e+00
5.016979875420797907e+04 0.000000000000000000e+00
5.017096853828032181e+04 0.000000000000000000e+00
5.017128772697142995e+04 0.000000000000000000e+00
5.017174733169052342e+04 0.000000000000000000e+00
5.017284964740424766e+04 0.000000000000000000e+00
5.017313742202359572e+04 0.000000000000000000e+00
5.017369073484671389e+04 0.000000000000000000e+00
5.017413645557363634e+04 0.000000000000000000e+00
5.017450743321961636e+04 0.000000000000000000e+00
5.017490063109761104e+04 0.000000000000000000e+00
5.017532164879057382e+04 0.000000000000000000e+00
5.017667345370570547e+04 0.000000000000000000e+00
5.017698925937253807e+04 0.000000000000000000e+00
5.017833361887917272e+04 0.000000000000000000e+00
5.017881714837234176e+04 0.000000000000000000e+00
5.017950455786188104e+04 0.000000000000000000e+00
5.018028398404377367e+04 0.000000000000000000e+00
5.018125437872472685e+04 0.000000000000000000e+00
5.018166391110328550e+04 0.000000000000000000e+00
5.018177341825416079e+04 0.000000000000000000e+00
5.018296206689623796e+04 0.000000000000000000e+00
5.018368776156495733e+04 0.000000000000000000e+00
5.018375064946156635e+04 0.000000000000000000e+00
5.018475109892087494e+04 0.000000000000000000e+00
5.018527581987870508e+04 0.000000000000000000e+00
5.018632829445768584e+04 0.000000000000000000e+00
5.018837221577983291e+04 0.000000000000000000e+00
5.018880125152032997e+04 0.000000000000000000e+00
5.019003735151785804e+04 0.000000000000000000e+00
5.019032575553481729e+04 0.000000000000000000e+00
5.019104902102524647e+04 0.000000000000000000e+00
5.019155408737809194e+04 0.000000000000000000e+00
5.019212810863435152e+04 0.000000000000000000e+00
5.019280854039225960e+04 0.000000000000000000e+00
5.019440644515847816e+04 0.000000000000000000e+00
5.019494660453400866e+04 0.000000000000000000e+00
5.019630424675776885e+04 0.000000000000000000e+00
5.019807424047059612e+04 0.000000000000000000e+00
5.019896842008813837e+04 0.000000000000000000e+00
5.019999724707540008e+04 0.000000000000000000e+00
5.020077323657146917e+04 0.000000000000000000e+00
5.020090225690948137e+04 0.000000000000000000e+00
5.020193901758378342e+04 0.000000000000000000e+00
5.020325590191435185e+04 0.000000000000000000e+00
5.020449958365623752e+04 0.000000000000000000e+00
5.020632325175010192e+04 0.000000000000000000e+00
5.020871658509899862e+04 0.000000000000000000e+00
5.020951895553092618e+04 0.000000000000000000e+00
5.021020631327592855e+04 0.000000000000000000e+00
5.021188422306854045e+04 0.000000000000000000e+00
5.021299089938822726e+04 0.000000000000000000e+00
5.021329543607250525e+04 0.000000000000000000e+00
5.021645108988134598e+04 0.000000000000000000e+00
5.021925573722184345e+04 0.000000000000000000e+00
5.021955105289543280e+04 0.000000000000000000e+00
5.022069294521828851e+04 0.000000000000000000e+00
5.022153016869904968e+04 0.000000000000000000e+00
5.022374318615240918e+04 0.000000000000000000e+00
5.022979282854616031e+04 0.000000000000000000e+00
5.023023676583853376e+04 0.000000000000000000e+00
5.023432976999221137e+04 0.000000000000000000e+00
5.023457367275144497e+04 0.000000000000000000e+00
5.024374873116154777e+04 0.000000000000000000e+00
5.024415994468083954e+04 0.000000000000000000e+00
