-5.021365592778244900e+04 0.000000000000000000e+00
-5.021292344796862017e+04 0.000000000000000000e+00
-5.019362762805475359e+04 0.000000000000000000e+00
-5.019179242629337386e+04 0.000000000000000000e+00
-5.017786481846792594e+04 1.423187897739885011e-23
-5.017452293098956579e+04 1.559032438665643289e-22
-5.016894273723431979e+04 3.075539770454256009e-23
-5.016755300756188808e+04 4.901015826192358483e-24
-5.016294617008004570e+04 9.934984430941263361e-23
-5.016019352531361801e+04 6.210603320264784879e-20
-5.015498592088174337e+04 2.731497128353770902e-20
-5.015237185226960719e+04 4.655306887408388093e-19
-5.014932958308677917e+04 3.593606487849805440e-18
-5.014679080763622187e+04 8.085278418688894370e-19
-5.014243115340168879e+04 3.800650493729560774e-18
-5.013914427753516793e+04 2.135233584594266680e-19
-5.013679873274204147e+04 3.440491715826476340e-17
-5.013595701447133615e+04 3.110295382142110292e-16
-5.013060393921448122e+04 6.981646036683812443e-16
-5.012913190282527648e+04 1.592238747133674534e-15
-5.012698251865137718e+04 4.678941175454349216e-15
-5.012536934868857497e+04 1.134467455321314818e-15
-5.012397483885269321e+04 1.181507874695936061e-14
-5.012114997993710131e+04 1.272327996690120876e-14
-5.012008455952873192e+04 1.621248830180755920e-14
-5.011938576567292330e+04 3.294346183858124898e-15
-5.011611112551329279e+04 5.753060951964377520e-14
-5.011497888938963297e+04 4.615080220319173914e-15
-5.011437464589869342e+04 8.691309954542496435e-14
-5.011227209592976578e+04 1.967563196938756018e-14
-5.011023866187187377e+04 3.474240578988573785e-14
-5.010895213401164801e+04 1.576767227437825280e-13
-5.010743629221884476e+04 1.811533293843463523e-14
-5.010615365295463562e+04 6.786079068039562286e-13
-5.010378103844895668e+04 6.698465358479140656e-13
-5.010330489990022761e+04 9.701894448571755053e-14
-5.010108204234931327e+04 3.108514101296449295e-12
-5.009912506174950977e+04 1.261128051185332636e-12
-5.009842533878162794e+04 3.774756115586782521e-12
-5.009702895551414258e+04 4.032337181447429141e-12
-5.009478268987476622e+04 3.583256780275050297e-12
-5.009343352286281879e+04 1.164275302978635942e-11
-5.009288575855048111e+04 1.304523163185095608e-11
-5.009124458239651722e+04 1.028221385675247312e-11
-5.009002835986053105e+04 2.066271809192378810e-11
-5.008970662552541762e+04 4.734539067637204591e-13
-5.008686126914930355e+04 1.902101502618613138e-11
-5.008664592039219133e+04 7.624767732218461421e-12
-5.008612917034565908e+04 1.510855657490956391e-11
-5.008474245629127108e+04 1.169048225890664722e-10
-5.008271554945680691e+04 2.480932915847342653e-11
-5.008208164583181497e+04 8.789955015315514988e-12
-5.008145595186094579e+04 6.811093003914557453e-12
-5.008040127943304833e+04 1.074679819218420722e-10
-5.007929375599014020e+04 8.036465147991701209e-12
-5.007903224715209944e+04 2.908555246237015155e-10
-5.007752354039525380e+04 2.483649209852780976e-10
-5.007578042794665816e+04 2.134677156226338638e-12
-5.007560437761704816e+04 7.458223545007350420e-10
-5.007398985125072795e+04 3.294094658341208625e-10
-5.007374693924644816e+04 1.701424800815004032e-10
-5.007208240069411841e+04 2.107443926230278054e-09
-5.007200528630705958e+04 3.560430980417551571e-10
-5.007013791819241305e+04 4.340151583142183341e-10
-5.006899215052181535e+04 1.587680811548715457e-12
-5.006833431167931121e+04 4.353324100055889369e-09
-5.006719457397313818e+04 3.460089964665857435e-09
-5.006639345031356061e+04 3.771671822448978612e-11
-5.006482765706771170e+04 9.755432537932563214e-09
-5.006460631464825565e+04 5.512884221011807492e-12
-5.006333300065901130e+04 1.709258582707422975e-09
-5.006148176564425376e+04 1.159392016171664369e-09
-5.006099946000413911e+04 8.633323727843350298e-09
-5.006031083055726049e+04 2.382657327298036385e-08
-5.005935772739103413e+04 9.899341357791733532e-10
-5.005721580847828591e+04 1.585687910997209952e-08
-5.005710217220301274e+04 1.167784440374526415e-08
-5.005655073714147147e+04 4.506008568131074610e-09
-5.005459075855863193e+04 4.534876025317367542e-08
-5.005338780881751154e+04 8.421647057621012575e-08
-5.005291993450755399e+04 3.790039099648621365e-08
-5.005237230091860692e+04 4.315177775892490757e-09
-5.004991413330229261e+04 3.800869048137767826e-08
-5.004967504852297861e+04 3.540429450812826315e-10
-5.004919698369231628e+04 6.133896676379936053e-08
-5.004794766089336918e+04 4.846902837816776870e-07
-5.004599680949819594e+04 4.347381135868191033e-07
-5.004530589119277283e+04 1.128232979107507667e-09
-5.004510846222430700e+04 4.066518756413824207e-10
-5.004282026796516584e+04 2.606920889551653099e-08
-5.004263687578483950e+04 3.231281093549008542e-08
-5.004152393637578643e+04 1.412880443722769351e-06
-5.004089369112849818e+04 2.086888526761996313e-06
-5.003887083008950140e+04 8.327421993997824653e-07
-5.003807112440545461e+04 1.801704267816169515e-07
-5.003733123781812174e+04 1.604203807405039744e-08
-5.003585622833351954e+04 9.802817394486684245e-08
-5.003554485800080147e+04 9.329599848242475550e-07
-5.003424500637805613e+04 9.596735283109737499e-06
-5.003326647676836728e+04 6.074731108904990565e-06
-5.003177838704715396e+04 4.429030815031298761e-07
-5.003088240412699815e+04 1.894401819228773809e-06
-5.002954344173949357e+04 1.642102910127081929e-06
-5.002894566026287794e+04 5.075080073400937269e-07
-5.002838106646990491e+04 8.311792881610584221e-06
-5.002697163592034485e+04 2.748224632617428696e-05
-5.002570283647918404e+04 2.845278284118213881e-05
-5.002466150880607165e+04 8.169385197772327036e-07
-5.002352049335290940e+04 2.236840960612917285e-05
-5.002212256994571362e+04 3.473419389870409353e-06
-5.002179730398996617e+04 7.904209360243557260e-06
-5.002115600715637265e+04 5.438214103100251154e-05
-5.001973647823516512e+04 7.199403459465698884e-05
-5.001814034449750034e+04 1.197339574927249996e-04
-5.001753657871181349e+04 2.217298064512228967e-05
-5.001599725857266458e+04 1.786283099616995209e-04
-5.001518494644121529e+04 2.435652059819208848e-06
-5.001440690633573104e+04 1.422233548509422569e-05
-5.001389192089446442e+04 2.700352502178223315e-04
-5.001243578548586083e+04 2.582691618992591798e-04
-5.001058771815116779e+04 5.706463380797254133e-04
-5.001029048695565871e+04 1.350406172925471508e-05
-5.000852360785587371e+04 6.518572068914659174e-04
-5.000815855044427735e+04 3.036649343424197706e-04
-5.000707571789905342e+04 2.458882402762317736e-05
-5.000668543366652011e+04 8.658157847568994682e-04
-5.000503969595688977e+04 9.055196459686252987e-04
-5.000354588793828589e+04 1.683104709933215233e-03
-5.000257010001870367e+04 2.868556818031606183e-04
-5.000134770250684960e+04 5.591838042399857947e-04
-5.000094688287084136e+04 2.985651719262117938e-03
-4.999960569367453718e+04 1.318576760026882481e-03
-4.999923916204483248e+04 8.847412307805940486e-04
-4.999765953749814798e+04 2.606698332901970921e-03
-4.999664144021364336e+04 4.806166752786265352e-03
-4.999493970906844334e+04 9.558815781807915518e-05
-4.999430404929878569e+04 6.915130661191256278e-04
-4.999371907882774394e+04 1.057612675070544045e-02
-4.999253277618803259e+04 1.724632277312765664e-03
-4.999075568274375109e+04 1.271719879889645450e-03
-4.999034269352308183e+04 8.095278146026252744e-03
-4.998977831265805435e+04 9.278028340327830817e-03
-4.998751113096225163e+04 2.008366663419332634e-03
-4.998729306208007620e+04 8.349272388470722851e-04
-4.998648320089491608e+04 2.297741562703914039e-02
-4.998533680451812688e+04 1.436072860796985546e-04
-4.998317181634601729e+04 2.334450461438834779e-02
-4.998302387914468272e+04 1.070586589054249235e-02
-4.998167944905220793e+04 3.588244156750485051e-05
-4.998034790185894963e+04 1.281405737374585047e-02
-4.998018384180805151e+04 5.975358634342294029e-03
-4.997931075775479258e+04 2.342415871609185643e-02
-4.997780815212518792e+04 3.756318850747568882e-04
-4.997628340504997323e+04 5.246733481243921748e-02
-4.997596930682571110e+04 4.626068139358226129e-04
-4.997357349111438089e+04 2.837748820203557856e-02
-4.997310064285602130e+04 5.176773677776521504e-03
-4.997235915468946041e+04 2.697321794384163057e-02
-4.997195751550690329e+04 1.297629377733055785e-04
-4.997020471408298909e+04 3.022539225263371192e-03
-4.996935364284148818e+04 6.016400626130616325e-02
-4.996883459611576836e+04 5.363847880741077004e-03
-4.996644312430341961e+04 5.740465811249467754e-02
-4.996595133326297946e+04 9.606793882339806009e-03
-4.996509854823222122e+04 1.080576212017306074e-02
-4.996349566282513842e+04 7.304070612786785904e-03
-4.996283745944528346e+04 3.318854591554182970e-02
-4.996197793846625427e+04 2.196588672924626104e-02
-4.996111541603706428e+04 1.045279621201630239e-02
-4.995925758399866754e+04 7.692785589351001929e-02
-4.995869949038836785e+04 3.599541986902390477e-03
-4.995783771443654405e+04 7.502235767607959294e-03
-4.995674175050302438e+04 7.654444702499828106e-03
-4.995568300985979295e+04 5.328743474946366632e-02
-4.995392591189547238e+04 1.939569721470848270e-03
-4.995228488639122952e+04 8.862538170870464199e-05
-4.995201203771821019e+04 7.356100353426819893e-02
-4.995122908883508353e+04 3.469121057037643195e-03
-4.995045671289692109e+04 4.149706169479198438e-03
-4.994997930199152324e+04 7.427578346326220091e-03
-4.994848444119418127e+04 5.040776662422950111e-02
-4.994677224191391724e+04 2.210020981134575967e-03
-4.994480856464608223e+04 5.185178174393750838e-02
-4.994427407259910979e+04 2.009744490338306980e-05
-4.994372330651638913e+04 2.503557921950539354e-03
-4.994255467174045771e+04 4.247560659085517117e-03
-4.994170647697005188e+04 8.103550883344573866e-03
-4.994078833210853918e+04 3.126633037388767966e-02
-4.993997890807283693e+04 2.061116977226869727e-03
-4.993773068252768280e+04 1.307402285079223118e-02
-4.993731612153803144e+04 2.111583876587426814e-02
-4.993664577695607295e+04 8.880993899835380040e-03
-4.993459365719716880e+04 2.746893422049776021e-03
-4.993352670468660654e+04 3.737984374521626164e-05
-4.993234487743561476e+04 1.403830864952298856e-02
-4.993170939206586627e+04 2.425825262561181073e-03
-4.993115048284240038e+04 7.976149558052726945e-04
-4.992975407645030646e+04 1.576518107946186728e-02
-4.992928587600802712e+04 1.091919029427447160e-02
-4.992745492736028973e+04 1.448510102664461426e-03
-4.992659575164780836e+04 4.598725285206983478e-04
-4.992474942352038488e+04 1.065488177285076011e-03
-4.992381892845676339e+04 1.541269053743464599e-03
-4.992188142308349779e+04 4.192219747076948548e-03
-4.992160040200277581e+04 9.070357649163784605e-03
-4.992121439051580819e+04 1.120629073244591348e-04
-4.992076804617534799e+04 3.168899795796482725e-03
-4.991930177472010837e+04 3.644000969175623756e-04
-4.991820494091735600e+04 3.957818453926086706e-04
-4.991589503123999020e+04 3.437098236261488756e-04
-4.991447066800092580e+04 5.145875634725833149e-04
-4.991358390691223030e+04 1.163498709553048918e-03
-4.991273273368852097e+04 2.887002174252601121e-03
-4.991209125265211333e+04 9.138895213271766094e-04
-4.991130704257261095e+04 9.308043208443693298e-04
-4.991076548666144663e+04 3.934212302142494646e-05
-4.990830634457219276e+04 4.899198315648054956e-05
-4.990748425374801445e+04 1.337381169350318336e-04
-4.990599647944636672e+04 9.580671400892624024e-05
-4.990483503864383965e+04 5.724295244173060798e-04
-4.990450123285422160e+04 1.941326900535067577e-04
-4.990257692720994237e+04 8.526120648101801055e-04
-4.990108600530951662e+04 2.315078914120536802e-05
-4.990059804576311581e+04 9.881781708814036901e-06
-4.989952029725058674e+04 5.029358289299671562e-05
-4.989901564651439548e+04 2.030790277805977396e-05
-4.989712459391877201e+04 1.720073282992285498e-05
-4.989629104770160484e+04 1.556799727414313612e-04
-4.989381141688014031e+04 5.936862546878754655e-05
-4.989302864742347447e+04 1.287141289180302372e-04
-4.989210700052580796e+04 1.651828836508697327e-05
-4.989175518183805980e+04 1.214543493965616382e-06
-4.989010488077662012e+04 1.418742163273828367e-05
-4.988856920836934296e+04 1.970069451357716995e-05
-4.988772891207980865e+04 1.598564153019181694e-05
-4.988581726464688109e+04 5.086877250797419485e-06
-4.988450953446179483e+04 1.222189264598154616e-05
-4.988402134989936167e+04 4.416154150741701940e-06
-4.988327548930689954e+04 1.336497335356816360e-05
-4.988114540180857148e+04 6.107501416477581340e-06
-4.987919085942046513e+04 4.748581758236659152e-06
-4.987804707136843354e+04 1.899344700438430304e-06
-4.987763496723552817e+04 2.168948344971181485e-07
-4.987574364433418668e+04 8.092962088181689592e-07
-4.987554535691093770e+04 1.776713131877421483e-09
-4.987440755590762274e+04 2.783163398027424690e-06
-4.987135893982897687e+04 1.371691981739268713e-06
-4.987001616522889526e+04 2.970596774630257240e-07
-4.986919037026033038e+04 1.678150951253767826e-07
-4.986814354429717059e+04 3.647534052957301688e-07
-4.986663973555427219e+04 7.075734439866336822e-11
-4.986560890921202372e+04 3.195627606608421390e-08
-4.986489889514322567e+04 3.051774265425849178e-07
-4.986123319788855588e+04 1.312607451894201529e-07
-4.986053748876235477e+04 6.260542023059800101e-10
-4.985998879754674272e+04 3.102385506839601509e-08
-4.985866411781098577e+04 4.843512479515441900e-08
-4.985692864348303556e+04 1.565536546221727327e-09
-4.985488204154480627e+04 2.835564508851148067e-08
-4.985426990801421198e+04 1.141014058556540326e-09
-4.985108275687460991e+04 5.927426899749712845e-09
-4.985096629110129288e+04 5.679583426622931258e-10
-4.984972445792915096e+04 1.638984780151891923e-09
-4.984854263283214823e+04 5.319896559372220148e-09
-4.984660359156536288e+04 2.198456497030028480e-10
-4.984386452255292534e+04 1.457051662069162938e-09
-4.984269903412197891e+04 1.027129605364777503e-11
-4.984090642357494653e+04 1.195436396116254248e-11
-4.984082427357315464e+04 2.530695401825415496e-10
-4.983880213458113576e+04 1.132265474711138063e-11
-4.983748941060520883e+04 2.974409876510970118e-10
-4.983564702027874591e+04 1.137643139880117803e-11
-4.983204727421413554e+04 3.541364263858603650e-11
-4.983082275679722807e+04 6.217015959605185663e-14
-4.983020485363518674e+04 2.121118053458407243e-12
-4.983012826189423504e+04 8.269482982691184022e-12
-4.982739490815697354e+04 2.298423832215547174e-13
-4.982552263823155226e+04 6.567988093052312005e-12
-4.982396617229508411e+04 1.518029014640084347e-13
-4.981942846734615887e+04 1.365846244794681791e-13
-4.981920533320956019e+04 1.849898145254788010e-13
-4.981875867668211868e+04 1.494649485057788323e-13
-4.981825982373738952e+04 8.075789013162014444e-14
-4.981539831713250169e+04 2.385104310372458681e-14
-4.981285765984591126e+04 4.779475027386814691e-14
-4.981128539298785472e+04 2.478702591953810806e-16
-4.980745719894409558e+04 1.794006284281321057e-16
-4.980685981782510498e+04 7.199104761721775013e-17
-4.980576817307478632e+04 2.024749145181999452e-15
-4.980544020899078896e+04 2.370849216236737968e-16
-4.980247522902442870e+04 3.019544375626376223e-16
-4.979972327347682585e+04 1.744581578558961655e-17
-4.979728937971893902e+04 1.952728834287951313e-17
-4.979497103063993563e+04 3.259987324437571037e-18
-4.979415277346248331e+04 8.418922611676609879e-18
-4.979234764289622399e+04 3.836688005094088797e-18
-4.979140345319043990e+04 8.311575532373273980e-18
-4.978807639745822962e+04 4.991948244454753623e-19
-4.978590730400144093e+04 2.031111426374039859e-18
-4.978214517706150218e+04 6.170493953509158037e-20
-4.978173293034722155e+04 4.975144357824298986e-19
-4.978068586623672309e+04 4.540211039465379518e-20
-4.977817918828364054e+04 2.829700610777993639e-20
-4.977655341949351714e+04 1.061568520595809644e-19
-4.977251050639175810e+04 1.086898917833591962e-20
-4.977069303429053980e+04 6.858830658054613834e-21
-4.976800004477342736e+04 6.658059022597180584e-22
-4.976634111938180286e+04 8.908093586856027620e-22
-4.976598381826387777e+04 1.485171352691381535e-22
-4.976239556610894215e+04 3.481335979997481362e-22
-4.976025986028992338e+04 2.387496435036972799e-23
-4.975680207150222850e+04 1.223318058317876064e-23
-4.975373873085105879e+04 1.821379832077619785e-23
-4.975306772830670525e+04 2.545747752480178774e-24
-4.975082375743292505e+04 1.743172214420406990e-24
-4.974904230589007784e+04 8.192017004469244073e-24
-4.974485881833759049e+04 0.000000000000000000e+00
-4.974211264332749852e+04 0.000000000000000000e+00
-4.974002653346151783e+04 0.000000000000000000e+00
-4.973708177575984882e+04 0.000000000000000000e+00
-4.973597525356420374e+04 0.000000000000000000e+00
-4.973361270635099936e+04 0.000000000000000000e+00
-4.972890238297841279e+04 0.000000000000000000e+00
-4.972627834565474768e+04 0.000000000000000000e+00
-4.972392701537676476e+04 0.000000000000000000e+00
-4.972116596133451094e+04 0.000000000000000000e+00
-4.971834318023586820e+04 0.000000000000000000e+00
-4.971645938838344591e+04 0.000000000000000000e+00
-4.971331490060614306e+04 0.000000000000000000e+00
-4.970766322248788492e+04 0.000000000000000000e+00
-4.970613782389848348e+04 0.000000000000000000e+00
-4.970278329340887285e+04 0.000000000000000000e+00
-4.969905571341164614e+04 0.000000000000000000e+00
-4.969834502473081375e+04 0.000000000000000000e+00
-4.969391309313502279e+04 0.000000000000000000e+00
-4.969074537367327866e+04 0.000000000000000000e+00
-4.968517215912840766e+04 0.000000000000000000e+00
-4.968086414263683400e+04 0.000000000000000000e+00
-4.967752523290178942e+04 0.000000000000000000e+00
-4.967340363785133377e+04 0.000000000000000000e+00
-4.967149351826348720e+04 0.000000000000000000e+00
-4.966825057310124976e+04 0.000000000000000000e+00
-4.966293944395852304e+04 0.000000000000000000e+00
-4.965827610462505982e+04 0.000000000000000000e+00
-4.965108269687748543e+04 0.000000000000000000e+00
-4.964760828915956517e+04 0.000000000000000000e+00
-4.964130481265201524e+04 0.000000000000000000e+00
-4.963180724633672071e+04 0.000000000000000000e+00
-4.962098485306881776e+04 0.000000000000000000e+00
-4.961684150269164820e+04 0.000000000000000000e+00
4.978670736966186087e+04 0.000000000000000000e+00
4.978746987142744183e+04 0.000000000000000000e+00
4.980669029593309824e+04 0.000000000000000000e+00
4.980858710585196241e+04 0.000000000000000000e+00
4.982243666788726114e+04 0.000000000000000000e+00
4.982585732825072773e+04 0.000000000000000000e+00
4.983181113058348274e+04 0.000000000000000000e+00
4.983321545078778581e+04 0.000000000000000000e+00
4.983740884370161075e+04 0.000000000000000000e+00
4.984019720106577734e+04 0.000000000000000000e+00
4.984564231246455893e+04 0.000000000000000000e+00
4.984820951455536851e+04 0.000000000000000000e+00
4.985113190311440849e+04 0.000000000000000000e+00
4.985363231096912932e+04 6.585308911009543557e-23
4.985817989804757235e+04 4.970066871952215713e-24
4.986135283799343597e+04 7.853426567940294983e-22
4.986376032871360803e+04 3.613889499619743672e-22
4.986451848502466601e+04 2.148770366794910930e-21
4.987003249246210180e+04 5.925835422041845776e-22
4.987148738988906553e+04 1.190079300927398137e-20
4.987370650939383631e+04 1.041793222274489459e-21
4.987527115170743491e+04 1.243369804534971071e-20
4.987690643201663624e+04 8.475250250559371909e-22
4.987965821980342298e+04 8.740407962931330117e-20
4.988069304256777104e+04 6.343752571458131163e-21
4.988135851429542527e+04 1.107589697134858092e-20
4.988452772249851841e+04 3.563308743327097446e-19
4.988595597388049646e+04 8.757050914287083261e-20
4.988625989556786226e+04 2.724276774504857098e-19
4.988832589253053447e+04 1.944989609342168668e-18
4.989055779340759182e+04 2.027352553320968688e-21
4.989185057907032024e+04 6.498690628913469320e-19
4.989307080780031538e+04 6.208312191205948016e-18
4.989448825182165456e+04 1.006338476494926723e-19
4.989687711088607466e+04 1.345567771184785132e-17
4.989731965269175271e+04 2.565299168696634088e-18
4.989960683178228646e+04 7.391041814964529063e-20
4.990148251492629788e+04 3.158938111566360642e-17
4.990218070322870335e+04 8.728719723700386959e-21
4.990367417180211487e+04 1.438098020048268723e-20
4.990567491971217532e+04 2.694279336340260261e-17
4.990726516005744634e+04 3.862904774560103050e-17
4.990798277481120022e+04 4.209712984238156205e-17
4.990989191261614178e+04 2.262002065801553983e-17
4.991055195005688438e+04 4.735008637256152691e-17
4.991113979404302518e+04 2.880609416622107799e-17
4.991381144504473923e+04 1.104930562374644961e-16
4.991398609329514875e+04 1.959854509117161171e-16
4.991469544367930212e+04 2.358409705495885707e-16
4.991609939054182905e+04 4.687531132587290378e-17
4.991802487744176324e+04 5.193897963730433509e-16
4.991853483427411265e+04 8.478366766646417536e-16
4.991979067975710495e+04 9.056238897767892690e-17
4.992056257402857591e+04 2.055699251397938874e-16
4.992130587065624422e+04 8.627522900001438182e-16
4.992168172111660533e+04 9.927086727877405207e-16
4.992305572225025389e+04 6.555845900282965463e-17
4.992498880206723697e+04 4.845179423512726101e-16
4.992532460241611989e+04 3.734771431516447317e-15
4.992666292938383413e+04 4.610628803215533482e-15
4.992700783186487388e+04 3.870844872452363365e-16
4.992849417822435498e+04 2.654336016944732625e-15
4.992856683670755592e+04 1.271824114351841583e-15
4.993051724678043684e+04 1.901507385793501662e-16
4.993171319337328896e+04 3.171483837962250120e-15
4.993221591555906343e+04 1.729821193489369188e-15
4.993362894484574645e+04 7.735996782813494574e-15
4.993411271079838480e+04 2.924940346281447755e-14
4.993566642903592583e+04 5.157980440742961989e-15
4.993587708701546217e+04 1.335179650275589739e-15
4.993737646206731733e+04 6.119627311914871591e-15
4.993905499271612643e+04 1.693989668549842127e-15
4.993945308332958666e+04 2.261971977692615764e-15
4.994035950695164502e+04 1.865035662879154892e-14
4.994117253168932075e+04 1.813876973034268042e-13
4.994318545339533011e+04 1.301000362492692281e-14
4.994334886932968948e+04 3.312458194204397686e-14
4.994405353624800773e+04 8.315107087496270728e-15
4.994602524197654566e+04 1.090737900590747846e-13
4.994698720160043740e+04 1.560012199369534594e-14
4.994755391397740459e+04 3.076877093773782604e-14
4.994814262379532011e+04 7.933312182851527786e-13
4.995050222370852134e+04 4.489531857427967005e-15
4.995082564380092663e+04 1.090285096277660047e-13
4.995117791547739762e+04 2.137160130294514737e-13
4.995260985483382683e+04 4.794173478003748617e-13
4.995441697739714436e+04 5.792806900794022160e-13
4.995507630403217627e+04 1.052361279558522583e-12
4.995533494047683052e+04 1.094025563757289689e-12
4.995758104579962674e+04 4.193182115518838200e-14
4.995780349441531143e+04 3.801467042388573770e-13
4.995886076276337553e+04 3.226842811628079154e-13
4.995953348733057646e+04 2.656727774340067449e-12
4.996153081713203574e+04 3.554289025021329018e-12
4.996231593494565459e+04 2.918604473998589889e-12
4.996302025996500015e+04 5.784870990006002566e-14
4.996452570394275972e+04 4.606643861262915908e-13
4.996484221689376864e+04 2.395216918671179548e-12
4.996613931298659736e+04 2.909953105997756317e-16
4.996707720091153897e+04 1.173532982131799871e-11
4.996858004174059170e+04 1.129885568392033522e-11
4.996947314764092152e+04 6.795624013961209878e-13
4.997077340954261308e+04 1.049800568438368787e-11
4.997142462197137502e+04 5.652858306808592320e-12
4.997195304879289324e+04 1.048411847704590754e-11
4.997337729793469043e+04 4.959804563829301397e-13
4.997461506069179450e+04 3.895321560788509291e-11
4.997565281380002125e+04 2.829706473473472320e-11
4.997679367672300577e+04 1.547336870754671647e-11
4.997820260497711570e+04 1.983116558111680603e-12
4.997853933704290102e+04 1.359906864893108159e-10
4.997913528585837048e+04 1.351684634249919812e-11
4.998057391092913167e+04 1.642759508188000081e-11
4.998214482828502514e+04 1.132867982957929405e-10
4.998274471908988198e+04 5.294737731454687274e-11
4.998428550098760024e+04 2.220746471182122676e-10
4.998513077425733354e+04 1.352169155367149244e-11
4.998590713756944751e+04 4.692316903293187201e-10
4.998637309055325750e+04 7.597569935266680072e-12
4.998783780645027582e+04 2.138463740108482710e-10
4.998967125712782581e+04 1.272931477317709331e-10
4.998996950441141962e+04 3.560428622657044265e-10
4.999174305572925368e+04 7.846272540472574880e-10
4.999212323375247797e+04 2.382435092380939347e-10
4.999319590005572536e+04 9.558973032533736707e-10
4.999356671498659853e+04 1.900479174240699465e-10
4.999521336517408781e+04 1.110354611755945682e-09
4.999670241533753870e+04 3.145614079870110243e-10
4.999767934258138121e+04 1.189035780772127896e-09
4.999891579582179111e+04 8.705774905379765493e-10
4.999929870413806930e+04 2.025137079113523895e-09
5.000063554960864712e+04 7.348378968114396686e-11
5.000096336727582820e+04 2.304933511257275181e-09
5.000258081330770074e+04 3.315441395535210661e-09
5.000359742887022730e+04 1.649431763232171168e-09
5.000530129261469847e+04 1.098638753341210649e-09
5.000594440992218006e+04 1.368700255158890267e-09
5.000650833389354375e+04 7.567026483765727860e-09
5.000769345189019077e+04 2.558798899212782298e-10
5.000939868862144795e+04 2.293538440470840718e-09
5.000988705848691461e+04 8.377267445822242815e-09
5.001044533047464211e+04 4.200750238788235647e-09
5.001272108405007748e+04 3.680417603244618904e-10
5.001293904651727644e+04 2.130203059240436366e-09
5.001372862362314481e+04 1.677748647340073670e-08
5.001486651507341594e+04 6.529646703949056477e-11
5.001706480601902149e+04 1.837301076171751739e-08
5.001718078634476115e+04 6.343067294950071526e-09
5.001845151686208555e+04 1.123892828638079615e-10
5.001987701700430625e+04 1.061848566279289211e-08
5.002002350493889389e+04 2.375998366839483130e-09
5.002088732472889387e+04 1.653056720556235810e-08
5.002237593141294929e+04 8.946006847038337134e-10
5.002392941583044012e+04 3.643805627243967361e-08
5.002424327083663957e+04 1.310834047004059313e-09
5.002664038549315592e+04 1.975302525860451855e-08
5.002709468833225401e+04 2.723495986213292554e-09
5.002779760859047383e+04 1.952457136016266422e-08
5.002818808779451501e+04 3.433472869416858863e-10
5.002999775564385345e+04 1.735016716260729359e-09
5.003083248486158845e+04 4.297320797436403552e-08
5.003136011733114719e+04 3.399936986396087994e-09
5.003375658428830502e+04 3.946215805886570312e-08
5.003423192447950714e+04 7.979535782469966842e-09
5.003507417966805224e+04 7.943423606709680261e-09
5.003672398625002097e+04 4.694651788948138964e-09
5.003732708601011836e+04 2.458444958520886718e-08
5.003817856743661105e+04 1.625167346305550891e-08
5.003903120905414835e+04 4.891369321672746664e-09
5.004092283097459585e+04 5.171520249538533495e-08
5.004147170309329522e+04 5.004378636512159634e-09
5.004232388037531200e+04 6.012344133527022378e-09
5.004349875618299120e+04 5.358370748996567678e-09
5.004449642093433795e+04 3.870812704486653686e-08
5.004625345950233896e+04 1.865664003572603799e-09
5.004782348279905273e+04 4.954852501439337024e-11
5.004815377900445310e+04 4.771538827982051584e-08
5.004893085944701306e+04 5.610191379727864595e-09
5.004973048924475006e+04 4.339387402297662320e-09
5.005021171346781193e+04 3.451689290941944933e-09
5.005167687923658377e+04 3.438810382289082051e-08
5.005342647630775173e+04 1.985566271978813649e-09
5.005535420906740910e+04 3.642130771946198437e-08
5.005591064348989312e+04 1.173142016884108495e-09
5.005648849870028789e+04 3.889163623685434393e-09
5.005759025976900011e+04 3.499551208261597835e-09
5.005839378653722088e+04 3.984482906280038312e-09
5.005934927580918884e+04 1.881026235348681222e-08
5.006022630990036851e+04 1.515621864119430999e-09
5.006247727220382512e+04 1.246347038513106112e-08
5.006285311609488417e+04 8.715338886427067410e-09
5.006352408166288660e+04 1.220017921747958624e-08
5.006558784988762636e+04 1.846874402271469198e-09
5.006667367587456829e+04 1.583957514059550803e-11
5.006778689610579750e+04 8.067992978908539742e-09
5.006838730197533005e+04 8.867963728489032314e-10
5.006908458450307808e+04 8.283492713021804905e-10
5.007037983073895884e+04 7.151347829843084016e-09
5.007086404803215555e+04 1.231397502695877132e-08
5.007275217943394819e+04 9.006516987915463154e-10
5.007360253337088943e+04 2.420249920243289273e-10
5.007548835469108599e+04 8.132467058523669833e-10
5.007634308177755156e+04 1.132739423900629177e-09
5.007825662308546453e+04 4.211905492034879771e-09
5.007852122408946889e+04 3.962745928164288582e-09
5.007889512880674738e+04 9.802347169519297816e-10
5.007942734193011711e+04 1.777330373822636217e-09
5.008090441126570659e+04 1.935733628366198021e-10
5.008203502017827850e+04 2.644460978085296714e-10
5.008428400030296325e+04 4.843144370361278902e-10
5.008574097961329244e+04 4.994888651214185426e-10
5.008657418360663723e+04 1.433601159141438523e-09
5.008742308450242126e+04 1.661267936399333580e-09
5.008809615569615562e+04 2.382883768994732559e-10
5.008889618274492386e+04 4.262677601180850129e-10
5.008935121386038372e+04 6.754216627893616665e-13
5.009189533438823128e+04 1.120935991439312755e-10
5.009272767857569124e+04 1.600453103589786786e-10
5.009423483261301590e+04 1.497565929278723316e-10
5.009533694561141601e+04 5.840522256916372985e-10
5.009571686612568737e+04 6.974066429729399038e-11
5.009754554489241127e+04 3.979136969103856118e-10
5.009912828640927182e+04 1.885635330734294531e-11
5.009956566085799568e+04 6.271438729910042187e-12
5.010067206908728258e+04 4.064202433040316901e-11
5.010123128376415843e+04 2.685687205839881108e-11
5.010310165396612865e+04 3.449496794105326822e-11
5.010388564044195664e+04 1.475280505457116832e-10
5.010639762867101672e+04 3.056223904032083724e-11
5.010714574655455363e+04 8.617539506678849255e-11
5.010813432532768638e+04 2.373800686371587346e-12
5.010848554399060959e+04 2.085561229333961677e-12
5.011009274113229185e+04 2.397560035059146882e-12
5.011161168850406102e+04 1.905153394791602827e-11
5.011247435117293207e+04 2.188700616005418350e-11
5.011442005874899041e+04 2.552112765737204948e-12
5.011573447592157754e+04 1.202298781488815423e-11
5.011623931254490162e+04 5.595752770278535709e-12
5.011694667420495534e+04 6.608679974136150460e-12
5.011905279476122087e+04 1.242236044935842273e-12
5.012102980938929250e+04 6.712157982989578795e-12
5.012215619433816028e+04 7.001604040815300194e-13
5.012263181271568465e+04 2.019178096088192150e-13
5.012450754094305012e+04 1.366303600569857772e-12
5.012473947493224114e+04 8.376420378438549700e-14
5.012582738643996709e+04 2.439811477315993356e-12
5.012884904751367139e+04 5.400842984003063209e-13
5.013023917576952226e+04 7.015848870753173951e-13
5.013109633105573448e+04 1.616778382921785260e-13
5.013212923711923941e+04 2.550738266753801948e-13
5.013365067737166828e+04 3.068542677667692613e-14
5.013464205595431122e+04 1.395006999863254581e-14
5.013533815083254740e+04 3.849099183676422507e-13
5.013901808865321073e+04 7.496246238792467426e-14
5.013979682644984132e+04 1.337763205817965695e-14
5.014026904379011830e+04 7.058019038811059561e-14
5.014163541499318671e+04 4.259686700160845468e-14
5.014340394248693337e+04 3.664725940160331772e-16
5.014538544164875930e+04 3.795073420136667205e-14
5.014596455443481682e+04 5.038382256007899206e-15
5.014923496176108165e+04 4.099176160251415870e-15
5.014940569308344129e+04 2.312629979299388447e-16
5.015055217116388667e+04 6.621709307851703181e-15
5.015175223555121920e+04 5.976794087331588738e-15
5.015376886312874558e+04 7.950206182303831612e-20
5.015641552059762762e+04 2.946289921133027125e-15
5.015756346273023519e+04 1.906713689822394057e-17
5.015948281936818967e+04 1.077877707044992924e-17
5.015956402344282105e+04 2.246742926229754048e-16
5.016151918368657789e+04 1.962408056028990882e-16
5.016280419026724121e+04 5.484541479121218521e-16
5.016476137747883331e+04 1.798914316386005818e-19
5.016825464070170710e+04 1.179584202058532890e-16
5.016947949633434473e+04 1.158159373241648421e-18
5.017021161834990198e+04 3.859747176375365203e-19
5.017030330691744166e+04 1.431389282556102239e-17
5.017297393038528389e+04 1.393520457501755143e-18
5.017480021711699374e+04 2.307094894421580144e-17
5.017646448487845919e+04 1.706099136601692253e-20
5.018095078985708824e+04 1.474682346931654026e-18
5.018118577174450184e+04 8.033648340832014676e-19
5.018169357041589683e+04 8.004805675541451055e-19
5.018211686539435323e+04 2.242118791366623430e-20
5.018500701257774199e+04 2.107254488308043942e-22
5.018755410717915947e+04 4.165505771338817763e-19
5.018913011283242668e+04 1.317193814110215808e-20
5.019301318446528603e+04 3.965379453171574772e-21
5.019364707293351239e+04 4.186912579735241062e-22
5.019465473501513043e+04 2.846020938741711192e-20
5.019493627821421978e+04 3.736509578164585920e-21
5.019794474073483434e+04 2.580842277056386163e-22
5.020079031934055820e+04 3.141015764488831255e-21
5.020312527450815105e+04 1.549911196993355935e-22
5.020552758265675948e+04 6.324016297415805990e-23
5.020639950587609201e+04 0.000000000000000000e+00
5.020811758791552711e+04 7.700345556061141280e-23
5.020905908209236077e+04 6.213219747987744249e-23
5.021235108979912911e+04 5.163182329644615786e-24
5.021466959892897285e+04 4.788884000267114274e-24
5.021831356288670213e+04 0.000000000000000000e+00
5.021882048140179540e+04 0.000000000000000000e+00
5.021990964243571216e+04 0.000000000000000000e+00
5.022232161356151482e+04 0.000000000000000000e+00
5.022396150729015062e+04 0.000000000000000000e+00
5.022806401154473861e+04 0.000000000000000000e+00
5.022985063310332771e+04 0.000000000000000000e+00
5.023252703118194768e+04 0.000000000000000000e+00
5.023429969843205618e+04 0.000000000000000000e+00
5.023460333058580727e+04 0.000000000000000000e+00
5.023822174718022143e+04 0.000000000000000000e+00
5.024022980243871280e+04 0.000000000000000000e+00
5.024394128894631285e+04 0.000000000000000000e+00
5.024681028029600566e+04 0.000000000000000000e+00
5.024758056055138877e+04 0.000000000000000000e+00
5.024980439209318138e+04 0.000000000000000000e+00
5.025148605545445025e+04 0.000000000000000000e+00
5.025593765829959739e+04 0.000000000000000000e+00
5.025842174462368712e+04 0.000000000000000000e+00
5.026083721624869941e+04 0.000000000000000000e+00
5.026345770011637796e+04 0.000000000000000000e+00
5.026484698483937973e+04 0.000000000000000000e+00
5.026703633597277076e+04 0.000000000000000000e+00
5.027158133214234113e+04 0.000000000000000000e+00
5.027458174292843614e+04 0.000000000000000000e+00
5.027675559588923352e+04 0.000000000000000000e+00
5.027977869623955485e+04 0.000000000000000000e+00
5.028258041196218983e+04 0.000000000000000000e+00
5.028413888694470370e+04 0.000000000000000000e+00
5.028738771826158336e+04 0.000000000000000000e+00
5.029302504263843002e+04 0.000000000000000000e+00
5.029488560550795955e+04 0.000000000000000000e+00
5.029786239040493820e+04 0.000000000000000000e+00
5.030165037673235929e+04 0.000000000000000000e+00
5.030291434816223045e+04 0.000000000000000000e+00
5.030674313228602841e+04 0.000000000000000000e+00
5.031007751624908997e+04 0.000000000000000000e+00
5.031604220447768603e+04 0.000000000000000000e+00
5.031990147356189846e+04 0.000000000000000000e+00
5.032322092408275785e+04 0.000000000000000000e+00
5.032799606295267586e+04 0.000000000000000000e+00
5.032938445370298723e+04 0.000000000000000000e+00
5.033270982945075230e+04 0.000000000000000000e+00
5.033805098931130487e+04 0.000000000000000000e+00
5.034269602250489697e+04 0.000000000000000000e+00
5.034984556615964539e+04 0.000000000000000000e+00
5.035402239903597365e+04 0.000000000000000000e+00
5.035986531286548416e+04 0.000000000000000000e+00
5.036925243908975244e+04 0.000000000000000000e+00
5.038074610684989602e+04 0.000000000000000000e+00
5.038481202729930374e+04 0.000000000000000000e+00
