-5.008006768765971356e+04 0.000000000000000000e+00
-5.007948598646886239e+04 0.000000000000000000e+00
-5.007947028184092051e+04 0.000000000000000000e+00
-5.007818871377409232e+04 0.000000000000000000e+00
-5.007650475262149848e+04 0.000000000000000000e+00
-5.007605823950215563e+04 0.000000000000000000e+00
-5.007604491432189388e+04 0.000000000000000000e+00
-5.007503250747200946e+04 0.000000000000000000e+00
-5.007432265029217524e+04 0.000000000000000000e+00
-5.007430828630361066e+04 0.000000000000000000e+00
-5.007378296118236904e+04 0.000000000000000000e+00
-5.007280291073610715e+04 0.000000000000000000e+00
-5.007214488994900603e+04 0.000000000000000000e+00
-5.007175551404822181e+04 0.000000000000000000e+00
-5.007147207130474271e+04 0.000000000000000000e+00
-5.007138394746753329e+04 0.000000000000000000e+00
-5.007118634212634788e+04 0.000000000000000000e+00
-5.007054276885718718e+04 0.000000000000000000e+00
-5.007002960759175767e+04 0.000000000000000000e+00
-5.006995636972205102e+04 0.000000000000000000e+00
-5.006943028675189998e+04 0.000000000000000000e+00
-5.006906442057839013e+04 0.000000000000000000e+00
-5.006829529250584892e+04 0.000000000000000000e+00
-5.006790552949822450e+04 0.000000000000000000e+00
-5.006783378731703851e+04 0.000000000000000000e+00
-5.006693940392260993e+04 0.000000000000000000e+00
-5.006647990681636293e+04 0.000000000000000000e+00
-5.006577792813131236e+04 0.000000000000000000e+00
-5.006536951752667665e+04 0.000000000000000000e+00
-5.006481648723193939e+04 0.000000000000000000e+00
-5.006379069432738470e+04 0.000000000000000000e+00
-5.006358328454435832e+04 0.000000000000000000e+00
-5.006292652955987433e+04 0.000000000000000000e+00
-5.006179454028982582e+04 0.000000000000000000e+00
-5.006160582023685129e+04 0.000000000000000000e+00
-5.006078157133517379e+04 0.000000000000000000e+00
-5.005994795305503794e+04 0.000000000000000000e+00
-5.005990948565446161e+04 0.000000000000000000e+00
-5.005928384135726810e+04 0.000000000000000000e+00
-5.005850741700951039e+04 0.000000000000000000e+00
-5.005785448907169484e+04 0.000000000000000000e+00
-5.005781566473920975e+04 0.000000000000000000e+00
-5.005696177974580496e+04 0.000000000000000000e+00
-5.005609376341191819e+04 0.000000000000000000e+00
-5.005571818352158152e+04 0.000000000000000000e+00
-5.005568268300686759e+04 0.000000000000000000e+00
-5.005453465344326833e+04 0.000000000000000000e+00
-5.005405912028597959e+04 0.000000000000000000e+00
-5.005358173141791485e+04 0.000000000000000000e+00
-5.005287034290908196e+04 0.000000000000000000e+00
-5.005255288529036625e+04 0.000000000000000000e+00
-5.005152764614446642e+04 0.000000000000000000e+00
-5.005134972207747342e+04 0.000000000000000000e+00
-5.005096400603197981e+04 0.000000000000000000e+00
-5.004995085747593112e+04 0.000000000000000000e+00
-5.004994711322488001e+04 0.000000000000000000e+00
-5.004946168463699723e+04 0.000000000000000000e+00
-5.004929510006327473e+04 0.000000000000000000e+00
-5.004837753584548045e+04 0.000000000000000000e+00
-5.004805886785864277e+04 0.000000000000000000e+00
-5.004781153855819866e+04 0.000000000000000000e+00
-5.004737878481145162e+04 0.000000000000000000e+00
-5.004706233611673088e+04 0.000000000000000000e+00
-5.004664233550559584e+04 0.000000000000000000e+00
-5.004606236406565586e+04 0.000000000000000000e+00
-5.004567774551809271e+04 0.000000000000000000e+00
-5.004560073360767274e+04 0.000000000000000000e+00
-5.004535161112652713e+04 0.000000000000000000e+00
-5.004514606311978423e+04 0.000000000000000000e+00
-5.004465575301642821e+04 0.000000000000000000e+00
-5.004450607556535397e+04 0.000000000000000000e+00
-5.004381767727650004e+04 0.000000000000000000e+00
-5.004354579930952605e+04 0.000000000000000000e+00
-5.004339976304957236e+04 1.109204946845830862e-24
-5.004313419428790075e+04 0.000000000000000000e+00
-5.004301115660439245e+04 0.000000000000000000e+00
-5.004243323399644578e+04 0.000000000000000000e+00
-5.004221612265287695e+04 0.000000000000000000e+00
-5.004176944449880102e+04 0.000000000000000000e+00
-5.004142346253804135e+04 0.000000000000000000e+00
-5.004140569281821081e+04 0.000000000000000000e+00
-5.004101766158990358e+04 0.000000000000000000e+00
-5.004041553794541687e+04 0.000000000000000000e+00
-5.003996288337783335e+04 0.000000000000000000e+00
-5.003994703796318936e+04 0.000000000000000000e+00
-5.003971570641698781e+04 0.000000000000000000e+00
-5.003936325901211967e+04 1.231084096566833605e-24
-5.003928847869250603e+04 0.000000000000000000e+00
-5.003847513841032196e+04 0.000000000000000000e+00
-5.003808661523675255e+04 1.860497805566152257e-24
-5.003789487739958713e+04 0.000000000000000000e+00
-5.003781099783167156e+04 0.000000000000000000e+00
-5.003728691478122346e+04 2.604958120281234310e-24
-5.003718880035624898e+04 4.779870797614828892e-24
-5.003674616264536598e+04 0.000000000000000000e+00
-5.003607460250174336e+04 1.594849587029144413e-23
-5.003588122781521815e+04 1.163097237252512572e-23
-5.003567516989648720e+04 0.000000000000000000e+00
-5.003511202506686095e+04 0.000000000000000000e+00
-5.003485981914321019e+04 0.000000000000000000e+00
-5.003421566802356392e+04 0.000000000000000000e+00
-5.003392837306006550e+04 4.476855086167723883e-24
-5.003353993860268383e+04 0.000000000000000000e+00
-5.003344164895737777e+04 0.000000000000000000e+00
-5.003302536231886188e+04 4.556418092032244990e-24
-5.003241017875462421e+04 4.764130591568104629e-23
-5.003228907356878335e+04 0.000000000000000000e+00
-5.003174029767260799e+04 0.000000000000000000e+00
-5.003140590608343336e+04 4.627884382221853859e-24
-5.003101365141953283e+04 4.820823237392165379e-24
-5.003095137600859744e+04 1.182661441012807992e-23
-5.003063579506961105e+04 3.172979237994601742e-23
-5.002994703043204208e+04 0.000000000000000000e+00
-5.002965698139680171e+04 2.607801244072056262e-24
-5.002927409824720962e+04 3.862076897526733243e-24
-5.002911584381912689e+04 1.552271732485640046e-23
-5.002900355040317663e+04 3.477985200651613823e-22
-5.002851820897433208e+04 1.182308217419517551e-22
-5.002783647143852431e+04 0.000000000000000000e+00
-5.002781092282365717e+04 0.000000000000000000e+00
-5.002720376454460347e+04 0.000000000000000000e+00
-5.002714518080512789e+04 1.288748599386592502e-22
-5.002694705734222225e+04 0.000000000000000000e+00
-5.002649049425728299e+04 9.308007599872094997e-24
-5.002567486294735136e+04 1.022033022336623348e-24
-5.002564367654777743e+04 0.000000000000000000e+00
-5.002519441502785776e+04 2.858395830434918088e-23
-5.002507153215492872e+04 1.311067822334566036e-22
-5.002502142160466610e+04 8.818557126306529649e-23
-5.002428521114253090e+04 7.629997470603761622e-23
-5.002384653010932379e+04 1.982631177724771711e-24
-5.002377243440919847e+04 5.803250435040916170e-23
-5.002353888430695952e+04 1.705020322451933651e-23
-5.002315637044317555e+04 2.325713289889988529e-22
-5.002290657905193802e+04 2.679665688356222416e-21
-5.002264507867237990e+04 8.599443848052190562e-24
-5.002220100175601692e+04 1.622256500685822288e-22
-5.002186477769238991e+04 1.486306484156973771e-22
-5.002140318436572124e+04 9.087364943508888415e-22
-5.002117162388077850e+04 2.024882900990893041e-21
-5.002090573380657588e+04 1.590477445669720731e-22
-5.002079949998491793e+04 1.336572639106496772e-22
-5.002037727025384083e+04 3.920047365628417437e-22
-5.002005424903341918e+04 0.000000000000000000e+00
-5.001994702946588222e+04 7.764363711911246419e-24
-5.001933432916260790e+04 1.019578374070716785e-23
-5.001926802590933221e+04 1.783387882870700809e-22
-5.001888284251763253e+04 3.636306153066220654e-22
-5.001870573544466606e+04 2.091698760449893714e-23
-5.001869475192819664e+04 3.998158098761873614e-23
-5.001811158054746193e+04 2.048344248012160276e-23
-5.001789157396332303e+04 4.295369733229183989e-24
-5.001781091402313177e+04 2.110912692945185435e-23
-5.001757340741773805e+04 4.974924816213275019e-22
-5.001713386625453859e+04 8.139025893176861195e-21
-5.001697757876157993e+04 1.245048725309259863e-21
-5.001662521041492437e+04 2.364992976211184503e-21
-5.001644553032398835e+04 8.728835775021278985e-22
-5.001597330839479400e+04 5.330855731456344446e-23
-5.001567480379913468e+04 1.759429307286910933e-21
-5.001547881668747868e+04 8.549947656482933478e-24
-5.001539565474976553e+04 6.117309012941065883e-22
-5.001500147040333832e+04 1.127207307980818288e-21
-5.001487881892370933e+04 2.165170477757479690e-21
-5.001456245126473368e+04 4.391500050268063384e-20
-5.001407545970250067e+04 2.957455564080435038e-21
-5.001389545534592617e+04 1.909375270287113192e-21
-5.001353871168131445e+04 1.158571012988709828e-22
-5.001314119650376961e+04 1.259964658661787262e-22
-5.001287078352665412e+04 1.280838991148111611e-20
-5.001278189674368332e+04 7.365538501034207956e-22
-5.001254080454525683e+04 1.951823862677837179e-22
-5.001226454031083995e+04 1.711722633988228434e-21
-5.001168794732673996e+04 1.932028973126850500e-23
-5.001140266929119389e+04 5.404208262491244141e-21
-5.001128073514448624e+04 6.193312398884098730e-22
-5.001087804379496083e+04 3.615036556113543505e-22
-5.001074590680985420e+04 1.798868076194233852e-20
-5.001065128483563603e+04 3.670208908112461754e-21
-5.001039535992938909e+04 7.817197385432493611e-21
-5.000994702936717658e+04 2.195966578869556799e-22
-5.000977714975977142e+04 4.558049798625194178e-22
-5.000954225622794183e+04 6.376562214869090312e-22
-5.000926675034755317e+04 9.708345860797482853e-21
-5.000899450296729628e+04 8.794756374553133846e-23
-5.000867460481798480e+04 1.354839810180643034e-19
-5.000861162116528430e+04 3.318492824356045968e-19
-5.000843113313843060e+04 3.106471700715160647e-20
-5.000786435750873352e+04 3.017135405657949244e-21
-5.000781091289751930e+04 3.789009295035301364e-23
-5.000716085185664997e+04 3.194938198843031661e-21
-5.000713149819175305e+04 2.841117193213250507e-19
-5.000711107064177486e+04 2.320620026136034929e-20
-5.000651936271139857e+04 1.463078554832175904e-19
-5.000650821766709851e+04 0.000000000000000000e+00
-5.000574946346033539e+04 1.162533310051410832e-23
-5.000567479710721818e+04 8.301742967988774696e-21
-5.000548695460268209e+04 7.909470890408149094e-21
-5.000499585643835599e+04 7.535359305074639263e-20
-5.000468611286081432e+04 2.547840320723191878e-20
-5.000448910121473455e+04 1.338549883873197492e-22
-5.000437969025882921e+04 1.094402186059987514e-20
-5.000407021950712078e+04 2.371814410484039062e-21
-5.000373589732674736e+04 3.484310932717185995e-21
-5.000353868421079096e+04 4.287761219611530195e-20
-5.000288810121857387e+04 1.512058422006518561e-20
-5.000286140182511735e+04 3.011719377999272180e-18
-5.000267388342758204e+04 1.050934940560244733e-20
-5.000232007344104204e+04 2.300290000965143941e-19
-5.000206218375229219e+04 2.917193768242982222e-22
-5.000169284568799776e+04 1.160983638909328805e-20
-5.000140258039975015e+04 2.248111340485976109e-18
-5.000128329804330133e+04 1.326630445575638742e-20
-5.000089265554667509e+04 2.153536552863459799e-20
-5.000072819218070799e+04 2.424629943126559467e-19
-5.000050145532841998e+04 3.087068664825106700e-20
-5.000022497370399651e+04 2.730425393311405513e-18
-4.999994702935669193e+04 3.643314480512139856e-20
-4.999962546106242371e+04 2.310858478620756780e-20
-4.999930130928914878e+04 1.149371948221976136e-19
-4.999926650057365623e+04 1.640904058922276459e-19
-4.999883268148607749e+04 6.105515303567653889e-20
-4.999859748343309184e+04 6.555811722067061129e-19
-4.999832533108568896e+04 7.152367369524893525e-22
-4.999822932563242648e+04 1.608149210863602191e-20
-4.999814962729767285e+04 2.068700943605920573e-19
-4.999781091276556253e+04 5.947898741863154836e-20
-4.999746741542013478e+04 6.485748089279694324e-24
-4.999713047446311975e+04 9.529377665377578753e-18
-4.999709169638151798e+04 6.344550901611938207e-20
-4.999647070841827372e+04 1.907498378170048221e-18
-4.999635879699303769e+04 3.583584955387571631e-21
-4.999625047516181803e+04 5.667945392179115739e-21
-4.999608780225877854e+04 3.194982237283488246e-20
-4.999591957091997028e+04 9.467479533441055037e-21
-4.999567479626505519e+04 4.888366048203934718e-18
-4.999522160747041926e+04 1.043861844018628926e-20
-4.999513366215831047e+04 4.533354195787404654e-21
-4.999499456658512645e+04 2.788876136489689510e-18
-4.999448350818429026e+04 1.806782795045059160e-18
-4.999433860726198327e+04 3.677471006088849418e-17
-4.999417626145730173e+04 5.322156851751375135e-21
-4.999402619007942121e+04 4.758041245078985252e-19
-4.999353868018464709e+04 5.815091156101836577e-20
-4.999339282069386536e+04 8.866293387410286289e-22
-4.999296721275085292e+04 2.329465205248546124e-23
-4.999285887343559443e+04 3.828586190098243556e-17
-4.999274562888048240e+04 8.841627935449379616e-20
-4.999222295009496884e+04 2.768142312679207182e-18
-4.999210539792749478e+04 3.431088900872435222e-18
-4.999190688723925268e+04 4.456375496439166207e-20
-4.999156212406926352e+04 4.979623711745018963e-19
-4.999140256555471569e+04 3.836660217782100492e-18
-4.999109338777186349e+04 5.707660358921278051e-20
-4.999072360468401166e+04 1.042517036805440889e-17
-4.999036478500311205e+04 2.197726249394981545e-21
-4.999026348955477442e+04 6.679025253615908099e-19
-4.999010890195785760e+04 3.250210726463851531e-20
-4.998994702935574605e+04 6.277061521369407433e-19
-4.998985961088259501e+04 3.462729671626158880e-19
-4.998949213698093808e+04 3.620279376830953348e-19
-4.998926645533985720e+04 2.078527807507828494e-17
-4.998864760816262424e+04 9.494578474796451461e-19
-4.998858873840750312e+04 3.817881465374072969e-16
-4.998845474184893101e+04 1.114365263675051184e-20
-4.998815485206245648e+04 3.422680225844643637e-19
-4.998800320591335185e+04 6.704818331501033355e-18
-4.998781091275045765e+04 3.073526937383839076e-19
-4.998745092401286820e+04 3.871077358842188646e-20
-4.998713035668224620e+04 6.517419238673694516e-16
-4.998712434773690620e+04 4.826198951534817861e-23
-4.998659462234657985e+04 4.595928018802888926e-20
-4.998645537900806085e+04 4.317750999488046350e-17
-4.998626346490596188e+04 5.246323779868720859e-20
-4.998609990359198127e+04 1.107635701772836613e-20
-4.998590668771037599e+04 8.055250443771162190e-17
-4.998567479615368211e+04 4.618279986166622114e-17
-4.998538294157319615e+04 1.335135190696247483e-21
-4.998508041069197498e+04 4.848098672571651561e-22
-4.998499428278592677e+04 3.762782429353078255e-17
-4.998444654792227084e+04 5.441048225356019712e-19
-4.998432403538338986e+04 6.120206932233125612e-17
-4.998409326969466929e+04 4.996612844620773299e-19
-4.998399408599841991e+04 1.719481081420931107e-19
-4.998382170886363747e+04 1.669595891453333462e-17
-4.998353867961325159e+04 9.209942972464109917e-17
-4.998335808044648002e+04 7.749360879429605785e-20
-4.998298802768086171e+04 6.180583282378988413e-19
-4.998285826078343234e+04 2.510794506862324975e-15
-4.998241799601407547e+04 8.893699162929773683e-19
-4.998219520359700255e+04 5.946246613921028747e-17
-4.998212008263837924e+04 2.145859234938296635e-19
-4.998184816639166093e+04 1.724573271875128710e-19
-4.998173404080890032e+04 8.718366699491533697e-18
-4.998140256330311968e+04 4.967885218535891144e-15
-4.998101415070501389e+04 1.523219590881290493e-18
-4.998072234613164619e+04 5.172114866275865029e-16
-4.998071146347778267e+04 5.172937381401484416e-19
-4.998038420136785135e+04 4.569094439632456018e-19
-4.998006463989691110e+04 1.322001396057548439e-15
-4.997994702935562236e+04 1.715944465610466290e-16
-4.997975485578351800e+04 1.708931713169917548e-18
-4.997960596459596854e+04 7.403892783795576193e-19
-4.997926644774921442e+04 5.646537397683585948e-17
-4.997894710497099732e+04 5.650033526250103845e-20
-4.997858662756884587e+04 3.124429056110934217e-15
-4.997843075987954944e+04 9.017627794981117297e-20
-4.997821831112178916e+04 5.581738005381035419e-19
-4.997794011878799938e+04 2.580931950959370583e-16
-4.997781091274874052e+04 1.549321183277844347e-16
-4.997773160943822586e+04 7.823519175708753321e-18
-4.997758155451396306e+04 9.383109318522244996e-18
-4.997713033431016811e+04 7.555685366098745546e-15
-4.997662279901126749e+04 3.978784793150615054e-19
-4.997645123206341668e+04 3.677538474168479051e-16
-4.997630272769769363e+04 2.044765725783658727e-18
-4.997606628953356267e+04 2.389577417138693571e-18
-4.997582154105641530e+04 2.204616219764589172e-16
-4.997567479613968317e+04 1.276061758945199244e-14
-4.997558164967574703e+04 1.107446501401000870e-17
-4.997515119958795549e+04 1.712982459911959767e-19
-4.997499422619809047e+04 4.835399618039407420e-15
-4.997475825679961417e+04 4.145325631727992934e-19
-4.997459861402073147e+04 7.287891253760488038e-22
-4.997431634377162845e+04 1.736683932059978724e-14
-4.997394632003092556e+04 9.542986943049406715e-20
-4.997370526266595698e+04 1.475540133696207909e-21
-4.997368588388672651e+04 1.753399342073757522e-17
-4.997353867953493318e+04 8.045261656319174151e-18
-4.997303478360392182e+04 3.674434201538774783e-18
-4.997286808537930483e+04 6.627474076059799268e-19
-4.997285813015731401e+04 7.635261619096797186e-14
-4.997279344168066018e+04 3.858737284472412708e-18
-4.997218230448173563e+04 3.745875221042734599e-15
-4.997196746446644829e+04 9.306015775218766903e-18
-4.997172834651640005e+04 3.746701923949183141e-21
-4.997160078376175079e+04 4.867954018283801757e-16
-4.997143788330536336e+04 4.573841638185488955e-18
-4.997140256295998552e+04 1.706153772283423057e-16
-4.997116576873158192e+04 1.100327863253079014e-20
-4.997075641483718937e+04 2.515169432751257747e-18
-4.997072205827821745e+04 1.278052659243010698e-15
-4.997004987761205120e+04 7.205906100621660545e-15
-4.996994702935552777e+04 1.671012601719834743e-15
-4.996989343263187766e+04 1.045163234695405512e-17
-4.996973966959891550e+04 8.264265243909063610e-18
-4.996959705137450510e+04 2.638753040057052680e-17
-4.996950053723219025e+04 2.295122932474721222e-16
-4.996926644649819355e+04 3.386132627896499696e-14
-4.996893338397813204e+04 3.568514719579121517e-18
-4.996858603792720533e+04 1.741241691803243331e-13
-4.996832086559257732e+04 1.447709341833524274e-18
-4.996791829945003701e+04 3.988697726926724273e-23
-4.996788996058775956e+04 7.046937980290893620e-19
-4.996781091274849314e+04 1.684972922357492387e-15
-4.996751905002474814e+04 6.629944494422468807e-17
-4.996740642333894357e+04 3.820912721542218831e-16
-4.996713033038593130e+04 1.125624642279069770e-12
-4.996668128151949350e+04 2.556199134980745371e-18
-4.996645010734243988e+04 4.853699067811891358e-14
-4.996638426751018415e+04 1.362100664076113372e-18
-4.996592147302741796e+04 1.088809655908432274e-16
-4.996579321697701380e+04 8.789961801558532200e-15
-4.996569427689908480e+04 5.287421777748535276e-16
-4.996567479613723845e+04 2.099257357460121385e-13
-4.996533927629962272e+04 2.804266297411543927e-16
-4.996499421521605109e+04 7.919455642231217836e-16
-4.996481711932177859e+04 1.526324760838810297e-17
-4.996439995981294487e+04 5.675059210612499525e-18
-4.996431433116010885e+04 2.051469527714119662e-13
-4.996379686510383181e+04 1.730511918879183409e-16
-4.996373255204627640e+04 6.705169587749177027e-16
-4.996364476707531139e+04 3.621605344476743181e-15
-4.996353867951892607e+04 1.621631184219237513e-13
-4.996329493750393885e+04 1.542196425509989056e-16
-4.996285810242349544e+04 1.121606062018746131e-12
-4.996283325115059415e+04 7.900095217824301603e-18
-4.996242540179888601e+04 1.800604778031005179e-17
-4.996217882292115246e+04 1.044947008558490699e-15
-4.996202927888356498e+04 1.413006203283675050e-18
-4.996157409329631628e+04 1.426900179501515543e-17
-4.996153824887059454e+04 9.650428858054216515e-15
-4.996140256287616648e+04 9.431999348333871470e-12
-4.996121493916555482e+04 1.530793018005645562e-16
-4.996104543453164661e+04 7.965242530048534154e-20
-4.996072199424565042e+04 5.385530825212222361e-13
-4.996064481221646565e+04 3.045914555981997503e-18
-4.996024406457987061e+04 1.135719510553321647e-17
-4.996004373725881305e+04 1.474923984219642180e-13
-4.995994702935540408e+04 7.875223234247817336e-13
-4.995955518580909848e+04 6.496399490661984424e-18
-4.995942082064267743e+04 3.493524859139595652e-15
-4.995926644613298413e+04 1.750345328967009153e-14
-4.995920616982199863e+04 7.636922483688677505e-17
-4.995892742893035029e+04 5.338907196951137982e-18
-4.995873277949309704e+04 8.044264783452373428e-18
-4.995858589592498174e+04 4.857903737120552974e-12
-4.995815654835735768e+04 5.816136588773135486e-18
-4.995790927941074187e+04 7.241019094771639556e-14
-4.995781091274537903e+04 3.650610785668413493e-13
-4.995751162210585608e+04 2.363688036440470703e-17
-4.995730732807730965e+04 2.011017124599855643e-15
-4.995725894803684059e+04 1.727224886222410439e-17
-4.995713032901893894e+04 2.309322110624941198e-12
-4.995701489893783582e+04 2.968806063143581012e-17
-4.995644981508630008e+04 6.401038993014534685e-14
-4.995616358964191022e+04 1.679402292182281011e-17
-4.995593775697649107e+04 6.181442562251546237e-17
-4.995577566605027823e+04 2.253265601211663829e-13
-4.995567479611117597e+04 3.070392205239138750e-11
-4.995520883431411494e+04 7.498809141891966349e-16
-4.995518534921659739e+04 3.649400474693794381e-16
-4.995502273576685548e+04 9.625221395366493829e-18
-4.995499421072541736e+04 4.935938058276659101e-12
-4.995472380910519132e+04 1.823153617363909950e-17
-4.995431376725414884e+04 1.839950625984851827e-12
-4.995415047445620439e+04 4.765040195708052417e-17
-4.995368794951582822e+04 3.182276112860689710e-16
-4.995364329820682906e+04 6.268416992307228933e-14
-4.995353867936927418e+04 6.652001513378773170e-13
-4.995316764720642823e+04 4.130702658683527469e-18
-4.995310254634566809e+04 4.712091299322547730e-16
-4.995285808911250206e+04 9.380960222633549857e-11
-4.995270541915092326e+04 2.989345382909336248e-18
-4.995217779514614085e+04 1.073541924265596486e-12
-4.995209933522485517e+04 3.855527988707105219e-16
-4.995161632308742992e+04 2.385009597137137141e-18
-4.995151311005885509e+04 3.904401024447729754e-14
-4.995140256220960146e+04 9.793477735504708586e-12
-4.995125674100711331e+04 1.120160766798555776e-17
-4.995100987500217889e+04 3.025252091026918538e-16
-4.995087047856730351e+04 2.899156487916951649e-18
-4.995072195899314829e+04 1.855424275529980261e-12
-4.995033136093292705e+04 3.072288893291132357e-17
-4.995004182134030270e+04 5.219203508212652025e-12
-4.994994702935335954e+04 3.599912006971378944e-12
-4.994951000397616735e+04 8.647345955842684615e-16
-4.994942257466388401e+04 8.388421720999331780e-16
-4.994937599194236100e+04 1.329265497355648103e-14
-4.994926644359281636e+04 3.595493052724701478e-11
-4.994898140712035092e+04 6.338191860963807143e-17
-4.994877567489317153e+04 2.300347157079662410e-17
-4.994868650180600525e+04 7.043142192186546822e-20
-4.994858580865994736e+04 1.582299507776376665e-11
-4.994790599230713997e+04 1.198558131427195805e-12
-4.994787670741674083e+04 6.797644208854769588e-16
-4.994781091270884644e+04 7.451965878246839651e-12
-4.994743309025506460e+04 1.857990788888409121e-17
-4.994725728938304383e+04 6.907009469903837353e-15
-4.994713032028788439e+04 1.397943050516678697e-09
-4.994693212699038850e+04 2.330724685819279720e-17
-4.994684637576863315e+04 8.881740287172983957e-17
-4.994644961350651283e+04 1.447938787362139137e-11
-4.994622627497100621e+04 2.251171834679012012e-17
-4.994610003596968454e+04 9.710351407746258044e-22
-4.994578875566337956e+04 1.131128578114270751e-17
-4.994577027079306572e+04 8.583998269276872233e-13
-4.994567479575517063e+04 8.481980746561707294e-10
-4.994513397213540884e+04 2.879676223495927205e-15
-4.994499418319707911e+04 3.512486882651993073e-11
-4.994488030511358374e+04 5.872136875289298292e-17
-4.994470984153277823e+04 1.456127913333495995e-18
-4.994464443737379770e+04 3.482641305736007132e-18
-4.994431332385885617e+04 1.187207640222683287e-10
-4.994363469773651013e+04 2.621869697533242747e-13
-4.994360672608701134e+04 1.715924941062382580e-16
-4.994353867700982664e+04 1.979202170324854143e-10
-4.994332439637015341e+04 4.107381284799703840e-17
-4.994301400681705854e+04 1.206198121439046867e-15
-4.994285800952491263e+04 4.749819640565579255e-11
-4.994269623669834982e+04 1.346569213946423396e-17
-4.994257434374375589e+04 4.214712012933357511e-18
-4.994217684959834878e+04 2.277402572568459455e-11
-4.994217054688361532e+04 2.360400856606682177e-15
-4.994149935348416329e+04 1.365377188831882335e-13
-4.994140255076631001e+04 1.399685972679257143e-08
-4.994117425363570510e+04 1.191422730353649492e-16
-4.994101317619379552e+04 1.690917586754714354e-17
-4.994089139456066914e+04 7.224797595857158920e-16
-4.994072174828133575e+04 1.730598325992430603e-10
-4.994057323430792894e+04 4.630383829097398806e-19
-4.994009679899315961e+04 4.152922088296454147e-15
-4.994004001320525276e+04 2.016678280616290978e-11
-4.993994702921561111e+04 5.076549374005650754e-09
-4.993963668193406920e+04 6.267867691387785283e-18
-4.993936378887177852e+04 4.102767414747485662e-14
-4.993926640031530405e+04 4.540747407355882846e-10
-4.993880089251094614e+04 1.024181547531175316e-15
-4.993876418575067510e+04 4.689950185103173719e-16
-4.993858529639017797e+04 2.607959702598740991e-09
-4.993851863516288722e+04 1.246473256896091064e-17
-4.993809203547598008e+04 3.279932791191150505e-16
-4.993790258015169820e+04 5.010221684611497212e-12
-4.993781091113189177e+04 6.357653100864134511e-10
-4.993749810462762252e+04 9.139264756522793386e-17
-4.993728742164324649e+04 4.084773467572599142e-16
-4.993722577112955332e+04 2.043572097367975342e-14
-4.993713018505856598e+04 3.828911371291583970e-10
-4.993681636364368023e+04 5.832841475596356826e-18
-4.993667682365779183e+04 1.650025973952444928e-16
-4.993662671300230431e+04 2.689763501948488910e-16
-4.993644846311215952e+04 4.205435755654039321e-10
-4.993576413357714046e+04 2.861026033948185114e-12
-4.993567478668551485e+04 6.254348002567697042e-08
-4.993542380179918837e+04 2.395560281132701172e-17
-4.993509413524559932e+04 1.036508387854432374e-14
-4.993505214917557169e+04 2.536694887630177644e-16
-4.993499381719616213e+04 1.786446953542529009e-09
-4.993493786810804158e+04 5.512488291262349268e-18
-4.993459587657356315e+04 1.265862037299872597e-16
-4.993454315348335513e+04 3.824139537740050016e-16
-4.993431092253250972e+04 5.073726923295738345e-10
-4.993388710354562500e+04 5.833950283836997481e-18
-4.993362412449115800e+04 6.938631480358510878e-13
-4.993360680935489654e+04 2.287566099368510265e-15
-4.993353863980786264e+04 3.871536906545188499e-09
-4.993295282668786240e+04 9.134346757389049559e-14
-4.993285712157021044e+04 5.383670763352100500e-08
-4.993283785966809955e+04 1.569805874415400146e-15
-4.993236122512243310e+04 2.023866637502698465e-18
-4.993217215698621294e+04 9.954570161949951140e-11
-4.993206391567013634e+04 1.465276408312671019e-16
-4.993169189192798513e+04 1.197391728983330957e-16
-4.993148154902402166e+04 4.425928482884096447e-13
-4.993140242082561599e+04 7.550328024152798508e-08
-4.993108608452823682e+04 9.555524058335705375e-19
-4.993081181447101699e+04 1.296377665541498344e-14
-4.993071977340312878e+04 7.377282940055712943e-09
-4.993050163177296054e+04 6.445985371097332573e-19
-4.993026502870647528e+04 1.439770975845435343e-16
-4.993003139741883933e+04 5.824699180245940932e-11
-4.992994702741092624e+04 1.111435806047513266e-08
-4.992962869110266183e+04 3.808333864718709623e-17
-4.992933544426695153e+04 1.787718933521910137e-13
-4.992926598797143379e+04 1.599041236890099875e-08
-4.992912410705332877e+04 4.235539312678883152e-18
-4.992868053742049233e+04 1.044566969962066918e-14
-4.992858121399948141e+04 1.373056684471133711e-08
-4.992846734263184044e+04 4.573936197838976512e-15
-4.992819369908738736e+04 6.011731360664392578e-16
-4.992789757982338051e+04 5.783347805583040935e-14
-4.992788753376435488e+04 1.212141604057319852e-11
-4.992781088554633607e+04 2.369248919352503044e-08
-4.992732725618767290e+04 2.121083959890451499e-15
-4.992718388656183379e+04 3.748060244869782047e-12
-4.992712900242041360e+04 9.970681051357414523e-07
-4.992669195561891684e+04 5.103976584650028942e-16
-4.992653062303882325e+04 1.494548211697370045e-14
-4.992644055458591902e+04 2.014255541897948561e-09
-4.992621232775139651e+04 1.272976941462342214e-16
-4.992603750725878490e+04 9.852171763715569365e-16
-4.992573933703447983e+04 1.966075406905457123e-11
-4.992569114574862760e+04 1.127159884907928276e-15
-4.992567460769184254e+04 2.325851477971809049e-06
-4.992502789287470659e+04 2.470535847027088160e-13
-4.992499078894910053e+04 1.189815195554684591e-07
-4.992465168020889541e+04 1.134235740393402266e-16
-4.992438893719347107e+04 2.024487614128991067e-14
-4.992429649215278187e+04 1.106419872505522456e-09
-4.992421863559437043e+04 3.116411103766345678e-15
-4.992389889113756362e+04 3.719102673802912094e-16
-4.992376427544735634e+04 2.074538977759029208e-18
-4.992358498854131903e+04 1.365977170001755279e-12
-4.992353785147743474e+04 1.433261113377474011e-07
-4.992292731548855227e+04 1.094069166689025074e-14
-4.992286329690232378e+04 2.213892553362226565e-11
-4.992285018782491534e+04 4.019077495522136181e-07
-4.992271118225805549e+04 2.653398503604555110e-14
-4.992224658723703760e+04 7.913889176767571924e-14
-4.992214726801125653e+04 2.142897595348180329e-10
-4.992196938377095648e+04 1.178019908583774461e-16
-4.992142278637218260e+04 1.185642171234024745e-10
-4.992139991255733185e+04 1.505919715037566313e-05
-4.992107994093747402e+04 1.789323099060716226e-15
-4.992077839285549999e+04 3.544692004437933501e-14
-4.992070545906211919e+04 4.303023208680939253e-08
-4.992068892379955651e+04 2.630146434351471273e-11
-4.992028640935988369e+04 1.846887060947517061e-15
-4.991999076411180431e+04 5.853605843057421972e-10
-4.991994694659289962e+04 3.437809166952064122e-06
-4.991991191274294397e+04 1.282712327195588290e-13
-4.991979065189175162e+04 1.984103787059872555e-15
-4.991925960644369479e+04 1.665835778565067938e-06
-4.991925062052027351e+04 1.826235723432933600e-09
-4.991862635746262094e+04 7.804751931457621002e-15
-4.991855421072970057e+04 2.308915396130308005e-08
-4.991850548085638729e+04 8.510330903368300722e-12
-4.991845812173188460e+04 2.608024901601317995e-13
-4.991782442273558991e+04 6.228361284191208391e-15
-4.991781037097559602e+04 1.872147617227601647e-06
-4.991772326846723445e+04 2.441730997156439792e-15
-4.991749314690929896e+04 1.773652224092850715e-15
-4.991711501974445855e+04 1.257860289019612566e-05
-4.991706803265012422e+04 3.019489433080099683e-09
-4.991701616368791292e+04 1.827397640602590736e-11
-4.991673585194393672e+04 2.061602505608326690e-15
-4.991639355413448357e+04 4.345361857656656457e-09
-4.991630225804048678e+04 2.842179502113562612e-13
-4.991605837713571236e+04 3.026957709217883898e-14
-4.991567274394218111e+04 1.360291474339544169e-04
-4.991564572207896708e+04 1.071429937431390819e-08
-4.991535699850793753e+04 7.303567368460147312e-17
-4.991526456228030293e+04 3.781429817685861495e-14
-4.991496340406148374e+04 8.954626566972109232e-07
-4.991487315157923877e+04 1.724829792290768422e-10
-4.991477741348667041e+04 1.397281168303772761e-12
-4.991422029237203969e+04 1.720884968161978756e-08
-4.991409101113960060e+04 5.128457958118957212e-12
-4.991387745402805012e+04 3.650984497599952852e-14
-4.991353195834960934e+04 1.823868374771886160e-05
-4.991351412246137625e+04 5.867367448700289970e-11
-4.991345206485693052e+04 9.891843923164276991e-10
-4.991317352595927514e+04 3.723604471715767089e-14
-4.991301560509978299e+04 2.648492232015434460e-15
-4.991280112420627847e+04 4.287837239783024715e-07
-4.991265342477681406e+04 5.762082655701180748e-11
-4.991203149242582003e+04 2.250970755759066669e-10
-4.991200792044208356e+04 8.762742018173476756e-13
-4.991188747079038149e+04 3.465870600937607908e-13
-4.991174392192459345e+04 5.235581991623059426e-14
-4.991138310719707806e+04 4.250895296567385210e-04
-4.991128156569963903e+04 9.930339935667573039e-12
-4.991124134309287183e+04 2.910170126354029450e-08
-4.991062397131201578e+04 5.766031591146007249e-08
-4.991043288078864134e+04 5.875689493720329630e-12
-4.991030305523079005e+04 7.138199907872559164e-13
-4.991006028181812144e+04 9.512768270651544518e-12
-4.990994454644023790e+04 8.939309001344531547e-06
-4.990982320761889423e+04 2.743491746949356478e-08
-4.990968925170007424e+04 1.301175447368989608e-12
-4.990946683444891823e+04 2.488998266340588884e-12
-4.990921909585172398e+04 1.990734656454534596e-05
-4.990901220068653492e+04 1.713509565854960477e-09
-4.990886751241811726e+04 8.641260642588974103e-13
-4.990842765973279165e+04 2.088579256055712460e-07
-4.990818073541331978e+04 4.985757213762372893e-11
-4.990784356737337657e+04 6.564877622563635668e-12
-4.990779501683190028e+04 1.146119068939841488e-04
-4.990771162981441012e+04 1.659055165934138738e-11
-4.990759397006924701e+04 5.266077570106753663e-09
-4.990710833263138193e+04 6.751216094520437912e-13
-4.990703207381179527e+04 1.627501187746948984e-05
-4.990680860875455983e+04 1.077336429960048359e-10
-4.990675827639281488e+04 5.769589354978562838e-10
-4.990620839453842200e+04 7.297903671945713891e-09
-4.990608535733730969e+04 4.000398668706509402e-11
-4.990591521155976079e+04 1.049366479954299410e-09
-4.990578564600317623e+04 9.628459375170509059e-12
-4.990561909319770348e+04 1.678784579683307784e-02
-4.990534269562268310e+04 2.972361560905348111e-07
-4.990523633975996927e+04 1.466343735439410456e-09
-4.990481507849998889e+04 1.785602766645705262e-06
-4.990453476935894287e+04 3.440391376916720086e-11
-4.990449558015431830e+04 2.706452793850977099e-09
-4.990434969789353636e+04 7.976162530558160373e-11
-4.990396331917212956e+04 4.351806569547240350e-07
-4.990372960880947358e+04 4.992049885385965314e-10
-4.990360799570387462e+04 2.087609793784485395e-09
-4.990340889894804423e+04 3.623514233506288187e-04
-4.990306685954667046e+04 2.422051692395882867e-08
-4.990281437754678336e+04 4.042040334028073405e-11
-4.990257179117361375e+04 4.373358135345748206e-09
-4.990256314486977499e+04 9.485942989898267510e-06
-4.990231551701726130e+04 4.615673947498644254e-10
-4.990219419454215677e+04 1.309143281302418395e-08
-4.990201145698640175e+04 5.402350190646050198e-12
-4.990169060103093216e+04 1.673942657004568654e-07
-4.990129852520201530e+04 1.013002073585040929e-09
-4.990115604184949188e+04 8.789217939092257238e-05
-4.990092088959474495e+04 2.279134395511258199e-11
-4.990089653681728669e+04 7.987983289635836145e-10
-4.990076540427898726e+04 4.641709731627729342e-07
-4.990027359146923845e+04 3.052883438807514247e-05
-4.990018326304112270e+04 3.588670846739617093e-10
-4.989991043229504430e+04 9.752839404635925691e-01
-4.989989071643182979e+04 1.906861915602485225e-05
-4.989938987622624700e+04 8.371848171537319138e-06
-4.989936383330863464e+04 2.254537066235742148e-07
-4.989919469241431216e+04 1.484952108795936271e-09
-4.989889371722550277e+04 1.635233441275035809e-09
-4.989885489324795344e+04 1.397991950555289028e-05
-4.989873888383291342e+04 1.480204763956059133e-09
-4.989844062821450643e+04 5.192555548411075724e-09
-4.989794560275311233e+04 2.650683720380462075e-05
-4.989777856837945001e+04 1.932414247931848518e-08
-4.989771001679806068e+04 6.391345197733943467e-03
-4.989755567237708601e+04 4.119230062451486137e-09
-4.989705953732717899e+04 4.641482210591737109e-07
-4.989690068280530249e+04 1.416088431520257932e-09
-4.989659926295140758e+04 1.538373886284731144e-10
-4.989650333994878019e+04 8.584777435114663300e-05
-4.989621610242624593e+04 2.482841936057024136e-10
-4.989609206669088599e+04 4.050934599992006135e-09
-4.989571088806894113e+04 3.598126753653733756e-10
-4.989557971610517416e+04 9.618948511785364537e-07
-4.989538448352362320e+04 2.267363845864738518e-05
-4.989521258156166732e+04 1.130595960361883581e-10
-4.989497645573173213e+04 1.319088122647174246e-11
-4.989470142984787526e+04 4.776286533156358372e-10
-4.989429650474929804e+04 5.627307394714982208e-11
-4.989410228398611798e+04 3.876646919153734702e-06
-4.989397897255125281e+04 8.007630853173932850e-11
-4.989371740048411448e+04 6.245285618899801716e-12
-4.989336671992348420e+04 4.436042394957693263e-11
-4.989317727307312452e+04 2.249795864203449380e-08
-4.989310920386372163e+04 1.526453849691948142e-10
-4.989295810378450551e+04 4.907041190977559356e-06
-4.989283317898270616e+04 1.139268669728661811e-09
-4.989231575961215276e+04 1.236459759136874600e-13
-4.989225166094827000e+04 4.419795096551999689e-11
-4.989165478714595520e+04 5.244297890879050467e-07
-4.989147226939346001e+04 1.345901148104869690e-10
-4.989138560100299219e+04 6.258284486002168650e-10
-4.989130158815659524e+04 3.699645456557125170e-09
-4.989079898392176983e+04 8.443947440367447230e-10
-4.989073981160986295e+04 2.561548993447153151e-07
-4.989050270180638472e+04 4.458247090900644227e-10
-4.989045168113795080e+04 7.358959010620553468e-05
-4.989037121344026673e+04 3.114457926783955381e-08
-4.988990329163830756e+04 1.267732734454480135e-07
-4.988969457872352359e+04 5.089622783132505217e-11
-4.988946525728629786e+04 3.295819525969099556e-12
-4.988916507386964804e+04 2.551916492006436892e-09
-4.988890023090600880e+04 2.012498034096893622e-13
-4.988870763457547582e+04 4.359535069603450869e-12
-4.988828082260043448e+04 1.130173953793306581e-07
-4.988820756925468595e+04 1.557659347441026339e-08
-4.988796271932163654e+04 1.344612182745786715e-09
-4.988788204254451557e+04 1.833664124099155583e-06
-4.988764289097419532e+04 1.265634201409804860e-10
-4.988746549744439835e+04 1.187426296719465097e-08
-4.988735593040553795e+04 4.224405332047143234e-11
-4.988663922204910341e+04 1.153174213857169713e-07
-4.988647872772962728e+04 4.200922719996727389e-09
-4.988631228856321832e+04 6.331037453579138651e-11
-4.988578344318056043e+04 3.582940188147211230e-09
-4.988567598727218137e+04 4.363844438625791434e-10
-4.988526434189250722e+04 6.186586358112770634e-09
-4.988500970487891027e+04 1.429253611613382400e-12
-4.988500023483639961e+04 5.847912025002345415e-11
-4.988466476469696499e+04 7.191870651524446110e-13
-4.988418211432041426e+04 1.252445733208481039e-10
-4.988408324282806279e+04 7.557672481903837972e-09
-4.988398382895666145e+04 1.089621853248467903e-09
-4.988363278012366936e+04 1.005760935074430102e-11
-4.988323837097984506e+04 3.114834039227731971e-10
-4.988265528273999371e+04 2.280307796905669947e-11
-4.988262009593546099e+04 4.586294898887364011e-10
-4.988249422113616311e+04 1.513473449680030885e-10
-4.988188326824059186e+04 8.167800484184721771e-13
-4.988168083610571921e+04 2.253229100642371952e-11
-4.988152675084579823e+04 6.243305524527830668e-10
-4.988144351186436688e+04 7.585605996841948494e-10
-4.988136278224089619e+04 3.436416429712693487e-12
-4.988069213938334724e+04 4.680580994814194962e-11
-4.988044535714099038e+04 1.991832249017635066e-12
-4.988008968412116519e+04 2.264782613347645387e-09
-4.987995378113893821e+04 4.018434520127050002e-09
-4.987986538866926276e+04 2.181729280391186957e-08
-4.987972011496344930e+04 6.323958506685709826e-11
-4.987894520262743754e+04 2.014223657886616817e-14
-4.987882765178000409e+04 9.593178739288121542e-12
-4.987851302151240816e+04 3.703325227427412806e-14
-4.987830620587393059e+04 1.212685291282025767e-11
-4.987811180251932819e+04 3.249171184960651809e-10
-4.987786159644749569e+04 2.299195113343726389e-12
-4.987759928092362679e+04 1.486533710666368875e-11
-4.987746872525973595e+04 5.529648512658292481e-11
-4.987715411693802889e+04 1.156050124242280424e-09
-4.987698490805738402e+04 1.342725624046436220e-12
-4.987659807044315676e+04 3.561903688386437630e-13
-4.987620040300750406e+04 1.299014260831256750e-10
-4.987596810150277452e+04 9.338116077102530300e-13
-4.987553629351912969e+04 1.626717366249716196e-11
-4.987540555629206938e+04 3.729498310256965319e-12
-4.987525542261057853e+04 1.942003514557632032e-13
-4.987495270228023583e+04 2.520554656932813625e-12
-4.987441274959903240e+04 3.594109235497576889e-11
-4.987432907283022359e+04 1.098109003170625779e-12
-4.987375938442942424e+04 8.522499958140700076e-13
-4.987353020886082959e+04 1.285145028312153299e-11
-4.987293050145751477e+04 2.835985974482163544e-12
-4.987277023891630961e+04 4.553202942705868334e-14
-4.987246657010160561e+04 3.508458505717293563e-15
-4.987238263054974232e+04 1.663533058195515046e-13
-4.987189415759854455e+04 4.185923816601110048e-15
-4.987164837206583616e+04 9.995438204413810494e-14
-4.987160705004838383e+04 2.480712980292668627e-14
-4.987086157476411609e+04 3.417025110202589897e-12
-4.987052278603161540e+04 6.648510519940251062e-14
-4.987029946525234845e+04 5.257030266013962466e-14
-4.986987252553690632e+04 3.780326048818176908e-14
-4.986968177027221827e+04 4.340958558194713927e-14
-4.986895125016323436e+04 2.897492691126012800e-12
-4.986885293216735590e+04 1.130443251838541264e-11
-4.986860487694910989e+04 3.293417154797150393e-14
-4.986823022156895604e+04 2.233490639962251497e-13
-4.986812896128714056e+04 3.702856672977632194e-16
-4.986795728066242009e+04 2.128645653463389862e-13
-4.986752247483016981e+04 7.065593277860996867e-13
-4.986735656114172161e+04 2.742847338397671088e-14
-4.986710157820732275e+04 1.396367312690340638e-14
-4.986609821329938131e+04 8.402921663837601795e-13
-4.986569019072818628e+04 3.921548003422820331e-14
-4.986552479415047856e+04 8.850110891880715150e-14
-4.986538216684005602e+04 6.122684530559246037e-14
-4.986507311238047987e+04 2.275536723645638724e-15
-4.986505062778443971e+04 2.460441735147415270e-14
-4.986483098085325037e+04 4.936289428739931349e-14
-4.986451829517124861e+04 2.748593111201476763e-15
-4.986447679987550509e+04 5.532624943663333035e-15
-4.986331296698765073e+04 6.299192145915328993e-14
-4.986302238793943252e+04 1.886091347134999237e-17
-4.986271802160123480e+04 2.028343103988010314e-14
-4.986265178846709023e+04 1.098302803291694895e-15
-4.986226457555160596e+04 4.274961552160167071e-15
-4.986208898292738741e+04 1.184694182224029363e-14
-4.986194895146705676e+04 2.757440073849795817e-16
-4.986111264128382754e+04 1.899729011613471249e-16
-4.986052394324539637e+04 1.383467535312046973e-15
-4.986035704507933406e+04 6.850929578043193797e-16
-4.985987556300096185e+04 6.915045196863557177e-15
-4.985959157331049209e+04 3.725618790905218089e-16
-4.985933450746351446e+04 7.964131464192898051e-17
-4.985905530575122248e+04 4.455927360459939353e-17
-4.985853098094552843e+04 3.566533911504015768e-18
-4.985810361482523149e+04 6.877622416838957537e-18
-4.985774592682731600e+04 6.238902557660933544e-15
-4.985735476849986298e+04 6.714584386601469225e-17
-4.985702064029351459e+04 1.873627611035856088e-15
-4.985677065011925879e+04 1.642874335726221621e-15
-4.985563927178981976e+04 8.646247429164529481e-18
-4.985536723284268373e+04 3.383955247209364245e-18
-4.985497333462424285e+04 1.573236889892377845e-16
-4.985476001185756468e+04 2.843068065972854252e-16
-4.985470780652184476e+04 1.617008150487796783e-16
-4.985462005299659359e+04 1.983740050839504796e-17
-4.985429046378378553e+04 7.244669228593389399e-17
-4.985388619896115415e+04 2.303988280220468683e-16
-4.985252488690611062e+04 3.642803039329629232e-18
-4.985241696938106179e+04 3.296315590231789642e-19
-4.985205788835360727e+04 5.802551531776838004e-17
-4.985160220002270216e+04 2.457243956883057483e-17
-4.985146225360652170e+04 3.547584377439413704e-18
-4.985117804034788423e+04 3.132305296826288777e-19
-4.985112624411538127e+04 5.598772644486095467e-21
-4.985099281119409716e+04 5.216017978215062964e-17
-4.984931483857502462e+04 5.718400643428382990e-19
-4.984912974884868163e+04 6.073499778155404634e-19
-4.984893431134835555e+04 1.628654885452615693e-17
-4.984849402684676897e+04 3.965129311017896720e-20
-4.984838679260548815e+04 2.222280164192887750e-18
-4.984809384053731628e+04 1.685643192544511185e-18
-4.984724345392175746e+04 6.377219682300793436e-20
-4.984700576255328633e+04 3.721831023505335842e-19
-4.984605554473210213e+04 1.901915012637576221e-18
-4.984581781845281512e+04 4.448728238682693829e-18
-4.984525175060053880e+04 2.021786022965447804e-19
-4.984495127952443727e+04 3.085473019364799228e-22
-4.984461161919085862e+04 1.526596285872566462e-19
-4.984422507991530438e+04 3.303965685246845023e-20
-4.984344389888321166e+04 3.051641457487644158e-20
-4.984321167540153692e+04 6.949360490006562527e-20
-4.984282065580088238e+04 5.504954066733954346e-19
-4.984202649498765095e+04 1.279244066269594162e-21
-4.984147711538176372e+04 2.890237443651786129e-20
-4.984109116602464201e+04 5.211019446418511613e-21
-4.984031263387594663e+04 3.949717750341792075e-21
-4.983998739125300199e+04 1.262640096810132912e-19
-4.983996169028928125e+04 1.726676936752763370e-20
-4.983986332832368498e+04 7.953385050164831828e-21
-4.983864145622567594e+04 8.193600272786966911e-21
-4.983827086789180612e+04 1.119910915451025876e-21
-4.983742495975258498e+04 7.376430737891027061e-21
-4.983737710310436523e+04 1.860763890382588043e-20
-4.983697879874268256e+04 8.977814480922358929e-21
-4.983630310063125944e+04 5.411186789692927263e-24
-4.983617393007408828e+04 7.975632906288882998e-24
-4.983504569168898888e+04 1.940509024039061986e-21
-4.983464933886771905e+04 4.870340187693295370e-21
-4.983448668735932006e+04 7.003223074311045853e-24
-4.983396482037771784e+04 2.312316466870503733e-22
-4.983334156805511884e+04 3.042789961670270296e-22
-4.983227658636414708e+04 6.576509464032079403e-23
-4.983183882666206773e+04 4.296877072595602180e-22
-4.983122886676159396e+04 4.294985180254743931e-23
-4.983089588635693508e+04 9.041195128967635220e-23
-4.983023882062316261e+04 7.255397616284830544e-24
-4.982981094601096993e+04 2.055165194444277267e-23
-4.982889500001412671e+04 2.705537450179915282e-23
-4.982849901507782488e+04 1.438993224957817151e-22
-4.982756312731780781e+04 5.999453722159275975e-24
-4.982684922542333516e+04 2.533826015319757013e-23
-4.982644731390783272e+04 4.684101165055834455e-23
-4.982606214943306986e+04 2.156120578000468228e-24
-4.982509212588039372e+04 2.241100313668946103e-23
-4.982404535487944668e+04 0.000000000000000000e+00
-4.982374408044913434e+04 0.000000000000000000e+00
-4.982334333982237877e+04 0.000000000000000000e+00
-4.982319643824525701e+04 2.398267635876763192e-24
-4.982246202489407005e+04 2.134611488443229161e-24
-4.982189238108354039e+04 0.000000000000000000e+00
-4.982054819194900483e+04 0.000000000000000000e+00
-4.981982028280205850e+04 0.000000000000000000e+00
-4.981948292215653055e+04 0.000000000000000000e+00
-4.981884750766848447e+04 0.000000000000000000e+00
-4.981879535490451235e+04 0.000000000000000000e+00
-4.981787005745021452e+04 0.000000000000000000e+00
-4.981641596272532479e+04 0.000000000000000000e+00
-4.981590684654749930e+04 0.000000000000000000e+00
-4.981520289136443171e+04 0.000000000000000000e+00
-4.981444062259494967e+04 0.000000000000000000e+00
-4.981283972045757400e+04 0.000000000000000000e+00
-4.981238008265149256e+04 0.000000000000000000e+00
-4.981190937184026552e+04 0.000000000000000000e+00
-4.981105911374804418e+04 0.000000000000000000e+00
-4.980880007587562432e+04 0.000000000000000000e+00
-4.980831474122020154e+04 0.000000000000000000e+00
-4.980751020160887856e+04 0.000000000000000000e+00
-4.980659459717735444e+04 0.000000000000000000e+00
-4.980604464314849611e+04 0.000000000000000000e+00
-4.980508622774176183e+04 0.000000000000000000e+00
-4.980437107744511013e+04 0.000000000000000000e+00
-4.980337994083345257e+04 0.000000000000000000e+00
-4.980246053193895204e+04 0.000000000000000000e+00
-4.980198875506862532e+04 0.000000000000000000e+00
-4.980113418306196399e+04 0.000000000000000000e+00
-4.979950016366536875e+04 0.000000000000000000e+00
-4.979896471037239826e+04 0.000000000000000000e+00
-4.979754754090197093e+04 0.000000000000000000e+00
-4.979585965404587478e+04 0.000000000000000000e+00
-4.979500884734492138e+04 0.000000000000000000e+00
-4.979349775108473114e+04 0.000000000000000000e+00
-4.979181065319358459e+04 0.000000000000000000e+00
-4.979070952260121703e+04 0.000000000000000000e+00
-4.978827268770130468e+04 0.000000000000000000e+00
-4.978671786837091349e+04 0.000000000000000000e+00
-4.978564244873439748e+04 0.000000000000000000e+00
-4.978476530349649693e+04 0.000000000000000000e+00
-4.978346733989421773e+04 0.000000000000000000e+00
-4.978137773147583357e+04 0.000000000000000000e+00
-4.978039660875293339e+04 0.000000000000000000e+00
-4.977862496686335362e+04 0.000000000000000000e+00
-4.977794566831761767e+04 0.000000000000000000e+00
-4.977408541719870846e+04 0.000000000000000000e+00
-4.977344234931231040e+04 0.000000000000000000e+00
-4.976366048419041908e+04 0.000000000000000000e+00
-4.976327291738439817e+04 0.000000000000000000e+00
-4.975921581095490546e+04 0.000000000000000000e+00
-4.975880428948070767e+04 0.000000000000000000e+00
4.991993601198075339e+04 0.000000000000000000e+00
4.992066002877240680e+04 0.000000000000000000e+00
4.992067689524648449e+04 0.000000000000000000e+00
4.992182188188887085e+04 0.000000000000000000e+00
4.992351216478619608e+04 0.000000000000000000e+00
4.992408503029686835e+04 0.000000000000000000e+00
4.992409936723342980e+04 0.000000000000000000e+00
4.992499089428316074e+04 0.000000000000000000e+00
4.992579926439005794e+04 0.000000000000000000e+00
4.992581459514594462e+04 0.000000000000000000e+00
4.992624892680394260e+04 0.000000000000000000e+00
4.992724028969345818e+04 0.000000000000000000e+00
4.992791774974998407e+04 0.000000000000000000e+00
4.992832613006309111e+04 0.000000000000000000e+00
4.992864049704757781e+04 0.000000000000000000e+00
4.992872396261591348e+04 0.000000000000000000e+00
4.992888787760335981e+04 0.000000000000000000e+00
4.992953115148138022e+04 0.000000000000000000e+00
4.993004184778787021e+04 0.000000000000000000e+00
4.993005335623721476e+04 0.000000000000000000e+00
4.993065031686766451e+04 0.000000000000000000e+00
4.993102007581341604e+04 0.000000000000000000e+00
4.993178840490911534e+04 0.000000000000000000e+00
4.993216063801386917e+04 0.000000000000000000e+00
4.993220825452387362e+04 0.000000000000000000e+00
4.993314649377832393e+04 0.000000000000000000e+00
4.993360564869613154e+04 0.000000000000000000e+00
4.993425820150700019e+04 0.000000000000000000e+00
4.993471641542196448e+04 0.000000000000000000e+00
4.993526972540603310e+04 0.000000000000000000e+00
4.993626481411309214e+04 0.000000000000000000e+00
4.993649724233293819e+04 0.000000000000000000e+00
4.993716148321534274e+04 0.000000000000000000e+00
4.993826537329686107e+04 0.000000000000000000e+00
4.993848172171341139e+04 0.000000000000000000e+00
4.993930440639928565e+04 0.000000000000000000e+00
4.994006018740709987e+04 0.000000000000000000e+00
4.994016266921927308e+04 0.000000000000000000e+00
4.994080220635987644e+04 0.000000000000000000e+00
4.994158193129325809e+04 0.000000000000000000e+00
4.994220629121574893e+04 0.000000000000000000e+00
4.994222502342121879e+04 0.000000000000000000e+00
4.994312979956764320e+04 0.000000000000000000e+00
4.994398971539891500e+04 0.000000000000000000e+00
4.994434111108761863e+04 0.000000000000000000e+00
4.994438893278384785e+04 0.000000000000000000e+00
4.994555628010107466e+04 0.000000000000000000e+00
4.994603748998970696e+04 0.000000000000000000e+00
4.994647177627943893e+04 0.000000000000000000e+00
4.994722971449148463e+04 0.000000000000000000e+00
4.994754441166200559e+04 0.000000000000000000e+00
4.994854716646417364e+04 0.000000000000000000e+00
4.994874714691607369e+04 0.000000000000000000e+00
4.994913942511311325e+04 0.000000000000000000e+00
4.995006107318755676e+04 0.000000000000000000e+00
4.995016118762009137e+04 0.000000000000000000e+00
4.995063288157766510e+04 0.000000000000000000e+00
4.995080654955629143e+04 0.000000000000000000e+00
4.995173075537142722e+04 0.000000000000000000e+00
4.995207622949789220e+04 0.000000000000000000e+00
4.995221257264233282e+04 0.000000000000000000e+00
4.995271446703157562e+04 0.000000000000000000e+00
4.995307819160479994e+04 0.000000000000000000e+00
4.995348019488385034e+04 0.000000000000000000e+00
4.995411546778288175e+04 0.000000000000000000e+00
4.995436231061287981e+04 0.000000000000000000e+00
4.995460233024637273e+04 0.000000000000000000e+00
4.995478159148265695e+04 0.000000000000000000e+00
4.995505803563936206e+04 0.000000000000000000e+00
4.995552245127555943e+04 0.000000000000000000e+00
4.995565876709997974e+04 0.000000000000000000e+00
4.995636344070780615e+04 0.000000000000000000e+00
4.995651016236852593e+04 0.000000000000000000e+00
4.995673558082401723e+04 0.000000000000000000e+00
4.995702509349845059e+04 0.000000000000000000e+00
4.995716287050858227e+04 0.000000000000000000e+00
4.995775183392505278e+04 0.000000000000000000e+00
4.995800009165096708e+04 0.000000000000000000e+00
4.995844034109437052e+04 0.000000000000000000e+00
4.995865032989675819e+04 0.000000000000000000e+00
4.995875045108804625e+04 0.000000000000000000e+00
4.995918316703852179e+04 0.000000000000000000e+00
4.995979014884711069e+04 0.000000000000000000e+00
4.996006116786545317e+04 0.000000000000000000e+00
4.996022106410348351e+04 0.000000000000000000e+00
4.996043941956180061e+04 0.000000000000000000e+00
4.996076909758651891e+04 0.000000000000000000e+00
4.996082895899783762e+04 0.000000000000000000e+00
4.996171531259847688e+04 0.000000000000000000e+00
4.996209488931568194e+04 0.000000000000000000e+00
4.996221311409900954e+04 0.000000000000000000e+00
4.996224508519103983e+04 0.000000000000000000e+00
4.996287290801082418e+04 0.000000000000000000e+00
4.996292158142609696e+04 0.000000000000000000e+00
4.996343515717485570e+04 0.000000000000000000e+00
4.996410918827409478e+04 0.000000000000000000e+00
4.996427916179471504e+04 0.000000000000000000e+00
4.996436486124978546e+04 0.000000000000000000e+00
4.996500361654073640e+04 0.000000000000000000e+00
4.996534508283365722e+04 0.000000000000000000e+00
4.996594729016200290e+04 0.000000000000000000e+00
4.996627373755352164e+04 0.000000000000000000e+00
4.996651589640940074e+04 0.000000000000000000e+00
4.996669791639636969e+04 0.000000000000000000e+00
4.996710063665650523e+04 0.000000000000000000e+00
4.996774169867647288e+04 0.000000000000000000e+00
4.996791608365340653e+04 0.000000000000000000e+00
4.996840331886679633e+04 0.000000000000000000e+00
4.996866568336669297e+04 0.000000000000000000e+00
4.996913665702543221e+04 0.000000000000000000e+00
4.996923984475121688e+04 0.000000000000000000e+00
4.996951808895284194e+04 0.000000000000000000e+00
4.997006117808179988e+04 0.000000000000000000e+00
4.997053466617579397e+04 0.000000000000000000e+00
4.997081310983233561e+04 0.000000000000000000e+00
4.997107340655758890e+04 0.000000000000000000e+00
4.997115689631425630e+04 0.000000000000000000e+00
4.997167412443459762e+04 0.000000000000000000e+00
4.997221320054797252e+04 0.000000000000000000e+00
4.997236024786779308e+04 0.000000000000000000e+00
4.997295628247103741e+04 0.000000000000000000e+00
4.997298163908567949e+04 0.000000000000000000e+00
4.997323033201374346e+04 0.000000000000000000e+00
4.997370505420504924e+04 0.000000000000000000e+00
4.997436518135034567e+04 0.000000000000000000e+00
4.997455405185074778e+04 0.000000000000000000e+00
4.997499500774897024e+04 0.000000000000000000e+00
4.997509585857411730e+04 0.000000000000000000e+00
4.997511263595588389e+04 0.000000000000000000e+00
4.997588801500097179e+04 0.000000000000000000e+00
4.997635356698943360e+04 0.000000000000000000e+00
4.997645054398365028e+04 0.000000000000000000e+00
4.997651706387803279e+04 0.000000000000000000e+00
4.997702086953260005e+04 0.000000000000000000e+00
4.997722513877824531e+04 0.000000000000000000e+00
4.997756629801405506e+04 0.000000000000000000e+00
4.997798855781065504e+04 0.000000000000000000e+00
4.997836670761799905e+04 0.000000000000000000e+00
4.997866862691989809e+04 0.000000000000000000e+00
4.997901216332511831e+04 0.000000000000000000e+00
4.997932838098821958e+04 0.000000000000000000e+00
4.997935339633725380e+04 0.000000000000000000e+00
4.997985132407287892e+04 0.000000000000000000e+00
4.998006117915958021e+04 0.000000000000000000e+00
4.998021192731234623e+04 0.000000000000000000e+00
4.998081950504396082e+04 0.000000000000000000e+00
4.998085053801923641e+04 0.000000000000000000e+00
4.998138586298668815e+04 0.000000000000000000e+00
4.998145710537210834e+04 0.000000000000000000e+00
4.998154157958266296e+04 0.000000000000000000e+00
4.998212728276973212e+04 0.000000000000000000e+00
4.998221321123236703e+04 0.000000000000000000e+00
4.998237139431165269e+04 0.000000000000000000e+00
4.998269055785895034e+04 0.000000000000000000e+00
4.998296947628245107e+04 0.000000000000000000e+00
4.998327497923227929e+04 0.000000000000000000e+00
4.998354799243635352e+04 0.000000000000000000e+00
4.998384485624453373e+04 0.000000000000000000e+00
4.998425516114560014e+04 0.000000000000000000e+00
4.998436523739375843e+04 0.000000000000000000e+00
4.998481730949851772e+04 0.000000000000000000e+00
4.998485975441241317e+04 0.000000000000000000e+00
4.998511754354138975e+04 0.000000000000000000e+00
4.998540680651178991e+04 0.000000000000000000e+00
4.998561992251654738e+04 0.000000000000000000e+00
4.998619490051945468e+04 0.000000000000000000e+00
4.998635571154813806e+04 0.000000000000000000e+00
4.998651724303920491e+04 0.000000000000000000e+00
4.998715843237593799e+04 0.000000000000000000e+00
4.998726516815116338e+04 0.000000000000000000e+00
4.998747175846785831e+04 0.000000000000000000e+00
4.998765633403323591e+04 0.000000000000000000e+00
4.998797053954198054e+04 0.000000000000000000e+00
4.998857714265485265e+04 0.000000000000000000e+00
4.998866919422549108e+04 0.000000000000000000e+00
4.998897051733471017e+04 0.000000000000000000e+00
4.998933967148770171e+04 0.000000000000000000e+00
4.998940398258048663e+04 1.770527672618929042e-24
4.998958728934626561e+04 0.000000000000000000e+00
4.998983098838636943e+04 0.000000000000000000e+00
4.999006117927487503e+04 0.000000000000000000e+00
4.999045697594960075e+04 0.000000000000000000e+00
4.999068925250622851e+04 0.000000000000000000e+00
4.999082100315985736e+04 2.566267616855395084e-24
4.999125584431876632e+04 0.000000000000000000e+00
4.999152533686105744e+04 0.000000000000000000e+00
4.999158530900912592e+04 0.000000000000000000e+00
4.999178801934103103e+04 1.229262134872279771e-24
4.999221321250936307e+04 0.000000000000000000e+00
4.999240134109843348e+04 0.000000000000000000e+00
4.999297248403511912e+04 0.000000000000000000e+00
4.999311723441808863e+04 0.000000000000000000e+00
4.999315156624431256e+04 0.000000000000000000e+00
4.999366828630138480e+04 2.078353984161662377e-24
4.999371227379420452e+04 0.000000000000000000e+00
4.999436524489761359e+04 0.000000000000000000e+00
4.999453866887665936e+04 0.000000000000000000e+00
4.999477006250013801e+04 0.000000000000000000e+00
4.999512358700500045e+04 3.604324154579112105e-24
4.999555037634045584e+04 0.000000000000000000e+00
4.999575803420579177e+04 0.000000000000000000e+00
4.999587556224717991e+04 0.000000000000000000e+00
4.999619368910918274e+04 0.000000000000000000e+00
4.999651727398554067e+04 5.379210957792139825e-24
4.999657410347893892e+04 0.000000000000000000e+00
4.999727374616402813e+04 3.303227496849376834e-24
4.999735621406626888e+04 0.000000000000000000e+00
4.999760688203349127e+04 0.000000000000000000e+00
4.999788669404227403e+04 2.082416369887593494e-23
4.999819854048443813e+04 0.000000000000000000e+00
4.999862952862204111e+04 0.000000000000000000e+00
4.999866929276091832e+04 0.000000000000000000e+00
4.999898015389017382e+04 0.000000000000000000e+00
4.999936327458125015e+04 1.727010678876601158e-24
4.999942267454821558e+04 4.934764327447095283e-23
4.999978314007986046e+04 0.000000000000000000e+00
4.999999347611411940e+04 3.344269050591677587e-24
5.000006117928682215e+04 0.000000000000000000e+00
5.000066941690590465e+04 0.000000000000000000e+00
5.000082128390037542e+04 0.000000000000000000e+00
5.000096067677681276e+04 0.000000000000000000e+00
5.000146114285229851e+04 0.000000000000000000e+00
5.000156916988993180e+04 3.120109388047970077e-24
5.000196047297005862e+04 0.000000000000000000e+00
5.000205483246016229e+04 0.000000000000000000e+00
5.000208699013061414e+04 2.828001220312269360e-24
5.000221321266165614e+04 0.000000000000000000e+00
5.000280465219256439e+04 0.000000000000000000e+00
5.000297321399415523e+04 2.005928648763974600e-23
5.000320177057178080e+04 0.000000000000000000e+00
5.000371112546129734e+04 1.793500277973089824e-22
5.000392905602615792e+04 0.000000000000000000e+00
5.000403677787689958e+04 1.442034718523318806e-24
5.000417516884691577e+04 0.000000000000000000e+00
5.000434706351084606e+04 0.000000000000000000e+00
5.000436524592648493e+04 1.510684640014864806e-24
5.000508453018534783e+04 0.000000000000000000e+00
5.000512500523551716e+04 5.962900302772019862e-22
5.000515594824826258e+04 0.000000000000000000e+00
5.000582801205949363e+04 2.325464931323718371e-23
5.000588900434524840e+04 1.565931023357099526e-23
5.000609723222311732e+04 1.939086736971736408e-23
5.000624858012927871e+04 1.025807862398273772e-23
5.000651727868260787e+04 1.097306029150757085e-22
5.000691228548569052e+04 0.000000000000000000e+00
5.000727654082467780e+04 4.094817763566375404e-24
5.000735372136343358e+04 3.685911470205962287e-24
5.000760363399732887e+04 0.000000000000000000e+00
5.000798854604100052e+04 1.250192408766100222e-22
5.000816630004428589e+04 6.921087651770574478e-24
5.000844136645028630e+04 0.000000000000000000e+00
5.000866930963062623e+04 7.775136780433792682e-23
5.000876909456591966e+04 0.000000000000000000e+00
5.000924356185517536e+04 0.000000000000000000e+00
5.000942763201780326e+04 8.677142926809719566e-22
5.000995884037944779e+04 0.000000000000000000e+00
5.001002831402693846e+04 9.089749443236086217e-24
5.001006117928813910e+04 2.668823824763718031e-24
5.001011617826130532e+04 9.639192550921553846e-24
5.001048203178656695e+04 2.054454259208739166e-24
5.001082133554180473e+04 3.742546569350382808e-21
5.001082868621259695e+04 0.000000000000000000e+00
5.001157787834501505e+04 3.938806038753107585e-22
5.001172215596799651e+04 0.000000000000000000e+00
5.001183830882390612e+04 0.000000000000000000e+00
5.001213593034863152e+04 6.443911694143754472e-24
5.001221321267940948e+04 4.489208919796448210e-22
5.001223480302705866e+04 5.139773359888805462e-22
5.001290684685909218e+04 0.000000000000000000e+00
5.001297334826479346e+04 4.277395330354024624e-24
5.001321607581196440e+04 0.000000000000000000e+00
5.001369666997313470e+04 1.644716168139369751e-24
5.001372723654608126e+04 3.165450048243371155e-21
5.001403960478042427e+04 3.618737932157194267e-24
5.001426349461281643e+04 3.235603016266552158e-24
5.001434347790420725e+04 1.457209220344834618e-22
5.001436524605278100e+04 1.341531364641773081e-22
5.001492377543049952e+04 0.000000000000000000e+00
5.001512533127551433e+04 1.075514441326574786e-21
5.001524265963234211e+04 0.000000000000000000e+00
5.001587181339755625e+04 3.372508855013975738e-24
5.001587426756750210e+04 2.784538535243184949e-23
5.001621982356820081e+04 1.393638051076433063e-24
5.001635518060297909e+04 0.000000000000000000e+00
5.001644014955733292e+04 2.236579463815820609e-22
5.001651727935092640e+04 8.860302913792494721e-21
5.001694307340208616e+04 1.633637232880518115e-24
5.001727724773804221e+04 3.129671259829990529e-21
5.001734615444616065e+04 0.000000000000000000e+00
5.001790135095544974e+04 4.469659391715094480e-23
5.001801899650322594e+04 5.816002101070446259e-21
5.001820385557169357e+04 3.758236253012840753e-23
5.001852325842312712e+04 3.131515697500326964e-23
5.001854660388168122e+04 3.158918626963650707e-24
5.001866931236640085e+04 4.141214117108427987e-22
5.001930635717824043e+04 0.000000000000000000e+00
5.001942905498251639e+04 5.459961388181092621e-20
5.001964779467739572e+04 1.055786533061874039e-23
5.001993236829806847e+04 0.000000000000000000e+00
5.002006117928824096e+04 1.787236387956787532e-23
5.002016419144974498e+04 1.912439273355479591e-21
5.002053885242652905e+04 5.441207654378283544e-23
5.002073203974817443e+04 3.799211041722378940e-23
5.002082134447481803e+04 6.479069234787116198e-21
5.002142465071188781e+04 0.000000000000000000e+00
5.002158062812918797e+04 1.355431059691261235e-23
5.002190856825400988e+04 6.647849798468024115e-24
5.002212214381170634e+04 1.115238306322632739e-22
5.002221321268145402e+04 1.206361652317179109e-21
5.002230384536127531e+04 5.159606661321485208e-21
5.002262363761692541e+04 3.762947134462073912e-23
5.002278200906200072e+04 2.808869806349663022e-23
5.002297337409564352e+04 1.870774321468041561e-20
5.002372202464082511e+04 1.913545157449893430e-23
5.002373183215969766e+04 4.427440562072876013e-20
5.002407789495375619e+04 3.738373482624741915e-24
5.002426963294739107e+04 2.207977580037550991e-23
5.002436524606928288e+04 4.153472650400335865e-21
5.002443594850222871e+04 1.413152091423312498e-22
5.002474894816790766e+04 1.273013200732304474e-22
5.002512539711612771e+04 6.299533733680673601e-19
5.002526268209008413e+04 0.000000000000000000e+00
5.002559686526925361e+04 2.420373181746210781e-24
5.002578746953496011e+04 3.030195440174604779e-24
5.002588251259179378e+04 2.160147093137183180e-20
5.002640910217342753e+04 1.873610663454352420e-23
5.002651727944381855e+04 2.836013785146139842e-19
5.002656717653058877e+04 2.137341732348056699e-21
5.002665009035675030e+04 2.575137920638992913e-23
5.002727740089075087e+04 5.126547075797107950e-21
5.002730190698360093e+04 3.595377140752314654e-24
5.002750393605920544e+04 1.530015403439852553e-23
5.002759071294361638e+04 0.000000000000000000e+00
5.002803213079308625e+04 1.184458716057317731e-19
5.002839272639602859e+04 3.354272681013254360e-23
5.002865425016056543e+04 2.033891885602892546e-22
5.002866931277408730e+04 7.644702280831546161e-20
5.002868501408091106e+04 1.032150333722789648e-21
5.002888319151353789e+04 1.780051318391837777e-23
5.002919864863513794e+04 0.000000000000000000e+00
5.002942938731622417e+04 1.521023838414186579e-19
5.002962026755817351e+04 5.568067506633731105e-24
5.003006117928821914e+04 7.923792128902643060e-21
5.003018014918672998e+04 3.759495467010817308e-21
5.003046936178385658e+04 2.710827569603404010e-24
5.003060512636770727e+04 2.634583726169432510e-23
5.003078135839255265e+04 1.788984448460771931e-21
5.003080912977360276e+04 1.483672966779599792e-21
5.003082134595785465e+04 4.325631107610595128e-18
5.003147315821411757e+04 3.247312023182407445e-23
5.003158131189452251e+04 2.051118444259700335e-19
5.003206135529608582e+04 3.165312200079328739e-24
5.003221321268179599e+04 1.277388339933267818e-18
5.003232700777187711e+04 2.803963712862302433e-20
5.003248372599246795e+04 1.432155735791936974e-23
5.003285901509080577e+04 6.271482654661321828e-22
5.003292393468376395e+04 7.710366313892271615e-22
5.003297337870771298e+04 1.194335225286581934e-19
5.003373090001291712e+04 8.029571686419560108e-19
5.003373430992905196e+04 1.473215885066901243e-18
5.003404759784859198e+04 0.000000000000000000e+00
5.003436524607207684e+04 1.582601693898438191e-19
5.003445913492332329e+04 1.258346760117247346e-20
5.003449011051137495e+04 5.903890813902822885e-21
5.003465134713174484e+04 3.734007067478563343e-22
5.003498260823823512e+04 7.138864364154778275e-22
5.003512541030524153e+04 1.460115578616404709e-20
5.003563101937949250e+04 5.168443526942587909e-23
5.003588474950768432e+04 9.260532512996754510e-20
5.003600789883734251e+04 2.801052572517492569e-23
5.003651727946219762e+04 1.201401372893240488e-17
5.003654740960649360e+04 1.189581139293000733e-20
5.003661543730240373e+04 4.962753150126369013e-20
5.003670485305088368e+04 8.033605790323058384e-21
5.003703651284008811e+04 4.836534933729504366e-22
5.003727743916439067e+04 1.576149837491028237e-18
5.003755863139530993e+04 0.000000000000000000e+00
5.003794828412470088e+04 6.666603061986071942e-23
5.003803607975311752e+04 2.240156127922162922e-19
5.003840399555405020e+04 8.044101580856749274e-24
5.003866931286951876e+04 1.354306307723712119e-18
5.003875127382606297e+04 2.046923999643513724e-20
5.003882185151433805e+04 2.433628932949464416e-23
5.003915528437340981e+04 5.034320332975289022e-23
5.003935541319207550e+04 1.561204378514112126e-22
5.003942946214774565e+04 3.577079435425721548e-17
5.003974641857267125e+04 1.355771182615762024e-23
5.004006117928851017e+04 2.205933066645670912e-20
5.004012961192650255e+04 2.818724450086451074e-22
5.004018693110594177e+04 2.371100537574771100e-19
5.004082134637080162e+04 2.546563495415494575e-17
5.004083319201016275e+04 1.228457045454144092e-22
5.004088355017638969e+04 1.059911243438624569e-20
5.004115280216408428e+04 5.962982938714589914e-23
5.004146122643447598e+04 5.285497618418221956e-23
5.004158147284886218e+04 1.764587871068587823e-18
5.004168551794015366e+04 3.389445898154331931e-23
5.004221321268494648e+04 9.119262274552110476e-19
5.004225548386703304e+04 1.728471925118294614e-23
5.004233702571087633e+04 1.452706627566863851e-18
5.004290128404862480e+04 3.201915042293762824e-23
5.004297338024725468e+04 9.329623185140700551e-18
5.004300995059579873e+04 5.199417658464895294e-21
5.004316906015903078e+04 3.433074450937732372e-23
5.004337023344800400e+04 0.000000000000000000e+00
5.004373346244633285e+04 5.182912219797955618e-19
5.004426784032670548e+04 2.363507180632885010e-22
5.004436524609944172e+04 9.022132864646099569e-18
5.004445758936602942e+04 3.088390004362876561e-21
5.004448652711933391e+04 3.389299364450046157e-19
5.004512541531871102e+04 4.301737181117580012e-16
5.004512873741349176e+04 4.045400737091923609e-21
5.004521761885474552e+04 9.187418338842284504e-23
5.004541933986108052e+04 0.000000000000000000e+00
5.004570025847962825e+04 6.563951424982122819e-23
5.004588541158565931e+04 2.537130663459475572e-18
5.004631535576340684e+04 1.546917829901810988e-22
5.004651727961777215e+04 5.972744925838213227e-16
5.004663394799926755e+04 2.013928468767053720e-19
5.004673408492175076e+04 3.479807820800088161e-22
5.004722012979867577e+04 4.007892837262191273e-22
5.004724509375425987e+04 6.731749612321035923e-22
5.004727745378033433e+04 2.597160870823365741e-17
5.004773831405855162e+04 2.088263063468646941e-24
5.004803729276640661e+04 2.881990552476781794e-17
5.004832648728452477e+04 1.944312536831010114e-21
5.004866931355710403e+04 4.009863381273078027e-17
5.004877913363875268e+04 6.550529369706465686e-20
5.004886051747581223e+04 1.826909403134939591e-23
5.004913101475460280e+04 4.804064124760577710e-24
5.004934797784919647e+04 2.511452247388972681e-22
5.004942950088447105e+04 8.331307199472058138e-18
5.004958407685741258e+04 2.576789717152612126e-23
5.005006117929050379e+04 2.157118404987413738e-17
5.005011630817357218e+04 1.696387296822901089e-21
5.005018912703532988e+04 5.790132802758446791e-18
5.005082134898030927e+04 3.420630721359521699e-15
5.005088182636877173e+04 7.859347114794907475e-21
5.005093872588383965e+04 1.725691220687625052e-20
5.005103052219530946e+04 1.934025978563720834e-22
5.005139823050458654e+04 2.613806481405672004e-22
5.005158156849753868e+04 2.208254743136393368e-17
5.005163677871591790e+04 9.802393110831426834e-24
5.005176278153368185e+04 0.000000000000000000e+00
5.005221321272180649e+04 3.340123340048205435e-15
5.005234078388093621e+04 4.394116509638969700e-18
5.005250587277230807e+04 0.000000000000000000e+00
5.005297338921208575e+04 2.906261077604140899e-16
5.005303116131856950e+04 4.700854948505111860e-22
5.005306699859325454e+04 9.099111036511787670e-21
5.005352156633458799e+04 3.222344817967176338e-22
5.005354774612320034e+04 0.000000000000000000e+00
5.005373368183871207e+04 5.317519475195826407e-16
5.005421941227864590e+04 5.221377153440092594e-23
5.005436368209081411e+04 3.011453911557076519e-22
5.005436524646572070e+04 1.055163433925742156e-16
5.005449229262033623e+04 1.087628181329368322e-18
5.005466525174633716e+04 5.174941207559500147e-23
5.005512544366801740e+04 1.267064639441111648e-15
5.005520284333856398e+04 4.303039634822640708e-21
5.005552517043547414e+04 8.340692755502031597e-23
5.005570523994444375e+04 5.333824249657825910e-23
5.005581986992373277e+04 5.068406546741275634e-23
5.005588589150899497e+04 9.365468045407398110e-17
5.005651728207150882e+04 1.176427286405171350e-14
5.005664360049938841e+04 3.726674242008066761e-19
5.005683719972590188e+04 9.695428507414268913e-24
5.005714157378652453e+04 4.379648227115857926e-23
5.005727753600586584e+04 1.428564009199809033e-16
5.005733712184008618e+04 4.825671191104181367e-22
5.005772635645261471e+04 1.799820970279450629e-23
5.005788416493681871e+04 1.720465243449177211e-22
5.005803828988206806e+04 1.024996912328232272e-16
5.005830376003751007e+04 1.705466515996448336e-22
5.005866932549831836e+04 2.385565422343592415e-15
5.005879465679183340e+04 1.162276450532289162e-19
5.005932068735825305e+04 4.831050312013557672e-22
5.005940765373708564e+04 2.271823607556636204e-20
5.005942971924753510e+04 8.793522423194487219e-15
5.005948020881172852e+04 1.270263179518761240e-20
5.005986567135462246e+04 1.162801295460742746e-22
5.006006117943291611e+04 1.384326402591794337e-17
5.006019103963222733e+04 1.938995400600012860e-17
5.006038226243051031e+04 5.524940248470875910e-22
5.006082139408762305e+04 4.801818166768382955e-14
5.006082552792974457e+04 2.604895825452529624e-22
5.006094573646913341e+04 7.989714932177325629e-20
5.006158209506273852e+04 1.399214548713783870e-15
5.006158416658378701e+04 3.523316039515357240e-18
5.006164496190421050e+04 2.173741139487399282e-22
5.006193686335979874e+04 6.236421366519929773e-23
5.006221321433856065e+04 5.265107384323330133e-17
5.006234440684607398e+04 5.376490908663825114e-18
5.006241302142960922e+04 2.159777990809631175e-21
5.006292579606523941e+04 6.496841897447197148e-23
5.006297352965496975e+04 5.895580074776723009e-16
5.006309772594050446e+04 6.890136589817067782e-21
5.006318237550746562e+04 2.138436382318864222e-22
5.006362665319126972e+04 5.626070087442216028e-24
5.006373487346865295e+04 2.510968166183353472e-15
5.006373934794402157e+04 1.727594609766140739e-18
5.006385562397329340e+04 1.803844719581722009e-22
5.006436525564977637e+04 1.408473825987923377e-14
5.006449884308980108e+04 1.558601334511209287e-18
5.006506365928733430e+04 7.709341159280090813e-22
5.006512582211467816e+04 1.219785969192950564e-13
5.006524801404488971e+04 3.058889645665138255e-20
5.006542869989307655e+04 1.457539583910126635e-24
5.006554409850038792e+04 7.247143820636485481e-23
5.006583752848805307e+04 1.899552053379915040e-21
5.006587256858756882e+04 8.026600320789408293e-21
5.006588838520045101e+04 3.549116094364147824e-16
5.006651731935335556e+04 9.365122593258895910e-13
5.006658607239266712e+04 4.597361151276765501e-23
5.006665491825670324e+04 1.727841414948398675e-18
5.006688656247095059e+04 3.258156871049529033e-24
5.006727845035592327e+04 1.875544612753975564e-14
5.006740292461855279e+04 1.101910100730222787e-20
5.006762732729791605e+04 4.538614977143779753e-23
5.006804315728478832e+04 7.115316860782360290e-17
5.006809301123940531e+04 7.688089908128673917e-24
5.006842554207074136e+04 3.218276743480784899e-23
5.006866945537044376e+04 1.360332591402450807e-15
5.006879739427030290e+04 3.186389353926029386e-21
5.006881402904297283e+04 7.999953856888713238e-20
5.006941552702026092e+04 4.628777480511445204e-20
5.006943174609696143e+04 6.340237561148892113e-14
5.006956047961321019e+04 3.308176785118961274e-20
5.006996653686092031e+04 1.101924022019025530e-22
5.007006118124565546e+04 5.034514512891420211e-14
5.007018221765133785e+04 6.145096804431162299e-21
5.007019998728045175e+04 2.044869556126979684e-17
5.007082180820732174e+04 1.230741250952815513e-12
5.007091235557053005e+04 3.937075706010404867e-22
5.007097594440537796e+04 8.952969008370013841e-20
5.007133209239779535e+04 4.488073127868908816e-24
5.007158628036127629e+04 6.482299141776425418e-15
5.007171013638277509e+04 5.501837394435869144e-21
5.007205934787482693e+04 3.454043290511204684e-23
5.007221324052783893e+04 7.513347476528193004e-12
5.007227594589770160e+04 1.400624559626455055e-21
5.007235995146367350e+04 3.307631364687573062e-17
5.007255077505621011e+04 5.991859271183711264e-22
5.007297472580362228e+04 2.120122183194277179e-13
5.007313507125604519e+04 3.720293131163971663e-20
5.007315925038869318e+04 1.585582097460335722e-20
5.007373341397140030e+04 3.917809154321872229e-20
5.007374296206714644e+04 8.131993684336951719e-16
5.007387302870785788e+04 3.656819939415218971e-21
5.007434310173070844e+04 8.322804226341716056e-23
5.007436544027630589e+04 4.986320301207267288e-15
5.007443674492638820e+04 6.591691500964284930e-23
5.007452449234286178e+04 5.535216868006883725e-19
5.007483318649465218e+04 1.088655520358005063e-21
5.007512890268330375e+04 1.603439125168940312e-12
5.007531586773380695e+04 9.466409207794818039e-20
5.007582291395168431e+04 5.405099907332041474e-21
5.007590312039504352e+04 2.584959221000376645e-16
5.007603072795904882e+04 8.119990875814084117e-22
5.007626750225711294e+04 1.336137920475871137e-21
5.007651813284610398e+04 5.696466570275472611e-12
5.007661542601827387e+04 3.528131746031598583e-20
5.007666438078766805e+04 2.128145257911590861e-20
5.007669534914026735e+04 6.623290891624221737e-18
5.007728552856776514e+04 1.169340988468754218e-13
5.007749698684050236e+04 1.341054141066119299e-20
5.007764637437659985e+04 6.892254965532819242e-22
5.007777854738444876e+04 4.776421565324029229e-22
5.007806854843554902e+04 5.420742452952636116e-16
5.007820850679768046e+04 1.574980823381102918e-20
5.007851447464315424e+04 7.006331816173377914e-22
5.007867203432638780e+04 1.868295731810551569e-12
5.007887403689514031e+04 6.724596729433952923e-19
5.007942606491957122e+04 1.322163029205655311e-20
5.007944639847365033e+04 8.836433564485157074e-15
5.007968742074956390e+04 9.056833581987885429e-22
5.007974315133075288e+04 1.553892810311859530e-21
5.008006126178846171e+04 3.524791752503615853e-16
5.008019155377919378e+04 2.253471690884835224e-21
5.008024149157451757e+04 7.549447227900046628e-19
5.008057681971110287e+04 2.012771702041173834e-19
5.008076640305363253e+04 6.926350301209981443e-20
5.008082834655007173e+04 3.923420607197243055e-11
5.008106301587181952e+04 7.868898356923999385e-17
5.008161393411313475e+04 3.718257340929646823e-15
5.008187387244031561e+04 5.372989631399375961e-20
5.008188974839870207e+04 3.842075143003922420e-19
5.008202650517228176e+04 1.065108023986479675e-19
5.008221374411537545e+04 2.690897936199702971e-12
5.008242443039996579e+04 2.073256464189530799e-16
5.008277544923497771e+04 2.965219220101022600e-20
5.008298896711945417e+04 1.937782175070314282e-12
5.008303916517524340e+04 1.080293140563890070e-20
5.008326404205431754e+04 6.050724959080154565e-18
5.008351653465721029e+04 1.661338326303719760e-20
5.008375227736226225e+04 4.150704680369284167e-19
5.008379108308904688e+04 9.851408180855774459e-15
5.008411153127357102e+04 5.693631793259845562e-21
5.008435846630640299e+04 2.334322183907447150e-18
5.008436724027962919e+04 1.196974224646880952e-11
5.008461999276679126e+04 2.016049610823593355e-17
5.008515667193255649e+04 6.341843731777597392e-14
5.008517401425266144e+04 6.228188805799390515e-19
5.008527970480095973e+04 3.943401718465055198e-20
5.008547843409427878e+04 7.315687099700198308e-18
5.008577290073886252e+04 1.027770460094783372e-19
5.008598107938905741e+04 1.563322955208770895e-16
5.008634276453140774e+04 2.187414351232940979e-19
5.008652385702486208e+04 8.796656641721390796e-10
5.008661182541126618e+04 1.679376059005811044e-17
5.008683066338790377e+04 3.145711236429098213e-15
5.008698074582716799e+04 1.140802127368898262e-19
5.008728345845520380e+04 4.153057154124331032e-21
5.008733511816612736e+04 1.961725588101181937e-14
5.008750349897753040e+04 4.067730518970742675e-20
5.008771206630262168e+04 7.247478133699496666e-18
5.008818714445297519e+04 1.163904286548615384e-14
5.008848790077889862e+04 7.997202848931543114e-19
5.008858135816270078e+04 6.466467588965849239e-19
5.008868860246335680e+04 2.773672640425737566e-11
5.008884971333231806e+04 1.394158069341752907e-18
5.008905910475077690e+04 1.910538296487853140e-16
5.008923590266217798e+04 1.334514900145590352e-20
5.008952855786184955e+04 7.844501475863991957e-14
5.008995309962892497e+04 1.322947926664291880e-19
5.009006369258835912e+04 1.100081444838112498e-10
5.009020622773212381e+04 1.115646698667382188e-18
5.009041179237731558e+04 6.697234050580897868e-16
5.009045948596254311e+04 4.420921302811760988e-18
5.009078671968372510e+04 1.044760982132590633e-22
5.009086871932788927e+04 1.164185318376183868e-12
5.009106515952297923e+04 1.079893521644930593e-18
5.009130632737315318e+04 2.847236809999816272e-16
5.009170888165451470e+04 1.821059598563951178e-18
5.009174132444825955e+04 4.895856881194088706e-16
5.009222009827976581e+04 2.340965977880400180e-13
5.009222941087211075e+04 1.589395754021240074e-08
5.009265762247655948e+04 4.620951332062134979e-14
5.009267368515218550e+04 2.997833523754117853e-15
5.009278387120614207e+04 1.941927117863263750e-16
5.009307218566887605e+04 4.479021824818178266e-13
5.009338659256466781e+04 1.955247902590654111e-18
5.009357279328240838e+04 8.496584114680289273e-17
5.009377634218186722e+04 4.983381515119483733e-20
5.009397724405784538e+04 7.549411150717411258e-14
5.009442189156304084e+04 2.364939684396555351e-10
5.009445178407686763e+04 6.783193734719583420e-16
5.009451645623404329e+04 2.642298048038417838e-17
5.009471638154307584e+04 6.334055889945292668e-19
5.009492832560666284e+04 3.220559938554005365e-15
5.009518930733435991e+04 8.308631114275838372e-19
5.009530602618852572e+04 7.527816702315916531e-13
5.009585941220517998e+04 3.628547492952595753e-16
5.009602805194897519e+04 4.106328624608670150e-19
5.009618226512610272e+04 2.912457154767567307e-18
5.009623917598024855e+04 9.625564415059936227e-15
5.009664866691675707e+04 2.166925301636658883e-12
5.009680548115188867e+04 6.970979204517893866e-18
5.009687178065841726e+04 2.505175989648313491e-18
5.009722204839124606e+04 1.896403851098666213e-15
5.009757519438429154e+04 1.281525493218170341e-13
5.009769390394009679e+04 7.737238322802166703e-20
5.009795137765272375e+04 4.407332912512249235e-18
5.009815009705026023e+04 2.478913433111563400e-17
5.009818940762353304e+04 9.542338688449337353e-17
5.009850117526954273e+04 3.087871560285863951e-17
5.009852900216032867e+04 1.366462022672664369e-14
5.009891801992488035e+04 3.753057528460254779e-13
5.009917586274738278e+04 8.954649711423943768e-18
5.009953837365843356e+04 1.158803704654961252e-15
5.009956605253185262e+04 1.026047064967866751e-16
5.009974485776859365e+04 2.700819623212337342e-18
5.009988234995543462e+04 3.524522220505738287e-13
5.010009406225276325e+04 6.705301631470943301e-11
5.010037217951162893e+04 1.889282601329251313e-19
5.010050186626899085e+04 2.583570287916948625e-16
5.010084728019768227e+04 3.389222330265622338e-15
5.010115140041762788e+04 9.089581161111157883e-18
5.010123563642919908e+04 1.690858881777948074e-11
5.010132222613954218e+04 7.252482112078095129e-19
5.010158375154586247e+04 1.471411874627770036e-18
5.010185696114844177e+04 1.860172600281630873e-17
5.010188925040015602e+04 6.742472733695502912e-16
5.010222807835903950e+04 2.386323565000988570e-13
5.010230388981219585e+04 3.102441473257289160e-11
5.010279671618858265e+04 1.292325229484638061e-17
5.010286160945995653e+04 4.208651099204954339e-17
5.010319456210166391e+04 1.179405010612711777e-17
5.010360373099175922e+04 5.330354939344457694e-13
5.010360884150311904e+04 7.772632615807546597e-18
5.010396119433324930e+04 2.868373053155839966e-18
5.010425083859484585e+04 8.932773119405839067e-16
5.010428892202698626e+04 3.293065737088617875e-17
5.010461035757532954e+04 1.898897008834786393e-13
5.010464196396378247e+04 4.780554797156560794e-12
5.010488611233506526e+04 2.340203955997636503e-17
5.010523648645931826e+04 3.325860629571554117e-16
5.010555471839173697e+04 2.649146848937287220e-18
5.010557021544525196e+04 3.383852842127700875e-16
5.010602148254030908e+04 2.195236454731525625e-13
5.010622565397956350e+04 6.969799551404095208e-17
5.010650487802835414e+04 8.056777833471460544e-17
5.010664557587600575e+04 2.301910665629135904e-14
5.010703060617289157e+04 7.515473776680133720e-12
5.010708113812057127e+04 1.078431802176081871e-10
5.010717273402516730e+04 3.069845945149845231e-16
5.010741389428689581e+04 4.116379729724502156e-16
5.010764124092404381e+04 8.597048172444164300e-16
5.010797356590768322e+04 3.961064905641989778e-14
5.010831557045991212e+04 3.411043272920261489e-17
5.010848598707218480e+04 1.801117109737657459e-14
5.010904982992682926e+04 7.906600913260029976e-17
5.010906431707808224e+04 2.201055319264797383e-16
5.010919703546955861e+04 1.089169750756384292e-16
5.010948818049058173e+04 2.517846626997434980e-13
5.010960016369258665e+04 1.931642683122928929e-12
5.010968162014629343e+04 2.712705538820015543e-17
5.011000593551681959e+04 1.280694645651411851e-17
5.011015780712821288e+04 4.340267531697313638e-18
5.011040405967397965e+04 3.289720413193461652e-15
5.011085868808117812e+04 8.148822205331713248e-17
5.011099318146344740e+04 2.187320191835257398e-13
5.011111445425102283e+04 1.953537552785351423e-17
5.011150121920480888e+04 2.847858099553863206e-16
5.011185018172137643e+04 7.025276762061841243e-18
5.011197589244027768e+04 6.179305110273670752e-15
5.011218416147492826e+04 2.363275776442204014e-14
5.011229254607950134e+04 2.414899284826533380e-17
5.011261472623515874e+04 1.309031158046623947e-20
5.011285266850434709e+04 8.796032850942448524e-17
5.011286833190434118e+04 4.074557130441259811e-17
5.011326208341092570e+04 4.586932892914248232e-18
5.011353844437116641e+04 1.214925147800604173e-14
5.011395412077556830e+04 9.292925631508889090e-18
5.011424719277983240e+04 1.874358870756817404e-18
5.011449549339085206e+04 3.092307445531236947e-17
5.011481930198608461e+04 1.018417170711693158e-14
5.011484952652805077e+04 9.183371816882735064e-17
5.011534035802380822e+04 5.083507655754691762e-17
5.011559088860223710e+04 3.001381317086563687e-18
5.011586543454916682e+04 8.690622582310596182e-19
5.011611690119000559e+04 1.612869908745838101e-15
5.011636902212580753e+04 2.326258630519835854e-18
5.011650080851672101e+04 9.609477634532653654e-18
5.011688552959632216e+04 2.269655599912466615e-17
5.011705341931603471e+04 3.072941520911674140e-16
5.011749372580496856e+04 1.072429558428499623e-13
5.011784168037807831e+04 3.053756598994233473e-15
5.011793497195035161e+04 5.034476443694855727e-17
5.011863597945473884e+04 1.668122900483775996e-19
5.011872745375829254e+04 9.657817393997460926e-18
5.011888058478672610e+04 9.951042625655118017e-18
5.011898174827275943e+04 1.984920042935832593e-19
5.011909293092527514e+04 3.669635878640648659e-18
5.011961675931976060e+04 8.966402142442356281e-16
5.012009129312563164e+04 8.875037952332183951e-18
5.012018645730745629e+04 3.104544827594693752e-15
5.012036884412356449e+04 6.392070478661797920e-16
5.012054173307668680e+04 5.956013981691966497e-18
5.012088978681532899e+04 3.051310771378346083e-18
5.012136642509543890e+04 5.547970261931696768e-16
5.012164559993620787e+04 2.157415942641719109e-17
5.012198054536675772e+04 8.023099343819252900e-20
5.012220401972981927e+04 3.872116341667849454e-17
5.012226340273521782e+04 3.707541668685777650e-18
5.012267349865497818e+04 8.584660174626806085e-19
5.012285350338937860e+04 3.430213522967529650e-18
5.012300218516874884e+04 1.880058963911489154e-18
5.012304602138245536e+04 2.976888323385633044e-19
5.012354632664468954e+04 6.518470153352955608e-20
5.012392052680080815e+04 1.092044488745568183e-17
5.012406620684300287e+04 3.719046041517398508e-17
5.012464486887745443e+04 9.742641219683200878e-23
5.012482230641211208e+04 1.884598548049168692e-18
5.012513982973906968e+04 2.370175791086645749e-20
5.012537116155059630e+04 7.641077929886635172e-21
5.012547418803892651e+04 2.039326031778715395e-19
5.012575846901762998e+04 4.668772462523154044e-18
5.012619899141853966e+04 2.898842777910937732e-19
5.012671774460926827e+04 7.804077251558409234e-18
5.012692489208847110e+04 1.363070308259476704e-19
5.012744995578248199e+04 5.958169939435175559e-20
5.012779810192491277e+04 5.850949743953826036e-19
5.012804552535840776e+04 8.683873791087080093e-19
5.012810569256857707e+04 2.899674638504950421e-18
5.012853019368874084e+04 9.535900178603060819e-17
5.012866184030207660e+04 2.539244772880095936e-18
5.012900280708962964e+04 4.578390133110746672e-20
5.012942666472880956e+04 8.818451524563406614e-20
5.013006011621186917e+04 1.383800270034047114e-18
5.013010401373947388e+04 2.553327327875432503e-18
5.013065573014235997e+04 6.664721795967745378e-20
5.013081081328615255e+04 1.822752320670665841e-19
5.013132525290824560e+04 4.999620258032021203e-18
5.013160711089376127e+04 1.097714968898381061e-19
5.013187463644729723e+04 4.420881580931104581e-22
5.013212852797866799e+04 9.417551880862710693e-19
5.013229467095137807e+04 1.933169615730046134e-20
5.013249849856480432e+04 1.843206624169319533e-19
5.013289414813507028e+04 1.712554643288901869e-19
5.013321220550108410e+04 2.170523272493007515e-20
5.013350789701328904e+04 4.769160188442677562e-21
5.013413653057500778e+04 9.938819371295027621e-20
5.013482724112118740e+04 3.806806351270435039e-20
5.013487539759377250e+04 6.852157296420182735e-20
5.013515911622338899e+04 1.000596019270535076e-20
5.013535518903883349e+04 2.891107700531651589e-21
5.013547386132238171e+04 9.656281023597056990e-21
5.013560130362065684e+04 1.027547372620677882e-20
5.013598461049167236e+04 2.215220227818455991e-21
5.013612276584240317e+04 6.933083157336759114e-23
5.013694812817724596e+04 1.403232316375148593e-22
5.013762836396466446e+04 2.733833771646909136e-20
5.013768637887225486e+04 2.051652356463223602e-21
5.013785811394160555e+04 4.505483033133367652e-22
5.013826874324727396e+04 5.562160300150444586e-23
5.013846257723545568e+04 5.821490516000742363e-23
5.013856226551630243e+04 8.643096702552742046e-24
5.013959598824787827e+04 9.070086669759558445e-21
5.013978132218038809e+04 7.374636314395248123e-20
5.014018791300757584e+04 4.633493917072177145e-23
5.014052465804588428e+04 2.891303618568135030e-21
5.014085710472507344e+04 1.455889286948573626e-20
5.014128687547318987e+04 1.272322730179606721e-22
5.014144431726992480e+04 9.938860703411246221e-22
5.014212179064706288e+04 7.969370135461788851e-24
5.014254303865682596e+04 2.667838729749841399e-21
5.014261613718028821e+04 2.519591082363393171e-21
5.014313290300282097e+04 8.081215544835864028e-22
5.014344207975794416e+04 1.961431802363543392e-21
5.014366915123357467e+04 6.444052555152482222e-22
5.014497260014970379e+04 0.000000000000000000e+00
5.014517394479664654e+04 1.368899353075171733e-22
5.014553569422405417e+04 1.419220862678581350e-22
5.014569140059029451e+04 1.519354049072712356e-24
5.014572502534394152e+04 9.062436183121707653e-24
5.014593005641367199e+04 4.173496329811515865e-24
5.014610815149512200e+04 2.135637626237620923e-22
5.014657125986715255e+04 1.599308222190359001e-22
5.014800881658380240e+04 0.000000000000000000e+00
5.014820907712526969e+04 1.223721543179573291e-23
5.014841736871271132e+04 0.000000000000000000e+00
5.014887684298274689e+04 6.459323797422635374e-23
5.014907793271616538e+04 8.612386315430071918e-24
5.014925298153260519e+04 0.000000000000000000e+00
5.014932761108806153e+04 0.000000000000000000e+00
5.014946711309324746e+04 3.260942672867498342e-24
5.015109772647464706e+04 5.130245896583119523e-23
5.015148598786702496e+04 2.037652154663986190e-23
5.015162181983156188e+04 1.641226331892811355e-24
5.015198794492000161e+04 7.535971314971792151e-24
5.015216318158047216e+04 4.944077661280464252e-24
5.015243282094610186e+04 1.378291658429723619e-23
5.015337789810378308e+04 0.000000000000000000e+00
5.015378406335882755e+04 0.000000000000000000e+00
5.015440662433450780e+04 2.752512343335985597e-24
5.015462484714584571e+04 6.289193011393306380e-24
5.015526158522321202e+04 0.000000000000000000e+00
5.015557419828233105e+04 0.000000000000000000e+00
5.015600154601366376e+04 0.000000000000000000e+00
5.015634366870702070e+04 0.000000000000000000e+00
5.015721686407414381e+04 0.000000000000000000e+00
5.015744569805741776e+04 0.000000000000000000e+00
5.015760848998493748e+04 0.000000000000000000e+00
5.015855857896626549e+04 0.000000000000000000e+00
5.015913982931883947e+04 0.000000000000000000e+00
5.015957950812127820e+04 0.000000000000000000e+00
5.016016187161432026e+04 0.000000000000000000e+00
5.016040611045124388e+04 0.000000000000000000e+00
5.016047352201442845e+04 0.000000000000000000e+00
5.016059440431746771e+04 0.000000000000000000e+00
5.016190427962540707e+04 0.000000000000000000e+00
5.016244170132340514e+04 0.000000000000000000e+00
5.016307098024749575e+04 0.000000000000000000e+00
5.016322901602178899e+04 0.000000000000000000e+00
5.016351180496352026e+04 0.000000000000000000e+00
5.016414071224033978e+04 0.000000000000000000e+00
5.016426259045655024e+04 0.000000000000000000e+00
5.016551809535576467e+04 0.000000000000000000e+00
5.016587001609474100e+04 0.000000000000000000e+00
5.016607895334261411e+04 0.000000000000000000e+00
5.016666744464033400e+04 0.000000000000000000e+00
5.016719347678854683e+04 0.000000000000000000e+00
5.016829312210574426e+04 0.000000000000000000e+00
5.016867086368669698e+04 0.000000000000000000e+00
5.016955491975232144e+04 0.000000000000000000e+00
5.016978007642883313e+04 0.000000000000000000e+00
5.017047989118914120e+04 0.000000000000000000e+00
5.017072123293318145e+04 0.000000000000000000e+00
5.017166762489326356e+04 0.000000000000000000e+00
5.017212891426001443e+04 0.000000000000000000e+00
5.017323637649072043e+04 0.000000000000000000e+00
5.017380389890547667e+04 0.000000000000000000e+00
5.017411459714051307e+04 0.000000000000000000e+00
5.017468291090102866e+04 0.000000000000000000e+00
5.017557700769177609e+04 0.000000000000000000e+00
5.017656628273002570e+04 0.000000000000000000e+00
5.017676336707024166e+04 0.000000000000000000e+00
5.017723961255152244e+04 0.000000000000000000e+00
5.017738260462076869e+04 0.000000000000000000e+00
5.017814940265408950e+04 0.000000000000000000e+00
5.017867289924659417e+04 0.000000000000000000e+00
5.018011174135016336e+04 0.000000000000000000e+00
5.018065994609599147e+04 0.000000000000000000e+00
5.018101851178702054e+04 0.000000000000000000e+00
5.018176672726249672e+04 0.000000000000000000e+00
5.018189625017961953e+04 0.000000000000000000e+00
5.018266825257361779e+04 0.000000000000000000e+00
5.018420447076076380e+04 0.000000000000000000e+00
5.018468315409700153e+04 0.000000000000000000e+00
5.018547751372309722e+04 0.000000000000000000e+00
5.018612162875896320e+04 0.000000000000000000e+00
5.018781425004183984e+04 0.000000000000000000e+00
5.018820462171321560e+04 0.000000000000000000e+00
5.018879258402626874e+04 0.000000000000000000e+00
5.018956087777380890e+04 0.000000000000000000e+00
5.019188089210014004e+04 0.000000000000000000e+00
5.019242209637976339e+04 0.000000000000000000e+00
5.019309771914520388e+04 0.000000000000000000e+00
5.019397637689426483e+04 0.000000000000000000e+00
5.019445443092386995e+04 0.000000000000000000e+00
5.019564835910682450e+04 0.000000000000000000e+00
5.019622877319667168e+04 0.000000000000000000e+00
5.019734760341731453e+04 0.000000000000000000e+00
5.019816329728907294e+04 0.000000000000000000e+00
5.019849686880397348e+04 0.000000000000000000e+00
5.019953556799828220e+04 0.000000000000000000e+00
5.020132495469468995e+04 0.000000000000000000e+00
5.020174016997765284e+04 0.000000000000000000e+00
5.020318106123444886e+04 0.000000000000000000e+00
5.020488613474467275e+04 0.000000000000000000e+00
5.020583124990561919e+04 0.000000000000000000e+00
5.020715732092242979e+04 0.000000000000000000e+00
5.020902008741024474e+04 0.000000000000000000e+00
5.021010301205046562e+04 0.000000000000000000e+00
5.021261708699732844e+04 0.000000000000000000e+00
5.021402315584236931e+04 0.000000000000000000e+00
5.021480278714851011e+04 0.000000000000000000e+00
5.021601579048016720e+04 0.000000000000000000e+00
5.021728211592557636e+04 0.000000000000000000e+00
5.021903603528842359e+04 0.000000000000000000e+00
5.022037180219917354e+04 0.000000000000000000e+00
5.022215137365031842e+04 0.000000000000000000e+00
5.022284258204197249e+04 0.000000000000000000e+00
5.022667680431092595e+04 0.000000000000000000e+00
5.022732189832373842e+04 0.000000000000000000e+00
5.023665212704565056e+04 0.000000000000000000e+00
5.023707050372936646e+04 0.000000000000000000e+00
5.024109150214073452e+04 0.000000000000000000e+00
5.024152850153805775e+04 0.000000000000000000e+00
