-5.006005147289465822e+04 0.000000000000000000e+00
-5.005816854245014110e+04 0.000000000000000000e+00
-5.005816604749937687e+04 0.000000000000000000e+00
-5.005815022227279405e+04 0.000000000000000000e+00
-5.005735858100590121e+04 0.000000000000000000e+00
-5.005734294393758319e+04 0.000000000000000000e+00
-5.005647778948607447e+04 1.641868834292117237e-24
-5.005499296042172500e+04 0.000000000000000000e+00
-5.005372601103124907e+04 7.650262670509480503e-23
-5.005320212226900185e+04 1.091896036359509016e-24
-5.005318534947159787e+04 2.798112540926456386e-24
-5.005267965409188764e+04 3.033915668256471939e-24
-5.005257099626852141e+04 1.288406448966032212e-24
-5.005253860899568826e+04 1.769576078833806583e-23
-5.005183563576052256e+04 0.000000000000000000e+00
-5.005130195850753807e+04 3.358965472316420002e-23
-5.005083944563325349e+04 4.707894589418317817e-22
-5.005052831880545273e+04 1.095124047122655726e-22
-5.005006172128005710e+04 1.242769179972054564e-22
-5.004993833720584371e+04 4.557832592320804851e-24
-5.004971123350517882e+04 2.692465444951448454e-24
-5.004900504715587158e+04 2.056783594564729918e-22
-5.004856550836859242e+04 8.354456230179075504e-24
-5.004784164059700561e+04 2.956305811872739368e-24
-5.004771963154198602e+04 1.555995044238969453e-22
-5.004723187735021929e+04 1.646332062784656257e-23
-5.004625563258522016e+04 0.000000000000000000e+00
-5.004575334700513486e+04 5.233676243910866488e-24
-5.004568800831822591e+04 0.000000000000000000e+00
-5.004456726404958317e+04 2.474353127379487343e-23
-5.004398644174025685e+04 3.146303043384791528e-24
-5.004372299381359335e+04 1.152228040802966568e-24
-5.004261956946277496e+04 1.125293341938419103e-23
-5.004197006076569960e+04 1.796130772693439280e-24
-5.004176785996289254e+04 6.907435186614958392e-22
-5.004043763678998221e+04 1.396334940135616213e-22
-5.004008118670028489e+04 3.854872091342822682e-23
-5.003993342873254733e+04 8.218089042974341798e-24
-5.003951253038486902e+04 3.945206735651799455e-24
-5.003832071769420872e+04 5.084066310085238352e-21
-5.003780178472472471e+04 7.344388227119866067e-24
-5.003763942141884763e+04 1.030772085940684712e-20
-5.003733972256200650e+04 5.797830074167204774e-22
-5.003610673621743626e+04 5.793341120270142151e-23
-5.003567809145455249e+04 2.264552918257432179e-21
-5.003542373415888869e+04 1.365090472625426513e-21
-5.003455430065109977e+04 1.490547097393118356e-23
-5.003432266903077107e+04 4.252280831749496842e-22
-5.003356665787297243e+04 0.000000000000000000e+00
-5.003287221946984209e+04 1.667160435099574142e-21
-5.003229548620190326e+04 7.860673554131966169e-20
-5.003149856355161319e+04 4.670783792252056550e-21
-5.003134243454859825e+04 2.506673061023117653e-20
-5.003114940113163902e+04 2.292684626606844889e-19
-5.002997068171274441e+04 3.271506977583546809e-22
-5.002993263695666246e+04 2.461349564130376225e-22
-5.002937557030925382e+04 1.210045947082461789e-24
-5.002923178709314379e+04 4.247077669503001194e-20
-5.002817451323405840e+04 2.457926841269357262e-20
-5.002805333545112080e+04 7.866227255174523591e-20
-5.002779704150230828e+04 1.115256842121445921e-24
-5.002732483890877484e+04 2.599408757579439399e-19
-5.002706405167910998e+04 1.952537937453235858e-22
-5.002678484713280341e+04 1.187972997551497053e-20
-5.002591710634269839e+04 1.697347690914802989e-22
-5.002566292273118597e+04 6.443447414525140097e-21
-5.002530736791504751e+04 2.768744468305409877e-21
-5.002506213043072785e+04 1.512275670787578636e-20
-5.002455874170353491e+04 9.974822224322300484e-21
-5.002436178461478266e+04 6.002526636254370467e-20
-5.002399464427457133e+04 6.703213495686992454e-20
-5.002382501063297241e+04 1.732554942685012021e-19
-5.002353147376117704e+04 8.358590029922914775e-21
-5.002343788315440906e+04 9.155727721525645405e-20
-5.002334318091061141e+04 2.062386455100725819e-18
-5.002317515165242366e+04 8.085399932076530885e-19
-5.002297736598424672e+04 9.658676938083663488e-20
-5.002233257728482567e+04 2.559337033254787249e-19
-5.002184135611406964e+04 2.144277993501284757e-20
-5.002144447568319447e+04 3.874164639532504791e-19
-5.002140120286670572e+04 2.024614401373207518e-18
-5.002124535419992026e+04 2.531777076663075536e-20
-5.002072116214306880e+04 1.407005743066099401e-20
-5.001993255492518074e+04 3.289794251837992227e-20
-5.001977805656817509e+04 8.679587829490584678e-21
-5.001959446426539944e+04 6.446922481804411449e-19
-5.001929135252907145e+04 9.891882266910821868e-21
-5.001907027323572402e+04 2.359628868312919370e-21
-5.001886705756893207e+04 3.543131665650773264e-20
-5.001820669040193025e+04 1.366841106052132516e-21
-5.001779651044723141e+04 2.376962156458116257e-21
-5.001774849295242166e+04 1.871266357594216133e-20
-5.001753677840858290e+04 2.476254046062814870e-19
-5.001717492420141934e+04 9.873831011141551794e-18
-5.001665468103399326e+04 5.657246626547387249e-21
-5.001615573485595814e+04 1.222084848059795132e-17
-5.001579345446599473e+04 1.507478327808637428e-17
-5.001566065340581554e+04 5.115474715295540367e-18
-5.001527488312393689e+04 8.973134068386757864e-20
-5.001506792264977412e+04 1.096241436968603220e-19
-5.001420086312144122e+04 2.094087483678121040e-19
-5.001361022201899323e+04 3.302218848164752626e-18
-5.001352541163987189e+04 1.409634630495464515e-21
-5.001321689204845461e+04 3.244321428248573238e-18
-5.001300276305017906e+04 3.854095496640679639e-17
-5.001267648096592893e+04 4.884797997250313191e-20
-5.001225288913813711e+04 4.493527125082706037e-19
-5.001208399433540035e+04 1.797045840100177393e-20
-5.001139130177787592e+04 5.051267976722825952e-18
-5.001098518077399785e+04 3.166516110750416901e-19
-5.001069509441200353e+04 1.313849139439201567e-18
-5.001067155960544915e+04 1.043297197311800703e-18
-5.000993254612415330e+04 6.473489434939834674e-19
-5.000965247397976782e+04 2.247279058503250465e-19
-5.000927913219382754e+04 2.365972030845050595e-19
-5.000925890720642201e+04 7.901523288904739860e-19
-5.000898410714513011e+04 3.466217125771049779e-16
-5.000831341836605861e+04 5.243713182801457558e-17
-5.000800125460480194e+04 1.010229040571611607e-19
-5.000779643853047310e+04 1.149792264332173655e-20
-5.000736276337855088e+04 5.063945790259470551e-21
-5.000713055385566986e+04 6.717738830640134188e-16
-5.000684239191845700e+04 4.275109250893798079e-18
-5.000657841063771775e+04 1.049154726850196566e-17
-5.000566036585485563e+04 3.888744982459179059e-17
-5.000533417230384657e+04 1.942721855317728961e-18
-5.000522265095482726e+04 3.179435113063638803e-20
-5.000505983670767455e+04 8.652992640651289909e-17
-5.000500778011861985e+04 9.094849619128094765e-19
-5.000425704564745683e+04 8.584282637708527272e-19
-5.000388156488242385e+04 4.075120955879875219e-18
-5.000354913454138295e+04 2.690426439216031282e-17
-5.000352439341024728e+04 3.813307590933200404e-18
-5.000327515399919503e+04 2.189455125188144030e-18
-5.000289008400972671e+04 2.733505058379838085e-15
-5.000266154747707333e+04 7.155281599942085151e-18
-5.000224036687636544e+04 3.924937273293053231e-19
-5.000199224641195906e+04 5.790340261559120210e-17
-5.000138867300922720e+04 4.961303863832691428e-15
-5.000110008436112548e+04 8.086318857455245781e-16
-5.000093554632107407e+04 1.385183637750502423e-17
-5.000078447620675433e+04 2.461736605726933352e-17
-5.000015747655347514e+04 6.259734130242055363e-17
-4.999993254523965152e+04 1.587734749400757145e-16
-4.999971914915444358e+04 1.092262565178900794e-18
-4.999932678902429325e+04 8.130644810504569675e-18
-4.999925347436899028e+04 2.217365789631842639e-18
-4.999905369778327440e+04 6.956878110074309118e-18
-4.999872806671741273e+04 6.343923835658624405e-17
-4.999868870772657829e+04 3.517652650312806810e-15
-4.999788056441397202e+04 3.297765839118505210e-20
-4.999779642970092391e+04 6.203246432084550205e-18
-4.999775896109540190e+04 2.500353309152106058e-16
-4.999719348651808832e+04 2.763292712186744603e-17
-4.999711898329749965e+04 8.768357740437012345e-15
-4.999697487967863708e+04 1.123834537043205984e-16
-4.999662179252722854e+04 1.837750485090010750e-17
-4.999641130044733291e+04 1.296001417377212610e-18
-4.999635167880360677e+04 5.461060086446893169e-17
-4.999595899532515614e+04 6.160885046014505910e-18
-4.999566031903589464e+04 1.284065460701677661e-14
-4.999516501553969283e+04 2.470752290861341467e-17
-4.999498667427412147e+04 1.953133044311351292e-16
-4.999483348734823812e+04 3.653511229784607106e-16
-4.999454575121043308e+04 1.639972347768152275e-14
-4.999396032275037578e+04 2.258447709198381232e-17
-4.999393468790600309e+04 1.532344813009272171e-16
-4.999352422524244321e+04 1.779647322539760629e-19
-4.999331859171838005e+04 8.681161446396501664e-18
-4.999285657859953790e+04 8.023158704138400984e-14
-4.999253347377656610e+04 1.083552950863710209e-16
-4.999248688287206460e+04 2.295752489278705131e-17
-4.999230951617792743e+04 5.308918446499406783e-17
-4.999213731382910191e+04 7.427368743206425456e-20
-4.999138817989375821e+04 7.249695272438335048e-16
-4.999118931340424751e+04 1.286885871061861749e-17
-4.999089019283490052e+04 4.519799472506132701e-16
-4.999073004823581141e+04 5.649442139460027433e-17
-4.999062477082001715e+04 3.423508186605566451e-15
-4.999032561033664388e+04 7.631687720440915248e-15
-4.998993254514747241e+04 1.761444405329611012e-15
-4.998962564001862484e+04 1.904734642089928844e-17
-4.998956625020124193e+04 3.157706032501559789e-17
-4.998925225314484123e+04 1.373571832812059587e-15
-4.998908079353615176e+04 1.804258986511871052e-18
-4.998861655625828280e+04 1.773393423648398731e-13
-4.998849886142033210e+04 1.333459461560542270e-14
-4.998842849696052872e+04 3.776899289069538294e-16
-4.998831236870538123e+04 6.396964818410795371e-16
-4.998779642866578797e+04 6.483975864289058984e-17
-4.998734713443877263e+04 4.216008348773315241e-20
-4.998711668026047846e+04 1.149029570102280516e-12
-4.998705158697494335e+04 6.601148035288425639e-15
-4.998649368755480828e+04 2.337874817473031393e-15
-4.998647236970688391e+04 2.514786317633589117e-15
-4.998566031285418285e+04 1.893857741394778578e-13
-4.998554875581130909e+04 2.918416456420386557e-17
-4.998548074562896363e+04 4.733901932030374380e-17
-4.998498130323502119e+04 4.216263640298755221e-17
-4.998462255242450919e+04 1.325976926319756370e-17
-4.998439839305106580e+04 2.447797637462169189e-13
-4.998433310169096512e+04 1.026127133967232074e-15
-4.998410153684594843e+04 2.430102598544454314e-16
-4.998352419966158777e+04 6.565986617181742985e-15
-4.998350883983165841e+04 2.072922315039948503e-16
-4.998284684590044344e+04 1.259602212037726065e-12
-4.998282014349226665e+04 3.730334721644696054e-14
-4.998263665535223117e+04 1.565984419257527272e-16
-4.998238546655971732e+04 2.102946172353363985e-18
-4.998215247193836694e+04 1.089866741797166243e-16
-4.998204788593819103e+04 8.935601690176324148e-17
-4.998138809494949237e+04 9.641909072723270516e-12
-4.998108427284836216e+04 5.243334921993827052e-16
-4.998086662126406736e+04 1.868063245054524522e-15
-4.998077293973939231e+04 7.336891393021022053e-16
-4.998071346113050095e+04 2.226927278240329094e-14
-4.998020934794892673e+04 1.224005034283212096e-13
-4.997993254513794091e+04 7.444232180807670745e-13
-4.997940764959401713e+04 1.004052845908484803e-18
-4.997934787377862813e+04 6.961166662463509936e-16
-4.997925201277650922e+04 5.987923255096715814e-16
-4.997870072846597759e+04 3.143360812546781044e-16
-4.997858284748314327e+04 5.422904960788858443e-12
-4.997815241029117169e+04 2.812510782212731842e-15
-4.997799566423473880e+04 1.790940652701245615e-16
-4.997794586437917314e+04 3.653274792561904700e-16
-4.997779642854276608e+04 1.472101181715711907e-14
-4.997763905027873989e+04 2.064826392093246679e-15
-4.997722333623988379e+04 4.653369661956215782e-18
-4.997711598167780176e+04 2.924563040778189819e-12
-4.997662030036769283e+04 9.158829569598737072e-16
-4.997645092925955396e+04 2.486680693572249604e-15
-4.997629348312762886e+04 1.144414514678810715e-15
-4.997610512821641896e+04 2.843891238569470235e-13
-4.997586364043498907e+04 1.356057657978462971e-14
-4.997566031201180158e+04 3.142904487192497579e-11
-4.997509718286883435e+04 7.285688371194577752e-16
-4.997498006334243837e+04 2.041984491234755114e-13
-4.997466296310418693e+04 3.492298389485594713e-15
-4.997448189842386637e+04 3.648578636246557436e-14
-4.997432197193767206e+04 1.906447600965450282e-12
-4.997407086578620510e+04 1.909169225922536502e-15
-4.997374015923394472e+04 1.087468509457695924e-14
-4.997352419577659020e+04 2.545733984826521012e-14
-4.997343954197470885e+04 7.494605740930633305e-16
-4.997328030509150267e+04 1.189741547205780026e-16
-4.997284434836426226e+04 1.011317411262514855e-10
-4.997253840943965770e+04 1.826678778788945231e-15
-4.997223718464572448e+04 9.103425616006802679e-14
-4.997220535345342796e+04 2.520101721662968560e-14
-4.997204833171477367e+04 5.385949365396521092e-14
-4.997139594756259612e+04 3.950300296684591423e-15
-4.997138808017160773e+04 7.392215458873950776e-12
-4.997087943292587443e+04 7.128757776140804595e-16
-4.997070901706135191e+04 7.539397513478872978e-14
-4.997023213210543327e+04 1.818282150008426408e-16
-4.997021354737936781e+04 4.335049447422712445e-16
-4.997009346029850713e+04 6.542825606524508438e-12
-4.996993254513519059e+04 3.909540818360325420e-12
-4.996975139243950252e+04 5.986282462570247047e-17
-4.996925196816459356e+04 1.479142371952376074e-12
-4.996911272048949468e+04 6.501567370731834285e-15
-4.996889307260773785e+04 2.291695782673213300e-14
-4.996857424175309279e+04 1.775219918491152100e-11
-4.996833401587764820e+04 3.330772216011946707e-15
-4.996808883520012023e+04 3.212323004909926949e-14
-4.996799162250733207e+04 6.115882367636800730e-14
-4.996779642849816446e+04 2.927769554358301149e-13
-4.996764251841149962e+04 1.027705077811262808e-15
-4.996711586207978689e+04 1.478102102126676951e-09
-4.996674080413576303e+04 3.499956364111024701e-16
-4.996663546441546350e+04 3.234768817888752251e-16
-4.996644053881137370e+04 6.122023434719828962e-13
-4.996624500656295277e+04 1.088713524309792709e-15
-4.996589026925664803e+04 1.744192733754937987e-12
-4.996570085064985324e+04 6.342384667750399538e-18
-4.996566031160253624e+04 8.055730985847476314e-10
-4.996526575536209566e+04 2.450978677494551419e-16
-4.996509578841851180e+04 2.396038952720106521e-14
-4.996497976840876800e+04 1.415667369549207388e-12
-4.996434120790682937e+04 2.410831764031824944e-13
-4.996430850659140560e+04 1.419869542393227431e-10
-4.996425059973479802e+04 8.013382983583880036e-13
-4.996380640579677856e+04 1.803968218401167493e-14
-4.996360301462086500e+04 2.336008196433282679e-14
-4.996352419317157182e+04 8.094320830046285058e-12
-4.996334001227016415e+04 6.128005789407418816e-14
-4.996288017785343254e+04 2.307767899364304930e-16
-4.996284368661911139e+04 5.798937352376278108e-11
-4.996249564049641776e+04 1.869608086796313267e-16
-4.996218101810561348e+04 9.800772574545307059e-13
-4.996199048238529213e+04 2.031210598371332937e-14
-4.996174916090720944e+04 4.892867691730192574e-13
-4.996146607695339480e+04 4.427228779460097463e-15
-4.996138806814392592e+04 1.461781135768088238e-08
-4.996124922624672763e+04 1.468436138612889426e-15
-4.996070762946332979e+04 7.299378192846719489e-12
-4.996053594995794992e+04 1.620787922929747473e-14
-4.996007679791856935e+04 9.941896903591647001e-12
-4.996003623139402771e+04 2.120167986320330881e-11
-4.995993254501440242e+04 4.928466408688175067e-09
-4.995984632452510414e+04 3.930290992802540415e-14
-4.995962377941630984e+04 3.180535150846823144e-15
-4.995925192143055028e+04 1.820793549899235011e-11
-4.995895157219054090e+04 4.338205165270027606e-16
-4.995857157732290943e+04 3.021458520517491275e-09
-4.995839217616186943e+04 7.536318363411433577e-16
-4.995792295507970266e+04 2.751631580617241731e-13
-4.995785688166433101e+04 1.190753171435886763e-13
-4.995779642707594030e+04 2.580159853673283825e-11
-4.995756766527479340e+04 3.762844316477179669e-14
-4.995711571607463702e+04 3.095535732257330859e-10
-4.995701500111040514e+04 5.696175148329812138e-16
-4.995643547804341506e+04 1.797721408481088938e-11
-4.995634502549864555e+04 7.463510581290374057e-15
-4.995622003935564862e+04 1.878002883496452040e-15
-4.995580084466630069e+04 5.518871094335498789e-12
-4.995572711303389951e+04 1.988871639253318080e-14
-4.995566030326201872e+04 6.492382180827137499e-08
-4.995542857683203329e+04 5.640674838421542109e-16
-4.995503788497973437e+04 7.246878258890430306e-15
-4.995497937128183548e+04 7.503534657698609275e-11
-4.995467815205043735e+04 1.913323947324876603e-17
-4.995429919633086683e+04 7.080079566063296469e-10
-4.995392348769700766e+04 1.755472769422476657e-16
-4.995368848695322231e+04 5.251022458525704707e-14
-4.995360794663793786e+04 3.496830066266173082e-15
-4.995352415861972986e+04 1.544834346385641728e-10
-4.995351484847723623e+04 1.807556849740976245e-14
-4.995294790894624748e+04 6.218131606045308341e-13
-4.995284272436930041e+04 6.020732326161252959e-08
-4.995243948193702090e+04 2.991728955675627567e-14
-4.995234148103685584e+04 8.933927846756495042e-15
-4.995216238961072668e+04 4.507214518249162052e-12
-4.995183222945839225e+04 3.707454791620851528e-14
-4.995171283644422510e+04 5.898168276711812848e-15
-4.995156723565159336e+04 1.214346782247881257e-12
-4.995138794694930402e+04 7.255331718324173415e-08
-4.995128775671417679e+04 2.179788848002741229e-16
-4.995073766948778939e+04 5.262376441604166143e-14
-4.995070547275174613e+04 3.108328811457180528e-10
-4.995033915128611989e+04 1.082665932738857854e-15
-4.995002526712514373e+04 9.448075331758357050e-11
-4.994993254343616718e+04 1.216625290528991011e-08
-4.994977759571609204e+04 4.748493870724953142e-14
-4.994960836684513197e+04 1.464284552015392895e-14
-4.994945696265873994e+04 1.078629022155147281e-14
-4.994925153478674474e+04 6.689696001792169448e-10
-4.994856713068990939e+04 1.763384026637900047e-08
-4.994855698714580649e+04 4.559566334314113017e-11
-4.994826096738097112e+04 2.871362408856716414e-14
-4.994788564355492417e+04 5.984898515033532263e-13
-4.994779640422455850e+04 9.429259089246477801e-10
-4.994770992601828766e+04 1.013981288731762646e-15
-4.994742799937037489e+04 1.310791705009930586e-13
-4.994734527316682215e+04 5.838326737731618810e-13
-4.994711459807187202e+04 1.084932197627721708e-06
-4.994690843111219147e+04 5.222837416687292178e-15
-4.994642677286054823e+04 8.838958329150562390e-11
-4.994595093886266841e+04 2.634801616139237108e-14
-4.994587561888345954e+04 1.229158236909709309e-14
-4.994574571839313285e+04 2.642316687500362315e-11
-4.994566013932281930e+04 2.280165764426110620e-06
-4.994555853243531601e+04 1.367660363190070840e-13
-4.994524803132138186e+04 7.016264550396617286e-16
-4.994497648248643236e+04 4.955549565137481492e-09
-4.994487862522702198e+04 9.173424800420438209e-15
-4.994428325135983323e+04 1.718780863397457257e-09
-4.994427751584922225e+04 2.926466961475698383e-12
-4.994370681172729383e+04 4.395563478244720728e-15
-4.994359168674297689e+04 7.287126512048420501e-14
-4.994352342058300565e+04 5.947226465834043954e-09
-4.994336206784368551e+04 1.004879872856034043e-14
-4.994318961622915958e+04 8.090239012091192630e-15
-4.994310118312351551e+04 2.642514129413586316e-13
-4.994283605315053865e+04 4.801831682420003899e-07
-4.994215492994472879e+04 2.421192300535392773e-13
-4.994213485348585527e+04 9.933074552399687311e-12
-4.994170646654409211e+04 1.134367760632890266e-14
-4.994159783395078557e+04 2.128266050417636463e-13
-4.994143808351623011e+04 6.801245007494515516e-12
-4.994138556133262318e+04 1.607732287980030117e-05
-4.994106952137158078e+04 4.238036571605192353e-14
-4.994069157677175099e+04 1.846533759217807292e-09
-4.994065001662891154e+04 2.750706546763824662e-15
-4.994036581715731882e+04 2.019379691525760317e-14
-4.993997961264994228e+04 6.949264918193214871e-10
-4.993993384245171910e+04 1.022777010678959687e-13
-4.993993246806930256e+04 3.224393431919132380e-06
-4.993963273364691122e+04 2.798953117057414405e-15
-4.993928629254389671e+04 3.290734060546129900e-12
-4.993924538729502092e+04 6.876947292393291471e-08
-4.993896970871415397e+04 8.225112458040087313e-15
-4.993882662318754592e+04 1.443663832987934255e-12
-4.993854068214164727e+04 3.461484583317682776e-08
-4.993799455623517133e+04 3.019331126616719535e-16
-4.993795527771209163e+04 5.417665515048730136e-17
-4.993781477135838213e+04 9.959169896836119839e-14
-4.993779591351802810e+04 7.641444641281684783e-08
-4.993725551794218336e+04 1.032422206764623288e-12
-4.993712096021068282e+04 1.857029065812443665e-08
-4.993710100728349062e+04 1.406500324916315066e-05
-4.993678584401193802e+04 1.600890395776833256e-13
-4.993638046751797083e+04 1.959713485878770278e-10
-4.993614257531159819e+04 8.721467160823009723e-15
-4.993565835444658296e+04 1.439545618159900086e-04
-4.993563959707382310e+04 2.018674459753257849e-08
-4.993553189266289701e+04 2.546045072254455094e-12
-4.993535804589789041e+04 3.731274566095552070e-14
-4.993508083630224428e+04 3.153582112131631983e-13
-4.993495082423091662e+04 2.441244992134801288e-08
-4.993494775713355921e+04 1.322669419658998437e-08
-4.993448173402626708e+04 5.269930680335766839e-12
-4.993420767756746500e+04 1.979255690531319613e-08
-4.993369732016574562e+04 5.735297721789935794e-16
-4.993351777215703623e+04 7.456796314785733263e-07
-4.993345363896132039e+04 5.980254337330375800e-11
-4.993331128170074226e+04 4.015295331785389215e-13
-4.993309479501266469e+04 2.791369814507427944e-12
-4.993278809418561286e+04 6.141324702168885241e-07
-4.993276115512740216e+04 4.696776537831862711e-09
-4.993248277980420971e+04 6.113340379157557125e-14
-4.993201911713212030e+04 9.727040907048247102e-12
-4.993189149621818069e+04 4.785342845574089064e-13
-4.993148183053840330e+04 1.257444292258699133e-11
-4.993136931439898035e+04 4.523475583643651312e-04
-4.993124250374775875e+04 3.984529237250260169e-08
-4.993095267643861735e+04 3.118000528524998901e-11
-4.993061165296014224e+04 2.546985844888953184e-09
-4.993058280941218254e+04 4.679344693677684760e-11
-4.993052089967166830e+04 3.003959610958720821e-12
-4.992996130454094236e+04 8.573614094589087487e-13
-4.992993021401442093e+04 7.125788058544686351e-06
-4.992981186900296598e+04 2.791440014448998651e-08
-4.992933600098761235e+04 1.904636325267824512e-12
-4.992920955565582699e+04 1.655233359125938675e-09
-4.992920585692074383e+04 8.190844345913787006e-07
-4.992901376929090475e+04 8.666952879367899179e-11
-4.992855745773157105e+04 2.888029981944124848e-12
-4.992841594740522123e+04 2.375819708770844982e-07
-4.992837542148622015e+04 3.561001596056065395e-09
-4.992778123449242412e+04 4.639240733364232467e-06
-4.992758365091599990e+04 2.324401190066169779e-10
-4.992738915667452238e+04 6.102346052496562391e-14
-4.992732171386633854e+04 1.699321051614040283e-13
-4.992701947784968070e+04 2.088085215767895476e-05
-4.992677365390050545e+04 1.403789312099288024e-09
-4.992620552556034090e+04 1.593934159443983273e-10
-4.992619330548238941e+04 1.635866472641669114e-10
-4.992613208533613215e+04 3.621520026102649645e-12
-4.992581159191694314e+04 4.390849570614014967e-10
-4.992560596720171452e+04 1.721070013542580837e-02
-4.992552081963606906e+04 2.488538676513734175e-10
-4.992533249876476475e+04 3.727933855010763577e-07
-4.992504517371504335e+04 3.757327855649905208e-10
-4.992480307814222033e+04 7.744016760291641823e-08
-4.992451701256950764e+04 1.294187062985710167e-10
-4.992414462145161815e+04 1.947459883626063785e-12
-4.992396611349600425e+04 7.690475887291105619e-08
-4.992394865293939802e+04 4.435268204238056367e-07
-4.992382864773371693e+04 2.728204141443085736e-10
-4.992339647077851259e+04 1.472040947494345915e-05
-4.992324956313925213e+04 3.507340542557009412e-11
-4.992307524447560718e+04 7.273816213291822876e-11
-4.992305577338526928e+04 1.058522329026256651e-09
-4.992279493291270046e+04 1.140374066503865205e-12
-4.992255163416652795e+04 1.094679023808023891e-05
-4.992223815140401712e+04 1.975865330186547966e-08
-4.992179855105906609e+04 5.321674728198542928e-16
-4.992167900315378211e+04 7.286732967858028955e-09
-4.992127325393402134e+04 2.223062716487484214e-11
-4.992114423493423237e+04 1.254722088066771160e-04
-4.992094835506169329e+04 2.887804165470199202e-11
-4.992075993322858994e+04 5.524206156935635212e-07
-4.992056174796610867e+04 1.171992347157296101e-08
-4.992026242872862349e+04 1.235723896960138899e-06
-4.991994632049233041e+04 1.434299614774213579e-07
-4.991989642463451310e+04 9.815046716024561357e-01
-4.991972520519237878e+04 8.140568111898030850e-10
-4.991941250443697936e+04 2.201972972715894828e-07
-4.991937739321997651e+04 8.833064263659165947e-06
-4.991910459655588784e+04 2.286461311683448541e-11
-4.991884358551695914e+04 5.330186837012401853e-07
-4.991859568973104615e+04 6.932972786426555527e-14
-4.991843520348692255e+04 2.752799316314252159e-10
-4.991793463293033710e+04 1.363648094082875197e-05
-4.991769744559072569e+04 2.572774782686067761e-04
-4.991768043940177449e+04 5.894759486452128492e-12
-4.991762308664101874e+04 4.103222224489074222e-09
-4.991729444029653678e+04 5.485931006740859200e-13
-4.991720014358818298e+04 3.434802999280992297e-11
-4.991704889600395109e+04 1.984871460205676435e-08
-4.991649260907671123e+04 8.828464947558404196e-05
-4.991649075598858326e+04 1.088886885010868399e-05
-4.991608804107747710e+04 2.968458772187102354e-09
-4.991556875759785180e+04 2.770989469238414065e-08
-4.991537292024849739e+04 8.652052908100468472e-07
-4.991530752344528446e+04 9.891919755090643143e-12
-4.991519024475366314e+04 9.810603680387218516e-11
-4.991469165117536613e+04 5.020263262337704059e-09
-4.991433534017243073e+04 9.249709675180740164e-13
-4.991409163070483919e+04 1.654297358608425336e-07
-4.991372659013872908e+04 4.529116530612468424e-13
-4.991371919457772310e+04 1.935324829279372386e-13
-4.991344539658814756e+04 1.553173962079714256e-11
-4.991316651220014319e+04 1.226943723958420803e-07
-4.991302438072754740e+04 3.609804026116746947e-11
-4.991300207393978781e+04 1.063989888180556436e-11
-4.991294730192980205e+04 1.736480773881643449e-07
-4.991255397933393397e+04 6.471983553890722452e-11
-4.991230693673245696e+04 1.918777884375592233e-12
-4.991164435649349616e+04 8.156821946510798955e-07
-4.991157593847254611e+04 4.846718586258861700e-12
-4.991133195547829382e+04 4.105247961081794741e-09
-4.991127504607188894e+04 1.724175911606606242e-10
-4.991120855301682604e+04 6.114611373898127456e-10
-4.991073387517457741e+04 1.044594461374278886e-08
-4.991067886325678410e+04 8.569661593563873556e-10
-4.991063066957775300e+04 1.935109953512012927e-10
-4.991044140147098369e+04 7.891693333038403576e-05
-4.991039475549739291e+04 6.920510751805811121e-10
-4.990989579350813437e+04 1.387635064061843720e-07
-4.990924488693732565e+04 3.472008586735214229e-13
-4.990915504458436044e+04 6.744363295290189858e-11
-4.990891750475615845e+04 7.182574783354328437e-14
-4.990853150265639852e+04 5.794631282963786368e-11
-4.990836763784482901e+04 6.551815732676012029e-09
-4.990825166959728813e+04 8.164450967679685431e-08
-4.990810356822275207e+04 4.547314533465901840e-11
-4.990787224219879135e+04 7.597115261080138216e-08
-4.990745953260536044e+04 5.229002658441092415e-10
-4.990731227941565157e+04 4.059834792130205291e-12
-4.990702057631421485e+04 7.945693779189865694e-12
-4.990663000142813689e+04 1.328075600936514294e-07
-4.990647634695383749e+04 5.696413021413084210e-09
-4.990608137189103581e+04 3.504572955254306551e-12
-4.990583284776822984e+04 7.844957456970141576e-12
-4.990575073934023385e+04 1.326053936442686626e-10
-4.990525499806744483e+04 3.210370313577937691e-08
-4.990520122024761076e+04 2.967671481441936540e-11
-4.990499727083259495e+04 7.029275108769702098e-10
-4.990483006299223052e+04 3.345100851548288807e-14
-4.990421524843966472e+04 6.148598433014714285e-12
-4.990408888154845044e+04 2.629308375455252799e-10
-4.990400617353746202e+04 1.162773009679418374e-10
-4.990323190106633410e+04 6.701654282523004217e-10
-4.990292306657323934e+04 1.147637966746064477e-12
-4.990261745825561957e+04 1.121252158264792945e-11
-4.990249505848187255e+04 4.724051351785970408e-12
-4.990195952614558337e+04 1.178025897661382477e-13
-4.990159050795568328e+04 3.985565724122359304e-10
-4.990144985026717040e+04 1.862605430287332718e-09
-4.990138756179917254e+04 3.219614338810829573e-11
-4.990103940715169301e+04 3.431124492625703810e-15
-4.990069074670043483e+04 2.077770548718752419e-12
-4.990052433032880072e+04 4.421846112142792587e-14
-4.990039971078435337e+04 1.700366471535642567e-11
-4.990004209345699928e+04 4.426356920481817337e-09
-4.989985948599268158e+04 2.611336346019182585e-08
-4.989954344378993846e+04 1.036771930495176222e-11
-4.989912356807808101e+04 2.952999374295272467e-14
-4.989907325725349074e+04 2.081518889162377543e-14
-4.989883258841041243e+04 5.220684666345747845e-13
-4.989866320575147256e+04 7.645420510357617669e-15
-4.989811901269014197e+04 1.496838788969925849e-10
-4.989809343595546670e+04 1.690510100017750797e-10
-4.989779571994883008e+04 4.642328049974948863e-12
-4.989755400043893314e+04 1.520208021928822691e-12
-4.989741594161948888e+04 1.119334674995372464e-12
-4.989714566477545304e+04 4.860614520819456662e-11
-4.989655489000819944e+04 2.916922616693691351e-12
-4.989618688613411359e+04 1.395626097114754748e-10
-4.989568656478107732e+04 2.359852791180464688e-13
-4.989554152921981586e+04 5.459289319384310271e-13
-4.989541553417219984e+04 2.558141690424096398e-13
-4.989498436386242247e+04 5.061246641099116306e-12
-4.989489385445222433e+04 1.345147640279192515e-14
-4.989441090461565909e+04 7.856407357197880170e-11
-4.989434850700496463e+04 1.025248752071254745e-11
-4.989407214877352089e+04 3.222469153261996085e-15
-4.989352461926833348e+04 5.585364243438235474e-13
-4.989329394670114561e+04 1.668627444160479045e-14
-4.989291093393200572e+04 4.887871649681178819e-12
-4.989258781778853154e+04 2.296812327675713716e-14
-4.989241848325710453e+04 7.616997376346787709e-15
-4.989223507309050910e+04 1.338919928090619060e-14
-4.989195183591409295e+04 1.455821208525242768e-16
-4.989163897809988703e+04 1.236809983646810089e-14
-4.989085338831249101e+04 5.464126832074958828e-12
-4.989049680459142110e+04 1.313744085241885685e-13
-4.989031164523186453e+04 2.562780929018007440e-15
-4.988983460645122977e+04 7.479955956266206263e-15
-4.988981135127879679e+04 4.801987297100398259e-14
-4.988887142360086000e+04 1.478965006138694057e-11
-4.988846777381653374e+04 4.378558734180047152e-13
-4.988826561240207957e+04 4.476689252927453268e-15
-4.988816450058434566e+04 1.440596517015993776e-14
-4.988793776232708478e+04 1.450972745050111631e-13
-4.988792330978020618e+04 1.406063873698659854e-15
-4.988756300018213369e+04 6.973277450945123412e-13
-4.988728670041140140e+04 1.074955058957016934e-13
-4.988720641013777640e+04 2.674049915784644789e-16
-4.988612169178115437e+04 2.252186035237826045e-14
-4.988600066094729118e+04 1.440192039142193782e-14
-4.988573832134457189e+04 2.068848414130970781e-16
-4.988550044554070337e+04 1.919987518574378597e-20
-4.988543077152148180e+04 1.029382076906324775e-13
-4.988509956374453759e+04 2.423327332300159112e-16
-4.988492949353605945e+04 1.221959869319292580e-14
-4.988477740004845691e+04 7.496762065523499520e-16
-4.988439984216200537e+04 5.949602782905689247e-15
-4.988330208487802884e+04 1.270369886159075002e-13
-4.988272453604832117e+04 7.305736595544831012e-16
-4.988251396670824033e+04 8.728394931073207378e-18
-4.988240464907194109e+04 1.040225379301815488e-14
-4.988232755585665291e+04 1.996624562690449538e-14
-4.988186074271763937e+04 4.970738204439926423e-15
-4.988177017328488728e+04 1.618847277744608968e-16
-4.988137046292099694e+04 1.175804288171989449e-16
-4.988052617163808463e+04 7.037810846863657870e-17
-4.988016051919449819e+04 2.064823842140542110e-15
-4.988003925744273147e+04 4.033664744125550928e-15
-4.987971792270930746e+04 9.087650696544509915e-16
-4.987969687342524412e+04 4.360611870710698329e-15
-4.987926076281382120e+04 2.931441372668433466e-18
-4.987900183543768071e+04 8.093418470007363467e-21
-4.987807076640270679e+04 5.237117785129116112e-17
-4.987773220182827936e+04 6.490234443981546396e-15
-4.987749171307508368e+04 8.148722475137779975e-19
-4.987701115985323122e+04 7.140890523223727139e-17
-4.987677930418911274e+04 2.666923033118478982e-15
-4.987537184628645628e+04 4.371907887192756280e-18
-4.987529598915260431e+04 1.210557598079959848e-18
-4.987497629176711052e+04 1.330252095245057429e-17
-4.987468492724373209e+04 1.969867103951886999e-17
-4.987428727813440491e+04 3.794602294653221357e-17
-4.987425823264283099e+04 4.978400770961679426e-18
-4.987416568200816982e+04 6.057110968998987404e-18
-4.987402140517709631e+04 1.491757809009423842e-17
-4.987273507790815347e+04 5.509463212926439962e-22
-4.987219617607985128e+04 1.277404565511322224e-17
-4.987205527431538940e+04 1.111072326841954471e-16
-4.987197595862560411e+04 1.514437038868891350e-17
-4.987168364252614265e+04 1.079749044131408801e-20
-4.987162698962372087e+04 3.125079610493967222e-20
-4.987148218013693258e+04 3.267624324929292541e-19
-4.987098351624432689e+04 9.172718100189844140e-17
-4.986933279371129174e+04 5.784714492520631101e-20
-4.986914736007123429e+04 4.383877217092728466e-21
-4.986887048335472355e+04 2.060205745218493177e-17
-4.986820455553276406e+04 7.782589213504734915e-19
-4.986817229768725520e+04 1.014831716266493937e-18
-4.986802957599566435e+04 2.708242657972564226e-24
-4.986699667969009170e+04 5.840714084306691183e-19
-4.986668495001917472e+04 1.693239121197337931e-19
-4.986610173479903460e+04 7.199168047753851534e-20
-4.986569127780358394e+04 3.923751309338435632e-18
-4.986550748691131594e+04 3.241136809905296248e-20
-4.986541092261597805e+04 6.130698061533700078e-21
-4.986454069417691790e+04 2.348645919937035134e-20
-4.986447998116943199e+04 5.866224669617068622e-20
-4.986393855030661507e+04 5.727575176190844394e-22
-4.986317188635427010e+04 4.387751884992038480e-21
-4.986287652397702914e+04 2.381453122786672909e-20
-4.986179548471144517e+04 0.000000000000000000e+00
-4.986158475459253532e+04 2.072027264593676355e-20
-4.986092001622163662e+04 2.487086461308804935e-21
-4.986036217074660090e+04 1.292817784835426869e-22
-4.985993061714138457e+04 2.657588657331158542e-19
-4.985951127543319308e+04 5.967594125981669456e-22
-4.985938439433554595e+04 1.017811516755836597e-21
-4.985887328325220005e+04 3.044727612217072545e-22
-4.985818833566898684e+04 3.677160978739342309e-22
-4.985762363953292515e+04 4.650563549599048922e-21
-4.985736819612344698e+04 3.159035868026573879e-20
-4.985705132230711752e+04 4.772594086528248411e-22
-4.985680136786439834e+04 0.000000000000000000e+00
-4.985666297095650953e+04 3.850626379057408485e-24
-4.985482549343313440e+04 1.681097189583904402e-21
-4.985474277236024500e+04 4.688035328971739275e-22
-4.985451276257522113e+04 1.795868596247824885e-22
-4.985395787001090503e+04 6.109523957679396393e-22
-4.985300916551038972e+04 2.066720875461052109e-23
-4.985203695309347677e+04 2.271546969180766039e-24
-4.985193133805692196e+04 1.518554817632729048e-23
-4.985119089729806728e+04 7.715622210302890738e-24
-4.985078262105496106e+04 1.667178993901465464e-23
-4.985020889028053352e+04 1.471015377535714658e-24
-4.984987558851479844e+04 1.678454736101398432e-23
-4.984922880042817997e+04 1.835046347387084000e-24
-4.984830704122418683e+04 2.901660017364764421e-22
-4.984779976615264604e+04 1.756311844336642378e-24
-4.984715238020956167e+04 0.000000000000000000e+00
-4.984634558657587331e+04 7.631911869500798080e-23
-4.984577419102663407e+04 2.861677420958383774e-24
-4.984543266649306315e+04 1.490854861451222805e-24
-4.984370078071343596e+04 0.000000000000000000e+00
-4.984348541671592102e+04 0.000000000000000000e+00
-4.984322130213154014e+04 0.000000000000000000e+00
-4.984289490158437548e+04 0.000000000000000000e+00
-4.984277638351268251e+04 0.000000000000000000e+00
-4.984190105260345445e+04 0.000000000000000000e+00
-4.984070797254618810e+04 0.000000000000000000e+00
-4.984034232696532126e+04 0.000000000000000000e+00
-4.983991106272013712e+04 0.000000000000000000e+00
-4.983897798548005085e+04 0.000000000000000000e+00
-4.983867952687770594e+04 0.000000000000000000e+00
-4.983772308168904419e+04 0.000000000000000000e+00
-4.983587628728786513e+04 0.000000000000000000e+00
-4.983569463777921919e+04 0.000000000000000000e+00
-4.983545031280297553e+04 0.000000000000000000e+00
-4.983481180422064062e+04 0.000000000000000000e+00
-4.983294494035422395e+04 0.000000000000000000e+00
-4.983247868886166543e+04 0.000000000000000000e+00
-4.983196369276066252e+04 0.000000000000000000e+00
-4.983106104785815842e+04 0.000000000000000000e+00
-4.982898417457295727e+04 0.000000000000000000e+00
-4.982809420092989603e+04 0.000000000000000000e+00
-4.982762081988767022e+04 0.000000000000000000e+00
-4.982636985374467622e+04 0.000000000000000000e+00
-4.982556090135106933e+04 0.000000000000000000e+00
-4.982473877836477186e+04 0.000000000000000000e+00
-4.982451931334222900e+04 0.000000000000000000e+00
-4.982330517524348397e+04 0.000000000000000000e+00
-4.982267958641994483e+04 0.000000000000000000e+00
-4.982254415796738613e+04 0.000000000000000000e+00
-4.982147664708474622e+04 0.000000000000000000e+00
-4.981964044832580112e+04 0.000000000000000000e+00
-4.981888475381221360e+04 0.000000000000000000e+00
-4.981708384009561996e+04 0.000000000000000000e+00
-4.981578216388504370e+04 0.000000000000000000e+00
-4.981510246025243396e+04 0.000000000000000000e+00
-4.981398790938807360e+04 0.000000000000000000e+00
-4.981197781428355665e+04 0.000000000000000000e+00
-4.981068393459831714e+04 0.000000000000000000e+00
-4.980758434616535669e+04 0.000000000000000000e+00
-4.980724326277684304e+04 0.000000000000000000e+00
-4.980513013983501151e+04 0.000000000000000000e+00
-4.980420954251367220e+04 0.000000000000000000e+00
-4.980408386939321645e+04 0.000000000000000000e+00
-4.980193674172779720e+04 0.000000000000000000e+00
-4.980093722792387416e+04 0.000000000000000000e+00
-4.979806573088558798e+04 0.000000000000000000e+00
-4.979730116874912346e+04 0.000000000000000000e+00
-4.979484081104379584e+04 0.000000000000000000e+00
-4.979404313631164405e+04 0.000000000000000000e+00
-4.978316764406523725e+04 0.000000000000000000e+00
-4.978268892897226033e+04 0.000000000000000000e+00
-4.977980872945058218e+04 0.000000000000000000e+00
-4.977933334083581576e+04 0.000000000000000000e+00
4.993995208793148049e+04 0.000000000000000000e+00
4.994184189232585049e+04 0.000000000000000000e+00
4.994197902378390427e+04 0.000000000000000000e+00
4.994199608511243423e+04 0.000000000000000000e+00
4.994278582942053617e+04 0.000000000000000000e+00
4.994280227965894301e+04 0.000000000000000000e+00
4.994353888570899289e+04 0.000000000000000000e+00
4.994502990362231503e+04 0.000000000000000000e+00
4.994630395194116863e+04 0.000000000000000000e+00
4.994691670834296383e+04 0.000000000000000000e+00
4.994693493794473761e+04 0.000000000000000000e+00
4.994736500029830495e+04 0.000000000000000000e+00
4.994754395792725700e+04 0.000000000000000000e+00
4.994757681713077181e+04 0.000000000000000000e+00
4.994821690283015778e+04 0.000000000000000000e+00
4.994876270766003290e+04 0.000000000000000000e+00
4.994923753750631295e+04 0.000000000000000000e+00
4.994955312155150750e+04 0.000000000000000000e+00
4.995001721242590429e+04 0.000000000000000000e+00
4.995007502916786325e+04 0.000000000000000000e+00
4.995037369283128646e+04 0.000000000000000000e+00
4.995107925199391320e+04 0.000000000000000000e+00
4.995151850797193765e+04 0.000000000000000000e+00
4.995218188314135477e+04 0.000000000000000000e+00
4.995236350672406843e+04 0.000000000000000000e+00
4.995285222942833934e+04 0.000000000000000000e+00
4.995382856177797657e+04 0.000000000000000000e+00
4.995429296987751150e+04 0.000000000000000000e+00
4.995438994314272713e+04 0.000000000000000000e+00
4.995551950942674011e+04 0.000000000000000000e+00
4.995610040018709697e+04 0.000000000000000000e+00
4.995632399613561574e+04 0.000000000000000000e+00
4.995746997397120140e+04 0.000000000000000000e+00
4.995811907537922525e+04 0.000000000000000000e+00
4.995828990616374358e+04 0.000000000000000000e+00
4.995965033296387264e+04 0.000000000000000000e+00
4.995999710447786492e+04 0.000000000000000000e+00
4.996007447364387917e+04 0.000000000000000000e+00
4.996056461558987939e+04 0.000000000000000000e+00
4.996176421894181112e+04 0.000000000000000000e+00
4.996222176584415138e+04 0.000000000000000000e+00
4.996244274339579715e+04 0.000000000000000000e+00
4.996275185309359222e+04 0.000000000000000000e+00
4.996397700213475036e+04 0.000000000000000000e+00
4.996436071547955362e+04 0.000000000000000000e+00
4.996467053999414202e+04 0.000000000000000000e+00
4.996553789895747468e+04 0.000000000000000000e+00
4.996576845041866181e+04 0.000000000000000000e+00
4.996648663000510714e+04 0.000000000000000000e+00
4.996722722373081342e+04 2.041265986545531539e-24
4.996780492310415866e+04 0.000000000000000000e+00
4.996857151063106721e+04 0.000000000000000000e+00
4.996875604582575033e+04 0.000000000000000000e+00
4.996895032578096288e+04 0.000000000000000000e+00
4.997007532372880087e+04 0.000000000000000000e+00
4.997014199166221078e+04 0.000000000000000000e+00
4.997070545844252047e+04 3.416071188631483180e-24
4.997089027067019924e+04 0.000000000000000000e+00
4.997194601897097891e+04 1.253053625193934439e-24
4.997205710928607732e+04 0.000000000000000000e+00
4.997222680239954207e+04 0.000000000000000000e+00
4.997276677340652532e+04 0.000000000000000000e+00
4.997304821076453663e+04 0.000000000000000000e+00
4.997336347852981999e+04 0.000000000000000000e+00
4.997424103738676058e+04 1.006806411746859739e-24
4.997437668622682395e+04 0.000000000000000000e+00
4.997480167144105508e+04 4.653379089762091025e-24
4.997511947558551765e+04 0.000000000000000000e+00
4.997563293279119534e+04 0.000000000000000000e+00
4.997580622887749632e+04 0.000000000000000000e+00
4.997620756805369456e+04 0.000000000000000000e+00
4.997638253296853509e+04 0.000000000000000000e+00
4.997652431487444846e+04 5.858360874692310349e-24
4.997675344980892260e+04 0.000000000000000000e+00
4.997682227722403331e+04 0.000000000000000000e+00
4.997698416333347268e+04 0.000000000000000000e+00
4.997723916729433404e+04 0.000000000000000000e+00
4.997787632854803087e+04 0.000000000000000000e+00
4.997835186110626819e+04 1.049096014946476621e-23
4.997866375410447654e+04 0.000000000000000000e+00
4.997873066202978225e+04 1.877753612122885244e-23
4.997893154683838657e+04 1.271606171585905854e-23
4.997948648956064426e+04 5.684135936843250450e-24
4.998007541259981372e+04 0.000000000000000000e+00
4.998038888464970660e+04 0.000000000000000000e+00
4.998057722315150022e+04 0.000000000000000000e+00
4.998079564608743385e+04 0.000000000000000000e+00
4.998112014305432967e+04 1.095034576905903094e-24
4.998130458685113263e+04 0.000000000000000000e+00
4.998193267206351447e+04 2.552087339742620418e-23
4.998222736619738862e+04 1.045833785189037876e-24
4.998242056754168880e+04 8.739971907037765516e-23
4.998263828647338232e+04 1.700870234462008177e-23
4.998292616332033504e+04 1.519349737341304846e-24
4.998350663683500170e+04 1.941290326500404284e-23
4.998403529501781304e+04 0.000000000000000000e+00
4.998437313882090530e+04 2.193183493793743086e-24
4.998437985535689222e+04 0.000000000000000000e+00
4.998492206078067102e+04 1.421537926038226755e-22
4.998505862917745253e+04 5.185919350412093590e-22
4.998595372759766906e+04 7.718078362027821249e-23
4.998653018031166721e+04 1.022780953980619024e-22
4.998660206545599794e+04 1.531921968454540262e-24
4.998691667784391029e+04 0.000000000000000000e+00
4.998712322844346636e+04 0.000000000000000000e+00
4.998753782553310157e+04 2.610268847644824822e-23
4.998789636546758265e+04 0.000000000000000000e+00
4.998804802745650522e+04 1.436309229412784272e-24
4.998868003296529059e+04 3.187601192809887129e-24
4.998915542578932946e+04 6.913514684913530456e-22
4.998947144183525234e+04 3.101381736305240187e-22
4.998952609481832042e+04 5.336123588157802282e-24
4.999007542216040747e+04 0.000000000000000000e+00
4.999054387277837668e+04 1.653722667037909887e-23
4.999082788954779244e+04 3.912982705268094932e-21
4.999090693183167605e+04 5.344520687557353707e-24
4.999116772741983732e+04 1.890327960798732875e-23
4.999188002907741611e+04 0.000000000000000000e+00
4.999218991857401124e+04 3.770903573412638894e-23
4.999222744566768233e+04 4.234508795180411719e-22
4.999282913016019302e+04 7.186858447272497055e-22
4.999297157066477666e+04 0.000000000000000000e+00
4.999332547453694860e+04 2.496873047042725889e-21
4.999362243118288461e+04 6.604404827141043114e-23
4.999437943006648129e+04 5.453054648931303218e-24
4.999486466496292996e+04 4.565048697170012822e-23
4.999498497706800845e+04 3.764926949684247699e-22
4.999510819568276929e+04 7.707926047157585444e-22
4.999511063791318156e+04 4.808973161400166255e-22
4.999593787143452937e+04 5.139928890334226680e-23
4.999628401961925556e+04 3.759697778073433741e-24
4.999653130075092486e+04 9.231850113537911387e-21
4.999667170930227439e+04 6.128573256882376213e-23
4.999690653245932481e+04 2.528224930286326178e-21
4.999724120472558570e+04 1.409124393589607127e-22
4.999751019992242800e+04 1.747428186746568968e-22
4.999798019434364687e+04 1.066700743723056822e-21
4.999824710920383950e+04 6.380208733580222086e-24
4.999868289860852383e+04 1.569858560007559046e-23
4.999908123172567866e+04 1.127484865740743028e-22
4.999931247506904037e+04 1.985871685896990751e-21
4.999936226206159336e+04 5.747940110127157058e-20
5.000005233335529920e+04 3.482861859646494731e-23
5.000007542315169121e+04 0.000000000000000000e+00
5.000055207487772714e+04 0.000000000000000000e+00
5.000083370158898470e+04 4.316962895977244521e-21
5.000085175061200425e+04 4.728233382026634616e-21
5.000117832284433825e+04 1.253779431650958512e-21
5.000146956215507089e+04 0.000000000000000000e+00
5.000155098742554401e+04 1.045379061675813848e-21
5.000222745532631961e+04 1.429147609058236173e-21
5.000239642193546024e+04 6.019095259146306925e-23
5.000246305487589416e+04 1.932313980372500502e-23
5.000298349586017866e+04 7.420249393975435696e-22
5.000307498803102499e+04 9.776640448346809037e-23
5.000330116251813888e+04 2.012919470865861546e-22
5.000355689323796105e+04 3.779560345626284746e-20
5.000381094400431903e+04 3.859345946362617128e-21
5.000393720382524771e+04 9.091222804233407851e-23
5.000432617599250807e+04 7.433742891403592285e-23
5.000437948195576610e+04 1.628147879872622942e-22
5.000509234827582986e+04 3.377262420494970556e-21
5.000513227784151968e+04 6.634509364177715721e-19
5.000546583971555810e+04 6.225315819128234270e-23
5.000563688588889636e+04 8.202703478347697108e-22
5.000629830903607944e+04 1.047382148887314199e-23
5.000634762212956412e+04 1.298606793000578065e-21
5.000653148990055342e+04 2.665899127377418333e-19
5.000696283817826043e+04 5.319786751932280154e-23
5.000727772743725654e+04 2.123213253162543395e-22
5.000766656252384564e+04 1.235516043422767188e-19
5.000775692104043264e+04 5.907195605904612628e-22
5.000794610011952318e+04 6.773003397829383759e-21
5.000813658485328779e+04 6.996494917459826811e-21
5.000868344201892614e+04 3.129577238596601819e-21
5.000907492192603968e+04 1.028198580531410726e-21
5.000930475768987526e+04 6.047966206988356529e-23
5.000941929344135133e+04 1.718916784624072300e-19
5.000960400728644163e+04 1.491840933904659587e-22
5.000990420700074901e+04 3.519265509918899026e-22
5.001007542325604300e+04 3.129456387291272223e-22
5.001058557332532655e+04 2.499241874148033955e-23
5.001066401301727456e+04 5.829836084412433127e-24
5.001083526082216122e+04 4.535132662598253498e-18
5.001117697611092444e+04 3.723619506103829046e-21
5.001155062107057893e+04 7.996010801302303449e-21
5.001175838635004766e+04 4.829999680719991595e-21
5.001179899083083728e+04 2.005825202836988913e-22
5.001193242378377181e+04 2.508292786355172408e-21
5.001222745650453726e+04 1.232928437111988948e-18
5.001294030553007906e+04 1.206171987900369087e-20
5.001298677801093436e+04 4.698848880920237411e-21
5.001320205992048432e+04 5.726875320267366667e-22
5.001368399129320460e+04 2.549036987673522305e-18
5.001375905543757835e+04 2.052649508506822653e-21
5.001437948897842580e+04 6.482498458266748335e-21
5.001471948718799104e+04 1.960569318297294766e-24
5.001480951943683613e+04 0.000000000000000000e+00
5.001513789780350635e+04 1.653438793169857325e-21
5.001561656612101069e+04 7.396847373056590105e-20
5.001579387659285567e+04 3.772889298767270022e-21
5.001595448174772173e+04 3.624479126378843535e-21
5.001615067260302021e+04 8.656012695050660394e-22
5.001653151840213104e+04 1.271271369909841959e-17
5.001682373801003996e+04 1.071562974501110060e-22
5.001728819796431344e+04 6.546897347213810039e-20
5.001743105905899574e+04 2.009752086365356522e-21
5.001762410370924772e+04 2.391096024896679050e-21
5.001785246371045650e+04 8.250291743672466855e-20
5.001814334601315932e+04 6.967030003525541127e-20
5.001823903706202691e+04 9.231376670305259349e-22
5.001868353804316575e+04 5.370127130649691422e-20
5.001916778913693270e+04 1.269140170915728069e-20
5.001938251364219468e+04 1.270396079406745381e-21
5.001943693621933198e+04 3.928852287520826732e-17
5.001951108905178262e+04 1.517847641578483978e-20
5.002000809590364952e+04 7.579358324869288767e-21
5.002007542326684052e+04 9.227727894129977608e-22
5.002083552940021764e+04 2.378875016042986947e-17
5.002085688013573235e+04 3.933045686822644005e-21
5.002093247646016971e+04 4.844570206713972118e-22
5.002158252382665523e+04 7.043343988060499061e-20
5.002160279331824131e+04 5.376752062061821051e-21
5.002207771439995850e+04 1.620253385486089386e-18
5.002222745664609101e+04 1.213462843996946706e-18
5.002231698726137256e+04 2.062393370780134906e-20
5.002235963643237483e+04 1.189345057993426316e-20
5.002262197659634694e+04 4.731003990676626641e-22
5.002298746709946863e+04 3.883181376440651944e-19
5.002306056884620921e+04 2.116058941267212589e-21
5.002367184873796214e+04 2.404598668737751598e-20
5.002373798162627645e+04 4.144759647930231655e-19
5.002397895550506655e+04 8.502330765475314583e-21
5.002413817598154128e+04 2.162519036673410781e-20
5.002437948993320606e+04 3.590628031024179343e-19
5.002440091535013926e+04 2.603530022973797535e-22
5.002513927220211190e+04 4.636154225389615085e-16
5.002519509748469864e+04 2.853600157821064566e-23
5.002563378916566580e+04 1.641446771354743491e-21
5.002581318250468030e+04 6.217244858540002255e-20
5.002588783673010039e+04 4.872407708309070522e-20
5.002618023360214283e+04 6.137610419776944767e-19
5.002653152286539262e+04 5.836801337511204053e-16
5.002663307603412250e+04 2.034186247805295002e-21
5.002687568894903234e+04 3.321632948452576019e-20
5.002703835109059582e+04 1.124884364310618065e-20
5.002729084890207014e+04 1.066808496940518215e-18
5.002783308723982918e+04 3.299421238280322601e-19
5.002800448666788725e+04 3.275671248750671897e-17
5.002806318123059464e+04 5.543096554402932756e-19
5.002824229719428695e+04 1.164304880620894391e-22
5.002868355453407275e+04 1.665628277143021544e-18
5.002892364310044650e+04 1.559976844836565388e-21
5.002943762834816152e+04 2.005284191728375724e-19
5.002944199429298169e+04 8.815945328843919668e-18
5.003006187110031169e+04 1.134234833422457820e-19
5.003007542326989642e+04 8.579392628639755594e-19
5.003013074034480815e+04 2.540313876353649530e-19
5.003015874452167191e+04 2.483576280339786860e-22
5.003056877628321672e+04 3.282862792558930483e-20
5.003083558277523116e+04 3.652535514268846641e-15
5.003125567753585347e+04 3.518102007105479404e-22
5.003147903810137359e+04 1.438924192164483650e-21
5.003159264121630986e+04 9.274487779555108730e-19
5.003194598890397901e+04 3.450280386480898285e-22
5.003220894110955851e+04 1.055067274022776559e-19
5.003222745669379947e+04 3.289024656299431303e-15
5.003224830207870400e+04 7.797609032254830152e-18
5.003272868115703022e+04 1.680028744355142995e-19
5.003298760290620703e+04 1.183567429346409885e-17
5.003356287957035966e+04 6.722706029016637081e-21
5.003367912113267812e+04 3.101631301446264198e-21
5.003374181775750185e+04 6.119594840047303675e-16
5.003405315773083566e+04 7.914649070266600213e-20
5.003435853882452648e+04 8.206745339818078175e-20
5.003437949037575891e+04 4.375704448885643504e-18
5.003465419631831173e+04 1.375382252443149069e-21
5.003506931802741747e+04 1.586109928240269677e-20
5.003513960710191168e+04 1.303540992790905569e-15
5.003524181957814289e+04 1.529946187640898808e-21
5.003588945963916194e+04 4.016032056888862709e-18
5.003599649441489601e+04 5.752295328723306110e-21
5.003608596416817454e+04 6.114791642044412840e-20
5.003645535888415907e+04 1.262221066881821821e-18
5.003653152564903576e+04 1.264795890118508042e-14
5.003671180858223670e+04 1.226075640569894082e-19
5.003703503074767650e+04 4.743269446070063039e-21
5.003729159179080307e+04 6.057819228581505520e-18
5.003742906211378431e+04 1.423619381159997913e-21
5.003782652596359549e+04 1.449456903254576571e-19
5.003803356651947252e+04 1.474194281242336628e-16
5.003837230131704564e+04 6.974705178135646953e-19
5.003852294446274027e+04 2.042201135845660182e-20
5.003868356778588350e+04 9.661218531347353523e-17
5.003885731498006498e+04 1.956942696417809132e-21
5.003907797696879425e+04 6.404592443953397913e-22
5.003944354072531860e+04 9.838517689701590482e-15
5.003980326578344830e+04 7.037054992442955413e-23
5.004007542339533393e+04 5.958700202709561161e-19
5.004017662142333575e+04 9.171302934917890976e-19
5.004030019747155893e+04 5.762258528554233028e-20
5.004047730067312659e+04 1.709369305271000420e-19
5.004069271417462005e+04 9.931039902979285315e-20
5.004083563242204400e+04 4.885491227678507675e-14
5.004142383648231043e+04 3.098974330463382889e-20
5.004159546180631878e+04 5.927774403743976087e-17
5.004194017293591605e+04 4.968366667985788653e-20
5.004222745815707458e+04 1.720050254010946922e-16
5.004232031992488191e+04 1.185984105746335456e-17
5.004246342500604806e+04 1.590843665243348983e-20
5.004277002271945821e+04 2.692040855960998551e-22
5.004298775755399402e+04 2.536374790497975778e-17
5.004338951612737583e+04 6.087354816372751825e-22
5.004374740592788294e+04 3.285626843094193977e-15
5.004402824103734019e+04 3.971413169561722604e-20
5.004413696339492162e+04 7.325299861378126831e-20
5.004437949885152193e+04 5.672830584706934049e-16
5.004445653065825900e+04 1.082721320179225363e-19
5.004462137998514663e+04 1.517988958509157770e-20
5.004495811634331039e+04 1.256012630875032684e-19
5.004514002552273450e+04 1.333151488370032526e-13
5.004535624801028462e+04 1.029322941121820201e-22
5.004568603025037737e+04 1.041066816434861223e-21
5.004589947630326060e+04 1.581896682421679124e-17
5.004646560932580906e+04 8.648666091748591787e-21
5.004653156037389272e+04 9.458481870626741110e-13
5.004658611737193860e+04 4.034652651177516378e-18
5.004675839176443696e+04 6.035992290507266470e-22
5.004685572495510132e+04 8.966816522185991177e-23
5.004729259831641684e+04 7.837077530570977906e-16
5.004737224562124902e+04 3.422956333979458837e-20
5.004792096491240954e+04 3.102422207629979058e-20
5.004804845735922572e+04 9.883857871636489805e-17
5.004805915552603983e+04 4.430966819104061581e-17
5.004855760808390187e+04 3.176953500007840469e-21
5.004865231207374018e+04 1.764273939922437370e-21
5.004868368914088933e+04 6.084021226489055059e-17
5.004871742312638526e+04 8.096369249201156994e-21
5.004902381685868022e+04 1.072644981681405354e-19
5.004944578719030687e+04 7.660570507812738130e-14
5.004962061760542565e+04 7.290544884461430801e-19
5.005006560685947625e+04 9.348563752143244863e-20
5.005007542498096154e+04 2.014715118064537874e-15
5.005020493188306864e+04 1.030037386085207062e-18
5.005059354573236487e+04 1.255334248825382640e-21
5.005074437113078602e+04 2.970597122135935504e-21
5.005083602056415839e+04 1.327475582621125766e-12
5.005084068562737230e+04 2.266638921708232423e-16
5.005160012020412250e+04 2.804445302421680708e-16
5.005188129485399259e+04 1.524240700485853430e-20
5.005213162721670233e+04 2.065587903429007202e-19
5.005222748157348542e+04 7.530670608451945508e-12
5.005236049839465704e+04 4.388002802040835175e-17
5.005265533404619055e+04 6.711963704903232308e-21
5.005294828339490778e+04 2.248754974528984793e-20
5.005298888999846531e+04 8.781153460594105822e-15
5.005303684690126829e+04 8.350550648052472179e-21
5.005352828823951131e+04 4.965201626950240114e-20
5.005375645027269638e+04 1.723069273845834515e-15
5.005437966820815927e+04 2.253896853734756521e-16
5.005448415147119522e+04 2.721662199853568115e-21
5.005451828829044098e+04 3.283278601558394736e-20
5.005455847353892023e+04 8.850672796959292477e-21
5.005485442197170778e+04 3.556453091742712387e-22
5.005507801922026556e+04 4.515750374343396592e-19
5.005514296812769317e+04 1.815532578835345404e-12
5.005550386082082696e+04 9.931245921625785453e-22
5.005591602907264314e+04 1.245766543349739275e-17
5.005617262892403960e+04 2.253050740154652108e-21
5.005653232316982758e+04 6.198067563568816579e-12
5.005665709461268125e+04 5.350403449569380613e-18
5.005672614968191920e+04 8.128159206411681227e-19
5.005707483659809077e+04 1.889660138956196572e-20
5.005717048481681559e+04 1.052487259886920899e-21
5.005729311383380991e+04 1.009589497751988441e-17
5.005729943401095807e+04 4.938971671664636495e-15
5.005808055643810076e+04 6.697918102030718804e-16
5.005823583921400859e+04 1.519647552803669762e-24
5.005868614575757238e+04 7.680345213116817685e-14
5.005874375135148148e+04 4.225465987016903504e-21
5.005882481502230803e+04 2.455245573242553004e-20
5.005888259341712546e+04 1.192015878919208601e-20
5.005927610885012109e+04 9.471777789852633181e-19
5.005946002839636640e+04 2.027482070715239499e-14
5.005974419585656142e+04 1.401414508346942586e-21
5.006003357660377515e+04 2.171041128571973958e-20
5.006007550030852872e+04 2.126110762546638589e-17
5.006025209685482696e+04 4.512361693483477740e-20
5.006050321251074638e+04 5.409689757417341065e-21
5.006080614453409362e+04 2.109635877038902626e-18
5.006084231589729461e+04 4.227776345720378808e-11
5.006102086458043050e+04 1.387537301688869900e-16
5.006140770302309829e+04 3.394662346714858079e-21
5.006155745202484832e+04 1.781004193463275064e-19
5.006162722586113523e+04 1.751013557298092460e-16
5.006222796309842670e+04 2.157153674891248421e-12
5.006242336457120837e+04 2.363550414805743362e-18
5.006243285997831117e+04 1.668199513061167061e-16
5.006248826375959470e+04 4.944427924412889634e-19
5.006300270724769507e+04 8.052570221884474727e-14
5.006318364298335655e+04 1.655266077135240371e-19
5.006320894275785395e+04 6.018532832708138537e-19
5.006359636640719691e+04 5.125394672391074856e-18
5.006380391452067124e+04 1.173086793701271709e-14
5.006428371295463148e+04 4.858791599221681568e-21
5.006438139498749661e+04 4.880861231064514814e-13
5.006462540942309715e+04 7.256917119041167354e-19
5.006489077552659001e+04 8.217954172267987274e-20
5.006507423723880493e+04 1.286523405005098737e-20
5.006517008026385884e+04 1.737798972290153376e-13
5.006538823017961113e+04 9.011331893433093215e-19
5.006539238283380837e+04 1.616337050947615915e-19
5.006596493643820577e+04 2.603291246595957486e-23
5.006599362320342334e+04 5.951812103457964970e-18
5.006653781158979109e+04 9.164604072482942779e-10
5.006674759838567115e+04 7.859926740786375512e-18
5.006683079427039047e+04 3.598859833694074198e-15
5.006714660039656883e+04 1.421471545295891814e-18
5.006734808180910477e+04 9.690407008476177669e-16
5.006739345944496745e+04 6.342578648634571907e-19
5.006759951760024705e+04 1.275085821855136672e-19
5.006793149013840593e+04 8.784599088606122547e-18
5.006819896184551180e+04 1.021520549192480622e-14
5.006860446161647269e+04 3.720266930394995717e-19
5.006870216591670032e+04 1.136034504260619654e-12
5.006898985297267791e+04 1.806085836799955871e-19
5.006905753958452260e+04 8.910755249918501848e-18
5.006950913687817956e+04 3.355261407280689323e-18
5.006954104645596090e+04 9.019614545557560712e-14
5.006978577604609018e+04 2.216067813260165817e-18
5.006990984607145947e+04 8.880100661441017903e-21
5.007007778460476402e+04 4.432031933485516344e-12
5.007042342117186490e+04 2.585677730474230777e-17
5.007052137957609375e+04 3.349100786510487339e-21
5.007088172299176949e+04 2.555292033596625238e-12
5.007112670948951563e+04 2.252439618635983807e-21
5.007124028849088791e+04 8.397978182380932204e-18
5.007130805502156727e+04 2.378254336452572626e-16
5.007175330744100938e+04 1.907872987050306286e-17
5.007185577261456638e+04 2.734749796466222204e-17
5.007201407557402126e+04 2.746574087954538037e-17
5.007224295515235281e+04 1.622009305149420553e-08
5.007266914761729277e+04 5.833455804392400456e-14
5.007307192492928152e+04 2.690755265752601263e-17
5.007308455787083221e+04 2.038837984727995575e-14
5.007314681595705042e+04 4.722720509241099826e-18
5.007355969589300366e+04 4.264865634046527011e-18
5.007398871355842857e+04 8.173189820220794104e-14
5.007421380860574573e+04 2.186970624471017440e-16
5.007432486708382203e+04 1.058870051806029893e-17
5.007443479589018534e+04 9.588168931775836773e-12
5.007466916445683455e+04 6.555174768024248899e-19
5.007493784397271520e+04 1.494356643856407576e-16
5.007496634237503167e+04 3.932077951066273174e-20
5.007531780682796671e+04 9.495386090154409011e-13
5.007546002796047105e+04 1.644344088166605477e-20
5.007583319927776756e+04 5.854895003070583541e-16
5.007625020866328123e+04 4.224014053907491978e-16
5.007631784097028867e+04 1.015646091326807072e-18
5.007646532366299652e+04 2.383003588876215953e-18
5.007663041401515511e+04 4.513099353286127111e-18
5.007666089480646770e+04 1.285587349252500562e-13
5.007723019595543883e+04 2.861697526544744259e-15
5.007724593720287521e+04 3.625343097171840314e-17
5.007743077282141894e+04 7.704507127572900556e-18
5.007758649431108643e+04 5.470141480526262429e-15
5.007776421313834726e+04 5.542033897982045454e-19
5.007812833989467617e+04 6.314103839815670804e-18
5.007853937151649006e+04 1.908136279417501636e-14
5.007864888674114627e+04 1.735170247626861609e-16
5.007892964347842644e+04 1.858232623661622754e-14
5.007920650401536841e+04 3.311805188355541648e-18
5.007954627675160737e+04 5.555584770845272763e-17
5.007957574446985382e+04 3.230603988183332358e-18
5.007989329416786495e+04 5.230973047126632459e-13
5.007995993525629456e+04 1.237391686014716368e-17
5.008010792175477400e+04 2.700539601540561583e-12
5.008043700913067005e+04 3.298296880668048279e-16
5.008079442678366468e+04 6.132960648199705303e-20
5.008085771426388965e+04 1.501975283936660626e-16
5.008105433385349897e+04 4.978450389312806541e-19
5.008124676977199124e+04 1.765963731004491717e-11
5.008141363924953475e+04 4.514357552417849807e-19
5.008188218927104754e+04 1.059529462416625468e-15
5.008192214907177549e+04 3.802967978605310008e-16
5.008223899224516936e+04 1.144258891260579909e-14
5.008231611906985199e+04 3.992760610632253150e-11
5.008277095195960283e+04 1.889382491650236082e-18
5.008282226325790543e+04 7.043018928522028796e-21
5.008319437222858687e+04 7.476767169637270833e-17
5.008321141196882672e+04 2.442796666509387113e-16
5.008326534993608220e+04 3.607103018297933698e-18
5.008361449064263434e+04 2.175654304492697373e-14
5.008407242531720112e+04 3.699854843310439129e-19
5.008425733524895622e+04 4.398568563506351818e-17
5.008462301873840624e+04 2.707352444166878612e-14
5.008465143061484559e+04 2.152428011193846887e-13
5.008511099840588577e+04 3.318459724378838044e-16
5.008529989510664745e+04 3.298050568828560791e-20
5.008557969730275363e+04 1.541067672891572878e-17
5.008603196584816760e+04 2.724341707422062075e-13
5.008620740846153058e+04 7.843419931693306954e-19
5.008664075309180043e+04 2.750840479687688172e-14
5.008678282437471353e+04 3.226239755862231759e-17
5.008700648545743024e+04 5.263615342431562700e-18
5.008704403864101187e+04 3.727186307370422686e-13
5.008708922506221279e+04 1.200877676955715816e-10
5.008743065901912632e+04 1.516098206849339428e-17
5.008747173668308096e+04 5.148026713534716462e-16
5.008796331432150328e+04 1.223694799791742380e-17
5.008798189663666562e+04 4.284297896532897989e-14
5.008849624473953736e+04 7.099739690602462271e-16
5.008892379161275312e+04 2.722423264753012764e-19
5.008904882691189414e+04 4.732810722482180942e-18
5.008917695392447786e+04 1.426553476569257394e-18
5.008928643083066709e+04 5.391391024047530513e-18
5.008949972981681640e+04 9.139088069741369585e-14
5.008960862958531652e+04 8.051683208870086726e-14
5.008977158101061650e+04 4.263879571758481033e-17
5.009003589080087841e+04 2.790731332426331734e-18
5.009014327781869360e+04 4.130401038956387691e-18
5.009041061124062253e+04 1.393948244131872301e-16
5.009100316483939241e+04 2.511028001349645448e-13
5.009123328000761830e+04 1.102587349921486832e-17
5.009148005833943898e+04 2.900655279474342285e-16
5.009198480445828318e+04 1.970799669006361756e-16
5.009209636795738334e+04 6.835729316499498785e-18
5.009216039219802042e+04 2.810147452346470403e-19
5.009219281654075166e+04 4.843956445872543049e-15
5.009245634692908061e+04 1.137037794430818459e-21
5.009286414982819406e+04 1.550923365024949761e-17
5.009321383028871787e+04 6.498537563336482930e-20
5.009354807457797870e+04 5.160493393514008262e-16
5.009358654801955709e+04 1.010408047945047571e-18
5.009393562968673359e+04 6.593616383726676898e-19
5.009440829338252661e+04 6.490161181442394811e-17
5.009452000736504851e+04 3.043208416165939467e-16
5.009470848755562474e+04 7.229763975547500787e-21
5.009482808081898838e+04 3.882046961300102327e-16
5.009530141242280661e+04 1.203046459687792858e-18
5.009534239431584137e+04 1.582521056202332416e-18
5.009574218057937833e+04 1.940252098714706870e-19
5.009612584141002299e+04 2.561437639615340474e-15
5.009628199704909639e+04 1.324896065010048339e-19
5.009640549660727993e+04 3.073188214820141556e-18
5.009705682330444688e+04 1.538613984888857588e-17
5.009750199535897991e+04 1.176204193615687936e-13
5.009770843644787237e+04 7.496913640451853274e-18
5.009784286762603006e+04 3.651594752154980809e-15
5.009853781605128461e+04 4.716150170010770326e-18
5.009873186380851257e+04 3.120958178474915183e-19
5.009893093628312636e+04 1.473835854189749926e-20
5.009911200438646483e+04 2.264273357462380967e-19
5.009943565620813752e+04 5.371337676323300698e-19
5.009962533100016299e+04 7.930789230408900308e-16
5.010006693206202181e+04 3.779899822011622191e-18
5.010010863100155984e+04 5.294084472020967287e-18
5.010020274881435034e+04 1.302402242796767907e-16
5.010039562496748840e+04 2.176041164390237925e-17
5.010096220770941727e+04 2.264774593922771295e-20
5.010131941181668662e+04 2.157746483827206901e-16
5.010139135223950871e+04 3.532597541662929834e-16
5.010149341881349392e+04 9.592830159785114774e-17
5.010179719507875416e+04 1.469047943882117222e-19
5.010222174315277516e+04 1.677010665639136953e-18
5.010240867704036646e+04 1.141908179568239250e-19
5.010283173224820348e+04 1.931383218019342240e-17
5.010288870463665808e+04 2.020951432856461948e-18
5.010300975555153855e+04 3.159942383947244087e-17
5.010306311245501274e+04 3.351921719906241088e-18
5.010397326370805240e+04 9.202706679005718785e-19
5.010409870932401100e+04 1.137909628733207051e-18
5.010482914384760807e+04 4.728679261483380249e-18
5.010491910320665193e+04 4.208126863341853126e-21
5.010521599105029600e+04 2.829549099007098477e-20
5.010543645361263771e+04 2.110942198026606761e-21
5.010566535067329096e+04 3.873551304624425320e-21
5.010576404400883621e+04 1.452700086518952141e-19
5.010627283501471538e+04 7.923749853664535682e-20
5.010648910540906945e+04 1.372015333899453114e-18
5.010674897546268039e+04 1.203305730174243834e-17
5.010727514694826823e+04 6.663874671565678990e-21
5.010745727514230384e+04 2.321781811869695163e-21
5.010795214174370631e+04 6.432840798212575375e-21
5.010802931106487085e+04 4.120100787034994344e-18
5.010826381638072053e+04 1.171909845633371091e-20
5.010853605859522213e+04 1.047396415864143479e-16
5.010864133770881745e+04 4.882830055447517631e-18
5.010943390104550781e+04 5.008433620554425618e-21
5.011008376378890534e+04 3.983947834983578019e-18
5.011012120084575872e+04 2.744007892711891198e-20
5.011065480557093542e+04 1.764216256974817579e-19
5.011069681494155520e+04 7.266146744977510111e-21
5.011133522223038017e+04 2.138690344014598821e-19
5.011203552728510840e+04 1.835610101807946796e-21
5.011214596457040170e+04 9.991001297795110864e-19
5.011230278177554283e+04 1.724081622893122536e-20
5.011248177443154418e+04 1.455761384255725832e-24
5.011263278475707921e+04 6.516584822819916259e-20
5.011284530681870820e+04 7.287055809237162680e-21
5.011321773444781866e+04 5.234745990493521227e-22
5.011331983904876688e+04 2.616949266549696301e-20
5.011414006434176554e+04 2.886459122295571166e-19
5.011447466856439860e+04 1.459286914018283025e-20
5.011479232855456939e+04 1.149653425080288354e-22
5.011489191012422816e+04 6.930196149390441510e-21
5.011491702362824435e+04 2.806401230422185118e-21
5.011537747350780410e+04 1.779016445958759508e-20
5.011562174452777253e+04 2.008700622670505369e-20
5.011570202581748890e+04 8.051162534174536951e-21
5.011624773790062318e+04 2.054713438494018929e-24
5.011695765500338894e+04 0.000000000000000000e+00
5.011763436693182302e+04 4.679408444571319487e-20
5.011807872042526287e+04 3.282434265583258437e-22
5.011816262559941242e+04 4.664594074319545023e-22
5.011823080279833084e+04 4.730780720820180943e-22
5.011861489153004368e+04 0.000000000000000000e+00
5.011885370863047137e+04 5.772742361002742529e-22
5.011934764042262395e+04 2.570659392568085556e-22
5.011976984773074946e+04 8.946995217275650472e-20
5.012034367681314325e+04 2.461915564244210536e-23
5.012055151002542698e+04 6.968927990059477384e-22
5.012075210434575274e+04 1.177248853764233643e-20
5.012077907195669832e+04 2.282874792660339537e-21
5.012119388836481085e+04 4.436505912302801815e-21
5.012162942827340885e+04 3.449644634808417226e-23
5.012255770971023594e+04 1.819447291786030096e-22
5.012269614604260278e+04 4.196099810060093118e-23
5.012302707950356853e+04 3.561537822812046951e-22
5.012339950225227221e+04 9.105827790201598358e-22
5.012364850935313007e+04 5.186643084179124602e-23
5.012519143832282134e+04 1.340078331497706475e-24
5.012531089618174155e+04 3.356815036655190760e-22
5.012546426814339065e+04 2.164730633218134309e-22
5.012594489829273516e+04 6.422441527678933759e-24
5.012613834664054593e+04 1.476394922194349997e-23
5.012618701060446620e+04 1.499484786320181472e-23
5.012624542914776248e+04 1.752016213361173719e-24
5.012640799525992770e+04 4.058449635163307019e-22
5.012779939790409844e+04 0.000000000000000000e+00
5.012828136296157754e+04 1.623578674203667486e-24
5.012846796194704075e+04 1.151950921694508372e-23
5.012871893864864978e+04 0.000000000000000000e+00
5.012878679022590222e+04 4.146145594422179952e-24
5.012880769673891336e+04 2.573937595608008205e-24
5.012891184358439932e+04 1.116536575994097212e-22
5.012947461732735974e+04 0.000000000000000000e+00
5.013108030831428187e+04 5.927388122902938467e-23
5.013156429812648275e+04 7.940039781905577685e-24
5.013158242734692612e+04 0.000000000000000000e+00
5.013227249090748955e+04 2.505595007429054622e-23
5.013231494170071528e+04 3.433384995137260354e-24
5.013249914849182096e+04 0.000000000000000000e+00
5.013358031556481001e+04 0.000000000000000000e+00
5.013421191629544774e+04 0.000000000000000000e+00
5.013437829517755017e+04 0.000000000000000000e+00
5.013473799234295439e+04 0.000000000000000000e+00
5.013497136679277173e+04 0.000000000000000000e+00
5.013509960209363635e+04 0.000000000000000000e+00
5.013608253211547708e+04 0.000000000000000000e+00
5.013619137364796188e+04 0.000000000000000000e+00
5.013687223991297651e+04 0.000000000000000000e+00
5.013729182308756572e+04 0.000000000000000000e+00
5.013753887532050430e+04 1.623180978282644329e-24
5.013883057659890619e+04 0.000000000000000000e+00
5.013896925337629364e+04 0.000000000000000000e+00
5.013976757486350107e+04 0.000000000000000000e+00
5.014011701675321092e+04 0.000000000000000000e+00
5.014049166459388653e+04 0.000000000000000000e+00
5.014092436459524470e+04 0.000000000000000000e+00
5.014106340205382730e+04 0.000000000000000000e+00
5.014165585159203329e+04 0.000000000000000000e+00
5.014248213488785404e+04 0.000000000000000000e+00
5.014301234921426658e+04 0.000000000000000000e+00
5.014321622802253114e+04 0.000000000000000000e+00
5.014337530075831455e+04 0.000000000000000000e+00
5.014362185054537986e+04 0.000000000000000000e+00
5.014377163276181818e+04 0.000000000000000000e+00
5.014568867518343177e+04 0.000000000000000000e+00
5.014583184633868223e+04 0.000000000000000000e+00
5.014609576790310530e+04 0.000000000000000000e+00
5.014661477566287795e+04 0.000000000000000000e+00
5.014751015722128068e+04 0.000000000000000000e+00
5.014852795157749642e+04 0.000000000000000000e+00
5.014858246398366464e+04 0.000000000000000000e+00
5.014937868606435222e+04 0.000000000000000000e+00
5.015003387974691577e+04 0.000000000000000000e+00
5.015030586736644909e+04 0.000000000000000000e+00
5.015091126839629578e+04 0.000000000000000000e+00
5.015133395658816880e+04 0.000000000000000000e+00
5.015238305895842495e+04 0.000000000000000000e+00
5.015300934192440036e+04 0.000000000000000000e+00
5.015360796968840441e+04 0.000000000000000000e+00
5.015420506798054703e+04 0.000000000000000000e+00
5.015491832966865331e+04 0.000000000000000000e+00
5.015520605172187061e+04 0.000000000000000000e+00
5.015694714751705033e+04 0.000000000000000000e+00
5.015704123797537613e+04 0.000000000000000000e+00
5.015727520431004814e+04 0.000000000000000000e+00
5.015774946263378661e+04 0.000000000000000000e+00
5.015778950292253285e+04 0.000000000000000000e+00
5.015867545319121564e+04 0.000000000000000000e+00
5.015990341925612302e+04 0.000000000000000000e+00
5.016015584144455352e+04 0.000000000000000000e+00
5.016062133512230503e+04 0.000000000000000000e+00
5.016158009526867681e+04 0.000000000000000000e+00
5.016203843831534323e+04 0.000000000000000000e+00
5.016283089681386627e+04 0.000000000000000000e+00
5.016474176949677349e+04 0.000000000000000000e+00
5.016497942152928590e+04 0.000000000000000000e+00
5.016512035247851600e+04 0.000000000000000000e+00
5.016574785358693043e+04 0.000000000000000000e+00
5.016764374890685576e+04 0.000000000000000000e+00
5.016807804930675047e+04 0.000000000000000000e+00
5.016880974813905777e+04 0.000000000000000000e+00
5.016959830654707184e+04 0.000000000000000000e+00
5.017173152135618875e+04 0.000000000000000000e+00
5.017258798286760430e+04 0.000000000000000000e+00
5.017298023302118963e+04 0.000000000000000000e+00
5.017427052173396078e+04 0.000000000000000000e+00
5.017490796034376399e+04 0.000000000000000000e+00
5.017584306172370270e+04 0.000000000000000000e+00
5.017620090078510839e+04 0.000000000000000000e+00
5.017730770437145111e+04 0.000000000000000000e+00
5.017788661032030359e+04 0.000000000000000000e+00
5.017812104550356889e+04 0.000000000000000000e+00
5.017921093006644514e+04 0.000000000000000000e+00
5.018111627244451665e+04 0.000000000000000000e+00
5.018190087894549652e+04 0.000000000000000000e+00
5.018362737031108554e+04 0.000000000000000000e+00
5.018496428703163838e+04 0.000000000000000000e+00
5.018572958540796390e+04 0.000000000000000000e+00
5.018667795258492697e+04 0.000000000000000000e+00
5.018879951594376325e+04 0.000000000000000000e+00
5.019017965432890924e+04 0.000000000000000000e+00
5.019325255590226880e+04 0.000000000000000000e+00
5.019355826005448034e+04 0.000000000000000000e+00
5.019529582991526695e+04 0.000000000000000000e+00
5.019656515772901184e+04 0.000000000000000000e+00
5.019672414517774450e+04 0.000000000000000000e+00
5.019845952904124715e+04 0.000000000000000000e+00
5.019981162351631065e+04 0.000000000000000000e+00
5.020273753058926377e+04 0.000000000000000000e+00
5.020349719549802103e+04 0.000000000000000000e+00
5.020589059521268064e+04 0.000000000000000000e+00
5.020669684504569159e+04 0.000000000000000000e+00
5.021715088922078576e+04 0.000000000000000000e+00
5.021766420421591465e+04 0.000000000000000000e+00
5.022049183002579957e+04 0.000000000000000000e+00
5.022098937524779467e+04 0.000000000000000000e+00
