-5.003006160644460761e+04 1.982268340730668378e-16
-5.002910474967665505e+04 2.298013456791383002e-20
-5.002908910846693470e+04 3.790734962189604469e-20
-5.002818114668155613e+04 3.720067558071987626e-16
-5.002649463112468948e+04 3.257763528008610085e-14
-5.002635000362954452e+04 1.305320011011351596e-19
-5.002633632602569560e+04 2.115342543412397495e-19
-5.002501757839653874e+04 4.879020613888156796e-16
-5.002402521066505869e+04 1.054791544435836789e-17
-5.002401057456870330e+04 1.780363573700622780e-15
-5.002375493539226591e+04 1.695105807093108003e-14
-5.002275267356308177e+04 8.701852880244636910e-14
-5.002205057757024770e+04 1.976897302202400939e-13
-5.002178258480476507e+04 3.255320227450054783e-19
-5.002171860586767434e+04 2.015566049987316747e-15
-5.002146135638703709e+04 1.104388885797701185e-14
-5.002111797713545093e+04 1.661502204504872262e-13
-5.002048270770633826e+04 1.543878758680682575e-15
-5.002007100394969166e+04 1.071911930142411372e-13
-5.001995090742432512e+04 5.516132819226324121e-15
-5.001943446241754282e+04 5.359084396277435893e-16
-5.001911555921976105e+04 3.866305976918758608e-14
-5.001832815463622683e+04 3.851950187873417891e-14
-5.001790331466401403e+04 6.806284385812814500e-14
-5.001782009587652283e+04 7.947521286416309016e-15
-5.001698875166419020e+04 8.749834347073217607e-15
-5.001643907577556092e+04 4.361207658636965885e-14
-5.001577159625384957e+04 1.741016360785593316e-13
-5.001543297877031728e+04 1.669501612164634203e-14
-5.001475835590825591e+04 2.063438759094515639e-14
-5.001379228074621642e+04 9.232136398607338517e-14
-5.001365900616401632e+04 7.440755895221128547e-14
-5.001283945081885031e+04 5.687490060999964775e-14
-5.001179093905832269e+04 7.842417311778649718e-12
-5.001169024478414212e+04 2.333010826029229619e-12
-5.001068845025725022e+04 5.970854030186048078e-13
-5.000994251009116124e+04 8.112058031509295014e-13
-5.000993201217504975e+04 3.423039656978523347e-14
-5.000935547276290890e+04 1.493891577236461166e-13
-5.000843842010544904e+04 4.325474347265165132e-13
-5.000781408878264483e+04 1.892886702711904508e-12
-5.000780372704846377e+04 1.267409792350041677e-12
-5.000704956742537615e+04 8.142381237928464202e-14
-5.000609723217716964e+04 3.708429889464325872e-12
-5.000568963856613846e+04 3.514249073278023794e-11
-5.000561104716497357e+04 2.037443207201454688e-12
-5.000452674808046140e+04 4.397213384470826083e-11
-5.000413939704428776e+04 1.243607972315890346e-11
-5.000357607247489796e+04 2.950922699675837142e-13
-5.000287033467904257e+04 2.729454682893218847e-12
-5.000245975567524147e+04 6.085661874639739430e-13
-5.000151807024070877e+04 1.613765879444706328e-11
-5.000133344836640754e+04 4.619986094236335705e-13
-5.000101791483198758e+04 8.860044722787123909e-15
-4.999995515128951956e+04 1.866158470231219189e-16
-4.999994169122659514e+04 3.745203926165507661e-12
-4.999942593571913312e+04 2.143110813424291261e-11
-4.999927205161689199e+04 4.505999304580994879e-12
-4.999830026968375023e+04 3.046480479364154537e-11
-4.999804248741427728e+04 1.174816909745401350e-11
-4.999780609789177834e+04 4.674031627094180746e-12
-4.999736798140057363e+04 1.177370853200268423e-09
-4.999700981159818184e+04 1.855905846504668680e-10
-4.999669251752538548e+04 2.803896620820164143e-12
-4.999592142673312628e+04 2.120520102363111458e-11
-4.999567203035581042e+04 8.536263709332276889e-10
-4.999536648729709850e+04 2.917321186060009873e-11
-4.999513120767565852e+04 8.739583422771379705e-12
-4.999472268619226816e+04 6.875662341818505146e-12
-4.999422839178440336e+04 4.795372339920353221e-12
-4.999394218941687723e+04 1.490705479021498278e-11
-4.999354225752197090e+04 1.249919329071702736e-10
-4.999343045864060696e+04 7.579535929559627042e-12
-4.999333442154790100e+04 1.029432316483906150e-11
-4.999306338524477906e+04 5.236177965871594281e-12
-4.999260736052715220e+04 1.020513954393156070e-11
-4.999206563249680039e+04 3.192249528725953464e-12
-4.999180667306175746e+04 1.189783325239040562e-12
-4.999141657116197894e+04 1.279329941309680221e-08
-4.999139751200230239e+04 1.570774738133309335e-09
-4.999113740437100932e+04 2.587742347376671753e-11
-4.999049563599289104e+04 2.700907898674415022e-15
-4.998994160763793479e+04 5.020949016025172054e-09
-4.998993016681077279e+04 3.612870605392568608e-11
-4.998971926804467512e+04 1.154180073816313087e-09
-4.998930237130988098e+04 5.938001354719564169e-10
-4.998925585370976478e+04 5.454335505745434763e-11
-4.998901762287557358e+04 3.003857681520146736e-10
-4.998808176959115372e+04 1.584585918061974272e-11
-4.998791129862795060e+04 1.600707417247242164e-10
-4.998780556326392980e+04 4.093461571105489263e-10
-4.998756965219260019e+04 4.873244853132055812e-11
-4.998719216342916479e+04 5.901130020454542526e-10
-4.998704332033745595e+04 2.599544190845121025e-11
-4.998626562911616929e+04 2.968637146889918563e-13
-4.998592727156321052e+04 6.312398581400902663e-10
-4.998566975858388469e+04 6.342328817601642168e-08
-4.998549922873007017e+04 3.006124569031152036e-11
-4.998509714372422604e+04 1.093453368736505501e-09
-4.998450385661666223e+04 9.658397498467471809e-14
-4.998410281390587625e+04 2.677869411905183310e-10
-4.998353444601751107e+04 2.449730633574982058e-09
-4.998337160458207654e+04 1.620465247678095981e-09
-4.998319086531673383e+04 1.492316510954370836e-09
-4.998300180297387124e+04 4.890471238583560518e-08
-4.998231587454841065e+04 1.702916952591555278e-11
-4.998190255953851738e+04 1.438421949167094109e-12
-4.998162677581931348e+04 6.859080861368304138e-11
-4.998140019530386780e+04 7.577042160610640437e-08
-4.998097482235419739e+04 5.308744138135953710e-09
-4.998059540747592109e+04 4.266265409709509206e-11
-4.998043760892680439e+04 1.183482234186818861e-10
-4.997994159695657436e+04 1.150361377005076551e-08
-4.997934570918092504e+04 1.407996504478957216e-11
-4.997926762609063007e+04 1.044568727625212532e-08
-4.997897485841937305e+04 1.519416092606873293e-08
-4.997882462892807962e+04 1.995850433535271030e-09
-4.997813619555889454e+04 9.118069443763261005e-10
-4.997780546551106090e+04 1.512689342517811672e-08
-4.997759109665467986e+04 1.742730841393813350e-10
-4.997713826875101950e+04 1.016205746540720203e-06
-4.997704252936938428e+04 3.301805237502191747e-09
-4.997671200529154157e+04 5.248403174200546865e-10
-4.997635559387876128e+04 9.484834246583199330e-12
-4.997566923709427647e+04 2.310706150767074552e-06
-4.997515757723379647e+04 6.619803615826905478e-10
-4.997503376577082963e+04 1.771877900727665200e-08
-4.997501146749201143e+04 6.240654664191066279e-08
-4.997487992211239180e+04 6.210213022542926718e-10
-4.997387867484914022e+04 8.415005280699204753e-10
-4.997353268438232044e+04 9.270884609078500162e-08
-4.997351184304255003e+04 3.611288240312138324e-10
-4.997327607405044546e+04 1.247420756801776828e-10
-4.997306089255689585e+04 8.054755815299428708e-10
-4.997289050280026277e+04 4.339642808220407279e-07
-4.997219788691852591e+04 3.574237869708798565e-11
-4.997175487342795532e+04 2.907445289433790471e-11
-4.997139547788823256e+04 1.504094251851062929e-05
-4.997138164760513610e+04 3.767435758958979822e-07
-4.997101761110617372e+04 3.273950720926369652e-09
-4.997077472568166559e+04 3.116194643742069221e-08
-4.997005425506309257e+04 6.881389321516281027e-13
-4.996994151726384007e+04 3.357319858982050698e-06
-4.996961974267239566e+04 1.761232309070238061e-10
-4.996925587563334557e+04 1.078171555172945654e-06
-4.996916643659214606e+04 2.860094429120598525e-09
-4.996873637677756778e+04 1.472479181816700676e-10
-4.996865952926494356e+04 3.465697100827221435e-08
-4.996796511415035638e+04 7.483166781756587975e-11
-4.996780495081438858e+04 1.207294204543611991e-06
-4.996751752320723608e+04 1.510919656781915374e-09
-4.996725465023324068e+04 5.548461730952920690e-10
-4.996711304965548334e+04 1.311821965443898114e-05
-4.996678755125914176e+04 1.059707370241519495e-09
-4.996655437224694469e+04 5.148122067971528683e-09
-4.996584141729101248e+04 3.291532689300071194e-10
-4.996566735387855442e+04 1.389696877798570374e-04
-4.996557299585916917e+04 4.819375134745193938e-10
-4.996505999086028896e+04 3.187054697380365653e-09
-4.996496445533339283e+04 5.854504346003113385e-07
-4.996458210189185047e+04 2.854131752736812963e-12
-4.996445651675920817e+04 1.985190326960077364e-08
-4.996367549292047624e+04 2.283555455035044065e-10
-4.996359779379070096e+04 7.625624672640243777e-10
-4.996352666516794125e+04 1.177028497052955578e-05
-4.996280788779133582e+04 5.034530443608190445e-07
-4.996268366262916243e+04 4.193430850430944686e-10
-4.996237781734447344e+04 1.414595862330694099e-09
-4.996191698423221533e+04 9.884392257588838372e-11
-4.996174597291088139e+04 2.631162338599634944e-10
-4.996137802583162556e+04 4.351729312614374310e-04
-4.996121914260280028e+04 5.078766279270042683e-09
-4.996064025528846832e+04 3.897571088113975915e-08
-4.996053007386063109e+04 1.409414868316036108e-08
-4.996037803121964680e+04 9.064315375913983454e-09
-4.996007337146744248e+04 1.542568653008057479e-08
-4.995993917119727121e+04 8.233758986321160092e-06
-4.995966465776773111e+04 5.281405717296769028e-10
-4.995932091745267098e+04 1.199426490528566696e-09
-4.995921438747349021e+04 1.288947155337756456e-05
-4.995884535298909759e+04 2.549477490317684459e-09
-4.995847545830403396e+04 9.455332129113275408e-08
-4.995843518114837934e+04 1.238497087059584851e-07
-4.995805925609770929e+04 2.547680892958995833e-10
-4.995778984598098032e+04 7.368287994566612717e-05
-4.995766748918841768e+04 3.705537672163707891e-10
-4.995720132211816963e+04 6.457652567843578194e-11
-4.995702798068987613e+04 1.792245882573833063e-05
-4.995640263377613155e+04 1.025539161117366674e-09
-4.995625426766503369e+04 7.053427549237448825e-09
-4.995617173551730230e+04 3.441203947136745830e-09
-4.995561416896407900e+04 1.694561603972880720e-02
-4.995554834958732681e+04 4.852439602557814386e-08
-4.995528432473490830e+04 6.040527014645508424e-08
-4.995481213527759246e+04 1.173857133367521806e-06
-4.995453977434721310e+04 1.548789693888954711e-08
-4.995422942795540439e+04 1.206742873743416281e-10
-4.995403048849799961e+04 4.518058728254605283e-07
-4.995342234695065417e+04 4.888574742650386012e-08
-4.995340424103038094e+04 2.332064715342198357e-04
-4.995330204493510246e+04 1.825923540982766388e-08
-4.995276643757818965e+04 1.095320445290881573e-08
-4.995256076973055315e+04 1.000485576004862324e-05
-4.995208202955391607e+04 1.989150403655752619e-08
-4.995179794740372745e+04 1.081029696635532151e-07
-4.995140037707625015e+04 3.094732915800582519e-08
-4.995115163822498289e+04 1.011282452599770662e-04
-4.995106037753205601e+04 5.105159071922312789e-08
-4.995098738733195933e+04 4.217710637340944732e-08
-4.995027435192253324e+04 1.921750412916325572e-05
-4.995001823297646479e+04 3.344954471151508324e-07
-4.994990518212979077e+04 9.776139632199948304e-01
-4.994959324003636721e+04 6.921962056279450111e-06
-4.994954351693727222e+04 1.227158985130090855e-05
-4.994921042434105766e+04 1.608296008501966531e-09
-4.994892762558469258e+04 4.629717048106606640e-09
-4.994885070852092758e+04 8.776920484640190852e-06
-4.994855304313468514e+04 1.110284302666952368e-08
-4.994795079209735559e+04 2.106953276502128233e-05
-4.994770532970564091e+04 4.100107726660423210e-03
-4.994747105129524425e+04 1.097475797811608949e-07
-4.994734810555520380e+04 3.514700818729289540e-07
-4.994727551734536974e+04 1.911807844951801796e-07
-4.994687621054833289e+04 3.196692573796826058e-08
-4.994649937004223466e+04 9.077388774035287399e-05
-4.994572134920641838e+04 1.124890826256232711e-11
-4.994559224713535514e+04 5.431452994107589234e-07
-4.994543390363556682e+04 2.970886710795629680e-08
-4.994538014795546042e+04 1.105438065795371677e-05
-4.994519999322519288e+04 6.467222889700922901e-10
-4.994500118077627849e+04 1.650677475377086984e-09
-4.994455802812667389e+04 1.535302926148375324e-10
-4.994409860223939177e+04 2.543282743756887934e-06
-4.994361700715972984e+04 6.901084883407863294e-10
-4.994340281788089487e+04 1.190892058902717450e-10
-4.994320262196176918e+04 5.407011923273163483e-08
-4.994295735271387821e+04 2.105009448591608187e-06
-4.994294792426843196e+04 8.893319183399789669e-07
-4.994268193663508282e+04 4.257403898554132340e-09
-4.994215368225506973e+04 1.814773704938166380e-10
-4.994165152576450782e+04 6.262457431696249675e-07
-4.994148742708790815e+04 2.495224314900801588e-11
-4.994089638609334361e+04 3.694321537567142159e-08
-4.994076581087226805e+04 6.714524922852497609e-08
-4.994048762847085163e+04 8.156442311786136590e-06
-4.994044383136096440e+04 6.710649534366811930e-05
-4.994025800713642093e+04 5.292198309159565365e-07
-4.993946326366592257e+04 2.307331740915442701e-12
-4.993916221991761995e+04 1.236829861171088557e-09
-4.993892049380551907e+04 5.849752981916305985e-10
-4.993837193830413162e+04 5.652278694963843609e-08
-4.993828128409379860e+04 5.758620626393338496e-08
-4.993803931996767642e+04 3.939534641915160780e-08
-4.993787249295828224e+04 1.163123266738510706e-06
-4.993719314754492370e+04 4.456675283149227216e-11
-4.993715847356338782e+04 7.199354727246367842e-11
-4.993663528526893060e+04 1.258966431892533467e-07
-4.993647420571335533e+04 1.569002458893578369e-09
-4.993585758789094689e+04 2.574132437596927198e-09
-4.993570456129166996e+04 6.650460049850630643e-10
-4.993525253119402623e+04 1.329253213889790532e-08
-4.993510032430513820e+04 3.444522803093959816e-11
-4.993488809115518234e+04 3.242666702276804002e-13
-4.993444630221050465e+04 7.892623726946468949e-13
-4.993407395081207505e+04 5.774898243557992915e-09
-4.993351948137564614e+04 9.223121977304797072e-14
-4.993343245546697290e+04 2.253814317561823372e-10
-4.993325126560953504e+04 2.306284034339663997e-10
-4.993259089261287590e+04 3.535895005462606797e-10
-4.993249388146759884e+04 2.739648730209674794e-12
-4.993226111512053467e+04 4.335960112511832660e-12
-4.993193707255044137e+04 5.467454357510067879e-12
-4.993148666573243099e+04 1.725008699701425251e-09
-4.993118687968623999e+04 9.160401367110354963e-12
-4.993086475237386185e+04 2.406922622822813925e-11
-4.993065477870582254e+04 3.791338652150030615e-11
-4.992993039903131285e+04 8.964716037251977560e-10
-4.992989413178833638e+04 2.795708980645436688e-08
-4.992976110235544911e+04 2.512276106106256697e-11
-4.992910159626972745e+04 5.795147057181556545e-11
-4.992884448938525748e+04 1.479372812068991336e-13
-4.992841835180616181e+04 2.523709268340779626e-10
-4.992815249946944823e+04 1.679243605776633224e-10
-4.992785544391226722e+04 1.243198017133129505e-11
-4.992717820707459759e+04 7.679308243369186916e-10
-4.992698961793220951e+04 1.280422514906275901e-11
-4.992657397389470134e+04 1.398073295856128312e-15
-4.992619017863897898e+04 1.527875616154665304e-10
-4.992586754359338374e+04 4.208795629723342155e-12
-4.992568491509700834e+04 6.129489846757222062e-12
-4.992512381462872145e+04 9.294130142571185972e-14
-4.992454151760807144e+04 5.596916597375910064e-12
-4.992442796761852514e+04 4.995524314103638341e-11
-4.992403657621624006e+04 1.267967963880206573e-13
-4.992356004918433609e+04 4.255143153116238352e-12
-4.992341160350840073e+04 5.938354977084364766e-12
-4.992321431547316024e+04 2.875390470853235144e-12
-4.992272451115888543e+04 3.618913860859343178e-13
-4.992202851431421004e+04 6.018487911050484815e-14
-4.992175636791348370e+04 1.314696156657845847e-14
-4.992165074989358982e+04 1.301371192286055378e-13
-4.992123333720647497e+04 3.050453756493051922e-14
-4.992088032202648174e+04 2.055505482318249649e-12
-4.992083516458911618e+04 2.258262105284615113e-12
-4.992040790173510322e+04 7.375382547962459669e-18
-4.991953826007770840e+04 5.007414955840990792e-14
-4.991928887326690892e+04 4.827490698114003628e-13
-4.991890188316057902e+04 1.298499417009547649e-11
-4.991865971386828460e+04 1.440019283512517898e-13
-4.991817529872868909e+04 6.460487144580480083e-13
-4.991798585095086310e+04 1.466888616860877034e-12
-4.991712818645829975e+04 8.746872693650010879e-15
-4.991649896127154352e+04 4.774127503030246140e-14
-4.991617433533328585e+04 3.792151229455241180e-13
-4.991572998310047842e+04 7.563002385293154827e-14
-4.991552226002683165e+04 2.831831157764730999e-13
-4.991534455634030746e+04 1.717230821572969860e-15
-4.991496244434097025e+04 4.553044604377298725e-15
-4.991468729190975137e+04 2.711995728029203464e-16
-4.991434033065465337e+04 6.408680879828782946e-15
-4.991360643563633494e+04 3.612960691575293179e-14
-4.991316878960326721e+04 1.166339867170942175e-14
-4.991298259249186958e+04 4.349699687544670940e-14
-4.991277891950184130e+04 5.622657100895456000e-15
-4.991260503189393785e+04 2.330229224744962041e-14
-4.991215746871064766e+04 6.448976157026469109e-16
-4.991194095454667695e+04 8.464786543659810979e-16
-4.991128622138824721e+04 1.046840333411749466e-15
-4.991105995926781907e+04 4.196146633097761493e-16
-4.991033894418158161e+04 2.151835753632273604e-15
-4.990999646600665437e+04 8.673511786204228197e-15
-4.990988203041801171e+04 4.783670015905577298e-16
-4.990883231125702150e+04 2.162424629658783882e-17
-4.990850338270467182e+04 4.632333625579678871e-16
-4.990780900532662054e+04 1.002774477989381405e-15
-4.990741925628311583e+04 7.402743822974920856e-15
-4.990722573406774609e+04 8.819925617295291420e-18
-4.990664018280629534e+04 6.750058696059730018e-16
-4.990605993743255385e+04 8.518782129818639879e-18
-4.990576388125853555e+04 9.909331026853782401e-17
-4.990491002207412384e+04 2.584133895134816954e-16
-4.990450438622084039e+04 5.928791133185127509e-17
-4.990446974705004686e+04 1.984707077693009358e-16
-4.990418626626659534e+04 7.479643097446349941e-17
-4.990387122634414118e+04 4.913254982160972486e-17
-4.990300688821489166e+04 9.057156250305469601e-20
-4.990276975602873426e+04 1.067935948560112421e-18
-4.990227229874971090e+04 6.194055490874862608e-17
-4.990171411842392990e+04 2.317131324565896315e-19
-4.990135276063549827e+04 1.088524810453045044e-16
-4.990127303513674997e+04 2.424457513769441558e-18
-4.990003615447411721e+04 1.059719709352617993e-18
-4.989960743020709197e+04 2.274364947904877531e-19
-4.989914437461196212e+04 1.830688001957780180e-17
-4.989864968042408873e+04 3.030426903522132549e-18
-4.989849329356990347e+04 2.896747875274634231e-18
-4.989795748823216127e+04 6.270193078224950270e-19
-4.989702999903391174e+04 7.738886214196824114e-19
-4.989637535454699537e+04 1.357122866902361960e-18
-4.989584713813818234e+04 2.726822572967986868e-18
-4.989572879853090853e+04 9.596163085648969043e-19
-4.989521475768840173e+04 8.788311193239074692e-19
-4.989506848365181941e+04 1.780698134321492807e-20
-4.989399237730735331e+04 8.683503053945267396e-20
-4.989378775870143727e+04 8.431309111031774424e-22
-4.989308501234951837e+04 4.956892767684104777e-20
-4.989293162651681632e+04 1.927886015739853437e-19
-4.989251182617238373e+04 1.496350790810730068e-19
-4.989091927551635308e+04 3.115507400484016129e-21
-4.989051731623819796e+04 2.860578599657357993e-20
-4.989036380493968318e+04 3.091373606172416935e-20
-4.989013360080355778e+04 1.174578055537912621e-19
-4.989005827778705861e+04 4.113495274975429829e-21
-4.988909319602012692e+04 1.153756816581318964e-20
-4.988798526863819279e+04 4.256206749221428912e-20
-4.988749079648489715e+04 8.313277726869132301e-21
-4.988717197354535165e+04 2.512737699230481559e-22
-4.988693237713001145e+04 5.956410406456332893e-22
-4.988660660805250518e+04 2.340808048308925067e-21
-4.988590379731396388e+04 5.855257851984042190e-22
-4.988531523623048270e+04 3.986707252714333779e-21
-4.988483182540776033e+04 6.896583425696575934e-24
-4.988426921976672020e+04 2.824623427019801623e-21
-4.988356976746612054e+04 1.100382491632136585e-23
-4.988284461203275714e+04 4.414518196030354378e-23
-4.988216501893903478e+04 1.511391840614718897e-22
-4.988178272166776878e+04 1.304406756761464524e-22
-4.988110188878620102e+04 9.348650478736349778e-23
-4.988040942402015207e+04 1.453684543146850256e-23
-4.987961461552708352e+04 2.828134292461951879e-23
-4.987881512652817764e+04 3.989135497938960739e-23
-4.987857238436618354e+04 1.386054328236568734e-22
-4.987716982132440899e+04 6.456307298912643409e-24
-4.987708596964466415e+04 3.082895411708729013e-24
-4.987667448860027071e+04 9.945258712626663476e-23
-4.987551738389077946e+04 1.191920877597329473e-23
-4.987441183597649797e+04 0.000000000000000000e+00
-4.987385536995730945e+04 3.203536953995394078e-24
-4.987363404692171025e+04 0.000000000000000000e+00
-4.987345840682506969e+04 1.463809792695278680e-24
-4.987313350321396138e+04 1.392319858019624324e-24
-4.987208758642453176e+04 0.000000000000000000e+00
-4.987104069678993255e+04 0.000000000000000000e+00
-4.987010063006695418e+04 0.000000000000000000e+00
-4.986966438340426248e+04 0.000000000000000000e+00
-4.986907333666361228e+04 0.000000000000000000e+00
-4.986898430728330277e+04 0.000000000000000000e+00
-4.986795758966673748e+04 0.000000000000000000e+00
-4.986635103587740741e+04 0.000000000000000000e+00
-4.986595514923179871e+04 0.000000000000000000e+00
-4.986545040082423657e+04 0.000000000000000000e+00
-4.986468539211794268e+04 0.000000000000000000e+00
-4.986295334130281117e+04 0.000000000000000000e+00
-4.986250739369615621e+04 0.000000000000000000e+00
-4.986208633274328895e+04 0.000000000000000000e+00
-4.986112319110379030e+04 0.000000000000000000e+00
-4.985895555289696495e+04 0.000000000000000000e+00
-4.985829332526719372e+04 0.000000000000000000e+00
-4.985759354655120114e+04 0.000000000000000000e+00
-4.985656778278612182e+04 0.000000000000000000e+00
-4.985590669346207869e+04 0.000000000000000000e+00
-4.985492477683063771e+04 0.000000000000000000e+00
-4.985450220482387522e+04 0.000000000000000000e+00
-4.985337917045580980e+04 0.000000000000000000e+00
-4.985259220721178281e+04 0.000000000000000000e+00
-4.985218244107287319e+04 0.000000000000000000e+00
-4.985126275280017580e+04 0.000000000000000000e+00
-4.984954980524422717e+04 0.000000000000000000e+00
-4.984898840541264508e+04 0.000000000000000000e+00
-4.984741442906840530e+04 0.000000000000000000e+00
-4.984577198490916635e+04 0.000000000000000000e+00
-4.984513517544501519e+04 0.000000000000000000e+00
-4.984366810778014769e+04 0.000000000000000000e+00
-4.984184862456089468e+04 0.000000000000000000e+00
-4.984074551863849047e+04 0.000000000000000000e+00
-4.983806727135679103e+04 0.000000000000000000e+00
-4.983688157876198238e+04 0.000000000000000000e+00
-4.983548208495053404e+04 0.000000000000000000e+00
-4.983456517233097111e+04 0.000000000000000000e+00
-4.983368934436987911e+04 0.000000000000000000e+00
-4.983156515038876387e+04 0.000000000000000000e+00
-4.983057929221406812e+04 0.000000000000000000e+00
-4.982843426344524778e+04 0.000000000000000000e+00
-4.982774471299552533e+04 0.000000000000000000e+00
-4.982433355219301302e+04 0.000000000000000000e+00
-4.982365090004782542e+04 0.000000000000000000e+00
-4.981348960870389419e+04 0.000000000000000000e+00
-4.981307627505442360e+04 0.000000000000000000e+00
-4.980941623759668437e+04 0.000000000000000000e+00
-4.980898853658785811e+04 0.000000000000000000e+00
4.996994204113572050e+04 1.106734840661962590e-22
4.997104286750338360e+04 0.000000000000000000e+00
4.997105968715372001e+04 0.000000000000000000e+00
4.997182938841308351e+04 1.502349854934273899e-20
4.997352219515402248e+04 3.890813941528318006e-21
4.997379533467724832e+04 0.000000000000000000e+00
4.997381001413592458e+04 0.000000000000000000e+00
4.997500560571630922e+04 2.216206494981104957e-19
4.997609443942718644e+04 4.931503944813114380e-20
4.997611114703904605e+04 8.460930153628247856e-22
4.997627986227799556e+04 2.103692434165487657e-19
4.997728872397790838e+04 3.279668162486691714e-18
4.997800923899666668e+04 3.374456946182044489e-19
4.997832189428507263e+04 6.180834432057141970e-20
4.997839561838832014e+04 3.780938507897535178e-21
4.997862516614220658e+04 2.142041357130428944e-19
4.997895608137513773e+04 6.352228069182335390e-20
4.997959211651473015e+04 1.361979480864881338e-19
4.998000545253021119e+04 3.021535888894221281e-22
4.998005708352867077e+04 5.446941176965004722e-21
4.998064819572526176e+04 5.305747623520172454e-20
4.998096945470719947e+04 1.304484202781251025e-19
4.998175653254189820e+04 1.686364493620647330e-20
4.998215486442168185e+04 1.119798253709582095e-18
4.998222937914126669e+04 1.756528342039156212e-19
4.998309729853730096e+04 1.331618388030198830e-19
4.998364692141689011e+04 1.870016078889426864e-19
4.998426527586134762e+04 2.304426614875154636e-19
4.998465292981513630e+04 2.943601455832906750e-20
4.998532837752049090e+04 3.722820711498578490e-21
4.998626942622251227e+04 9.380141319049771723e-18
4.998641531429794122e+04 5.650047832139216705e-18
4.998724961376142164e+04 1.313008088435111773e-18
4.998827018851732282e+04 1.821309066871975753e-18
4.998839650677640748e+04 7.273276924853164963e-19
4.998939825368791207e+04 2.053568766934560868e-19
4.999006554387103097e+04 1.163878747342754466e-20
4.999014176618574129e+04 1.930594724785285033e-17
4.999072907936573756e+04 2.121503127907861526e-18
4.999165014548439649e+04 6.553166215035550584e-18
4.999221251787521032e+04 7.109364226855941754e-19
4.999227265037317557e+04 5.654286748179109259e-19
4.999304234835243551e+04 4.815431762069804455e-17
4.999398655843255256e+04 3.095754467690823825e-16
4.999435047011684946e+04 6.416907859907151785e-18
4.999448066741944058e+04 2.784858821207388016e-18
4.999556455345274298e+04 7.207098176932849931e-18
4.999595631562726339e+04 1.643092189346358228e-17
4.999647735165873746e+04 6.267724701411589434e-16
4.999722955391706637e+04 7.916168803771567063e-18
4.999763908834724862e+04 3.792215264665741980e-18
4.999855535766436515e+04 2.695785931650382075e-17
4.999876419198903750e+04 8.633717721328152676e-20
4.999908452834827040e+04 2.535462506463922329e-17
5.000006641718573519e+04 1.381699667897992754e-17
5.000015714638116333e+04 6.270356361080756407e-17
5.000066384607873624e+04 2.607722328152954839e-15
5.000083732852214598e+04 8.688048945867540739e-16
5.000180810781053879e+04 1.311190758949295452e-17
5.000208910702693538e+04 2.968859440429820345e-17
5.000221792128738889e+04 3.339708735956143021e-15
5.000272484807308501e+04 1.498352180722370219e-16
5.000312186037813808e+04 1.170601489115765326e-16
5.000343550973811944e+04 3.192288466062949714e-19
5.000424171585842123e+04 6.773461625518142097e-20
5.000436774504036293e+04 6.777460761552135649e-17
5.000475147093935084e+04 1.065810696867333485e-15
5.000504631362440705e+04 3.856170443154510914e-16
5.000544500465962483e+04 6.002038574193300398e-17
5.000593185438131331e+04 7.706240163211377359e-18
5.000627738776087062e+04 2.682685433025387647e-17
5.000651402860468079e+04 1.202976232010911725e-14
5.000673665699375852e+04 3.426301758133351927e-17
5.000684207029762911e+04 1.625306239551144385e-18
5.000708034825648065e+04 1.987232946907947172e-18
5.000759808271338261e+04 5.585194202231813886e-18
5.000813636736955232e+04 1.268800874610974890e-15
5.000842871404590551e+04 2.023128407769060971e-16
5.000865684516515466e+04 1.151645613789049688e-15
5.000874467047058715e+04 4.430121319251214067e-15
5.000909184205091879e+04 5.462475574617674593e-16
5.000973794365130016e+04 1.417740953964491344e-16
5.001006650995825476e+04 9.145364960503568755e-18
5.001029569967235875e+04 2.387567067687602658e-16
5.001041883342750225e+04 1.238450479246092487e-15
5.001078818021468032e+04 4.836263852442797720e-14
5.001096424077724078e+04 8.976138829756116320e-16
5.001114705952360237e+04 2.603798410644533890e-16
5.001212448239354853e+04 4.944923420005346377e-16
5.001221846542992716e+04 8.058828392737636790e-17
5.001224379471328575e+04 1.632964652652229411e-15
5.001261732962176029e+04 1.441168856975400068e-16
5.001290993482803606e+04 5.317450149078783251e-16
5.001314155260893313e+04 3.165871646377621234e-16
5.001393918601624318e+04 6.158919610683156473e-16
5.001423486390291509e+04 1.938250632192016401e-16
5.001437016826833860e+04 9.043826920776449595e-15
5.001471831107386970e+04 6.340025933892263709e-17
5.001501669046173629e+04 1.166912586232544582e-13
5.001570686768264568e+04 2.346274957636973623e-16
5.001607371269371652e+04 1.636261192793294018e-15
5.001652130884743383e+04 9.438283569611464066e-13
5.001682406231841014e+04 6.478170088524637521e-16
5.001697166205774556e+04 1.071837109286644134e-15
5.001713332816473849e+04 1.106716232197566283e-14
5.001783841245727672e+04 1.771793562761287685e-17
5.001831858951229515e+04 1.106144503791439299e-15
5.001852297459705733e+04 9.340182395339525558e-18
5.001867133395684505e+04 9.083116619407874086e-16
5.001916516929226782e+04 6.756251733198520721e-14
5.001957420319257653e+04 2.637670690027121824e-15
5.001977831670954038e+04 3.124106980019753345e-17
5.002006652149048750e+04 3.222272663896572950e-14
5.002081833399562311e+04 1.224162396851305573e-12
5.002085489429973677e+04 2.760951619199908290e-14
5.002117976499074575e+04 7.679301893538574056e-15
5.002138755474832578e+04 1.910431026021955293e-18
5.002206793141075468e+04 1.530502325426482669e-17
5.002221856924038002e+04 7.521312243877089627e-12
5.002261747006401129e+04 2.720741370638314552e-16
5.002296409346056316e+04 1.389548852696275848e-13
5.002312886189436540e+04 4.093410125134494834e-15
5.002348826400282996e+04 3.210479604913080770e-16
5.002384425182087580e+04 8.728608364062380389e-16
5.002437071441186708e+04 3.344892418384471009e-15
5.002505679180467268e+04 5.336380351622055089e-14
5.002510452933717897e+04 1.561423823355362400e-12
5.002514190374047030e+04 5.804131549642720897e-14
5.002532591161964956e+04 3.530515471033155798e-15
5.002630138243863621e+04 2.943044853211874178e-17
5.002652322036777332e+04 5.871065425774986776e-12
5.002669915715668321e+04 9.738080107682618779e-16
5.002694342912150023e+04 1.614607234187640433e-16
5.002713145828939741e+04 4.784709485086075665e-16
5.002724130962343770e+04 8.136485091044361023e-14
5.002797937089534389e+04 3.093982968478328946e-17
5.002847827799517836e+04 2.617533841240973118e-16
5.002867662311658205e+04 1.208156470165389791e-12
5.002885054227423825e+04 4.742119396308642631e-17
5.002917248892305361e+04 1.616977488641175486e-17
5.002937120767873421e+04 2.029126904136219224e-14
5.003006660110219673e+04 2.657766503105448707e-16
5.003020346590166446e+04 2.420219781372132185e-15
5.003060171163967607e+04 9.591697515588852020e-16
5.003083188360842178e+04 4.032910537275250116e-11
5.003102396750813205e+04 1.118049286882666155e-14
5.003149637603224255e+04 3.746652625205256649e-15
5.003153407848822826e+04 1.284222442686958205e-15
5.003221907482469396e+04 2.485119706794713629e-12
5.003227372811162058e+04 1.103106794351841832e-16
5.003271026852638897e+04 4.508382083282239527e-16
5.003299048319239228e+04 1.260985860044834537e-12
5.003302149530719907e+04 1.044564529125156540e-15
5.003345691920637182e+04 4.182040722966648676e-16
5.003361854928914545e+04 1.132520280608234141e-14
5.003437254005885188e+04 7.716177892007211370e-12
5.003443833088988322e+04 2.266646491332817480e-17
5.003467954979588103e+04 4.509089010923464464e-17
5.003515324842171685e+04 1.004535851500397747e-13
5.003519459329251549e+04 1.838287012745390848e-15
5.003570811117777339e+04 2.841974976192983083e-17
5.003573522361866344e+04 8.229384789133438266e-17
5.003652905642899714e+04 8.933214675093704519e-10
5.003657522739131673e+04 5.137274582527372209e-15
5.003667764239486132e+04 3.291480571286987777e-17
5.003732730680372333e+04 1.447479810962031138e-14
5.003762546047545766e+04 5.679078332675467841e-17
5.003782110908484901e+04 1.369296003650880607e-14
5.003833451600668923e+04 1.072772052089815799e-16
5.003854339450795669e+04 8.205230122455528106e-17
5.003869358229029604e+04 1.791272045944044864e-11
5.003902065931426478e+04 2.606964070362726088e-18
5.003951078955731646e+04 8.198763560303906691e-14
5.003972695811921585e+04 7.839345556941894058e-17
5.003989625034482742e+04 3.118377635841818450e-16
5.004006897699605906e+04 7.059536256742740997e-11
5.004018053036479978e+04 3.121379779766757091e-16
5.004058463610948820e+04 9.502567180848469379e-17
5.004087329114133900e+04 1.619868305231711257e-12
5.004093011092662346e+04 2.732765651408683241e-16
5.004142229589925410e+04 3.234106590674997936e-16
5.004170795969651226e+04 2.884701773338056927e-16
5.004184555263816583e+04 7.065718224606677391e-15
5.004219646458183706e+04 2.376194167241794055e-12
5.004223449656702724e+04 1.601344780230755895e-08
5.004259404538646777e+04 8.898289965768462624e-16
5.004307610878278501e+04 3.021021464465944795e-13
5.004314209492433292e+04 7.019099313542591243e-16
5.004387824654756696e+04 1.222187877610206268e-15
5.004392778941379220e+04 7.720301089766057858e-14
5.004413420496191975e+04 9.715805620791130259e-17
5.004442673256761918e+04 1.521273884698456320e-10
5.004481269158724899e+04 3.131394802932822055e-16
5.004502909961865225e+04 1.724800335923284856e-16
5.004530886548994022e+04 8.214014662736532377e-13
5.004577098479428969e+04 9.559341523518096947e-16
5.004608190276871028e+04 2.383786131455260162e-15
5.004617084083071677e+04 5.285090689752793013e-15
5.004665324738939671e+04 1.114847795201409735e-12
5.004692557459830277e+04 5.495685279363017529e-16
5.004704314261480613e+04 4.878161400283642932e-19
5.004751367156835477e+04 2.464520681712601974e-15
5.004757843911233067e+04 8.189567917958885371e-14
5.004820120621737442e+04 5.089829834138991993e-16
5.004841491817029600e+04 1.504851366352627982e-14
5.004892234610501328e+04 2.608670354778197530e-13
5.004898459713815100e+04 5.976491170960937650e-19
5.004923668463400827e+04 1.836123285974063600e-16
5.004934451344422996e+04 4.298581739733468784e-18
5.004988107551738358e+04 4.143286138548351765e-13
5.005009925725551147e+04 4.302356322627875816e-11
5.005027241991357005e+04 6.480937958866745080e-17
5.005066285280136071e+04 1.569740862737567223e-15
5.005077665979509038e+04 2.236158570174832476e-16
5.005108235926672205e+04 2.175534959964993673e-16
5.005123974331087811e+04 1.718333582583706940e-11
5.005142367334281880e+04 1.033714631595781702e-17
5.005176872913629632e+04 6.465564297710829688e-17
5.005222202047150495e+04 1.378706617324417228e-13
5.005230843465036014e+04 3.424874085585467433e-11
5.005284995518557844e+04 9.698962421633127150e-17
5.005292343491340580e+04 2.762943374819711271e-17
5.005299168038395874e+04 3.270663176016676466e-17
5.005341966377278004e+04 3.753652670255338402e-17
5.005360759928441257e+04 3.436190309030958296e-13
5.005457254171854584e+04 1.857016999232871914e-15
5.005459916364337550e+04 8.921729867422233644e-15
5.005464493392701843e+04 3.231756671120443817e-12
5.005493693073681061e+04 1.454447851805891508e-18
5.005510832475000643e+04 2.137726315525407693e-16
5.005527066887918772e+04 4.754059282703894999e-19
5.005578679255283350e+04 2.897506445008930246e-17
5.005602496676635201e+04 2.394707876074984806e-13
5.005673045392895438e+04 6.770762088778898555e-15
5.005696298409544397e+04 1.400831079599926321e-14
5.005700660777953453e+04 2.077423797643910543e-12
5.005708310658931441e+04 1.150754622829870268e-10
5.005734778984617151e+04 5.525770380130267389e-14
5.005759614120073093e+04 8.039242756897525262e-14
5.005821448741335917e+04 1.723173455841697155e-15
5.005848891223343526e+04 1.122791244206555518e-14
5.005891845563962124e+04 1.235543001172157531e-16
5.005940409704238118e+04 7.248737137021227349e-14
5.005947778968345665e+04 7.206078725297914871e-14
5.005960155693864363e+04 1.295002985817049893e-12
5.005983879676230572e+04 4.032510708744537725e-15
5.006007066227601899e+04 1.451135141796345772e-15
5.006094754911370546e+04 4.953732088788591028e-15
5.006099609544867417e+04 2.266986236180564241e-13
5.006143243660640292e+04 4.028518643093621387e-17
5.006189710237112013e+04 3.330233628330088569e-15
5.006203610921395011e+04 5.592825475675965277e-16
5.006218355388199416e+04 1.409125602311654731e-14
5.006228836590480933e+04 1.101318651618160559e-15
5.006317894726793747e+04 9.496271627897114269e-20
5.006322169967819354e+04 2.777770607399058602e-18
5.006353956785240007e+04 8.009893370632477774e-15
5.006389524451378384e+04 3.354238630141257639e-20
5.006440608464909019e+04 1.242723880906421343e-16
5.006458249251018424e+04 9.338795987361936518e-17
5.006483057649547845e+04 6.350190961855311485e-15
5.006524771745232283e+04 4.067525049442781248e-19
5.006550508695845929e+04 2.036406625217290971e-18
5.006591000324730703e+04 3.441619935839885403e-17
5.006611854480105831e+04 1.938192645698684994e-15
5.006678640048272064e+04 9.260089447869056704e-17
5.006688359814664727e+04 4.654885274281695461e-17
5.006704364830756094e+04 7.586500050380486456e-16
5.006750719995010149e+04 1.134198550735801919e-13
5.006783509339665034e+04 2.420789729701298286e-17
5.006811695164404227e+04 9.690990978638213423e-17
5.006850309138877492e+04 9.378676770403743457e-19
5.006872610914132383e+04 9.403710652093389174e-19
5.006914725407891819e+04 8.656642171411850466e-19
5.006943240332067217e+04 1.023292100964036270e-15
5.006970896060077939e+04 1.608884580001050968e-19
5.007022013440484443e+04 2.438668578776995120e-15
5.007045993762589933e+04 2.355911133986255151e-18
5.007067917090801348e+04 1.907816119941097362e-19
5.007129728390093806e+04 3.336041914221181314e-16
5.007142465917644586e+04 2.854138710146073378e-16
5.007192388602404390e+04 4.725431552128267904e-17
5.007221483880672895e+04 1.247410153379080851e-18
5.007259324461461802e+04 6.212523639438723366e-20
5.007295752947571600e+04 1.663289456223098800e-17
5.007343557213590975e+04 9.386222748440873139e-20
5.007379696873300418e+04 4.656150200284170700e-18
5.007405806187261624e+04 2.688991951715224833e-17
5.007453402796952287e+04 1.866316326768749335e-18
5.007469628979396657e+04 1.761305276482678964e-18
5.007529776190782286e+04 3.516611591771598779e-21
5.007570808553822280e+04 2.600006590053120310e-18
5.007585685846262641e+04 5.662272003345847699e-19
5.007638728183494095e+04 1.319763178561011253e-19
5.007671162536668271e+04 9.333362013901522602e-18
5.007695333584813488e+04 3.155307984732415720e-19
5.007716447456806782e+04 4.993650089583681452e-22
5.007765396817951842e+04 1.061299848503565788e-20
5.007839139983388304e+04 9.377985571836991878e-18
5.007848649564833613e+04 8.831485639630635903e-17
5.007871958819751308e+04 5.312362768518455464e-18
5.007919690784291015e+04 4.194249438990457495e-20
5.007942513638616947e+04 6.054013585230616695e-19
5.007951216670364374e+04 4.991909022716060803e-18
5.007998719506240013e+04 2.107635447823907593e-18
5.008087505593037349e+04 8.455656290766931945e-20
5.008117425224296312e+04 8.870561594074633045e-19
5.008135225518797961e+04 2.319092628820368034e-18
5.008179946482719970e+04 1.126248687643704742e-20
5.008213037880278716e+04 1.380552914040009644e-18
5.008237721664753917e+04 1.242714158616909127e-19
5.008339427281467943e+04 1.790782640987802458e-20
5.008395516441125801e+04 4.040890839644586811e-20
5.008410413508889178e+04 1.143768657456934817e-19
5.008472810636058421e+04 5.313678354618455441e-21
5.008481787735336547e+04 2.980250065567309104e-20
5.008500340085292555e+04 9.044696351361800402e-20
5.008546647207339265e+04 7.129694319146407806e-22
5.008574505131229671e+04 1.592183128166400031e-21
5.008614527513201028e+04 8.574792299350392419e-22
5.008672883085477952e+04 1.106867855403391482e-22
5.008725816143678094e+04 5.797113571727691863e-22
5.008741140557883045e+04 3.090248582119560186e-21
5.008759142635379249e+04 3.400491651383978658e-20
5.008786934832201223e+04 1.761587701629081963e-21
5.008827052489874040e+04 7.591080219363119295e-24
5.008847136042679631e+04 8.034709841369823626e-23
5.008918126247094915e+04 3.833682970961097148e-21
5.008936195058981684e+04 1.290309351765497016e-20
5.008997519966380787e+04 7.472242723578669497e-20
5.009037437754357234e+04 1.892121394258185658e-22
5.009060796614034916e+04 1.052140399632191692e-20
5.009171124565510399e+04 6.493084845328935380e-22
5.009198007556465745e+04 1.346871986938670216e-21
5.009267687238850340e+04 6.685371925947526563e-22
5.009291130931760563e+04 4.130654838728988289e-21
5.009314491998887388e+04 6.713285690762924198e-22
5.009380744223343208e+04 2.418900197138727104e-22
5.009445547493017511e+04 1.709648976305992943e-22
5.009473518775466073e+04 1.229098555604017296e-23
5.009550328877697757e+04 1.264741225507793369e-22
5.009586307379094796e+04 4.692395804161737544e-22
5.009596627933515992e+04 1.746751860657701920e-23
5.009626114307846728e+04 0.000000000000000000e+00
5.009657537644271360e+04 7.111122561273533977e-23
5.009744687234231969e+04 1.762341525866942230e-23
5.009769826990136789e+04 9.567904125430536051e-24
5.009811541092176049e+04 1.070843705322350860e-24
5.009869734252653870e+04 1.048133773839302777e-22
5.009902831816064281e+04 1.703497718423637558e-24
5.009916837025535642e+04 5.479862179122866728e-24
5.010044707655739330e+04 3.263208874668592313e-24
5.010083689973437868e+04 1.735176154132849596e-23
5.010131984190650110e+04 2.789306475309759015e-23
5.010180626839556498e+04 2.777997224350495743e-23
5.010197023181608529e+04 2.106848723301452459e-23
5.010262912714834238e+04 0.000000000000000000e+00
5.010353018563823571e+04 1.453822937978887142e-24
5.010412337884333829e+04 2.116585559410460156e-24
5.010457321634724212e+04 3.256227602173654821e-24
5.010480274079415540e+04 0.000000000000000000e+00
5.010528679715212638e+04 0.000000000000000000e+00
5.010547454516481957e+04 0.000000000000000000e+00
5.010661648918686842e+04 0.000000000000000000e+00
5.010683052681972913e+04 0.000000000000000000e+00
5.010735876724797708e+04 0.000000000000000000e+00
5.010749512700849300e+04 0.000000000000000000e+00
5.010793697360701481e+04 0.000000000000000000e+00
5.010964990692622814e+04 0.000000000000000000e+00
5.010995744367111911e+04 0.000000000000000000e+00
5.011006642302373803e+04 0.000000000000000000e+00
5.011029240452474914e+04 0.000000000000000000e+00
5.011038452149908699e+04 0.000000000000000000e+00
5.011151969109598576e+04 0.000000000000000000e+00
5.011253485570647172e+04 0.000000000000000000e+00
5.011295547508523305e+04 0.000000000000000000e+00
5.011327499863311095e+04 0.000000000000000000e+00
5.011352822716539231e+04 0.000000000000000000e+00
5.011391594046511455e+04 0.000000000000000000e+00
5.011470164340113115e+04 0.000000000000000000e+00
5.011526183585918625e+04 0.000000000000000000e+00
5.011568817006348399e+04 0.000000000000000000e+00
5.011622636680307187e+04 0.000000000000000000e+00
5.011698856629666989e+04 0.000000000000000000e+00
5.011771667485450598e+04 0.000000000000000000e+00
5.011842995339934714e+04 0.000000000000000000e+00
5.011879471683263546e+04 0.000000000000000000e+00
5.011943652187580301e+04 0.000000000000000000e+00
5.012035040594147722e+04 0.000000000000000000e+00
5.012091795781040128e+04 0.000000000000000000e+00
5.012180212012104312e+04 0.000000000000000000e+00
5.012205196243106184e+04 0.000000000000000000e+00
5.012350668274109921e+04 0.000000000000000000e+00
5.012367353172013100e+04 0.000000000000000000e+00
5.012385866412983887e+04 0.000000000000000000e+00
5.012514237048997893e+04 0.000000000000000000e+00
5.012624259393896500e+04 0.000000000000000000e+00
5.012666063713169569e+04 0.000000000000000000e+00
5.012696575165876129e+04 0.000000000000000000e+00
5.012706712545926712e+04 0.000000000000000000e+00
5.012743178182913834e+04 0.000000000000000000e+00
5.012844093746129511e+04 0.000000000000000000e+00
5.012959830081812106e+04 0.000000000000000000e+00
5.013032537190095900e+04 0.000000000000000000e+00
5.013085009007518966e+04 0.000000000000000000e+00
5.013148561308231001e+04 0.000000000000000000e+00
5.013171552124407754e+04 0.000000000000000000e+00
5.013256946111821890e+04 0.000000000000000000e+00
5.013426178607493057e+04 0.000000000000000000e+00
5.013466305508889491e+04 0.000000000000000000e+00
5.013518955368940078e+04 0.000000000000000000e+00
5.013585823673447157e+04 0.000000000000000000e+00
5.013766598410246661e+04 0.000000000000000000e+00
5.013806213456797559e+04 0.000000000000000000e+00
5.013863293056235125e+04 0.000000000000000000e+00
5.013949542323796777e+04 0.000000000000000000e+00
5.014174510092626588e+04 0.000000000000000000e+00
5.014239652613172075e+04 0.000000000000000000e+00
5.014300758201602730e+04 0.000000000000000000e+00
5.014402993953615078e+04 0.000000000000000000e+00
5.014457291468149197e+04 0.000000000000000000e+00
5.014579011659459502e+04 0.000000000000000000e+00
5.014608578077229322e+04 0.000000000000000000e+00
5.014732090474947472e+04 0.000000000000000000e+00
5.014805308975414664e+04 0.000000000000000000e+00
5.014830406364664668e+04 0.000000000000000000e+00
5.014940397618171846e+04 0.000000000000000000e+00
5.015124694916481531e+04 0.000000000000000000e+00
5.015174367492001329e+04 0.000000000000000000e+00
5.015330410631691484e+04 0.000000000000000000e+00
5.015496580744652601e+04 0.000000000000000000e+00
5.015570663369102112e+04 0.000000000000000000e+00
5.015698670282975945e+04 0.000000000000000000e+00
5.015896313107563765e+04 0.000000000000000000e+00
5.016008037308176426e+04 0.000000000000000000e+00
5.016281134948832187e+04 0.000000000000000000e+00
5.016387723962328164e+04 0.000000000000000000e+00
5.016495321773703472e+04 0.000000000000000000e+00
5.016622071640692593e+04 0.000000000000000000e+00
5.016706302278187650e+04 0.000000000000000000e+00
5.016884491255468311e+04 0.000000000000000000e+00
5.017018531192836235e+04 0.000000000000000000e+00
5.017234960813695943e+04 0.000000000000000000e+00
5.017304319049219339e+04 0.000000000000000000e+00
5.017641993003255629e+04 0.000000000000000000e+00
5.017710565049655270e+04 0.000000000000000000e+00
5.018682477417547489e+04 0.000000000000000000e+00
5.018726993663998292e+04 0.000000000000000000e+00
5.019088922670063766e+04 0.000000000000000000e+00
5.019134103850190877e+04 0.000000000000000000e+00
