-5.008642322715203773e+04 0.000000000000000000e+00
-5.008640190021361923e+04 0.000000000000000000e+00
-5.008047503401747963e+04 0.000000000000000000e+00
-5.008034693211282865e+04 0.000000000000000000e+00
-5.008032865778031555e+04 0.000000000000000000e+00
-5.007870152546145255e+04 0.000000000000000000e+00
-5.007723157370235276e+04 0.000000000000000000e+00
-5.007670991234234680e+04 0.000000000000000000e+00
-5.007663392362197919e+04 0.000000000000000000e+00
-5.007592453340698557e+04 0.000000000000000000e+00
-5.007507056871221721e+04 0.000000000000000000e+00
-5.007432825276450603e+04 0.000000000000000000e+00
-5.007348811483426834e+04 0.000000000000000000e+00
-5.007255867421052244e+04 0.000000000000000000e+00
-5.007157214173887041e+04 0.000000000000000000e+00
-5.007054329675561166e+04 0.000000000000000000e+00
-5.007032581685789046e+04 0.000000000000000000e+00
-5.006955856269961077e+04 0.000000000000000000e+00
-5.006932342101293034e+04 0.000000000000000000e+00
-5.006924265140492935e+04 0.000000000000000000e+00
-5.006846849303163617e+04 0.000000000000000000e+00
-5.006820205687180714e+04 0.000000000000000000e+00
-5.006748407996210153e+04 0.000000000000000000e+00
-5.006661986416846048e+04 0.000000000000000000e+00
-5.006622285648521938e+04 0.000000000000000000e+00
-5.006613911999446282e+04 0.000000000000000000e+00
-5.006575093339812156e+04 0.000000000000000000e+00
-5.006518501029948675e+04 0.000000000000000000e+00
-5.006459882823839143e+04 0.000000000000000000e+00
-5.006414434293004160e+04 0.000000000000000000e+00
-5.006355329407775571e+04 0.000000000000000000e+00
-5.006302380399369576e+04 0.000000000000000000e+00
-5.006220018920706207e+04 0.000000000000000000e+00
-5.006186645012888766e+04 0.000000000000000000e+00
-5.006091188372235047e+04 0.000000000000000000e+00
-5.006035775888455100e+04 0.000000000000000000e+00
-5.006031112835872045e+04 0.000000000000000000e+00
-5.005998186672005977e+04 0.000000000000000000e+00
-5.005860286345508212e+04 0.000000000000000000e+00
-5.005845636517975800e+04 0.000000000000000000e+00
-5.005818249420863140e+04 0.000000000000000000e+00
-5.005780800717174134e+04 0.000000000000000000e+00
-5.005683922940959019e+04 0.000000000000000000e+00
-5.005606540183419565e+04 0.000000000000000000e+00
-5.005601113608671585e+04 0.000000000000000000e+00
-5.005532859398725122e+04 0.000000000000000000e+00
-5.005505365529633127e+04 0.000000000000000000e+00
-5.005396344427477015e+04 0.000000000000000000e+00
-5.005385387796923169e+04 0.000000000000000000e+00
-5.005325021061376901e+04 0.000000000000000000e+00
-5.005273645884018333e+04 0.000000000000000000e+00
-5.005199724160590995e+04 0.000000000000000000e+00
-5.005187847172263719e+04 0.000000000000000000e+00
-5.005178337433467823e+04 0.000000000000000000e+00
-5.005159184361739608e+04 0.000000000000000000e+00
-5.005122690313211933e+04 0.000000000000000000e+00
-5.005051449030248477e+04 0.000000000000000000e+00
-5.005030937628808897e+04 0.000000000000000000e+00
-5.005018167616897699e+04 0.000000000000000000e+00
-5.004982619793959748e+04 0.000000000000000000e+00
-5.004947234938315523e+04 0.000000000000000000e+00
-5.004883582576884510e+04 0.000000000000000000e+00
-5.004817466855034581e+04 0.000000000000000000e+00
-5.004802895010780776e+04 0.000000000000000000e+00
-5.004774604308021662e+04 0.000000000000000000e+00
-5.004741130012818030e+04 0.000000000000000000e+00
-5.004687018140353030e+04 0.000000000000000000e+00
-5.004644908257914358e+04 0.000000000000000000e+00
-5.004604169045770686e+04 0.000000000000000000e+00
-5.004584421670298616e+04 0.000000000000000000e+00
-5.004555767144016863e+04 1.085169375838400688e-24
-5.004461923496339296e+04 0.000000000000000000e+00
-5.004395493702791282e+04 0.000000000000000000e+00
-5.004391036560961948e+04 0.000000000000000000e+00
-5.004359626011752698e+04 0.000000000000000000e+00
-5.004321243118117127e+04 0.000000000000000000e+00
-5.004251578981220518e+04 0.000000000000000000e+00
-5.004206249876117363e+04 1.800932317178426119e-24
-5.004179127204292308e+04 1.400834578248342675e-24
-5.004154430248692370e+04 0.000000000000000000e+00
-5.004112159546105249e+04 0.000000000000000000e+00
-5.004030916658011847e+04 0.000000000000000000e+00
-5.004019176156630419e+04 5.415387282935479991e-24
-5.003985565631407371e+04 4.664784726974517455e-24
-5.003967847465437080e+04 2.196284628437782856e-24
-5.003922036333034339e+04 1.364285237687643097e-24
-5.003877132993620762e+04 0.000000000000000000e+00
-5.003830509972488653e+04 2.073164290152500186e-23
-5.003817324549405748e+04 0.000000000000000000e+00
-5.003763102080865065e+04 1.235057618614569193e-24
-5.003752213364953059e+04 0.000000000000000000e+00
-5.003729836266217899e+04 0.000000000000000000e+00
-5.003651862698341574e+04 0.000000000000000000e+00
-5.003637189262974425e+04 1.010925453445446439e-24
-5.003603782289117225e+04 1.322613308782567891e-24
-5.003562868539541523e+04 3.811243535330938174e-24
-5.003549509839990787e+04 3.064362365910566847e-23
-5.003503316364176135e+04 0.000000000000000000e+00
-5.003493202584600658e+04 9.724876245737126775e-24
-5.003465091398456570e+04 0.000000000000000000e+00
-5.003396428172455489e+04 7.973485544523389949e-24
-5.003390332074757316e+04 0.000000000000000000e+00
-5.003347407940443372e+04 1.754198533548571241e-23
-5.003342222887030221e+04 8.808938572758972900e-23
-5.003303709265632642e+04 3.521742732448221132e-24
-5.003260715312909451e+04 0.000000000000000000e+00
-5.003179101106171584e+04 2.630826046216615596e-23
-5.003177077159258624e+04 3.163468575573201642e-24
-5.003140977361390105e+04 1.379103611649040782e-22
-5.003123433509806637e+04 2.394523741493122170e-23
-5.003051050146967464e+04 0.000000000000000000e+00
-5.003032118406344671e+04 4.031251712283400669e-23
-5.003030913761496049e+04 0.000000000000000000e+00
-5.002964201584154944e+04 1.831759362150618018e-22
-5.002949707515566115e+04 2.691005851696896353e-23
-5.002906217612488399e+04 1.730802779865616141e-24
-5.002889580322815891e+04 2.827809185658452556e-24
-5.002821047197871667e+04 4.562980582933661843e-23
-5.002817305207665777e+04 1.806770783917025810e-24
-5.002806870272247033e+04 5.612503471341930416e-23
-5.002751947914204356e+04 6.417481586541706744e-22
-5.002740467141198314e+04 1.416566434488821335e-22
-5.002720289396052249e+04 8.585859780916903246e-23
-5.002677174278609164e+04 1.297597819489309822e-23
-5.002671442543629382e+04 8.306054718741720604e-24
-5.002603705652545614e+04 6.152925534257093454e-23
-5.002585718214212102e+04 4.025882998982836204e-23
-5.002541052492124436e+04 0.000000000000000000e+00
-5.002539724300538364e+04 1.194631367888348889e-21
-5.002516589271581324e+04 1.074453499482875834e-22
-5.002438751432732533e+04 6.397874413467373646e-23
-5.002429362294344901e+04 1.068815853044369688e-23
-5.002390129426939529e+04 6.131873527567114352e-22
-5.002374794793278124e+04 6.173970048273528433e-22
-5.002329534003929439e+04 5.824893071792715743e-24
-5.002325467798203317e+04 8.547441163361495225e-22
-5.002296780909117660e+04 1.236228393273143878e-22
-5.002270608225292381e+04 1.466352067238875612e-23
-5.002183317569079372e+04 1.310680534292838797e-22
-5.002176601865062548e+04 2.094523420663210844e-21
-5.002156610066649591e+04 4.278184054866145577e-22
-5.002120935997127526e+04 3.969526044248895766e-21
-5.002109550609332655e+04 8.969606691035019417e-22
-5.002067810024716164e+04 5.799420937094098474e-23
-5.002030913527774101e+04 5.843101271228143786e-23
-5.001989915976642806e+04 6.928382238634823372e-22
-5.001966517145296530e+04 7.753135759439859034e-24
-5.001963179771394789e+04 1.303771932912230355e-21
-5.001919251327922393e+04 4.021478903414461735e-22
-5.001910750874683436e+04 7.336765121750303341e-21
-5.001873710941703030e+04 3.718419580206807617e-22
-5.001817302276606642e+04 6.637148332875429262e-22
-5.001805013274306111e+04 2.642892112522113000e-22
-5.001777827121022710e+04 1.626538772004610437e-22
-5.001749926503083407e+04 1.198597502553577101e-22
-5.001715865333528200e+04 4.474730004040779432e-22
-5.001702837037899735e+04 1.869783848720000648e-20
-5.001631803754612338e+04 5.141982514916304901e-22
-5.001608509634052461e+04 8.773159711431195866e-23
-5.001603692495240102e+04 2.634515126288035154e-21
-5.001547011107888102e+04 4.316397172752707438e-23
-5.001536912854499678e+04 4.584222026968423100e-20
-5.001497366040535417e+04 8.871677039283948317e-24
-5.001480202264057880e+04 1.662935189203358807e-21
-5.001431307631254458e+04 8.480571572813006967e-22
-5.001408307603573485e+04 7.964133540215125149e-22
-5.001390087646103348e+04 1.345664474854440227e-23
-5.001332953027586336e+04 2.129984907711047898e-20
-5.001323391097715648e+04 6.886420685875134232e-20
-5.001295556155360100e+04 2.719266055806868941e-20
-5.001285359194922057e+04 7.439038396287053587e-23
-5.001256290907720540e+04 6.407884692474070893e-22
-5.001176495041360613e+04 1.761916384052774230e-20
-5.001165103565571189e+04 9.035764745414213028e-22
-5.001112262999161612e+04 1.226682132344539767e-19
-5.001103266465633351e+04 1.233922434538731856e-20
-5.001092498547057767e+04 3.058462982169645290e-21
-5.001084098687283404e+04 2.223310794694936008e-23
-5.001052803413109359e+04 2.932402958492232081e-22
-5.001030913487295766e+04 7.303853738484360253e-23
-5.000966595792660519e+04 4.325447111803487293e-23
-5.000962927842503996e+04 3.092385106296860927e-19
-5.000918742673954694e+04 1.676058299345993489e-21
-5.000915260575501452e+04 7.234446657184939320e-22
-5.000901788113881048e+04 3.831976994833922703e-20
-5.000898901425561053e+04 0.000000000000000000e+00
-5.000832268290888896e+04 3.095311439289263479e-21
-5.000817301881762251e+04 7.119223495983670187e-21
-5.000772270577640302e+04 1.992097660728012974e-20
-5.000749406395461119e+04 6.836072694530281507e-19
-5.000729130945343786e+04 2.128700783832720109e-21
-5.000699214763788041e+04 2.028580909023663172e-19
-5.000687424402985198e+04 3.371420304720811337e-19
-5.000674143864858343e+04 9.545921253930577114e-21
-5.000604251594647212e+04 6.634603630919574711e-21
-5.000603690435339377e+04 1.651000236531970445e-19
-5.000570662367778277e+04 1.545201514135474924e-22
-5.000547491701335821e+04 1.922940188260270371e-20
-5.000535968908756331e+04 4.435266260943289861e-19
-5.000503025962306856e+04 1.345283211381248748e-20
-5.000479631752573187e+04 2.401994494272462201e-19
-5.000444818737978494e+04 5.293451091082203107e-21
-5.000405225612731010e+04 2.422925077892798705e-21
-5.000390080063143250e+04 1.198339991338994174e-18
-5.000377241409057024e+04 7.478293429431170523e-21
-5.000322667034171172e+04 1.614244491274782539e-23
-5.000308609630419960e+04 8.222857773531899554e-22
-5.000285060083596181e+04 1.696255743330313730e-20
-5.000275853031891893e+04 1.215704363927285197e-19
-5.000269979544603848e+04 7.367084050994547336e-19
-5.000176472093485791e+04 3.158242671425604488e-18
-5.000154039810391987e+04 4.806063901116829967e-21
-5.000137848146186298e+04 1.249875694544947858e-21
-5.000123022650725761e+04 1.214607530414895806e-20
-5.000109516946685471e+04 6.624308647508772449e-18
-5.000064138764503150e+04 2.721001716303923258e-19
-5.000030913482497999e+04 1.944691990327838550e-19
-5.000028085293877666e+04 8.778410452500053083e-21
-5.000005578929036710e+04 3.040345459038578322e-21
-4.999979146077210316e+04 2.702291367081125998e-21
-4.999962869499267981e+04 4.490759903685984999e-19
-4.999942851377735496e+04 5.402579503589401902e-20
-4.999896692046638054e+04 4.460665127665947687e-18
-4.999857594767741830e+04 1.285201330111290956e-18
-4.999822006398451049e+04 3.531241607696739799e-20
-4.999817301829173084e+04 1.592229322580711692e-18
-4.999816047096504190e+04 4.166751833402755219e-21
-4.999758843284928298e+04 1.273675395614321955e-20
-4.999749947074086958e+04 3.955600926303589416e-22
-4.999749280215504405e+04 1.174863793478490745e-18
-4.999684194379402470e+04 7.759280934740048751e-18
-4.999666586744782398e+04 8.849361205139174582e-20
-4.999653399034032191e+04 6.280011320007552529e-21
-4.999642757959330629e+04 1.735864471560650228e-20
-4.999608284381074191e+04 2.943144287410196196e-21
-4.999603690211667708e+04 4.923753866357917781e-18
-4.999578454997717199e+04 5.382568566641272173e-20
-4.999535715180152329e+04 6.527090037543329830e-17
-4.999483305742523225e+04 6.681861897487170917e-20
-4.999472553806879296e+04 8.085221094840233685e-19
-4.999458986902129982e+04 2.908629076533939348e-19
-4.999442432057522819e+04 3.738816135469131787e-19
-4.999399949742804165e+04 1.864706426554844587e-21
-4.999390078746609652e+04 8.323555508359025829e-19
-4.999325985956774821e+04 3.178125160286383462e-20
-4.999322186279237212e+04 6.327506396581643437e-17
-4.999260876926385390e+04 3.125855028729403662e-17
-4.999253228390973527e+04 1.958686417301921220e-18
-4.999244944052915525e+04 1.667811506992548976e-19
-4.999228404773566581e+04 1.793722317801758969e-20
-4.999176467765117559e+04 4.249786795940529140e-17
-4.999153489482450823e+04 1.334959417425386052e-20
-4.999134929438699328e+04 1.019383756304076570e-20
-4.999108752844610717e+04 3.819919952403971212e-17
-4.999092593775872228e+04 3.602733449723650554e-20
-4.999056205747387867e+04 1.503183364792600473e-19
-4.999049678327916627e+04 1.583439668582199392e-19
-4.999030913481931202e+04 7.697113313386632957e-20
-4.998995698782584805e+04 2.806744164046072739e-20
-4.998975882268169516e+04 1.426312161633329649e-21
-4.998962858017059625e+04 4.629927482100691367e-16
-4.998895438760436809e+04 3.315137069140612511e-18
-4.998871585023614170e+04 1.450655222317216461e-18
-4.998863374150150776e+04 5.203621245243683367e-19
-4.998848097803034761e+04 0.000000000000000000e+00
-4.998839449027737282e+04 1.435189902866178840e-17
-4.998817301821886940e+04 2.635265075360070530e-17
-4.998761247943298804e+04 2.690809178232397283e-19
-4.998749251246099448e+04 6.639077815319612513e-16
-4.998738053816298634e+04 2.220766913776639559e-19
-4.998682544339686865e+04 3.524488348823120979e-17
-4.998682251707889372e+04 4.996793457150233132e-16
-4.998674018535189680e+04 9.552848843148868070e-19
-4.998647399721899274e+04 2.300338089311639303e-19
-4.998630375958687364e+04 2.246206711220210782e-17
-4.998603690167047898e+04 4.140662192921881251e-16
-4.998579966622636857e+04 5.570570372698859606e-21
-4.998540453913304373e+04 2.115025021340953573e-19
-4.998535650274529326e+04 6.666428999476288724e-17
-4.998504903767150245e+04 3.472449383904939499e-19
-4.998469440275449597e+04 2.369250004169618539e-17
-4.998460919076299615e+04 9.866685675486818227e-19
-4.998422692661427573e+04 2.314347425024944260e-17
-4.998390078536642250e+04 2.045782328887260278e-15
-4.998364908766322333e+04 3.375601254363790160e-20
-4.998331402674275159e+04 9.028714550044831577e-21
-4.998322062837023259e+04 7.209211647327887513e-17
-4.998282444157971622e+04 1.908228395676145629e-19
-4.998257498772042163e+04 1.069730897448132855e-16
-4.998251207026120392e+04 2.633723373789078986e-17
-4.998233647153748461e+04 1.042338884457672656e-17
-4.998216355195060896e+04 3.038254829937702259e-17
-4.998183279515482718e+04 3.890401328331770988e-20
-4.998176466990251356e+04 4.068229120869468687e-15
-4.998123397733069578e+04 7.777933394055073946e-19
-4.998108497060928494e+04 7.022401569687504185e-15
-4.998092539205599314e+04 2.841761401135970063e-19
-4.998062660708928161e+04 2.214601185753891481e-19
-4.998043984392975108e+04 1.734868373316202897e-16
-4.998030913481860625e+04 6.519398128608992625e-16
-4.998021717360903858e+04 4.072889931733364298e-18
-4.998010091505921446e+04 5.233918347173613752e-18
-4.997962855696496990e+04 5.534873556823892657e-17
-4.997922370338647306e+04 4.700821721856839477e-21
-4.997894970778909919e+04 1.047105777995013117e-15
-4.997890885114882985e+04 1.058982894140960476e-18
-4.997887694434700097e+04 2.905196808703253072e-19
-4.997832111675909255e+04 8.395048489546452593e-16
-4.997817301820974535e+04 3.558276417274840325e-15
-4.997808631140902435e+04 3.832139161892817782e-19
-4.997790959975373698e+04 1.080154351575036354e-18
-4.997749245058823726e+04 3.135545952063781001e-15
-4.997708057358583028e+04 9.656927709117281417e-19
-4.997700386517305014e+04 3.435379736852775204e-19
-4.997681495804822043e+04 5.170450429970652949e-16
-4.997632960639693192e+04 3.550455162798020453e-17
-4.997620686237337941e+04 3.612519823439472803e-16
-4.997606707973864832e+04 7.654113682279891041e-18
-4.997603690160470433e+04 8.485165584103450696e-15
-4.997576081161360344e+04 2.567558692177602507e-18
-4.997553023330846190e+04 2.009797908812446852e-19
-4.997535635924031521e+04 7.140258471076673559e-14
-4.997509623658124474e+04 1.742312929493088106e-18
-4.997481657447883481e+04 3.697874302584177604e-18
-4.997468091025316244e+04 9.888572969644766002e-16
-4.997412946166680194e+04 1.980436745396737813e-18
-4.997408828171737696e+04 9.860345404861584755e-17
-4.997390833147483499e+04 3.029245714927837375e-18
-4.997390078503159748e+04 7.957077344405457624e-15
-4.997340255970746512e+04 5.441531361249920793e-18
-4.997322029880047194e+04 2.805544750279973520e-14
-4.997304578093720193e+04 5.521848111451244968e-19
-4.997254869934573071e+04 1.910265013921493635e-14
-4.997238901277854893e+04 1.186955867130471223e-17
-4.997214797967605409e+04 7.488780392433876388e-19
-4.997199653345059050e+04 9.424704297745819168e-17
-4.997190412956284854e+04 1.839421785927516860e-17
-4.997176466859097854e+04 8.215988417890093911e-14
-4.997108429901679483e+04 3.438040519986880485e-17
-4.997079986920735246e+04 8.758128239227636057e-18
-4.997041857212201285e+04 3.866994274004462437e-15
-4.997033155106312188e+04 4.376150887628876168e-17
-4.997030913481851894e+04 2.463645517708462252e-17
-4.997029766883044795e+04 1.244165803148779702e-17
-4.996991013695880974e+04 1.400304772209849193e-16
-4.996973238932931417e+04 7.787402710053706617e-18
-4.996962855256890180e+04 5.441188830811872049e-13
-4.996947047860921157e+04 3.291648440041262654e-18
-4.996894841218127840e+04 6.318773446687409068e-15
-4.996868077560488018e+04 1.297948773000341487e-17
-4.996829080810421874e+04 9.344852232684020171e-17
-4.996817301820795547e+04 8.795193562972451744e-14
-4.996797483927214489e+04 1.009034280594526167e-18
-4.996795708523215580e+04 1.589097679195057229e-16
-4.996780336473615171e+04 8.334326593671510612e-16
-4.996765636479805835e+04 3.990388109554975793e-17
-4.996749243770091562e+04 4.699889600649771829e-13
-4.996709864593789098e+04 5.747337721312548458e-18
-4.996681270282238256e+04 3.299591696236394099e-13
-4.996647819550294662e+04 4.051951622713980874e-18
-4.996622685379775066e+04 2.843889887499290957e-17
-4.996616344488628965e+04 8.673100416046006473e-16
-4.996603690158917743e+04 9.470576532404550707e-13
-4.996581966399299563e+04 1.534086372585822454e-16
-4.996564975536487327e+04 2.856479069818018805e-17
-4.996535632561349485e+04 8.694583182229263871e-14
-4.996511132823006483e+04 1.597095674702787594e-18
-4.996482480218556157e+04 1.163783172987103467e-17
-4.996467725463341776e+04 2.123419384472931946e-14
-4.996452168746253301e+04 1.463064616936132318e-17
-4.996404070315029821e+04 5.969147314674576797e-15
-4.996390078493582405e+04 2.855576840093421275e-12
-4.996372759840137587e+04 5.775771622168737071e-16
-4.996370081532742188e+04 6.120959890594525602e-20
-4.996335546405348578e+04 1.016225188867359357e-19
-4.996322021931902418e+04 1.099119227940401903e-13
-4.996289514902074006e+04 1.570906401279162399e-19
-4.996254248657781864e+04 6.838535699361298839e-15
-4.996249753982914990e+04 1.574306645797250391e-17
-4.996193011884645239e+04 1.673412369653501443e-14
-4.996180232543859165e+04 1.041739018801869401e-15
-4.996176466812458966e+04 4.281507663458313239e-12
-4.996159581064975646e+04 3.353722012702531780e-16
-4.996147677040292183e+04 9.561491413762952731e-17
-4.996108412546580803e+04 4.521907028636903899e-12
-4.996086068043334672e+04 2.495987841557137707e-17
-4.996042637630787067e+04 2.352037014593263847e-17
-4.996040803554309241e+04 2.329628603744047262e-15
-4.996030913481685275e+04 2.182199103708001903e-12
-4.995983876205100387e+04 3.014188622018867352e-16
-4.995978229392833600e+04 1.467268183103948121e-16
-4.995962855071460945e+04 2.590696439569227260e-12
-4.995955621675111615e+04 9.307426043970402626e-19
-4.995935516065890988e+04 2.192687663531709507e-17
-4.995894805192013882e+04 1.444058692145994014e-15
-4.995868233465724188e+04 1.277296404350936977e-18
-4.995827521091119706e+04 1.810130176200624015e-13
-4.995817301818491251e+04 7.202099185195284692e-12
-4.995808709605388140e+04 2.685385532142590547e-16
-4.995772926537348394e+04 3.353197505607546543e-15
-4.995767209699434898e+04 3.923401766962281533e-15
-4.995749243139991449e+04 4.026599157775077041e-12
-4.995728955184714141e+04 4.433353319640520784e-17
-4.995699732650999795e+04 7.794959666473703959e-17
-4.995681200930942578e+04 7.755637799705639824e-13
-4.995625084268736100e+04 7.226731657023510547e-16
-4.995614268966302188e+04 2.860210396649344901e-13
-4.995603690142663254e+04 1.318536647833581905e-11
-4.995583123231739592e+04 4.434291250802915192e-17
-4.995571566988346603e+04 4.888611377351181559e-17
-4.995559794165169296e+04 2.728608783189921774e-15
-4.995535630679397582e+04 4.897886177175992848e-11
-4.995514072370051144e+04 1.461069210095826424e-17
-4.995503723571525916e+04 4.780726038139687511e-18
-4.995467602616396471e+04 2.145222010337846852e-15
-4.995429660771828640e+04 8.837562283931537784e-19
-4.995401369207815878e+04 1.321874469328865447e-15
-4.995390078413580341e+04 3.485884394966820645e-11
-4.995378179196138080e+04 2.804719031403129758e-17
-4.995351749402572750e+04 4.546217103756357108e-16
-4.995339713159494568e+04 3.358899712214131735e-17
-4.995322016885619814e+04 4.193490318238080334e-12
-4.995290301889898547e+04 3.830410128624502393e-17
-4.995261677223659353e+04 8.138926739769822366e-17
-4.995254006806940743e+04 4.017695000336024430e-12
-4.995229619727761019e+04 1.566951652088855387e-18
-4.995188366284920630e+04 1.412079641678705843e-13
-4.995176466489992163e+04 1.214746488688178760e-10
-4.995157112517706264e+04 6.671629087663528370e-16
-4.995141347257973393e+04 8.216855879021928953e-16
-4.995108400018230896e+04 2.916797876492032115e-11
-4.995098691111394874e+04 4.608334528556417791e-18
-4.995079977052941831e+04 1.144547223661662465e-19
-4.995040425953826343e+04 3.793256661975807837e-12
-4.995030913480053277e+04 1.308947372169889625e-13
-4.995030014563163422e+04 1.827159661240457599e-16
-4.994975791622484394e+04 2.472448260068066558e-14
-4.994962853920885391e+04 4.142748796955175896e-10
-4.994940510891767917e+04 1.442356905882633969e-17
-4.994929136694881890e+04 7.482275937854727355e-18
-4.994894776468315831e+04 1.330026699313834398e-13
-4.994892671767978754e+04 9.121668855907315590e-19
-4.994885676195126871e+04 3.127532569216656058e-17
-4.994826850509416545e+04 5.806151569758620287e-13
-4.994817301791495993e+04 2.664363455214872442e-10
-4.994810092503771011e+04 6.385010522063438455e-17
-4.994763427110450721e+04 7.332799718127507303e-15
-4.994758493311912025e+04 3.215889274452137691e-16
-4.994749239428489818e+04 2.008499243732392126e-10
-4.994720456873367948e+04 1.612710163085707232e-16
-4.994701982316010981e+04 1.042543488405294283e-18
-4.994681139304628596e+04 7.098581822035181114e-11
-4.994613297065279039e+04 3.237240276490309463e-12
-4.994603689912849222e+04 1.962597556218053429e-09
-4.994594916927387385e+04 2.235165386348145176e-15
-4.994570196968525852e+04 3.201201657072618067e-16
-4.994551256265451957e+04 4.251966773160969725e-15
-4.994542805541455164e+04 3.704444461407238121e-18
-4.994535619857921120e+04 6.580936586761322927e-10
-4.994515831384139892e+04 9.531905511848478672e-18
-4.994487504548575816e+04 3.279671460918542476e-16
-4.994467476195261406e+04 3.699579140513522310e-11
-4.994406650948780589e+04 1.579231385276362403e-15
-4.994399681254197640e+04 2.619920393971589724e-13
-4.994390077148348792e+04 2.689080306151678187e-09
-4.994363376630604034e+04 3.029079100023191472e-17
-4.994343275138067838e+04 1.655703441157445697e-16
-4.994336077385593671e+04 2.742558216954216883e-16
-4.994321988355034409e+04 5.612091587050266463e-12
-4.994281368152357754e+04 4.773391762989615222e-17
-4.994269699105006293e+04 3.442073358476751821e-16
-4.994253766347142664e+04 3.667054289597530207e-11
-4.994206199800862669e+04 6.663347585981008425e-16
-4.994186110271875805e+04 1.707285773918960185e-13
-4.994176461414417281e+04 3.383678232603558234e-09
-4.994173863294477633e+04 4.782951519232091506e-16
-4.994135627153099631e+04 6.300837967564480454e-18
-4.994126891684564907e+04 8.893173667011024703e-17
-4.994108331589644513e+04 1.010030343796922525e-09
-4.994066409463339369e+04 8.687619468232744739e-16
-4.994055071419973683e+04 8.622734234965074930e-17
-4.994039978222837817e+04 6.893129809237635233e-11
-4.994030913402642182e+04 9.095159795963905574e-09
-4.994029936225206620e+04 1.882893712794031569e-15
-4.993972435439343099e+04 2.796543805574385624e-14
-4.993962837711961765e+04 9.837364908312029793e-09
-4.993944783390716475e+04 1.962797589118897643e-17
-4.993924989456958428e+04 6.170761048809110155e-17
-4.993909415395931865e+04 3.970462538467353474e-16
-4.993894625984626327e+04 1.941432748646823232e-10
-4.993830992718019843e+04 2.365904700883438710e-16
-4.993826064912141010e+04 1.826416537638928202e-12
-4.993817301106654486e+04 1.070348802220127122e-08
-4.993765423454799748e+04 5.930485570061691659e-18
-4.993758601630733028e+04 3.023299894776320521e-15
-4.993749195480032358e+04 1.883931156093477766e-09
-4.993734248473595653e+04 6.333793575088775366e-17
-4.993715284924012667e+04 1.902953385137986583e-16
-4.993700771747343242e+04 9.123870402511308422e-18
-4.993680833251265722e+04 1.426107825624195742e-09
-4.993650290003129339e+04 2.567036260242204142e-17
-4.993611962639790727e+04 4.813395340932855888e-12
-4.993603686629848380e+04 1.806055052831817031e-08
-4.993545004169660388e+04 3.476416104861856755e-15
-4.993535514234328730e+04 1.154026917775505453e-08
-4.993528824122311198e+04 7.097174874890474375e-17
-4.993510328983478394e+04 6.611785753371768881e-16
-4.993483986958529567e+04 3.267119435732811381e-15
-4.993474496172898944e+04 7.715379842345331376e-16
-4.993466895876913622e+04 1.270925325624193006e-09
-4.993427456183262984e+04 3.987919110070212946e-16
-4.993416247097642190e+04 6.811092261176326694e-16
-4.993397575342116761e+04 3.395873128431988048e-13
-4.993390064781023102e+04 9.649724115850356266e-08
-4.993330571236451942e+04 9.951041200888219374e-15
-4.993321757259765582e+04 1.961759641534713536e-11
-4.993304196180465078e+04 2.637685078905527005e-17
-4.993270333219831809e+04 5.073641078784773552e-17
-4.993252733992219146e+04 1.396889731061182358e-13
-4.993227339596832462e+04 4.426128869239877500e-17
-4.993198117472603917e+04 4.034316463369597905e-17
-4.993182852863450535e+04 1.582620790146185238e-14
-4.993176420160398266e+04 1.189483302099622690e-07
-4.993156833748960344e+04 4.541647911581657494e-17
-4.993139476328240562e+04 7.686230642814464653e-17
-4.993115850889534340e+04 3.069800729298082182e-13
-4.993107863990784244e+04 4.209010785786487677e-08
-4.993062212132157583e+04 5.851847459535091418e-15
-4.993038244050172943e+04 1.407121041900029966e-10
-4.993030912349840946e+04 3.935163359127578875e-10
-4.993013004313113925e+04 7.583730985597948961e-20
-4.992967674779515073e+04 3.035222967788935846e-13
-4.992962715868172381e+04 1.123692770298659359e-07
-4.992962014599884424e+04 1.633935190702307110e-13
-4.992939180236434186e+04 8.448056605213893400e-17
-4.992911640732730302e+04 5.679153465712472982e-14
-4.992900486383377574e+04 6.896038678671569800e-13
-4.992893742887584085e+04 1.842777600259461019e-08
-4.992870241507188621e+04 1.271647401153462062e-14
-4.992849333845864021e+04 1.341994926297647221e-17
-4.992823301370190165e+04 4.153988419032733655e-12
-4.992817289144522510e+04 6.458508403452365534e-07
-4.992751885574609332e+04 1.534537376546993890e-12
-4.992748880364097568e+04 3.447698402410788760e-08
-4.992731725167317200e+04 4.696456322258715717e-16
-4.992700661406791914e+04 1.461838772716110545e-15
-4.992687033955154038e+04 1.123512283396040410e-13
-4.992679267657941818e+04 9.174873410012489259e-10
-4.992650966950504517e+04 1.361747166115513620e-16
-4.992608907311483927e+04 1.794893056213123705e-13
-4.992607756903395057e+04 1.981743822006042252e-11
-4.992603622134559555e+04 3.129306631501131654e-06
-4.992544371035236691e+04 5.022334334888632152e-13
-4.992535146584421454e+04 7.519243785687362673e-09
-4.992534793979855021e+04 9.855042550667459912e-07
-4.992485624534302042e+04 4.440373393320137835e-13
-4.992464280605705426e+04 3.880540629475088178e-09
-4.992460120198311779e+04 3.065177896919700336e-13
-4.992398861634300556e+04 6.424241023965390387e-17
-4.992391507872051443e+04 1.535281983131655382e-11
-4.992389841263148264e+04 1.281391497570329193e-06
-4.992372354212420760e+04 4.955125544528371747e-16
-4.992337793185069313e+04 1.368059306160374667e-14
-4.992320747176880104e+04 4.889861867734582221e-10
-4.992320296865669661e+04 1.667970357987758946e-07
-4.992317426043256273e+04 5.199028805289213632e-11
-4.992261767005606089e+04 5.635268127070493185e-14
-4.992248594414888794e+04 8.004222930295123171e-11
-4.992201076415054558e+04 9.401169398710605852e-15
-4.992175833662427613e+04 1.633453855440747996e-06
-4.992174397423191112e+04 8.074710467464690337e-10
-4.992161055745357589e+04 1.994230607198756142e-14
-4.992110852073357819e+04 4.965364057769942232e-13
-4.992108960360213678e+04 3.790496115972234239e-12
-4.992105171088883799e+04 1.013819167591175718e-07
-4.992099426303489599e+04 1.878651618407221325e-11
-4.992032027826060221e+04 3.352858225237181005e-10
-4.992030982035077614e+04 1.001063197137145727e-10
-4.992030888470083300e+04 9.931496066166453445e-06
-4.991997105991688295e+04 5.613155419870288310e-16
-4.991961424569332303e+04 1.861912864440644992e-05
-4.991956333913338312e+04 2.681154113071489013e-09
-4.991940169852566760e+04 4.135614425911080996e-12
-4.991894822822577407e+04 2.205426322562515499e-13
-4.991889175280596100e+04 1.046766439729013751e-07
-4.991882229222876776e+04 1.692570778543960226e-11
-4.991862126418156549e+04 1.891879098841319813e-14
-4.991832274263328873e+04 8.309494837763091002e-15
-4.991817171879698435e+04 2.752659500569847988e-05
-4.991814356268112169e+04 1.123484204007500051e-09
-4.991796850152544357e+04 1.826090654432754343e-13
-4.991746373948261316e+04 1.734471275324686164e-07
-4.991736915256985958e+04 1.428977664871029154e-11
-4.991708542918717285e+04 2.974698679073411318e-15
-4.991672057556941581e+04 3.247734458772163009e-10
-4.991670463631266466e+04 6.988939803761401960e-15
-4.991661365752259735e+04 5.626477685768988683e-14
-4.991621903673325141e+04 3.948673666041320670e-14
-4.991603214476112043e+04 1.946723775542758434e-05
-4.991595427040632785e+04 6.652912537276453526e-10
-4.991572824588003277e+04 5.021623767016202898e-14
-4.991536660359678353e+04 1.981389671528783690e-11
-4.991530380976815650e+04 5.248831485369097371e-06
-4.991515910344976874e+04 3.562402321894609959e-10
-4.991466050052614446e+04 3.273726581214517109e-14
-4.991453575505019398e+04 3.366956656907283911e-09
-4.991447111730953475e+04 9.593928805897701448e-12
-4.991399793799298641e+04 7.601612172260886118e-13
-4.991388597906471114e+04 2.581164158340213712e-04
-4.991375053786570788e+04 3.026558746727689993e-09
-4.991336384890651971e+04 4.602085984376738813e-12
-4.991313112836148503e+04 2.167875171641768766e-06
-4.991309142137067101e+04 1.839152117107632111e-11
-4.991294396269094432e+04 1.116041269160442104e-10
-4.991263898753261310e+04 1.681217606299895817e-14
-4.991233498150118248e+04 2.308388172768336154e-09
-4.991221136085005855e+04 9.398313119151268543e-17
-4.991188824938664766e+04 1.803958448003791931e-14
-4.991172723469215271e+04 4.939734012656252281e-05
-4.991153172327408538e+04 2.070236980031294716e-12
-4.991110357482969994e+04 4.577776998782479594e-12
-4.991094236673676642e+04 1.565074567300588615e-08
-4.991069998162779666e+04 4.351776757939375408e-11
-4.991055860672850395e+04 2.706540977774804581e-13
-4.991037693052493705e+04 6.294879300404018692e-12
-4.991030221915594302e+04 1.045862222945418823e-04
-4.991018121648865781e+04 3.779608127291106034e-13
-4.991011623461836280e+04 1.629355697090085602e-08
-4.990954951440648438e+04 2.214608321948202544e-04
-4.990952738654088171e+04 5.487358700592085089e-09
-4.990935592252437345e+04 4.960384881895393319e-11
-4.990928715037047368e+04 4.120686724986212817e-10
-4.990873445321265899e+04 3.061527665973992882e-08
-4.990845860943135631e+04 2.385705097923489672e-11
-4.990838982149119693e+04 1.444917182315402424e-12
-4.990814126328690327e+04 3.769617119165114250e-09
-4.990813898433666327e+04 2.127539441241015419e-03
-4.990792982415686856e+04 2.661617330452095842e-12
-4.990787770291151537e+04 7.377018590191466621e-09
-4.990750501455260382e+04 1.106128877704326612e-10
-4.990734716614791978e+04 3.715010226602670338e-05
-4.990716630605548562e+04 8.467762071899923848e-11
-4.990703752051239280e+04 3.062735124168138170e-12
-4.990650465905920282e+04 6.569990569724565142e-08
-4.990622454251832824e+04 2.736664320341374699e-09
-4.990613339965596242e+04 4.524687089177050291e-10
-4.990596899583392224e+04 5.210976614334408672e-08
-4.990594689839001512e+04 8.633810217294255948e-03
-4.990561776560042199e+04 9.106417664781118573e-08
-4.990532947032139054e+04 2.542077653417390356e-10
-4.990511570708938962e+04 1.139102355119965484e-06
-4.990489506759075448e+04 9.116875596039765490e-12
-4.990476896607990784e+04 8.708736153659317855e-09
-4.990437873224396026e+04 2.950313631701242781e-10
-4.990425063237693394e+04 2.514115866872448755e-07
-4.990395062565624539e+04 3.697593132416653585e-09
-4.990386933558633609e+04 1.185200104587406489e-11
-4.990371960035463417e+04 6.099984729818449733e-03
-4.990333564298509737e+04 1.838918223635486447e-08
-4.990313739020330104e+04 1.668083638282263841e-10
-4.990285173922489776e+04 9.431029772463699821e-09
-4.990259128041600343e+04 1.592840086991601436e-09
-4.990246859165175556e+04 1.630877115717270113e-08
-4.990230041330601671e+04 1.141861026138310554e-10
-4.990197052377845102e+04 1.691295674513963752e-07
-4.990177277975975448e+04 1.157031945718466089e-09
-4.990158362512947497e+04 9.083613961702773094e-10
-4.990145142575064529e+04 9.049496524347900575e-04
-4.990102989506249287e+04 4.662974237010145610e-08
-4.990074463328132697e+04 1.527026481079472285e-10
-4.990055310622529214e+04 6.123942575994050690e-04
-4.990026011897198623e+04 8.323671835224313309e-01
-4.990022749574256886e+04 1.427480248965443050e-05
-4.989990013022994390e+04 3.759478560041768448e-08
-4.989966289458496612e+04 1.252411982990359094e-06
-4.989944725598710647e+04 1.033428674824292553e-10
-4.989935981338366400e+04 3.779285107648052877e-10
-4.989916408779369522e+04 6.957542186663889249e-08
-4.989913795379542717e+04 8.159393194557471290e-04
-4.989870070289893920e+04 5.143680896801498501e-07
-4.989862539001012919e+04 9.275467591617452054e-10
-4.989830782314023963e+04 7.323223345381827964e-07
-4.989821983573567559e+04 1.542767534080086590e-03
-4.989802409435519075e+04 1.363310770256816185e-01
-4.989777158167597372e+04 5.556812734582635343e-07
-4.989732712271358469e+04 1.436683202745383692e-06
-4.989714230235065770e+04 3.957461097850155148e-09
-4.989698062415216555e+04 2.739978846334081449e-09
-4.989679598275292665e+04 7.455573287459021457e-08
-4.989677728251348162e+04 7.824508539485802152e-05
-4.989644390062758612e+04 3.036391453728300451e-09
-4.989634388114674948e+04 6.506036734489149140e-07
-4.989601895359171613e+04 3.739046173991136123e-08
-4.989585381367820810e+04 4.495558452220311195e-04
-4.989567420693114400e+04 8.483469165521602059e-03
-4.989556819149809598e+04 5.499592354300055536e-07
-4.989534695171280327e+04 8.261510624824917353e-08
-4.989496232279582182e+04 1.011950651431506573e-06
-4.989483393986775627e+04 3.054867582101794584e-09
-4.989437375453592540e+04 4.691678260001989074e-07
-4.989436937999544898e+04 3.956227149241852084e-06
-4.989397014831360138e+04 2.137813654539366040e-07
-4.989367893329782964e+04 3.574574465892720458e-08
-4.989345376380736707e+04 5.901475469311786909e-05
-4.989323047730350663e+04 6.806709864080045125e-04
-4.989311419311155623e+04 7.629624218344516938e-08
-4.989303092132921302e+04 7.120795551678695769e-08
-4.989285323083237745e+04 6.494685624371495130e-11
-4.989256819769820140e+04 2.264960127815912968e-07
-4.989199937603840954e+04 4.923985610139660305e-10
-4.989191825777547638e+04 2.041512767429173912e-06
-4.989161750276824750e+04 1.246548819051493951e-08
-4.989149988394431421e+04 6.023900421601061905e-09
-4.989107500058152800e+04 1.492243554539799487e-10
-4.989101850968866347e+04 2.686388080398368257e-07
-4.989071259973516862e+04 4.043473499765881814e-07
-4.989058145928043086e+04 4.568284164583516124e-10
-4.989050051449788589e+04 9.310586365717458068e-12
-4.989014526634352660e+04 1.770792567360388409e-09
-4.988942585631783004e+04 8.239604377877907463e-07
-4.988933973629691172e+04 3.668037069393040750e-11
-4.988922418869481044e+04 3.164866831344098592e-11
-4.988873465066462086e+04 2.020741519999900099e-08
-4.988854832492203423e+04 8.368633633171302611e-07
-4.988828199362995656e+04 1.585784576555174834e-08
-4.988813520395480009e+04 1.430553422176592957e-05
-4.988804575812997791e+04 4.751544685567315534e-08
-4.988769762576694484e+04 3.668625669983293849e-08
-4.988746791254162235e+04 1.993353381905928292e-12
-4.988698321518073499e+04 1.822866906803107427e-09
-4.988689667584367999e+04 1.391471916748790328e-07
-4.988681188503081648e+04 6.820440057454290176e-10
-4.988641327266675216e+04 4.562259052310612851e-09
-4.988605315370509197e+04 2.871757155317307314e-07
-4.988577300023003045e+04 3.812026765327382867e-09
-4.988551065667494549e+04 2.874017068587315289e-06
-4.988537468906608410e+04 2.324603292944809376e-08
-4.988521729890082497e+04 3.594880106157911586e-08
-4.988505352679693169e+04 1.324429550663742552e-09
-4.988480754322613211e+04 3.227077153397149823e-10
-4.988461945114765695e+04 8.136650814896102374e-11
-4.988433414726438787e+04 6.128242729075725224e-09
-4.988420250416518684e+04 4.844695413664999401e-12
-4.988411425789952773e+04 1.914812358729154134e-09
-4.988352888585723122e+04 4.209768294049752268e-08
-4.988334530793722661e+04 3.981045757756967636e-12
-4.988309956066063023e+04 2.968362533294058786e-09
-4.988285112847165874e+04 3.463028123128840251e-07
-4.988269367257667909e+04 3.437550946519357362e-08
-4.988209624587080179e+04 1.987557249714288986e-10
-4.988174304255330208e+04 6.315271151006264599e-09
-4.988156989454827999e+04 8.971918846745078687e-11
-4.988133357922586583e+04 2.554893268829228212e-11
-4.988111587186311954e+04 3.096873936305832067e-11
-4.988098166301521997e+04 2.252908125759235222e-09
-4.988033485024976835e+04 5.113957560300899021e-10
-4.988023189949266816e+04 7.843196827407250872e-10
-4.988011684864345443e+04 7.421461575353731606e-09
-4.988000268008275452e+04 1.938323202922375719e-10
-4.987923150825007178e+04 1.101910260903015794e-11
-4.987912707424920518e+04 1.217682056009283009e-09
-4.987885361486654438e+04 3.413551014124296470e-14
-4.987874610122571903e+04 6.220843718329101487e-12
-4.987841096311178990e+04 5.686350715695269365e-11
-4.987779471229086630e+04 2.000400386370506648e-10
-4.987767771771786647e+04 1.321743681277990254e-10
-4.987739215387061267e+04 4.585353892182461297e-09
-4.987730895763204899e+04 6.754120663742550772e-12
-4.987666282938660879e+04 1.640486560073229035e-12
-4.987648498229830875e+04 1.631584067478648803e-10
-4.987634316943788872e+04 2.883646048828602350e-11
-4.987582282879234845e+04 2.445599840642577395e-10
-4.987522453410475282e+04 9.149317583224408523e-11
-4.987487203428889916e+04 1.908771215911717955e-11
-4.987464658080285153e+04 1.950607915154513270e-09
-4.987450677657807682e+04 7.292189457327654517e-13
-4.987433229202865186e+04 1.249994471124318029e-11
-4.987385129686088476e+04 1.913283636574318273e-11
-4.987380309109474183e+04 1.590580621816852928e-12
-4.987357523109134490e+04 1.584950601652638171e-12
-4.987317700314833201e+04 6.183865721650755575e-11
-4.987300253930336476e+04 1.582879665035181979e-12
-4.987248644929727016e+04 2.948300863027887403e-12
-4.987230944893613196e+04 8.974657337573269833e-12
-4.987211663334799232e+04 1.554206185044493873e-12
-4.987188299521339650e+04 2.646679539038226992e-10
-4.987178938770458626e+04 1.892766628072102723e-11
-4.987144559547345852e+04 6.454507859375790634e-12
-4.987115500198144582e+04 1.483338837547079899e-11
-4.987108014424501744e+04 1.663345241006391281e-14
-4.987054343246829376e+04 5.903124396897655991e-12
-4.987016463752418349e+04 1.165408628318606252e-13
-4.986949635335253697e+04 3.206566505914237918e-13
-4.986912286293096258e+04 5.486726122870307768e-12
-4.986907501900524221e+04 6.826158225644333561e-12
-4.986859520581621473e+04 1.648009677587790902e-12
-4.986840629004227958e+04 1.020807526304668959e-12
-4.986798430738750903e+04 1.019831500406607552e-13
-4.986768273361153842e+04 2.562111334556905242e-14
-4.986742789424890361e+04 1.007660937956282391e-14
-4.986711433625930658e+04 6.879837080279218659e-14
-4.986643140636636963e+04 4.469049984856877153e-13
-4.986627027345648821e+04 1.701742945462254639e-12
-4.986616288734559930e+04 5.510293245103325057e-14
-4.986578085482859024e+04 6.988297303003904301e-14
-4.986574335938497097e+04 6.030108867390385223e-14
-4.986531367480802146e+04 2.338714478607326368e-13
-4.986509824912939803e+04 2.150325983991905962e-13
-4.986439691903609491e+04 3.422215194531390491e-14
-4.986426133973048854e+04 4.427092240103880508e-14
-4.986350374659614317e+04 1.606046686405476990e-12
-4.986309537527165230e+04 1.330522252999571729e-13
-4.986265677343047719e+04 1.483572807719520904e-13
-4.986215850228341878e+04 2.648937260016117244e-14
-4.986195339883724955e+04 1.831986798866112121e-14
-4.986122449243214942e+04 2.159040979144183060e-18
-4.986099895566073974e+04 1.628267874764242724e-15
-4.986091848503446818e+04 1.287156188416165198e-15
-4.986068101459743048e+04 1.618055382472902256e-13
-4.986051893837611715e+04 1.537092214824803462e-13
-4.986018025087955903e+04 5.704192607423404789e-15
-4.985972593708424392e+04 9.822172362226042003e-15
-4.985938829818001977e+04 5.437243949051955695e-16
-4.985924012665072951e+04 2.785599206346121999e-15
-4.985869790358839236e+04 2.332219104055442430e-16
-4.985845306213817821e+04 4.499379761523923075e-16
-4.985835425993146055e+04 5.175990569280656295e-16
-4.985791281791216898e+04 8.549061095424809409e-15
-4.985751924990135012e+04 9.915572608710844138e-15
-4.985722100908210268e+04 3.630509326766715946e-16
-4.985651747516847536e+04 7.373665398427923248e-18
-4.985573476481609396e+04 2.222059227163213428e-17
-4.985516772790120012e+04 1.928810888894876404e-17
-4.985507824837334920e+04 1.134718985692785350e-15
-4.985475859439784108e+04 4.608269699299352742e-17
-4.985425388241952896e+04 4.593398790504453746e-16
-4.985383941761423193e+04 9.635198197072648691e-17
-4.985364944684960210e+04 1.966195722677974674e-16
-4.985344938162111066e+04 1.351032915404145999e-17
-4.985313258371467964e+04 3.130568136003990099e-17
-4.985263294079968910e+04 1.425743131274438219e-16
-4.985219115806330228e+04 1.075009769881683418e-15
-4.985196039567632397e+04 4.540960504615893805e-16
-4.985154886098654242e+04 2.427205720987596792e-16
-4.985110577448453841e+04 8.075286878579731904e-17
-4.985064119511344325e+04 9.160612144273074367e-17
-4.984947647941322793e+04 2.759592523666513845e-16
-4.984934129449022294e+04 8.172356246915991352e-18
-4.984889862048124633e+04 1.061618866961612898e-16
-4.984839217861729412e+04 1.283925630121226382e-17
-4.984772868373167148e+04 1.487258831096881650e-17
-4.984695458455251355e+04 3.034481553333786184e-18
-4.984691969439332024e+04 5.806059422433867322e-19
-4.984671670785111201e+04 5.097372572497050460e-18
-4.984665343887063500e+04 5.305575562333469004e-22
-4.984646508867762896e+04 2.014517950184849493e-17
-4.984580169717632816e+04 5.822236910335233733e-19
-4.984559842416953325e+04 1.528138406365315010e-21
-4.984441162852978596e+04 5.442481214369260487e-19
-4.984414435464743292e+04 1.615927093427756444e-20
-4.984402769253312727e+04 2.374180583504880195e-20
-4.984353130035771028e+04 3.276574423109278139e-19
-4.984338225233018602e+04 4.122053419019702156e-19
-4.984275846544285741e+04 3.811386125197988516e-19
-4.984219652504645637e+04 3.143189796339160941e-19
-4.984113128024728212e+04 1.217020237054133000e-18
-4.984065270945242810e+04 4.790926530612200144e-20
-4.984025813992365147e+04 1.520549313446221533e-19
-4.983994227504512673e+04 2.900579498351402320e-19
-4.983970190177180484e+04 2.824445481359278105e-20
-4.983957760634163424e+04 7.068893129123062488e-19
-4.983856035514720134e+04 3.498722941287848416e-19
-4.983783242245765723e+04 1.349995413377596920e-19
-4.983744688408144430e+04 2.541324190376076758e-21
-4.983713818292184442e+04 4.828588310274614395e-20
-4.983691942756345816e+04 4.668212217078756104e-20
-4.983633178258889529e+04 4.214307440790952643e-20
-4.983557587416336901e+04 1.369926029236092424e-20
-4.983506512123421999e+04 2.264078389747083934e-20
-4.983425344662649150e+04 6.457764522790370227e-22
-4.983344223393545690e+04 2.188562187755729821e-21
-4.983250098765663279e+04 2.488424114359006307e-22
-4.983223713049801154e+04 0.000000000000000000e+00
-4.983185320468289865e+04 4.200394403858616734e-23
-4.983152711384690338e+04 2.802990817497350255e-23
-4.983142013976781891e+04 1.804207245094417828e-22
-4.983097582080247230e+04 4.193056350838695200e-22
-4.982992326071307616e+04 6.338034628113386423e-22
-4.982914421811471402e+04 2.375777582965967373e-21
-4.982855844993561914e+04 6.706390565286443839e-22
-4.982811000606427842e+04 2.151089103928962942e-23
-4.982802327848541609e+04 9.807175101461821948e-23
-4.982786252230607352e+04 4.759535890481880599e-22
-4.982599419407477399e+04 2.990270558495869946e-23
-4.982560748211194732e+04 4.104652302582962925e-22
-4.982533370082434703e+04 2.324055710544646339e-23
-4.982464833589702903e+04 4.899202201259279044e-23
-4.982362450605760387e+04 4.426217016886663182e-23
-4.982319111970827362e+04 8.926300552622275715e-24
-4.982186373104327504e+04 0.000000000000000000e+00
-4.982167584051242738e+04 0.000000000000000000e+00
-4.982084815243972844e+04 0.000000000000000000e+00
-4.982056567608514888e+04 0.000000000000000000e+00
-4.981928008467862674e+04 3.784280119610657055e-24
-4.981868629314553255e+04 0.000000000000000000e+00
-4.981764584960332286e+04 0.000000000000000000e+00
-4.981733945663814666e+04 2.337436726503430867e-24
-4.981630423028631776e+04 0.000000000000000000e+00
-4.981494899240537052e+04 0.000000000000000000e+00
-4.981441096813712647e+04 0.000000000000000000e+00
-4.981404271794891247e+04 0.000000000000000000e+00
-4.981362560114635562e+04 0.000000000000000000e+00
-4.981295110754001507e+04 0.000000000000000000e+00
-4.981245633100067789e+04 0.000000000000000000e+00
-4.981093534436813206e+04 0.000000000000000000e+00
-4.981041667288698227e+04 0.000000000000000000e+00
-4.981023052999765059e+04 0.000000000000000000e+00
-4.980898956542037922e+04 0.000000000000000000e+00
-4.980848279576472851e+04 0.000000000000000000e+00
-4.980715130969709571e+04 0.000000000000000000e+00
-4.980634829444635398e+04 0.000000000000000000e+00
-4.980543156641624955e+04 0.000000000000000000e+00
-4.980386134728063917e+04 0.000000000000000000e+00
-4.980264217047789134e+04 0.000000000000000000e+00
-4.980175230672016187e+04 0.000000000000000000e+00
-4.980113571852891619e+04 0.000000000000000000e+00
-4.979915309016419633e+04 0.000000000000000000e+00
-4.979772091607026960e+04 0.000000000000000000e+00
-4.979727946391015576e+04 0.000000000000000000e+00
-4.979673766492550931e+04 0.000000000000000000e+00
-4.979492767447501683e+04 0.000000000000000000e+00
-4.979435113399990951e+04 0.000000000000000000e+00
-4.979308911832052399e+04 0.000000000000000000e+00
-4.979080615740294161e+04 0.000000000000000000e+00
-4.979034425789498346e+04 0.000000000000000000e+00
-4.978865357766404486e+04 0.000000000000000000e+00
-4.978800057270284015e+04 0.000000000000000000e+00
-4.978524788591745892e+04 0.000000000000000000e+00
-4.978471686812218104e+04 0.000000000000000000e+00
-4.978389060621014505e+04 0.000000000000000000e+00
-4.978021449894266698e+04 0.000000000000000000e+00
-4.977716174099148338e+04 0.000000000000000000e+00
-4.977613613295922551e+04 0.000000000000000000e+00
-4.977401717842216749e+04 0.000000000000000000e+00
-4.976927477216789703e+04 0.000000000000000000e+00
-4.976872902341198642e+04 0.000000000000000000e+00
-4.976713246020787483e+04 0.000000000000000000e+00
-4.976660662751867494e+04 0.000000000000000000e+00
-4.975358194547848689e+04 0.000000000000000000e+00
-4.975317579356009810e+04 0.000000000000000000e+00
4.991372777780205797e+04 0.000000000000000000e+00
4.991375044589754543e+04 0.000000000000000000e+00
4.991953215466161782e+04 0.000000000000000000e+00
4.991978407459007576e+04 0.000000000000000000e+00
4.991980343502794130e+04 0.000000000000000000e+00
4.992131337356098084e+04 0.000000000000000000e+00
4.992279619923315477e+04 0.000000000000000000e+00
4.992338499688447337e+04 0.000000000000000000e+00
4.992346521784858487e+04 0.000000000000000000e+00
4.992412314850159601e+04 0.000000000000000000e+00
4.992498828691064409e+04 0.000000000000000000e+00
4.992573734782903193e+04 0.000000000000000000e+00
4.992657728211557696e+04 0.000000000000000000e+00
4.992750582684760593e+04 0.000000000000000000e+00
4.992849085616604134e+04 0.000000000000000000e+00
4.992952065351825877e+04 0.000000000000000000e+00
4.992968764370780991e+04 0.000000000000000000e+00
4.993051987784352241e+04 0.000000000000000000e+00
4.993081050990298536e+04 0.000000000000000000e+00
4.993088079636876500e+04 0.000000000000000000e+00
4.993159273609822412e+04 0.000000000000000000e+00
4.993182940671245160e+04 0.000000000000000000e+00
4.993258042051419034e+04 0.000000000000000000e+00
4.993345179793697025e+04 0.000000000000000000e+00
4.993385106300930056e+04 0.000000000000000000e+00
4.993391772642422438e+04 0.000000000000000000e+00
4.993434760539521812e+04 0.000000000000000000e+00
4.993490314216139814e+04 0.000000000000000000e+00
4.993548786288448900e+04 0.000000000000000000e+00
4.993590660733506229e+04 0.000000000000000000e+00
4.993653437229966949e+04 0.000000000000000000e+00
4.993706256671415758e+04 0.000000000000000000e+00
4.993786168777344574e+04 0.000000000000000000e+00
4.993822340207121306e+04 0.000000000000000000e+00
4.993917596584941202e+04 0.000000000000000000e+00
4.993970287187545910e+04 0.000000000000000000e+00
4.993971343705176696e+04 0.000000000000000000e+00
4.994010847115028446e+04 0.000000000000000000e+00
4.994147772937472473e+04 0.000000000000000000e+00
4.994163661351852352e+04 0.000000000000000000e+00
4.994184709450154332e+04 0.000000000000000000e+00
4.994228240304367500e+04 0.000000000000000000e+00
4.994325166871443071e+04 0.000000000000000000e+00
4.994397929604702222e+04 0.000000000000000000e+00
4.994408109082900046e+04 0.000000000000000000e+00
4.994477682669024216e+04 0.000000000000000000e+00
4.994503192480198777e+04 0.000000000000000000e+00
4.994609529651702178e+04 0.000000000000000000e+00
4.994626200632649125e+04 0.000000000000000000e+00
4.994684280063467304e+04 0.000000000000000000e+00
4.994740178866909991e+04 0.000000000000000000e+00
4.994815624739267514e+04 0.000000000000000000e+00
4.994825250970818161e+04 0.000000000000000000e+00
4.994848132887885731e+04 0.000000000000000000e+00
4.994855324923496664e+04 0.000000000000000000e+00
4.994893524051868735e+04 0.000000000000000000e+00
4.994965601775005780e+04 0.000000000000000000e+00
4.994970487119945028e+04 0.000000000000000000e+00
4.994993572603591747e+04 0.000000000000000000e+00
4.995026194624725031e+04 0.000000000000000000e+00
4.995068959009683749e+04 0.000000000000000000e+00
4.995134395536000375e+04 0.000000000000000000e+00
4.995185544186897459e+04 0.000000000000000000e+00
4.995211171857972658e+04 0.000000000000000000e+00
4.995238112584206829e+04 0.000000000000000000e+00
4.995269608454305126e+04 0.000000000000000000e+00
4.995329778491699108e+04 0.000000000000000000e+00
4.995367400115367491e+04 0.000000000000000000e+00
4.995400406223991740e+04 0.000000000000000000e+00
4.995429042321979068e+04 0.000000000000000000e+00
4.995457452855179145e+04 0.000000000000000000e+00
4.995555638088527485e+04 0.000000000000000000e+00
4.995614300658013235e+04 0.000000000000000000e+00
4.995617392536206171e+04 0.000000000000000000e+00
4.995656138448185084e+04 0.000000000000000000e+00
4.995690066708411905e+04 0.000000000000000000e+00
4.995762441279978520e+04 0.000000000000000000e+00
4.995808230042203650e+04 0.000000000000000000e+00
4.995828492598717276e+04 0.000000000000000000e+00
4.995856634183105780e+04 0.000000000000000000e+00
4.995905978432871052e+04 0.000000000000000000e+00
4.995970504534951760e+04 0.000000000000000000e+00
4.995994836182337167e+04 0.000000000000000000e+00
4.996031458913461393e+04 0.000000000000000000e+00
4.996041458910055371e+04 0.000000000000000000e+00
4.996090630694160791e+04 0.000000000000000000e+00
4.996140022546739056e+04 0.000000000000000000e+00
4.996184913087802852e+04 0.000000000000000000e+00
4.996185687704324664e+04 0.000000000000000000e+00
4.996249379394824791e+04 0.000000000000000000e+00
4.996263657410340966e+04 0.000000000000000000e+00
4.996287820652831579e+04 0.000000000000000000e+00
4.996366696193657845e+04 0.000000000000000000e+00
4.996379219812476367e+04 0.000000000000000000e+00
4.996400814505209564e+04 0.000000000000000000e+00
4.996457779401692824e+04 0.000000000000000000e+00
4.996462539758914500e+04 0.000000000000000000e+00
4.996513389154141623e+04 0.000000000000000000e+00
4.996527185483837820e+04 0.000000000000000000e+00
4.996548783231572452e+04 0.000000000000000000e+00
4.996615818273071636e+04 0.000000000000000000e+00
4.996623839318292448e+04 0.000000000000000000e+00
4.996667121620450052e+04 0.000000000000000000e+00
4.996673942056878150e+04 0.000000000000000000e+00
4.996714197747634171e+04 0.000000000000000000e+00
4.996759042903634690e+04 0.000000000000000000e+00
4.996830607212926407e+04 0.000000000000000000e+00
4.996839366496892762e+04 0.000000000000000000e+00
4.996873933384050179e+04 0.000000000000000000e+00
4.996896783896153647e+04 0.000000000000000000e+00
4.996968379127053777e+04 0.000000000000000000e+00
4.996970507548243768e+04 0.000000000000000000e+00
4.996988598487551644e+04 0.000000000000000000e+00
4.997045081073945039e+04 0.000000000000000000e+00
4.997066858374165167e+04 0.000000000000000000e+00
4.997115657880034996e+04 0.000000000000000000e+00
4.997129034863072593e+04 0.000000000000000000e+00
4.997185707645287039e+04 0.000000000000000000e+00
4.997196731820861169e+04 0.000000000000000000e+00
4.997216139165346976e+04 0.000000000000000000e+00
4.997258895524935360e+04 0.000000000000000000e+00
4.997275782595972123e+04 0.000000000000000000e+00
4.997299764121227054e+04 0.000000000000000000e+00
4.997343509897078911e+04 0.000000000000000000e+00
4.997348791681743751e+04 0.000000000000000000e+00
4.997400897708607226e+04 0.000000000000000000e+00
4.997438947782903415e+04 0.000000000000000000e+00
4.997472060878271441e+04 0.000000000000000000e+00
4.997478915478636918e+04 0.000000000000000000e+00
4.997509617498552689e+04 0.000000000000000000e+00
4.997582809836801607e+04 0.000000000000000000e+00
4.997598136368058476e+04 0.000000000000000000e+00
4.997616062814950419e+04 0.000000000000000000e+00
4.997643131358697428e+04 0.000000000000000000e+00
4.997684352743686759e+04 0.000000000000000000e+00
4.997693451475996699e+04 0.000000000000000000e+00
4.997728927720251522e+04 0.000000000000000000e+00
4.997753679684807139e+04 0.000000000000000000e+00
4.997831162120494992e+04 0.000000000000000000e+00
4.997839204273079667e+04 0.000000000000000000e+00
4.997863529809560714e+04 0.000000000000000000e+00
4.997894565414570388e+04 0.000000000000000000e+00
4.997908430141498684e+04 0.000000000000000000e+00
4.997958524911106360e+04 0.000000000000000000e+00
4.997970507928073494e+04 0.000000000000000000e+00
4.998030500367249624e+04 0.000000000000000000e+00
4.998046173677482875e+04 0.000000000000000000e+00
4.998056271217861649e+04 0.000000000000000000e+00
4.998105067156807490e+04 0.000000000000000000e+00
4.998107251354266191e+04 0.000000000000000000e+00
4.998142639634680381e+04 0.000000000000000000e+00
4.998185710807894793e+04 0.000000000000000000e+00
4.998216017267660936e+04 0.000000000000000000e+00
4.998245961379838991e+04 0.000000000000000000e+00
4.998260994892466988e+04 0.000000000000000000e+00
4.998308582770410430e+04 0.000000000000000000e+00
4.998315392786324082e+04 0.000000000000000000e+00
4.998390526362809032e+04 0.000000000000000000e+00
4.998400911925987020e+04 0.000000000000000000e+00
4.998415434989557252e+04 0.000000000000000000e+00
4.998474938722451770e+04 0.000000000000000000e+00
4.998476334019303613e+04 0.000000000000000000e+00
4.998521267816950422e+04 0.000000000000000000e+00
4.998545451642007538e+04 0.000000000000000000e+00
4.998590094827735447e+04 0.000000000000000000e+00
4.998616107269596250e+04 0.000000000000000000e+00
4.998617030919657554e+04 0.000000000000000000e+00
4.998688261181440612e+04 0.000000000000000000e+00
4.998694138358653436e+04 0.000000000000000000e+00
4.998724463399815431e+04 0.000000000000000000e+00
4.998741099608226068e+04 0.000000000000000000e+00
4.998764787548485037e+04 0.000000000000000000e+00
4.998831290031459503e+04 1.200664506733607815e-24
4.998860911479802598e+04 0.000000000000000000e+00
4.998903228348327684e+04 0.000000000000000000e+00
4.998920182357445447e+04 0.000000000000000000e+00
4.998930188933900354e+04 0.000000000000000000e+00
4.998937201245404867e+04 0.000000000000000000e+00
4.998970507972998894e+04 0.000000000000000000e+00
4.998974645081688504e+04 0.000000000000000000e+00
4.999046443387203908e+04 1.818386505077438544e-24
4.999060379198265582e+04 0.000000000000000000e+00
4.999104976440586324e+04 0.000000000000000000e+00
4.999111059318139451e+04 1.425781614268528893e-24
4.999118797083768004e+04 4.700073039189382229e-24
4.999121292829456797e+04 0.000000000000000000e+00
4.999185711248100415e+04 0.000000000000000000e+00
4.999196974529465660e+04 0.000000000000000000e+00
4.999253590957611596e+04 0.000000000000000000e+00
4.999261547204465023e+04 0.000000000000000000e+00
4.999295354879801744e+04 0.000000000000000000e+00
4.999324370763979095e+04 2.088058276220715018e-24
4.999333250656147720e+04 0.000000000000000000e+00
4.999348575567805528e+04 0.000000000000000000e+00
4.999400914238355472e+04 1.656767565509670060e-24
4.999424733295981423e+04 0.000000000000000000e+00
4.999456625921015075e+04 0.000000000000000000e+00
4.999476556867497857e+04 4.434843924327951072e-24
4.999480898108079418e+04 0.000000000000000000e+00
4.999520578334228776e+04 0.000000000000000000e+00
4.999540003792043717e+04 1.237797008350716666e-24
4.999580671769103355e+04 0.000000000000000000e+00
4.999616116208924359e+04 1.935569630416240049e-24
4.999625917196508817e+04 0.000000000000000000e+00
4.999649198140938097e+04 0.000000000000000000e+00
4.999691423950409080e+04 5.439637097964982908e-23
4.999718788348662929e+04 0.000000000000000000e+00
4.999744856561804772e+04 0.000000000000000000e+00
4.999749183870331035e+04 1.684849933858313027e-24
4.999757623400125158e+04 0.000000000000000000e+00
4.999831315404801717e+04 9.857266664569811954e-24
4.999875447121157777e+04 0.000000000000000000e+00
4.999889124826566695e+04 0.000000000000000000e+00
4.999906067663014983e+04 2.848804591574994153e-23
4.999907292929942923e+04 1.162390381375687385e-24
4.999957972484624042e+04 2.051094627261084301e-23
4.999970507978508977e+04 0.000000000000000000e+00
5.000002754631246353e+04 0.000000000000000000e+00
5.000022539851445617e+04 0.000000000000000000e+00
5.000046506857619534e+04 6.837210482895063341e-23
5.000053564670785272e+04 0.000000000000000000e+00
5.000082824592571706e+04 0.000000000000000000e+00
5.000120469741697889e+04 1.174469202462509877e-24
5.000165522808585229e+04 0.000000000000000000e+00
5.000185711309019825e+04 0.000000000000000000e+00
5.000207160780644335e+04 0.000000000000000000e+00
5.000214446445452631e+04 0.000000000000000000e+00
5.000261686074747558e+04 3.300528005161961553e-22
5.000272008120668761e+04 0.000000000000000000e+00
5.000276176281832159e+04 0.000000000000000000e+00
5.000334506562033494e+04 1.322737399290964587e-23
5.000360906416631769e+04 0.000000000000000000e+00
5.000375651666751946e+04 0.000000000000000000e+00
5.000384907718195609e+04 0.000000000000000000e+00
5.000400914595308859e+04 7.657269968898837269e-23
5.000424005059922638e+04 1.188217032331904930e-24
5.000448675277271104e+04 0.000000000000000000e+00
5.000476837410838198e+04 2.799715817873090305e-22
5.000544694374974642e+04 4.178979495335351714e-23
5.000548017416444782e+04 3.099660065965975979e-22
5.000567331405566802e+04 0.000000000000000000e+00
5.000586931891561107e+04 6.018259687510056488e-24
5.000616117707490776e+04 5.192634293407833636e-22
5.000626636727628647e+04 0.000000000000000000e+00
5.000691937736454565e+04 3.241466310131865596e-23
5.000706103025970515e+04 0.000000000000000000e+00
5.000760751898845774e+04 0.000000000000000000e+00
5.000773574952290801e+04 6.446565074748315831e-24
5.000785511751112790e+04 0.000000000000000000e+00
5.000799168093065236e+04 0.000000000000000000e+00
5.000831320267562842e+04 1.271359190935741608e-21
5.000878643336617097e+04 0.000000000000000000e+00
5.000895235339056671e+04 0.000000000000000000e+00
5.000906967058848386e+04 2.021040652025645335e-22
5.000942641997984174e+04 2.092093385152296527e-24
5.000970507979160902e+04 1.030229331092764010e-22
5.000971840372143197e+04 1.222364484820364096e-23
5.000973384812882432e+04 2.019210726036245665e-23
5.001036632255270524e+04 1.603683039296575446e-24
5.001046521405431849e+04 1.392643837157537821e-21
5.001051741127623245e+04 0.000000000000000000e+00
5.001121845824162301e+04 4.021504003674165525e-21
5.001158092102667433e+04 1.144873253732254039e-23
5.001167432882809953e+04 0.000000000000000000e+00
5.001184424530223623e+04 5.398736234156656087e-23
5.001185054640060116e+04 1.193711165135366649e-23
5.001185711317120149e+04 1.199057928446259251e-21
5.001261719018126314e+04 1.603057968749108843e-21
5.001272709080473578e+04 0.000000000000000000e+00
5.001294718355969235e+04 0.000000000000000000e+00
5.001336568104338221e+04 1.909028847715968409e-22
5.001349814209585747e+04 0.000000000000000000e+00
5.001358147305157036e+04 0.000000000000000000e+00
5.001382943636761047e+04 6.670923733706943682e-24
5.001395214309911535e+04 3.460218537434836976e-22
5.001400914648150501e+04 2.111050964484538327e-21
5.001452054119561217e+04 1.338668028114146380e-24
5.001476909445503406e+04 4.439130023049270327e-21
5.001494523676702374e+04 1.634050021243063538e-24
5.001528377563395770e+04 2.364102885185162582e-24
5.001551038607477676e+04 4.528870278331270815e-23
5.001567806006351748e+04 1.041127264990346007e-23
5.001604132835160999e+04 3.169044216291195321e-22
5.001616117949873296e+04 1.633435764452096001e-21
5.001671772827844688e+04 2.562941177598652776e-24
5.001692085790562123e+04 3.489236306723958698e-20
5.001705531907537079e+04 2.204061086516243747e-24
5.001751430259629706e+04 4.449397661628103744e-24
5.001764944835633651e+04 3.764207785832553267e-22
5.001779554541350808e+04 4.545970853922676049e-23
5.001799179203790118e+04 1.571792092495161116e-24
5.001812201268802892e+04 7.242415924229889735e-24
5.001831321151510929e+04 2.262278443514762523e-20
5.001853156659969682e+04 0.000000000000000000e+00
5.001904886145528872e+04 1.626779890551895223e-24
5.001907237509832339e+04 6.782682223500164140e-21
5.001942224009477650e+04 2.015112835870863438e-23
5.001970507979231479e+04 1.459658328529808864e-22
5.001971816651336849e+04 5.291590779182552053e-22
5.001979714730719570e+04 7.553301673497567002e-21
5.002012489122922125e+04 2.739833516301759540e-24
5.002022201774616406e+04 1.973053583543275835e-24
5.002046524061862874e+04 7.617326051376210349e-20
5.002111581937200390e+04 2.208543271916088219e-23
5.002122354804952192e+04 7.641163769944804141e-21
5.002142922911141068e+04 1.135284637977039515e-23
5.002148552767658111e+04 2.419969025610771861e-23
5.002185711318154790e+04 2.571732133889217874e-21
5.002192749654552608e+04 2.865164518982120438e-21
5.002221457318887406e+04 8.526102879174119517e-23
5.002246124659558700e+04 0.000000000000000000e+00
5.002261726205781451e+04 2.224282165325340581e-19
5.002327900216179114e+04 5.783491770188258817e-24
5.002336974956205086e+04 1.041942010064850596e-21
5.002337579247211397e+04 2.424127371591158782e-21
5.002399768351099192e+04 1.461574174909690281e-22
5.002400914655818633e+04 1.502773197355006252e-19
5.002407021258294844e+04 3.605903410849903851e-24
5.002427558427893382e+04 1.505241552535943157e-22
5.002462313436388649e+04 2.200936449737029843e-24
5.002476926595219993e+04 1.087787941085870298e-19
5.002479864445306157e+04 2.560339972429322828e-23
5.002526489352605859e+04 6.870260547461792386e-23
5.002552224161797494e+04 1.167283334030514203e-19
5.002554653965144098e+04 6.426101263876163786e-21
5.002616117988779297e+04 7.300168617669663704e-19
5.002616934288251650e+04 1.591738144661371077e-23
5.002620960344959167e+04 2.044042195360749670e-23
5.002646876731103112e+04 9.616850677781223355e-24
5.002692123004882160e+04 2.340880578684482429e-19
5.002697400244035816e+04 3.906709325221166814e-24
5.002729650437183591e+04 2.750664394984603341e-23
5.002767136880261387e+04 1.740705322234013257e-20
5.002799669514877314e+04 4.393662750382000629e-23
5.002818254534809967e+04 3.533111185439851484e-23
5.002829254837626650e+04 2.199235343644912678e-21
5.002831321304974699e+04 9.514094363307838335e-19
5.002847144934139214e+04 0.000000000000000000e+00
5.002907313261488889e+04 7.538305108283221093e-20
5.002959121484730713e+04 1.987177864635406322e-22
5.002970507979248214e+04 2.597460783402849443e-19
5.002981749742513784e+04 1.201548352089195222e-20
5.003001746195169108e+04 2.729985936951140001e-23
5.003005052583369252e+04 8.683482963768924899e-24
5.003039156626262411e+04 5.663611349968683554e-21
5.003046524568385939e+04 7.799046568655068685e-19
5.003062004147499101e+04 3.454275561547340869e-23
5.003089518823825347e+04 2.052826384611124173e-23
5.003122489952004980e+04 1.403328182932991370e-18
5.003170085500615096e+04 1.416071191504817716e-23
5.003185711318354879e+04 2.387326305487716768e-18
5.003196015766161872e+04 1.292341520526127369e-21
5.003236059879490494e+04 4.612728811514101104e-24
5.003240472557422618e+04 9.593480185513522316e-23
5.003252356631658040e+04 1.134385744445150048e-22
5.003261727685934602e+04 3.738838770757402971e-18
5.003268720451159606e+04 0.000000000000000000e+00
5.003328753384841548e+04 2.632146962429994083e-24
5.003337646776779729e+04 2.972039156733017266e-20
5.003396756693581847e+04 7.180550559622197116e-24
5.003400914657540852e+04 1.972304563968923794e-18
5.003409834387333831e+04 5.289559948882317992e-20
5.003415392868567142e+04 1.776284685372358153e-21
5.003450626364859636e+04 4.045507017831789141e-21
5.003473315667104180e+04 7.143046997614835185e-23
5.003476930511356477e+04 2.432741535305764410e-18
5.003528331837324367e+04 8.101350433649620209e-23
5.003552745965132635e+04 6.242415172557201254e-19
5.003556882244399458e+04 1.695560652913662889e-21
5.003587140437550261e+04 1.446421767585476586e-22
5.003616117999432754e+04 9.848195808556574789e-19
5.003624010797242227e+04 8.190338894701794027e-20
5.003660981829874072e+04 2.732955930853951063e-21
5.003669962917738303e+04 1.327229435734779194e-24
5.003692132483814203e+04 1.205729080209115188e-17
5.003701533728586219e+04 3.768231313089637576e-23
5.003752815928454220e+04 1.809973270271535603e-23
5.003767828554256266e+04 5.937388071444854168e-20
5.003789243088635703e+04 6.142943252146843631e-24
5.003831321356410626e+04 3.777834505699716934e-17
5.003836842908925610e+04 1.670388212604659643e-22
5.003860746441164520e+04 4.892951582570226215e-24
5.003876309994208714e+04 1.498123706101020398e-22
5.003889594707235665e+04 4.990593896412989926e-24
5.003907333154272783e+04 2.781187245922398727e-19
5.003958041754750593e+04 2.323470480735150247e-22
5.003970507979410468e+04 9.982234343153563973e-20
5.003982817703878391e+04 1.014221834312577384e-18
5.004000276380238938e+04 1.396884821275730577e-23
5.004046524772758130e+04 5.942154129360673276e-17
5.004048660633031250e+04 4.048382375248997682e-20
5.004057427055824519e+04 1.023733234700442895e-20
5.004082064781046211e+04 3.231505155588863771e-22
5.004101480234697374e+04 2.889933020509809196e-24
5.004122531191927555e+04 1.747101187559370400e-17
5.004175706556235673e+04 2.542833077284731507e-22
5.004185711320713744e+04 7.714173013777173204e-18
5.004197670673722314e+04 9.550847137667611584e-19
5.004229542220038275e+04 5.031895554059389607e-22
5.004260894199380709e+04 1.302704415095973981e-20
5.004261728379672422e+04 7.560878392539760857e-17
5.004269628924544668e+04 1.357863398988769391e-21
5.004310492071849148e+04 0.000000000000000000e+00
5.004337715241946717e+04 7.140061342595802700e-19
5.004338083403843484e+04 2.007229791631426688e-20
5.004400914673993248e+04 2.434876481149466263e-16
5.004412296055682236e+04 1.384550303325785980e-19
5.004414798496096773e+04 9.019724033008676918e-21
5.004460155657952419e+04 3.613274601987172147e-23
5.004473348351576715e+04 1.773474575826636615e-21
5.004475424202823342e+04 6.707763323523277582e-22
5.004476932517107343e+04 2.231336893848008908e-17
5.004526580391760945e+04 1.297830954956398871e-22
5.004535462250762794e+04 4.045409942482954240e-23
5.004552912023680983e+04 1.344683850347797877e-17
5.004611289862212288e+04 1.983544254044514109e-21
5.004616118079718581e+04 8.261457035722320768e-16
5.004626903792966914e+04 9.394186493236646817e-19
5.004664283643302770e+04 1.961595968746991087e-22
5.004683050368713157e+04 4.826662327299712136e-21
5.004692137967490999e+04 3.292060897824168711e-16
5.004704173167393310e+04 9.226556042112880500e-22
5.004751951010057383e+04 5.426083226485473922e-22
5.004768094309007574e+04 7.603470092452421587e-18
5.004780291972124542e+04 1.018111924991136520e-21
5.004817057852169091e+04 5.229150472308168178e-24
5.004831321678870881e+04 3.326851346567446076e-16
5.004841452124347416e+04 1.317597729376742346e-19
5.004883388965027552e+04 6.500026242871107283e-23
5.004894838498366153e+04 0.000000000000000000e+00
5.004907346504124871e+04 1.420198187893843554e-19
5.004939168464853719e+04 1.817401586619414993e-23
5.004963678484446427e+04 6.726746775129999422e-23
5.004970507981016999e+04 6.069301329067765787e-16
5.004983256414505013e+04 8.865620258954358372e-18
5.005012890954604518e+04 1.290484513560474465e-22
5.005046525925789319e+04 2.883127574116624600e-16
5.005055458081657707e+04 3.075898917617330890e-20
5.005098471258222708e+04 1.278132817635705774e-22
5.005109975122616015e+04 4.891601228830810588e-22
5.005122561703783140e+04 1.250101136273797451e-16
5.005146007180373999e+04 4.564462281121343562e-23
5.005157058841188700e+04 3.339248385385626368e-22
5.005185711347770848e+04 4.328112448965793481e-15
5.005198409481743147e+04 1.796410839638789129e-17
5.005233753220648214e+04 7.162760871528636100e-22
5.005261732118280634e+04 4.417192985789019221e-15
5.005269401142507559e+04 1.808511213912821361e-20
5.005281909749062470e+04 7.252393865521579032e-23
5.005319390114877024e+04 3.176587980339230821e-23
5.005337790433996997e+04 2.927955383349293194e-17
5.005343027871729282e+04 1.085652587987315375e-21
5.005400914907761035e+04 8.837937887650638098e-16
5.005413538995501585e+04 1.171275690162089804e-18
5.005446120854296896e+04 4.339808952886383925e-22
5.005476943474530708e+04 3.455264778951669125e-16
5.005479108028412156e+04 3.427880098255754368e-23
5.005484176144797675e+04 4.260713131650225434e-23
5.005500784138644667e+04 2.594689866780342067e-23
5.005529098675589194e+04 2.693800641506785504e-23
5.005553043368746876e+04 3.018665389404461040e-16
5.005555491261134011e+04 2.273057725837808487e-19
5.005616119373127731e+04 3.673036508376730111e-16
5.005628652924494963e+04 7.983877306364064755e-19
5.005637402767530875e+04 9.389557251552095451e-22
5.005681040378022590e+04 1.199137228144867676e-22
5.005692166995025036e+04 6.834838904546030907e-16
5.005694868521440367e+04 2.315888112350246972e-23
5.005706945484876633e+04 1.051901200941936451e-21
5.005761939389773761e+04 3.463667109099623731e-20
5.005768346371500229e+04 2.950383112461126574e-16
5.005772572599902196e+04 8.093767231189158959e-20
5.005831326865265873e+04 4.227603955144772921e-14
5.005839638979860320e+04 1.470444100287804340e-20
5.005844044498523726e+04 2.230629646460795181e-19
5.005871042654949269e+04 9.294659640705300116e-24
5.005907416279520112e+04 6.994021756504477855e-20
5.005908686858254805e+04 6.777276525512423909e-22
5.005912644341438136e+04 3.259993215766366974e-23
5.005970508058535779e+04 3.413612034257814766e-18
5.005981390697541792e+04 6.592386464767746803e-21
5.005983730584439763e+04 3.877134562146762626e-18
5.005989261315218755e+04 4.943341595026529077e-22
5.006014194537604635e+04 6.643743117198509846e-23
5.006046542437581229e+04 2.516381607164092165e-14
5.006059061403124360e+04 3.402398807422324242e-21
5.006096818476914632e+04 1.777729638532431029e-22
5.006115286627770547e+04 1.787084202176784009e-20
5.006122715418855660e+04 7.489416191601438934e-15
5.006130034017436992e+04 4.231342865750951793e-21
5.006185712025617249e+04 1.708234000885906555e-14
5.006199233713910508e+04 2.478432656862102421e-17
5.006217705233923334e+04 6.465456890247584284e-22
5.006261776713810104e+04 1.161753838246206697e-15
5.006274235709243658e+04 2.856937311809273289e-20
5.006278761046327418e+04 2.792784742166620032e-22
5.006309170512823766e+04 1.793887120065668663e-21
5.006329480092791346e+04 1.106686851016490609e-20
5.006338103365813731e+04 3.791201721841722238e-15
5.006339992452957085e+04 1.663370254393021782e-20
5.006393662046363170e+04 3.717168579698706808e-22
5.006400918121239374e+04 2.899951400025911168e-13
5.006414932649437833e+04 4.779761278222142747e-18
5.006477050280504045e+04 3.918391466798268277e-15
5.006489671416774218e+04 5.663068627806175226e-21
5.006526334280785522e+04 1.143433607529445033e-22
5.006533484680792753e+04 1.930344856714612986e-22
5.006553638506116113e+04 3.756478231594245811e-17
5.006562970157639938e+04 2.334984162858891350e-22
5.006572221272828756e+04 4.469917530781486977e-23
5.006614805446774699e+04 2.090217110064420448e-21
5.006616131453341950e+04 6.621315325647440112e-13
5.006628985237006418e+04 3.999790554313112933e-20
5.006631072614137520e+04 4.484453258667160840e-19
5.006692400110218296e+04 1.433435979200103060e-13
5.006705634989441023e+04 3.026436795767984379e-19
5.006745777795750473e+04 1.233958329783523195e-20
5.006769402346997958e+04 7.250832224348216023e-16
5.006774605431438977e+04 2.702677900745413368e-20
5.006817597313109582e+04 2.405441117535716068e-22
5.006831367464549112e+04 9.005782137862217896e-16
5.006845101276945934e+04 5.810563285444619414e-22
5.006847254224933567e+04 1.151685988118938271e-18
5.006889875519527413e+04 1.775035093328390424e-21
5.006907887398894673e+04 3.095327032748320526e-14
5.006914256613500766e+04 8.390191080344553415e-20
5.006922369824317866e+04 1.488723671330827094e-19
5.006970509111743013e+04 1.232017173909839385e-12
5.006981550551250257e+04 2.487889927515890535e-20
5.006985500978378695e+04 9.918174855275478177e-17
5.007033761504523864e+04 5.770240265430429463e-24
5.007046663540734153e+04 8.651151695970966784e-14
5.007064041930851090e+04 3.357205886448818445e-20
5.007085722548521153e+04 3.403671845009660245e-22
5.007106160571316286e+04 4.757248464070337248e-22
5.007123604870305280e+04 9.359747111892768022e-15
5.007131670082171331e+04 1.812822615598155555e-19
5.007140636725837248e+04 8.125877562189121453e-21
5.007174573118099943e+04 1.527573877539248038e-22
5.007185724134960037e+04 6.726269258066942150e-12
5.007198472441537160e+04 4.951475321774071141e-22
5.007202058891922934e+04 2.326355506792890693e-17
5.007262092384014250e+04 2.104177746669702131e-12
5.007281424520143628e+04 7.603932427891129420e-18
5.007313409747382684e+04 2.598673581989006075e-20
5.007339681457149709e+04 1.822102088110081067e-14
5.007348301186730532e+04 2.157388247522432087e-19
5.007354900328999793e+04 6.951334896812515374e-20
5.007397449900304491e+04 1.017953272303831382e-21
5.007400983588318195e+04 1.618835278805745205e-14
5.007419215400794201e+04 2.235686610534995461e-17
5.007437365208937263e+04 2.290059483772570906e-21
5.007477773236161011e+04 5.908174965670761299e-14
5.007499015546411101e+04 1.009720448649984066e-18
5.007503840349883831e+04 8.212601367576361066e-20
5.007556278718874819e+04 1.829683607192403337e-15
5.007563285721930151e+04 5.297796855017785054e-19
5.007593911620754807e+04 5.491251582397351232e-21
5.007616357799596153e+04 9.722627495429800724e-14
5.007637115110916056e+04 2.703549439743651857e-17
5.007648657292045391e+04 3.046738388674086008e-22
5.007673178755094705e+04 1.607877270884110749e-20
5.007693876376241678e+04 5.222535148338766983e-13
5.007709424056747957e+04 8.597912406177658091e-20
5.007718265620879538e+04 1.563793757729258263e-18
5.007732687688642909e+04 1.022720785285976633e-21
5.007773588247152657e+04 4.347059989177013741e-16
5.007788830535137822e+04 1.782568536820162218e-19
5.007831960037714452e+04 2.280577427259545474e-11
5.007847940833111352e+04 3.248614997586313071e-18
5.007855910883752949e+04 2.896019908896351731e-16
5.007886117450195161e+04 1.282817903385988433e-21
5.007910617486552655e+04 4.066562584070055373e-13
5.007934015243483736e+04 3.577707364792641206e-19
5.007937548309626436e+04 1.012695233535435044e-18
5.007943894402870501e+04 2.013017491860169119e-20
5.007970532102315337e+04 1.557790955064718608e-13
5.007991806683102186e+04 4.950142681972079288e-17
5.008016265414505324e+04 9.525878395910760549e-20
5.008047962208768149e+04 2.212926614565420316e-12
5.008051195399654534e+04 6.998751399945395492e-18
5.008075737842420494e+04 2.268291990457870075e-19
5.008111667688505258e+04 1.059806259265334270e-20
5.008128242147364654e+04 2.416424797969792003e-14
5.008151271602089400e+04 7.798553592780752785e-22
5.008158184632465418e+04 3.643115955571780779e-18
5.008179657160795614e+04 3.557653572595196959e-19
5.008185835100232362e+04 2.862560411371434544e-11
5.008211131261035916e+04 1.095067733703052992e-15
5.008216014881325827e+04 1.175903719848215524e-19
5.008248960169688507e+04 1.391170672295068340e-19
5.008264605280568503e+04 1.695033889191270566e-11
5.008296698682439455e+04 1.095220539730672979e-16
5.008343837959255325e+04 6.260355565446530297e-20
5.008347005344217177e+04 6.644469188679423000e-15
5.008376793052539142e+04 1.559515161132423874e-19
5.008381425243755075e+04 7.611040757545367049e-18
5.008401370994826721e+04 1.818912493037476440e-10
5.008431735799472517e+04 2.393424073653091598e-15
5.008432800406626484e+04 1.407391082904654440e-17
5.008473309186793631e+04 1.010332071710815594e-18
5.008482191836345737e+04 6.857416105487562881e-12
5.008514990176499123e+04 2.656429559802601117e-17
5.008520861461716413e+04 4.289442670906137383e-17
5.008567152609356708e+04 1.826990795376893273e-15
5.008582515261531080e+04 3.030490158294053694e-19
5.008600174514883111e+04 6.362453344560574076e-18
5.008617563061276451e+04 2.699179561789426050e-10
5.008653694169792288e+04 4.807942526820132652e-18
5.008659533064802235e+04 2.317432119335918519e-19
5.008701059151436493e+04 6.143482014027563224e-13
5.008711263928856351e+04 6.751534358587932048e-18
5.008738064514044527e+04 2.365134922386306961e-19
5.008743114873881859e+04 1.415592598271023965e-17
5.008783455288611731e+04 2.153267912893030976e-17
5.008788920371049608e+04 4.488542788963265560e-14
5.008824611089714745e+04 4.431091343801299861e-16
5.008835021811112529e+04 3.741677767503720017e-10
5.008868117833519500e+04 4.067020845364286646e-21
5.008877459087690659e+04 1.763260290684520766e-16
5.008921544800513948e+04 1.234291519759034536e-13
5.008947941748376616e+04 8.474257344422431142e-18
5.008969475909025641e+04 7.621372030058766054e-15
5.008971201820620627e+04 2.303121782814092714e-09
5.008990664718870539e+04 1.540368861730062926e-18
5.009008103893689986e+04 6.467670057736191816e-18
5.009012503747396840e+04 2.675680039424278856e-14
5.009039336872866261e+04 1.027156780475202016e-18
5.009054400068073301e+04 8.388986186247903091e-11
5.009093033359070250e+04 2.548720263374698209e-17
5.009102681596644106e+04 1.650700864327357373e-17
5.009117224777945376e+04 6.135513311407134104e-18
5.009143960555156809e+04 1.454526302214438531e-16
5.009189136090622924e+04 9.285080729031762448e-09
5.009194914900066942e+04 2.964686975112954994e-14
5.009215410882944707e+04 9.035423427458845789e-19
5.009232878839197656e+04 2.455233476681008615e-18
5.009238084792331210e+04 1.121421184689119789e-14
5.009250784151015250e+04 2.493931092474434625e-17
5.009276272941580100e+04 1.651020176019165342e-12
5.009297711228799017e+04 2.365507871471560426e-19
5.009329174398877512e+04 1.570034861594589931e-15
5.009332838745490153e+04 5.677268545783206467e-16
5.009368581871338392e+04 2.207311985020013012e-15
5.009409960777204833e+04 4.196763750065195324e-09
5.009420838068107696e+04 1.520901615578052450e-14
5.009434137607977027e+04 1.076619448775157642e-16
5.009456865964947792e+04 1.014431587630616762e-16
5.009465844572163769e+04 2.273775757725007995e-15
5.009501095541261020e+04 6.565292101584933824e-16
5.009524333127908176e+04 7.575652119875202856e-17
5.009557045735484280e+04 5.692563344341649367e-16
5.009559991347210598e+04 2.013634331543081305e-15
5.009595646560032037e+04 7.339151713793602549e-16
5.009619862233650201e+04 4.691058589972169935e-18
5.009634297820919164e+04 6.519732114623031251e-10
5.009649788001651177e+04 2.091780434277992850e-15
5.009666374217117846e+04 2.356933604259086989e-18
5.009695851710094576e+04 9.202445395291421905e-19
5.009729212600793107e+04 7.804445579260528648e-13
5.009745743268054503e+04 8.573460287332140932e-18
5.009787199409242749e+04 2.347260863893341200e-16
5.009793981103418628e+04 3.223996726836377296e-16
5.009819970556790940e+04 3.198100378810926522e-18
5.009825351792257425e+04 6.009162010375601566e-16
5.009862722979411046e+04 2.083477985263337039e-11
5.009872085511829937e+04 1.931416551026764939e-17
5.009888855303044693e+04 1.704084416566086055e-17
5.009928225400679366e+04 2.089133097514155047e-16
5.009960824390430207e+04 6.108658557214365486e-12
5.009974814245120797e+04 1.406049949063241018e-09
5.009984625947046879e+04 1.232236643140819072e-16
5.010020317152583448e+04 1.066963363533413157e-16
5.010057796199895529e+04 1.029491664029654649e-14
5.010067654355426203e+04 1.251329713093013924e-16
5.010095691956894734e+04 1.464289554398678791e-11
5.010103103890833881e+04 5.718209736259189718e-17
5.010113809231147025e+04 2.894213366738797647e-18
5.010139974434674514e+04 2.332008457542997255e-17
5.010163030267614522e+04 3.653168033386682238e-16
5.010185812250534218e+04 1.528983479710385273e-21
5.010195219645003090e+04 2.422614067140931800e-11
5.010200133812653803e+04 1.034009952045356436e-10
5.010220491402506013e+04 3.644665014573978284e-17
5.010264893841905723e+04 9.841517974888146174e-18
5.010293213636983273e+04 4.651014288479529764e-14
5.010332316967296356e+04 9.999564045770638599e-15
5.010333407301469560e+04 9.806433345109329125e-12
5.010351774781793210e+04 1.618996693730915922e-17
5.010376446689411387e+04 3.536026502307194881e-17
5.010398428178634640e+04 1.594027677885320109e-15
5.010403616609875462e+04 3.653076329337162445e-15
5.010431440657996427e+04 1.813337261676848077e-11
5.010438529911008663e+04 1.615805427896453879e-11
5.010451334562501142e+04 1.449593654086058857e-18
5.010487447998041898e+04 5.483384647833851874e-17
5.010511841656220349e+04 6.998865163585305458e-18
5.010531634540548839e+04 1.040360268073329669e-15
5.010571491871398757e+04 9.052830870243150018e-17
5.010575820414559712e+04 5.326000641572381902e-13
5.010622228930481651e+04 1.312097053023980888e-16
5.010641029719728249e+04 8.888997826945070942e-15
5.010673291600419907e+04 1.498430737003910271e-11
5.010680208754803607e+04 1.904604639721978614e-13
5.010684249933448154e+04 2.231301422356714796e-11
5.010738439853522868e+04 1.645346833221425507e-15
5.010750803857534629e+04 1.554418860602019871e-16
5.010769402310548321e+04 3.735640106594382332e-16
5.010773211732510390e+04 2.706055053201729779e-15
5.010822689503086440e+04 6.334515590519402127e-13
5.010859427898040303e+04 7.310652301584089260e-16
5.010879073091711325e+04 1.181632324471333317e-14
5.010895956232596654e+04 3.198906708178473340e-14
5.010919702343697281e+04 8.156928147194262939e-12
5.010936643801411992e+04 2.306985814387076105e-11
5.010946489869463403e+04 1.274530717893833062e-14
5.010991315069018310e+04 5.162950607052505535e-15
5.011000843614227051e+04 2.970983965377045646e-17
5.011017419687313668e+04 1.036995724721248179e-14
5.011073657070821355e+04 7.484625595509997771e-14
5.011118650750069355e+04 7.304225855658312239e-15
5.011130962366888707e+04 1.056114600900893627e-15
5.011168092378810979e+04 8.010067957801974853e-13
5.011178253501997096e+04 7.937556592045608947e-14
5.011195259548700415e+04 3.317200525319022662e-12
5.011225533524556522e+04 1.489991659893603447e-15
5.011250533950628596e+04 4.206127899823332192e-15
5.011266321444092318e+04 6.870524042124155039e-15
5.011306493077294726e+04 2.529688231317045402e-17
5.011328331649657775e+04 2.795178308672381591e-14
5.011352895182234352e+04 5.440839914218908477e-16
5.011361037094946369e+04 1.412129044226906360e-15
5.011408229162549105e+04 7.330354917562086496e-15
5.011421696205776243e+04 1.116006493002872263e-13
5.011458850766404794e+04 6.449670880735747938e-13
5.011467909430682630e+04 1.674545275462533551e-14
5.011509686605802563e+04 3.571030177294857053e-15
5.011518635530055326e+04 6.660154698441412507e-16
5.011554305715468217e+04 3.903550474220930716e-17
5.011567560023676197e+04 2.100601783756021626e-17
5.011586164324856509e+04 8.291138914776229608e-15
5.011590696637727524e+04 6.607621878734728965e-16
5.011628256231895648e+04 1.088812459268587015e-16
5.011636851028323144e+04 1.819063034013935470e-16
5.011676235915835423e+04 3.137989394465481307e-15
5.011716342712519690e+04 9.519913721765942821e-17
5.011726895680707094e+04 6.070252977080466649e-15
5.011752455431489943e+04 1.423141063598305295e-16
5.011771624139820779e+04 6.787481992415940695e-17
5.011836714134411886e+04 1.869797896287998028e-17
5.011847368741871469e+04 2.780471176488258064e-15
5.011893727706492064e+04 1.020970692917810645e-17
5.011925559461468947e+04 1.400213897872859511e-16
5.011933658982546331e+04 7.698579407519229139e-16
5.011943153592957970e+04 2.685590021081105809e-17
5.011996426077382785e+04 1.779083246414794499e-14
5.012014414102370938e+04 2.791084212157484500e-15
5.012035479843296343e+04 3.922902100743486953e-17
5.012049796464454994e+04 2.715284960650204138e-18
5.012110745771115035e+04 4.747258547065203553e-16
5.012127993423864245e+04 3.786129533314001693e-17
5.012168307236400142e+04 2.793171000377258433e-17
5.012180154956717888e+04 1.972100226674810493e-17
5.012192405788455653e+04 8.638435061669233925e-16
5.012260209378400759e+04 1.834367467785967530e-15
5.012278792661111220e+04 4.478028974395339005e-15
5.012299572160292155e+04 7.021596159412058096e-18
5.012316044241195050e+04 5.112494090255456058e-18
5.012376102161327435e+04 5.900311692961521017e-17
5.012388350064197584e+04 1.678409096774863562e-20
5.012424450955618522e+04 3.392122323008189310e-17
5.012455097733029106e+04 1.798989891505668381e-16
5.012520896215305402e+04 1.327318739278412434e-16
5.012553233391145477e+04 1.080547958919449441e-15
5.012567245999121224e+04 2.542503047776450675e-17
5.012604214928366127e+04 1.581600254874357472e-18
5.012611676271263423e+04 1.366850641858487805e-18
5.012643895485167741e+04 4.769505116388361185e-17
5.012664085391794652e+04 2.645002142626873623e-18
5.012689016826128500e+04 1.615761835558063912e-18
5.012719913355998870e+04 2.051225378837996014e-17
5.012762194505854131e+04 1.509426517022074703e-19
5.012799555528898782e+04 2.625609247556251267e-18
5.012815186345410621e+04 5.519803840602948130e-18
5.012832609160616266e+04 5.009222751183768098e-17
5.012835944453730190e+04 1.837353758905085978e-19
5.012889178741374053e+04 1.488001082559235274e-19
5.012901093014782236e+04 2.125838263568631068e-18
5.012915116330057936e+04 6.825224826822872151e-18
5.012959331839938386e+04 8.676657688932747505e-20
5.012986882127408171e+04 4.892904656374888847e-20
5.013029289295151102e+04 6.793428276789399214e-19
5.013101072973936243e+04 1.002783848070689508e-18
5.013112022872058151e+04 1.148807515461271417e-17
5.013154302813983668e+04 3.945627056471194089e-20
5.013181183238559606e+04 5.438870631754176702e-19
5.013202873877170350e+04 7.927064484792611775e-19
5.013246112140268815e+04 1.003527448448300718e-18
5.013280481852943194e+04 5.428790276264914584e-19
5.013318740024519502e+04 4.087168509290353128e-20
5.013341278970974236e+04 4.848952961156968962e-19
5.013391501107018848e+04 6.891953940226043335e-18
5.013414521795867040e+04 1.242741269442705010e-18
5.013442235938694648e+04 4.759043928382093157e-20
5.013459627699090925e+04 1.312489269689732121e-19
5.013492858940739097e+04 8.008583686374733888e-20
5.013513935426324315e+04 4.580411052014962550e-19
5.013539797473410727e+04 1.091797310627847077e-19
5.013613261772987607e+04 6.206592501252118625e-20
5.013633590601259493e+04 4.939217905924558763e-20
5.013676078569075617e+04 1.606869193797752224e-18
5.013728395194872428e+04 2.736637746257680944e-19
5.013777853909363330e+04 7.662889667020616330e-20
5.013838264367776719e+04 9.907651011152221074e-21
5.013859166202915367e+04 1.683568947010494246e-21
5.013928700074106746e+04 1.808955749651212051e-22
5.013943160337561130e+04 2.737779609331584480e-21
5.013952174536064558e+04 1.004599805199977651e-20
5.013965829333263537e+04 1.102848646297229357e-19
5.013999181192638207e+04 3.358500312366180488e-20
5.014026848006111686e+04 7.718257507584882698e-22
5.014080781367935560e+04 1.434896285567089737e-21
5.014121868536598049e+04 6.234377726271364165e-23
5.014132894653031690e+04 3.279110274488850422e-22
5.014179754067304020e+04 5.671761206682930344e-23
5.014195747875131201e+04 1.142695847513547622e-22
5.014219032475003769e+04 8.296473291825954903e-22
5.014243608065170702e+04 6.483052808495150560e-21
5.014288092907486134e+04 4.468867070096948682e-22
5.014324265089948312e+04 2.645032244208677840e-21
5.014395743143218715e+04 1.998786616497589759e-21
5.014487725220371067e+04 6.158682488971996896e-23
5.014526872611018189e+04 9.547112590389834354e-21
5.014544343296626903e+04 4.515727755419941037e-22
5.014575199320839602e+04 1.062779833827881980e-21
5.014623118568527570e+04 9.891117295684975800e-22
5.014670260115867131e+04 6.066124548542488796e-22
5.014695022455410799e+04 2.897839638610303115e-22
5.014723253714685416e+04 6.105909247804532337e-24
5.014746237900271080e+04 1.301778585669922930e-22
5.014795630221145257e+04 7.629783034052703795e-22
5.014824281055066967e+04 1.426426123157319219e-21
5.014848898403164640e+04 7.513427535482094039e-22
5.014902692193225812e+04 1.688181782754424785e-22
5.014941712781183014e+04 1.937082506934130734e-23
5.015001381944232708e+04 6.156240338721069906e-23
5.015096059951569623e+04 2.246658002135019808e-22
5.015116398440703051e+04 1.438773402767508479e-23
5.015173452878656099e+04 4.647962742030234779e-23
5.015203603475045384e+04 3.550597088664115709e-24
5.015282001825481711e+04 6.705246838919978824e-24
5.015352115561170649e+04 0.000000000000000000e+00
5.015359109058393369e+04 1.173269059289204823e-24
5.015380454545340035e+04 0.000000000000000000e+00
5.015394370606421580e+04 2.112615164283367719e-24
5.015396270230915252e+04 0.000000000000000000e+00
5.015481396491680061e+04 5.376298841986943735e-24
5.015489274703220144e+04 0.000000000000000000e+00
5.015616854942070495e+04 0.000000000000000000e+00
5.015625571633379150e+04 0.000000000000000000e+00
5.015638676182075142e+04 0.000000000000000000e+00
5.015687773975157324e+04 1.450599406688038343e-23
5.015717933804889617e+04 1.317802878946984992e-24
5.015779264579612209e+04 2.508745592546565251e-24
5.015844520978608489e+04 0.000000000000000000e+00
5.015940818422248412e+04 2.981201953086988143e-24
5.015982856998002535e+04 0.000000000000000000e+00
5.016026184341723274e+04 0.000000000000000000e+00
5.016064380087976315e+04 0.000000000000000000e+00
5.016093015495951113e+04 0.000000000000000000e+00
5.016101410372951796e+04 0.000000000000000000e+00
5.016201178410175635e+04 0.000000000000000000e+00
5.016273423755314434e+04 0.000000000000000000e+00
5.016309848971261090e+04 0.000000000000000000e+00
5.016344492596501368e+04 0.000000000000000000e+00
5.016375621563533787e+04 0.000000000000000000e+00
5.016444900763767509e+04 0.000000000000000000e+00
5.016511849285026983e+04 0.000000000000000000e+00
5.016547015880548861e+04 0.000000000000000000e+00
5.016627865556258621e+04 0.000000000000000000e+00
5.016708095117842458e+04 0.000000000000000000e+00
5.016800572116510011e+04 0.000000000000000000e+00
5.016829008069909469e+04 0.000000000000000000e+00
5.016882780610636109e+04 0.000000000000000000e+00
5.016896976767677552e+04 0.000000000000000000e+00
5.016910647210240131e+04 0.000000000000000000e+00
5.016974384774790087e+04 0.000000000000000000e+00
5.017062152915170736e+04 0.000000000000000000e+00
5.017140628243883839e+04 0.000000000000000000e+00
5.017198275704668049e+04 0.000000000000000000e+00
5.017230384650956694e+04 0.000000000000000000e+00
5.017247420414962107e+04 0.000000000000000000e+00
5.017276926955972885e+04 0.000000000000000000e+00
5.017457135558873415e+04 0.000000000000000000e+00
5.017498631275030493e+04 0.000000000000000000e+00
5.017525576504260971e+04 0.000000000000000000e+00
5.017592312028536981e+04 0.000000000000000000e+00
5.017701531352651364e+04 0.000000000000000000e+00
5.017736874046203593e+04 0.000000000000000000e+00
5.017866698928416008e+04 0.000000000000000000e+00
5.017887149463382229e+04 0.000000000000000000e+00
5.017990869996824767e+04 0.000000000000000000e+00
5.018012524800398387e+04 0.000000000000000000e+00
5.018136237824799900e+04 0.000000000000000000e+00
5.018210182685012842e+04 0.000000000000000000e+00
5.018298011077036062e+04 0.000000000000000000e+00
5.018329162501941755e+04 0.000000000000000000e+00
5.018426369563468324e+04 0.000000000000000000e+00
5.018553629683528561e+04 0.000000000000000000e+00
5.018612775931652868e+04 0.000000000000000000e+00
5.018674075843918399e+04 0.000000000000000000e+00
5.018708755932901113e+04 0.000000000000000000e+00
5.018777053390476067e+04 0.000000000000000000e+00
5.018828763884209184e+04 0.000000000000000000e+00
5.018949999514008960e+04 0.000000000000000000e+00
5.019014615385416982e+04 0.000000000000000000e+00
5.019032314636013325e+04 0.000000000000000000e+00
5.019170629475648457e+04 0.000000000000000000e+00
5.019223892405581864e+04 0.000000000000000000e+00
5.019346749073044339e+04 0.000000000000000000e+00
5.019431240904256993e+04 0.000000000000000000e+00
5.019530104838264378e+04 0.000000000000000000e+00
5.019674741013289167e+04 0.000000000000000000e+00
5.019800990724943404e+04 0.000000000000000000e+00
5.019898421713626885e+04 0.000000000000000000e+00
5.019964870317080931e+04 0.000000000000000000e+00
5.020144315516499046e+04 0.000000000000000000e+00
5.020310335145151475e+04 0.000000000000000000e+00
5.020323131302167167e+04 0.000000000000000000e+00
5.020376845098892227e+04 0.000000000000000000e+00
5.020598533405652415e+04 0.000000000000000000e+00
5.020647563428383000e+04 0.000000000000000000e+00
5.020765171602980263e+04 0.000000000000000000e+00
5.020959767267788266e+04 0.000000000000000000e+00
5.021018228639011068e+04 0.000000000000000000e+00
5.021215859032305161e+04 0.000000000000000000e+00
5.021268716438690171e+04 0.000000000000000000e+00
5.021563414005568484e+04 0.000000000000000000e+00
5.021595075620589341e+04 0.000000000000000000e+00
5.021681014137977763e+04 0.000000000000000000e+00
5.022057991391871474e+04 0.000000000000000000e+00
5.022344921613403130e+04 0.000000000000000000e+00
5.022432164202984859e+04 0.000000000000000000e+00
5.022696792798855313e+04 0.000000000000000000e+00
5.023115480831114837e+04 0.000000000000000000e+00
5.023164997512684204e+04 0.000000000000000000e+00
5.023370426795969979e+04 0.000000000000000000e+00
5.023415877173753688e+04 0.000000000000000000e+00
5.024675627458064992e+04 0.000000000000000000e+00
5.024721155111974076e+04 0.000000000000000000e+00
