-5.000005485546313867e+04 5.271409192398862242e-06
-4.999817148330577766e+04 8.087180537339961188e-07
-4.999647641258099611e+04 1.554414222820615910e-04
-4.999497433558612101e+04 9.373217290058657173e-06
-4.999365509953086439e+04 2.126260735635484211e-04
-4.999249578309013305e+04 1.112936661781479407e-05
-4.999146813814801135e+04 2.634830447757805831e-06
-4.999054251705974457e+04 9.997034623893258162e-06
-4.998994263306148059e+04 9.008184809202871010e-06
-4.998969341873215308e+04 5.985408129101599885e-05
-4.998890239509156527e+04 1.457970767406636421e-05
-4.998815470810382976e+04 2.159412838996189741e-06
-4.998782692483125720e+04 3.574005542246810820e-05
-4.998742970315034472e+04 1.625254078284612552e-05
-4.998675442301540170e+04 1.620307407381797976e-04
-4.998608538987437350e+04 2.396124839239120599e-04
-4.998569989573123166e+04 1.613601098728026720e-02
-4.998542200463549671e+04 3.195174350790171494e-04
-4.998478407633322058e+04 2.435244074118394957e-05
-4.998415627779769420e+04 4.355805536362968147e-05
-4.998365243506071420e+04 4.972131822100502144e-05
-4.998345359250872571e+04 3.597006409322203171e-05
-4.998290418757504813e+04 1.357213102232259093e-05
-4.998228293095976551e+04 2.838976206261196721e-06
-4.998167388072940957e+04 2.983318552517105575e-05
-4.998144262905838696e+04 1.279210412838230099e-04
-4.998097437871563307e+04 2.892953113785507588e-06
-4.998032287893787725e+04 2.965280147446532362e-06
-4.997990038994405040e+04 9.802128586847033143e-01
-4.997968565102825232e+04 1.965552739535268332e-04
-4.997927650728487788e+04 2.965701526090143963e-07
-4.997889052263816120e+04 1.045774229129970910e-05
-4.997813966523441195e+04 1.126947332456406090e-05
-4.997770515942423663e+04 1.623897931929706813e-03
-4.997729993115837715e+04 2.265148923695855268e-05
-4.997716619908210123e+04 9.445085518179112340e-05
-4.997639227450243925e+04 5.676158889085563476e-07
-4.997550648363616347e+04 2.792504633057233297e-06
-4.997539146938567865e+04 2.765640356419151397e-06
-4.997509878597986244e+04 5.072112035900234277e-07
-4.997436124379224930e+04 1.881092036905411244e-07
-4.997353962074359151e+04 8.736934665374866725e-07
-4.997298633240872732e+04 1.237359077899358722e-06
-4.997273891512503178e+04 9.144945017078982041e-07
-4.997231906935170264e+04 1.191933077820891603e-07
-4.997110739006235963e+04 8.662352595567518583e-08
-4.997060678606335568e+04 5.119662911230482864e-06
-4.997050877703948208e+04 7.505633638598423381e-05
-4.996994572326609341e+04 3.070892661759859873e-07
-4.996847984793528303e+04 7.868982718382835338e-07
-4.996821367254200595e+04 2.921356550224151127e-10
-4.996800044253607484e+04 4.401012314869256732e-07
-4.996704867731200648e+04 4.509312658497705459e-09
-4.996634693592119584e+04 1.965639018642051611e-08
-4.996549508571897604e+04 2.652713818809613408e-08
-4.996514246493911924e+04 1.563520556396220992e-09
-4.996409784919640515e+04 1.422500358142943077e-08
-4.996384051408981759e+04 6.100394469060993793e-10
-4.996294601906714524e+04 4.654425925870348757e-10
-4.996195304668988683e+04 9.530161086911454206e-11
-4.996142589151114953e+04 1.026219603374816327e-09
-4.996044806615912967e+04 2.765674203023986823e-08
-4.996001663842774724e+04 4.433597675418861056e-10
-4.995948943438791321e+04 1.123069903211074419e-08
-4.995817251365415723e+04 7.794921743379622840e-11
-4.995739690034902742e+04 1.849942533864644612e-10
-4.995705574379123573e+04 1.742366911490094208e-10
-4.995576339479033049e+04 3.015905795305307170e-12
-4.995570946315359470e+04 4.611358885234649991e-12
-4.995442029421644111e+04 1.000387948504193984e-10
-4.995357442000102310e+04 3.114186641161929136e-12
-4.995250063583836891e+04 1.185968822694487864e-12
-4.995186013915499643e+04 6.694745079660647892e-13
-4.995096537844568957e+04 1.012135339595194997e-11
-4.995086252731223067e+04 2.824150079927481971e-13
-4.994915299040885293e+04 1.996146206594794893e-11
-4.994877562957925693e+04 3.160888247985136257e-14
-4.994701915130399721e+04 3.632810969132169485e-14
-4.994654410330721294e+04 4.606474778913755177e-13
-4.994598182004863338e+04 2.621355022908506896e-14
-4.994513360820963135e+04 5.903610119440619202e-17
-4.994385491650161566e+04 3.159878747381712883e-15
-4.994383494600878475e+04 1.548955982581306350e-13
-4.994185131003940478e+04 3.676552614698635253e-14
-4.994127320062977378e+04 8.141733507228898032e-21
-4.993990539738748339e+04 2.803278476531659774e-15
-4.993956615112711734e+04 6.833996918499354020e-16
-4.993829937414841697e+04 1.425484685508975489e-14
-4.993794864937640523e+04 5.617987449447021023e-18
-4.993649953716270102e+04 6.238493281259331169e-16
-4.993585105121622473e+04 3.849998587789378537e-16
-4.993422095903758600e+04 8.534628962937023319e-19
-4.993398496056766453e+04 1.729207966789008512e-16
-4.993185107982326736e+04 1.076857579561284155e-16
-4.993169738418435736e+04 3.066333939482232873e-17
-4.992941548210956535e+04 2.114995593960166505e-17
-4.992918220282982656e+04 4.136768503744839002e-20
-4.992723945263764472e+04 2.233241727400879787e-19
-4.992683943679948425e+04 5.179166931609003630e-18
-4.992629847869882360e+04 1.475381965960245943e-18
-4.992462566158493428e+04 7.062797855375299898e-20
-4.992388635937077925e+04 1.772653058479027533e-19
-4.992290699940719787e+04 1.519610685571865414e-19
-4.992127120731912146e+04 2.242039018619248135e-19
-4.992076358443118079e+04 4.038499664683703498e-21
-4.991967707286668156e+04 3.961855589838738434e-20
-4.991861523360085266e+04 2.892046169634178940e-21
-4.991739141083510913e+04 2.718708186379352318e-21
-4.991603931027158251e+04 6.798175087472391422e-21
-4.991458474558675516e+04 1.139418572306187417e-22
-4.991344508203734586e+04 3.661120057839436909e-22
-4.991227299437287729e+04 1.129219839406258466e-23
-4.991118865548151371e+04 0.000000000000000000e+00
-4.991043571628469363e+04 4.879985545048133850e-22
-4.990884388051607675e+04 2.001620332123129977e-24
-4.990780922897636628e+04 1.272165217483024287e-23
-4.990628251318279217e+04 1.213453272410611215e-23
-4.990501123988366453e+04 0.000000000000000000e+00
-4.990383208229549928e+04 0.000000000000000000e+00
-4.990274955965257686e+04 0.000000000000000000e+00
-4.990209558888174070e+04 0.000000000000000000e+00
-4.990002970679054124e+04 0.000000000000000000e+00
-4.989963652675899357e+04 0.000000000000000000e+00
-4.989768132889212575e+04 0.000000000000000000e+00
-4.989708815981444059e+04 0.000000000000000000e+00
-4.989538599151321250e+04 0.000000000000000000e+00
-4.989478514983642526e+04 0.000000000000000000e+00
-4.989267013506601506e+04 0.000000000000000000e+00
-4.989183129865913361e+04 0.000000000000000000e+00
-4.988941373673611088e+04 0.000000000000000000e+00
-4.988881728825400205e+04 0.000000000000000000e+00
-4.988763081725064694e+04 0.000000000000000000e+00
-4.988634937021412770e+04 0.000000000000000000e+00
-4.988489040351973381e+04 0.000000000000000000e+00
-4.988284331088287581e+04 0.000000000000000000e+00
-4.988010543602406688e+04 0.000000000000000000e+00
-4.987955310798501159e+04 0.000000000000000000e+00
-4.987714790375026496e+04 0.000000000000000000e+00
-4.987629762882662908e+04 0.000000000000000000e+00
-4.987375782622696715e+04 0.000000000000000000e+00
-4.987152461109650903e+04 0.000000000000000000e+00
-4.986835487333477067e+04 0.000000000000000000e+00
-4.986338942787354608e+04 0.000000000000000000e+00
-4.986289522027797648e+04 0.000000000000000000e+00
-4.986005560052706278e+04 0.000000000000000000e+00
-4.985954749029788218e+04 0.000000000000000000e+00
-4.984466310521309788e+04 0.000000000000000000e+00
-4.984401875782178104e+04 0.000000000000000000e+00
-4.984109737057711027e+04 0.000000000000000000e+00
-4.984043834863600205e+04 0.000000000000000000e+00
4.999994873879724764e+04 3.498319477736147594e-15
5.000183900077627186e+04 3.704411420799832697e-13
5.000354033683834859e+04 5.964014417261468773e-12
5.000504860541460221e+04 6.942807144153190532e-10
5.000637445966474479e+04 1.440185033750187637e-11
5.000754109741209686e+04 3.038586068881796703e-13
5.000857674745024269e+04 6.008092164227165777e-12
5.000951097883237526e+04 8.816011952656583947e-11
5.001006504190973646e+04 2.870142139741870363e-11
5.001036902150637616e+04 1.268972818350041741e-11
5.001116944195534597e+04 7.660753933431536692e-12
5.001192620426774374e+04 1.346701933914422225e-10
5.001219677185860201e+04 1.597029183610845250e-08
5.001265989744186663e+04 1.926348885183826279e-10
5.001334516395968967e+04 1.038506961636607514e-13
5.001402299264977046e+04 1.983573263876745423e-14
5.001433977686730213e+04 6.453563003107375232e-11
5.001469511981141113e+04 2.639413067634893097e-13
5.001534405971054366e+04 7.167244660974429421e-14
5.001597937523510336e+04 1.847260023172520686e-14
5.001642429434142832e+04 2.212813760952862200e-15
5.001666715234692674e+04 3.648440868059287097e-14
5.001724822222610965e+04 8.165359055912639169e-14
5.001787539262377686e+04 6.647131446973610408e-16
5.001847709639938694e+04 1.297677269209491672e-15
5.001864040227828809e+04 2.728306588728618738e-13
5.001919439700185467e+04 4.446140064488965740e-15
5.001984956360104843e+04 3.988350734922111297e-13
5.002010393724431924e+04 1.674513489145707549e-11
5.002047190382585541e+04 3.776885775441791247e-12
5.002082235378151381e+04 1.133426780925339594e-11
5.002128233821017056e+04 3.901529154482932139e-13
5.002203645391322061e+04 7.668886496574929578e-14
5.002230809892554680e+04 3.717819188130246216e-11
5.002285360315581784e+04 1.710705310951068970e-13
5.002294800075032254e+04 4.601314388592132857e-14
5.002378306995757885e+04 4.744850332030782653e-14
5.002463193556622718e+04 1.224604337019776349e-12
5.002465078626632021e+04 1.210845339571691484e-13
5.002502710470063175e+04 4.456046018352119870e-13
5.002579592984045303e+04 1.741595365895698966e-14
5.002661975301544589e+04 1.588685979408444401e-13
5.002704830474626942e+04 1.206457887305509145e-10
5.002738852453498112e+04 8.448645163203191456e-14
5.002784046521608252e+04 3.033453192434688607e-13
5.002905738528135407e+04 7.997620347352379192e-14
5.002950072993569484e+04 1.107203793067558563e-12
5.002955002193644032e+04 2.157843914018746629e-14
5.003022465055670182e+04 3.418110629324083688e-17
5.003164183487871196e+04 1.592568785577523159e-14
5.003195147084154451e+04 2.361763879845888562e-16
5.003206170637992909e+04 5.090651005342209255e-15
5.003310972867679084e+04 1.966830650943843116e-16
5.003379375778416579e+04 8.407897337307013954e-15
5.003458411644511216e+04 2.761206031602343816e-15
5.003501141985996219e+04 3.801123238569429181e-16
5.003604442464980093e+04 4.314586138938423564e-17
5.003631815769069362e+04 2.064531188922441470e-15
5.003715023146765452e+04 1.216503209013063600e-13
5.003819313113729004e+04 2.078822802279762196e-14
5.003871856095151452e+04 7.822331129360185329e-16
5.003967399047057552e+04 5.050965346917895753e-16
5.004012859202593972e+04 2.507484423437303194e-16
5.004065666884212260e+04 4.949951158781554720e-16
5.004198167959468992e+04 2.275927416153954258e-17
5.004274782950390363e+04 8.677948904345291801e-18
5.004308487339434942e+04 8.382119288697963081e-17
5.004438999886792590e+04 7.435901749087205657e-18
5.004445418931292807e+04 2.395558808836829985e-18
5.004571456455577572e+04 4.704575365043755432e-23
5.004660864932271215e+04 5.258660886252827971e-17
5.004763405967319704e+04 7.844268450295005938e-19
5.004827793797529011e+04 1.274984016888044386e-16
5.004923425875153043e+04 4.490687191972979431e-20
5.004927615520905238e+04 1.171946716006337694e-18
5.005099750815473089e+04 2.362049183481777890e-18
5.005143542045238428e+04 5.257815796196310208e-19
5.005314730258457712e+04 2.918480138787836630e-20
5.005361791552118666e+04 2.846175970184059044e-19
5.005422985448210966e+04 3.866937451337459241e-20
5.005502315288344107e+04 5.665698708161579423e-20
5.005632438870402984e+04 5.763787146814608904e-22
5.005637453032319172e+04 6.414138744124209247e-20
5.005835451856346481e+04 8.097711577705967326e-21
5.005890671761018893e+04 1.529363266634577025e-19
5.006029734081111383e+04 3.064617207919662653e-21
5.006062482334216475e+04 1.223361634250324253e-20
5.006184851051022997e+04 2.407434632476323480e-21
5.006225063303173374e+04 5.589043067394097716e-22
5.006373659322009917e+04 1.752613262124081961e-22
5.006431670742786810e+04 5.811276471181327027e-22
5.006603334697892569e+04 2.462133803731026009e-22
5.006626495478052675e+04 1.208324558961406062e-22
5.006840378531349415e+04 7.863921920737958633e-23
5.006856760808172112e+04 1.322836774572616712e-22
5.007083828342478955e+04 2.067609867714804961e-23
5.007107045489768643e+04 5.559877272040414719e-23
5.007302063948597061e+04 0.000000000000000000e+00
5.007338316479702917e+04 2.352856482384908806e-24
5.007400473492200399e+04 0.000000000000000000e+00
5.007561953830919083e+04 1.761956681826580299e-24
5.007640714306650625e+04 0.000000000000000000e+00
5.007732899935109162e+04 0.000000000000000000e+00
5.007901569274516805e+04 0.000000000000000000e+00
5.007950351887532452e+04 0.000000000000000000e+00
5.008067633686385670e+04 0.000000000000000000e+00
5.008167652560775605e+04 0.000000000000000000e+00
5.008297787764066743e+04 0.000000000000000000e+00
5.008427639931186422e+04 0.000000000000000000e+00
5.008575253745372174e+04 0.000000000000000000e+00
5.008688404124262888e+04 0.000000000000000000e+00
5.008808083214641374e+04 0.000000000000000000e+00
5.008920337029075017e+04 0.000000000000000000e+00
5.008989530109412590e+04 0.000000000000000000e+00
5.009156095488917344e+04 0.000000000000000000e+00
5.009252547378578311e+04 0.000000000000000000e+00
5.009411478014101885e+04 0.000000000000000000e+00
5.009538947749380168e+04 0.000000000000000000e+00
5.009656818217873661e+04 0.000000000000000000e+00
5.009766204165408999e+04 0.000000000000000000e+00
5.009831405083674326e+04 0.000000000000000000e+00
5.010033787335293164e+04 0.000000000000000000e+00
5.010073720702445280e+04 0.000000000000000000e+00
5.010275051819848159e+04 0.000000000000000000e+00
5.010330279132076248e+04 0.000000000000000000e+00
5.010511578925290087e+04 0.000000000000000000e+00
5.010569630078863702e+04 0.000000000000000000e+00
5.010783114336703875e+04 0.000000000000000000e+00
5.010855617866170360e+04 0.000000000000000000e+00
5.011094845747874933e+04 0.000000000000000000e+00
5.011154953832387400e+04 0.000000000000000000e+00
5.011298636358146177e+04 0.000000000000000000e+00
5.011403962551518634e+04 0.000000000000000000e+00
5.011571140285926231e+04 0.000000000000000000e+00
5.011792180305228976e+04 0.000000000000000000e+00
5.012043393544475839e+04 0.000000000000000000e+00
5.012099835889669339e+04 0.000000000000000000e+00
5.012324678501974995e+04 0.000000000000000000e+00
5.012407599703410961e+04 0.000000000000000000e+00
5.012664972083008615e+04 0.000000000000000000e+00
5.012936899743332469e+04 0.000000000000000000e+00
5.013247772655136941e+04 0.000000000000000000e+00
5.013696552963721479e+04 0.000000000000000000e+00
5.013745846764887392e+04 0.000000000000000000e+00
5.014027413132981746e+04 0.000000000000000000e+00
5.014078144081789651e+04 0.000000000000000000e+00
5.015564795081478951e+04 0.000000000000000000e+00
5.015632834051814280e+04 0.000000000000000000e+00
5.015920313971065480e+04 0.000000000000000000e+00
5.015988144305429887e+04 0.000000000000000000e+00
