-5.004167516454029101e+04 5.182030622383242395e-22
-5.004164888058592624e+04 8.011494727136443961e-23
-5.003499345373721735e+04 5.873220364074787552e-18
-5.003496933866727341e+04 3.903266504149556799e-19
-5.003114672857493861e+04 7.881986958012251037e-15
-5.003059427912838873e+04 4.305409548163611452e-15
-5.003057627904026594e+04 9.523313348313053657e-17
-5.002957666893750138e+04 3.204092347223029375e-14
-5.002855208351270994e+04 2.371913133253515508e-14
-5.002806153361804900e+04 1.104771078372980471e-13
-5.002746829101326875e+04 3.032224836459306800e-16
-5.002657559636844962e+04 7.047856544898401436e-14
-5.002558982029427716e+04 6.383217830937821206e-14
-5.002452167922005174e+04 1.022946714186400502e-16
-5.002339351643550617e+04 1.191919862914442744e-15
-5.002218224291126535e+04 7.705415222565197773e-14
-5.002093972463227692e+04 8.431683910266225431e-16
-5.002089006617096311e+04 9.186442000721283799e-15
-5.001962049223203212e+04 1.027840674155650254e-14
-5.001884861227479996e+04 5.405374839886676767e-13
-5.001832028139149770e+04 6.336884961645508264e-15
-5.001700571377307642e+04 7.348276025278772684e-15
-5.001682493713381700e+04 3.033366235740010353e-12
-5.001572131947866001e+04 6.413660434565916758e-15
-5.001489385025665979e+04 1.924298030687483725e-12
-5.001460578393442847e+04 1.425914650900508062e-12
-5.001439399840548867e+04 7.144339760868611282e-15
-5.001424489963041560e+04 3.887868428732045530e-13
-5.001349942681944231e+04 1.546186865850752863e-13
-5.001296319052521721e+04 5.148044806128609520e-13
-5.001259732361392525e+04 1.556020774494260098e-13
-5.001186633673201140e+04 2.412873982094128473e-14
-5.001149827342292701e+04 1.084681051419009942e-12
-5.001114488700330548e+04 1.545890477039156943e-11
-5.001090184264836716e+04 5.130246068961424041e-12
-5.001045610620235675e+04 1.244135345972992033e-13
-5.000950768703258655e+04 4.255899828364989281e-12
-5.000948842467504437e+04 1.020121167574093458e-12
-5.000879250697141106e+04 1.728800356253831047e-15
-5.000877847654034849e+04 1.121998719532155383e-11
-5.000791964002982422e+04 1.327964159946231378e-13
-5.000731127915524121e+04 1.742242436328475569e-13
-5.000672340106339834e+04 3.358831802325568983e-12
-5.000662837709597079e+04 1.033047053919792878e-12
-5.000634152404825727e+04 1.276626459366019011e-12
-5.000580897641619958e+04 1.745449825458311878e-12
-5.000561495869320061e+04 1.676815976262023379e-12
-5.000528692018197034e+04 4.814809314675072194e-13
-5.000493904698542610e+04 3.004128187694091193e-12
-5.000459037907586026e+04 1.714927256750021887e-10
-5.000443869476029067e+04 7.310228080137553093e-13
-5.000351042264538410e+04 5.986684232177716289e-13
-5.000340574111205933e+04 9.809869285461724456e-13
-5.000271123447560240e+04 1.894768981233595198e-11
-5.000249938207979721e+04 2.210825209880032206e-10
-5.000240350279978884e+04 8.562752067059756407e-12
-5.000156837224993797e+04 5.308757357999156586e-13
-5.000089817962632515e+04 2.451097951494274104e-11
-5.000062261949342792e+04 7.637486807910747013e-13
-5.000046128550414142e+04 5.190882149806235506e-11
-5.000044878398935543e+04 5.639487101981553745e-11
-4.999938474044320174e+04 3.964952424286033140e-14
-4.999900904739130056e+04 1.845658641685422560e-11
-4.999876454709055542e+04 9.745352455010489823e-10
-4.999847253238367557e+04 1.880429954638704357e-10
-4.999801818670982902e+04 2.255315928114360732e-11
-4.999735557523331954e+04 5.980080487441209571e-12
-4.999686606498289621e+04 3.738148961043910804e-11
-4.999663566187908873e+04 3.465052950641938738e-09
-4.999653675764704531e+04 2.639506755540658005e-10
-4.999572162244023639e+04 1.028274613119100600e-11
-4.999476897089664999e+04 3.981026109483237156e-11
-4.999451116859925969e+04 1.765921171227085297e-09
-4.999431631884437229e+04 1.136112517804288659e-11
-4.999419091785322235e+04 1.857053965570811810e-12
-4.999339170448917139e+04 1.663406528359121106e-11
-4.999290722490545886e+04 6.896112180904855288e-12
-4.999257762916460342e+04 2.618420363709850794e-11
-4.999239545280757011e+04 4.106425637306849304e-10
-4.999150410797935911e+04 1.950870938705395242e-10
-4.999089764605423261e+04 1.594321920183779311e-08
-4.999084550747522735e+04 3.616014414210034168e-10
-4.999046204365896119e+04 2.465426196141662524e-10
-4.999029530994033848e+04 1.401158415156244057e-08
-4.999006364959101484e+04 8.038896660575331033e-10
-4.998914670607540756e+04 7.690083157486273594e-10
-4.998895059002671042e+04 2.993664205708871757e-10
-4.998876196847611573e+04 1.195956869695902174e-08
-4.998821014648457640e+04 1.303294543052060056e-10
-4.998759923737257486e+04 1.189538984985328548e-11
-4.998727885631793470e+04 1.694561505359454103e-12
-4.998687565132685995e+04 1.849337582207902504e-12
-4.998662724787683692e+04 1.362370608642670388e-09
-4.998629297746180964e+04 2.449253196021341781e-10
-4.998608182612581004e+04 1.540195878647279844e-11
-4.998576150702970335e+04 2.578585881574497076e-10
-4.998547117814453668e+04 6.428219380879333612e-10
-4.998449445631861454e+04 1.789827920354749527e-07
-4.998449269729359366e+04 2.637623212399743629e-08
-4.998417724229359010e+04 3.657917768875472682e-09
-4.998404027268271602e+04 7.726195299246384082e-09
-4.998355037512221315e+04 2.026343020542536044e-11
-4.998280203746075858e+04 1.494935545618557717e-09
-4.998236704667806043e+04 6.968692609101926553e-08
-4.998231793367148202e+04 5.198359446311020200e-09
-4.998205440751255082e+04 2.901573687424309849e-10
-4.998156175876343332e+04 6.311780425442535450e-10
-4.998130039580652374e+04 9.774858925226128236e-11
-4.998089752389444038e+04 5.241086098066188441e-08
-4.998087843528491794e+04 4.278323282677653538e-10
-4.998023762920917943e+04 8.035891036753163201e-09
-4.998023195601991756e+04 2.042346403593849719e-09
-4.997987349740306672e+04 1.078441318765756712e-08
-4.997986993602981966e+04 1.193711460294743122e-08
-4.997943329957548121e+04 1.584785120169676291e-09
-4.997876111690729158e+04 1.681967608279158102e-06
-4.997869721494321129e+04 7.751461134408890292e-12
-4.997850924442909309e+04 2.952966884688333615e-10
-4.997811366563175397e+04 1.320791738007011118e-07
-4.997800839681137586e+04 2.706978068885147620e-08
-4.997726760534734058e+04 5.600767925430199313e-10
-4.997700517045319430e+04 2.740612206923113289e-11
-4.997662379258006695e+04 3.064091187094375909e-06
-4.997620906208619999e+04 1.865209218142934240e-10
-4.997603163837604370e+04 5.266186507723114592e-08
-4.997598463647853350e+04 1.276887685494709395e-07
-4.997575535286427476e+04 9.747008457512899090e-09
-4.997543056687219359e+04 6.930833082054609326e-10
-4.997453586824417289e+04 4.368249851869092390e-11
-4.997448459686346905e+04 2.037918365905843952e-07
-4.997424916152779770e+04 1.547578883489747743e-09
-4.997413901571734459e+04 2.900770453882215787e-08
-4.997386821224179585e+04 8.005399307016550989e-07
-4.997364265144329693e+04 1.180647004948562237e-09
-4.997277046219246404e+04 3.887788606185279365e-10
-4.997242461047269171e+04 2.313731068998783706e-11
-4.997234382253796502e+04 7.974279433107767229e-07
-4.997232729149701481e+04 1.609831598606004305e-07
-4.997175682319108455e+04 1.860602724197047663e-07
-4.997162424552570155e+04 2.693241800204168624e-11
-4.997089693117752904e+04 2.187555516250333325e-05
-4.997075409775476146e+04 2.310299170655876055e-09
-4.997035363253795367e+04 7.087367513006763449e-10
-4.997019415001290326e+04 9.795157855071679262e-06
-4.996997118214353395e+04 9.804911860086160601e-10
-4.996963732640010130e+04 4.686555675174657307e-08
-4.996941984688278171e+04 6.108405605659336534e-10
-4.996907349987250927e+04 2.435395557100614036e-10
-4.996875851709164272e+04 2.565374233145591807e-05
-4.996828378577760304e+04 2.161425458084192888e-11
-4.996807191087085084e+04 1.352160049229804881e-06
-4.996803376542657497e+04 9.511233504835709044e-06
-4.996756722349030315e+04 5.915826937463464805e-08
-4.996743229374849761e+04 2.283247641481395962e-08
-4.996664534612467833e+04 2.088440630785576727e-09
-4.996661480535775627e+04 1.222644422195739685e-05
-4.996634038986066298e+04 1.297724389916524505e-09
-4.996587535295238195e+04 5.881735408976580737e-09
-4.996575440979929408e+04 5.009184873382213501e-13
-4.996536595218436560e+04 1.829861371932887650e-08
-4.996511603452713462e+04 7.300377290697573376e-12
-4.996476337060744117e+04 1.113257009106562694e-08
-4.996445896469366562e+04 2.323705927591165844e-04
-4.996438922394564725e+04 5.543454159280381243e-08
-4.996393635239591822e+04 6.389049757611971906e-09
-4.996369506519963033e+04 3.140787167966596090e-06
-4.996321975332147849e+04 7.871158336157191832e-09
-4.996315038451715373e+04 3.764356514325987492e-09
-4.996274414557282580e+04 7.701612730443620688e-10
-4.996228429976735788e+04 3.900935436774178038e-05
-4.996194866216179798e+04 1.995988170837968874e-09
-4.996151005782175343e+04 2.124002545406600095e-06
-4.996112988746618794e+04 4.926255738314654277e-08
-4.996098717513760494e+04 6.996654866600103437e-09
-4.996088091629672272e+04 3.731997004485727897e-04
-4.996063519404249382e+04 8.587772427358942822e-11
-4.996008613542369858e+04 1.060324103024217081e-04
-4.996005220562864997e+04 2.018770676292146793e-08
-4.995949451285616669e+04 2.352907578911764773e-09
-4.995931423870129220e+04 6.426242774858341401e-07
-4.995914688845290220e+04 7.304147642844879105e-08
-4.995889143274226808e+04 3.128235805724777898e-09
-4.995869559116617893e+04 3.333066151566324575e-03
-4.995841253962692281e+04 1.853275708932354418e-09
-4.995790802994825208e+04 3.929466949436338320e-07
-4.995786181366541859e+04 1.594271865341479811e-04
-4.995713210752371378e+04 3.169499578758382006e-07
-4.995709754025258007e+04 5.604085232160766118e-08
-4.995682317575023626e+04 2.627970323796421564e-07
-4.995647810717493121e+04 2.215354850160361055e-03
-4.995623655810386117e+04 1.297114157863887756e-10
-4.995568127186439960e+04 4.705328706510848984e-07
-4.995561009838666359e+04 3.962328030897448080e-05
-4.995519859581625497e+04 3.624621062776025753e-08
-4.995495238842057006e+04 1.580888076283006121e-06
-4.995465082717272162e+04 1.416364186952826095e-06
-4.995455830695037730e+04 1.231375247972302896e-07
-4.995422426054209063e+04 7.898020294655033399e-03
-4.995343797273411474e+04 1.306120311537495942e-07
-4.995332993532785622e+04 1.952703063045933064e-06
-4.995302009203498892e+04 2.181780932392916547e-07
-4.995282964453076420e+04 4.731578573905974826e-07
-4.995257171570100763e+04 8.013478186550124690e-07
-4.995241451862607209e+04 1.636971126720813850e-06
-4.995197142972813162e+04 1.338257599753237594e-06
-4.995193218512068415e+04 5.286736777391953974e-03
-4.995133380430078250e+04 2.480122853822775170e-06
-4.995103059744741768e+04 1.298976242045140304e-03
-4.995083546561204275e+04 1.718661080696002458e-02
-4.995082623954850715e+04 6.267461044869393483e-01
-4.995030166522352374e+04 4.699848752182126073e-07
-4.995022123853070661e+04 8.845525483442549366e-07
-4.994964501664904674e+04 5.641406219442142416e-06
-4.994959973905021616e+04 4.118007436065454496e-03
-4.994912541731602687e+04 2.186807598375738099e-06
-4.994871400336919760e+04 4.497748212502017048e-03
-4.994855924003385007e+04 1.407946167171207803e-02
-4.994853368721819425e+04 2.575645994901045177e-01
-4.994844547519720072e+04 4.305304784298414657e-04
-4.994796548837168666e+04 4.964029671201200923e-09
-4.994739064578410762e+04 7.619970149162020169e-07
-4.994722629749083717e+04 1.617512164728414923e-03
-4.994703139970843040e+04 6.281623718984008323e-06
-4.994661946426244685e+04 6.730150623962999389e-05
-4.994631298218110169e+04 3.074532034874356921e-03
-4.994614914054609835e+04 4.270634623730300283e-02
-4.994568387341580819e+04 2.077809273921319754e-06
-4.994557531528301479e+04 1.190807117705290273e-07
-4.994504551444714889e+04 1.218363848968010065e-12
-4.994481277826010773e+04 2.110578834512540016e-04
-4.994456575317637180e+04 8.177986788294351809e-06
-4.994430170037275821e+04 3.936971228426542376e-07
-4.994395925154017459e+04 4.024351460318972731e-04
-4.994368891967353557e+04 5.519645204953135299e-03
-4.994362328919156425e+04 1.173601073024681815e-04
-4.994334227121713047e+04 6.235496907175503275e-06
-4.994293632405699464e+04 5.399744156785711022e-08
-4.994235813164961291e+04 9.514500849054244129e-06
-4.994219518233521376e+04 7.270529438587942087e-08
-4.994173214457859285e+04 9.652000832249432282e-06
-4.994147113396188797e+04 1.884514307671115042e-05
-4.994140248764101852e+04 1.862918189155500726e-05
-4.994115553330090188e+04 4.665948769667052263e-04
-4.994084473470090597e+04 1.943288121599865020e-06
-4.994073073538907920e+04 9.611543329324036098e-09
-4.994045157213465427e+04 1.276704772311563921e-10
-4.993995228805849911e+04 2.793570127422261546e-08
-4.993986687004619307e+04 1.182850725450129471e-07
-4.993922845245510689e+04 3.172401046967225110e-07
-4.993882784087474283e+04 7.424495965292672910e-08
-4.993865184741906705e+04 1.618472755794151199e-06
-4.993854114245057281e+04 2.788772992279342312e-06
-4.993836610302471672e+04 2.146852542416926736e-08
-4.993768764102892601e+04 8.978501024429274205e-09
-4.993736270773885190e+04 8.979183612805880479e-07
-4.993728075787416310e+04 7.173704431890586965e-08
-4.993689619134682289e+04 1.511009823061072897e-07
-4.993634350038311095e+04 2.237175646982540703e-07
-4.993601932558772387e+04 1.225056136229880717e-07
-4.993592905767540651e+04 2.813389642658585845e-06
-4.993557265717284463e+04 1.445113540068408331e-08
-4.993522900811494037e+04 1.427116650004918309e-09
-4.993490314522563131e+04 1.240911142308353106e-07
-4.993467896522454976e+04 2.260994776147138344e-07
-4.993404516794573283e+04 1.409524478021457438e-07
-4.993351570105418796e+04 5.175585705443604914e-08
-4.993338627578679007e+04 2.345865837473803723e-07
-4.993325430856307503e+04 1.612252356539326177e-06
-4.993301201007611235e+04 3.508229555505870591e-08
-4.993285409141046694e+04 5.752925322836198361e-10
-4.993221229478604801e+04 2.615811662727535341e-08
-4.993171810500735592e+04 1.654251443022086040e-08
-4.993156768571186694e+04 1.750617357162247768e-08
-4.993086111897714727e+04 4.699020483200323905e-08
-4.993058274162111775e+04 2.011196348583601463e-07
-4.993051388580841740e+04 1.858612293423936759e-07
-4.993033067115458834e+04 4.765395554701473055e-10
-4.992985323957171931e+04 9.870893628619914553e-14
-4.992965288529319514e+04 2.359785974237812038e-10
-4.992918681775280857e+04 1.968090537251995474e-09
-4.992874804601416690e+04 5.286765808292866211e-11
-4.992839873328278918e+04 3.172444231934788151e-09
-4.992833517264082911e+04 6.392476187171072725e-10
-4.992782347004661278e+04 2.800376066845048637e-08
-4.992722777072369354e+04 2.185875232331497378e-10
-4.992676457534477231e+04 2.403256551854534971e-10
-4.992653247811858455e+04 5.610486204858117449e-12
-4.992644199004203256e+04 4.390285623415625126e-11
-4.992585972100717481e+04 1.474698080137802827e-12
-4.992562551545226597e+04 8.364484447933948058e-12
-4.992517624644110037e+04 2.190208982011150185e-11
-4.992505082481168211e+04 1.295936693617753024e-11
-4.992463525184011087e+04 1.506039769699363700e-10
-4.992425783011011663e+04 1.993736683994744464e-10
-4.992392294183056219e+04 1.938858761527947731e-10
-4.992321525399279199e+04 6.468253091867421015e-11
-4.992303393776446319e+04 9.216218371840860272e-12
-4.992298331641613913e+04 1.590392713997498622e-11
-4.992233037569986482e+04 6.597824246292040048e-10
-4.992220557155837014e+04 9.264341826583337113e-11
-4.992194868685766414e+04 4.833059071506510885e-11
-4.992148559925437439e+04 6.796897994402815645e-11
-4.992102473791044031e+04 1.429495552482965749e-11
-4.992054931641292933e+04 5.617044723702824699e-11
-4.992005522340002062e+04 8.709608477657483327e-12
-4.991973325468992698e+04 7.201240487868542888e-12
-4.991953857120840985e+04 3.249951258149700946e-10
-4.991894123098587443e+04 1.425056967538244436e-11
-4.991842980732966680e+04 4.397912959113389571e-13
-4.991797042419460922e+04 1.285769472452010379e-11
-4.991785637674865575e+04 3.051471241586685442e-12
-4.991685246358037693e+04 3.597147856997254255e-11
-4.991658985024793947e+04 1.263751599784799449e-11
-4.991613575646911340e+04 3.812591838059944693e-13
-4.991597395874283393e+04 7.518568444984753515e-13
-4.991584147201401356e+04 4.843588088404909988e-14
-4.991543079187173862e+04 2.903608223829811805e-15
-4.991525500017737795e+04 1.148950067389195103e-12
-4.991416550225942046e+04 9.838000318898225138e-13
-4.991385131788892613e+04 3.295135634730286126e-13
-4.991368686776615505e+04 2.893765358520175878e-14
-4.991337342377647292e+04 3.880573626390889827e-13
-4.991281646775519039e+04 4.174589299842587526e-15
-4.991270254866596952e+04 9.980672344554672971e-14
-4.991209492230915930e+04 2.292820447124369650e-15
-4.991144714172373642e+04 2.308129176281337034e-14
-4.991118106481595896e+04 2.014006089096301296e-13
-4.991079509551698720e+04 1.374197023404597951e-13
-4.991067542796052294e+04 1.982224301768933320e-16
-4.991051079446979566e+04 5.219898657498327736e-14
-4.990990699292764475e+04 1.095879324146482475e-13
-4.990976619714942353e+04 6.884515267123532463e-15
-4.990843420870642876e+04 2.145997231976232075e-13
-4.990817377238882182e+04 1.136861840813433846e-13
-4.990728786727966508e+04 3.041310969981355602e-14
-4.990721414564937004e+04 4.140908311687655869e-15
-4.990626363689960272e+04 1.849719387399813897e-16
-4.990590200165860733e+04 1.058198522242715607e-14
-4.990579651067220402e+04 3.499348342071251039e-14
-4.990545022522310319e+04 3.528525066108486704e-14
-4.990448012996491161e+04 3.190920756295058012e-15
-4.990439521292436257e+04 5.305017849212028891e-15
-4.990363895436369785e+04 9.875904702358594865e-18
-4.990356951952575764e+04 8.112326965909712993e-16
-4.990300215174464392e+04 5.104671091181448360e-16
-4.990269304667257529e+04 2.352696535659727513e-15
-4.990249214752767875e+04 4.018937980251649836e-16
-4.990214201469856198e+04 8.232129181407979126e-16
-4.990169720475346548e+04 2.537964100014263668e-16
-4.990144557250817888e+04 1.130882165996905444e-17
-4.989989375269004086e+04 4.753817338673168588e-17
-4.989963774679963535e+04 5.881988647929943986e-17
-4.989945860716301831e+04 8.005475216301425725e-21
-4.989923347504588310e+04 2.220722820094800073e-17
-4.989878395353761152e+04 1.524815865813184988e-16
-4.989809057310536446e+04 9.313014079006803113e-17
-4.989775423050990503e+04 1.258296197527598222e-20
-4.989705273839752772e+04 2.218638016437158688e-16
-4.989620302783102670e+04 8.841002915795364059e-19
-4.989582817091971810e+04 1.099681411770413778e-16
-4.989544849447472370e+04 3.872735175198952816e-17
-4.989505360003992973e+04 6.823878644096486801e-20
-4.989418052131615696e+04 3.996737277830645807e-17
-4.989398418128993944e+04 3.091145546552189747e-17
-4.989346478131643380e+04 3.330045884201779870e-18
-4.989300355730086449e+04 1.157538012977616213e-17
-4.989273527534227469e+04 8.209582330571875124e-18
-4.989232375901588239e+04 3.786277267046758348e-18
-4.989142545027905726e+04 3.025350130856960067e-21
-4.989128757499776839e+04 3.353460906201314204e-18
-4.989097725624384475e+04 4.411121331204523060e-18
-4.989035806934152788e+04 2.942996544330554480e-22
-4.988985414326383034e+04 5.272805697528930237e-19
-4.988877087603036489e+04 1.604117467589080034e-20
-4.988781872145341185e+04 1.058614864770712860e-19
-4.988727027120767161e+04 3.685573217713364125e-20
-4.988671133726261905e+04 8.182536644905800007e-20
-4.988623291734047234e+04 2.633799384680045064e-19
-4.988540320445831458e+04 4.258884291361926303e-22
-4.988472612081300758e+04 1.512917421766154347e-20
-4.988444935950540821e+04 1.410885593962752419e-19
-4.988420419103045424e+04 1.166051852987189449e-20
-4.988313912290243024e+04 6.619643999731945122e-20
-4.988253267750488885e+04 4.103939712105044536e-21
-4.988231291093128675e+04 1.084946367473170090e-19
-4.988186563322169241e+04 1.090546412135462292e-20
-4.988145163817700814e+04 8.989256011876509019e-21
-4.988100394269634853e+04 1.168568792789961669e-20
-4.987946333447560028e+04 1.381912541593251135e-20
-4.987879380780179054e+04 9.897591780150853406e-23
-4.987779402364979615e+04 0.000000000000000000e+00
-4.987730213100311812e+04 2.644648885873132473e-24
-4.987716494621177844e+04 6.225146536561329287e-22
-4.987675261673126079e+04 1.664429271465665265e-23
-4.987606948424976144e+04 5.085058475062516350e-23
-4.987539228911809914e+04 1.479372426175925646e-22
-4.987458946172814467e+04 3.336430995398215744e-23
-4.987405649188214738e+04 6.219867605878637520e-23
-4.987309145994526625e+04 0.000000000000000000e+00
-4.987256771853390092e+04 2.142788341781311692e-22
-4.987199843398324447e+04 2.959203936908222606e-22
-4.987044406663325208e+04 1.220883955884096696e-22
-4.987026628365897341e+04 0.000000000000000000e+00
-4.986884409184032120e+04 1.688394438114811819e-24
-4.986805402657671948e+04 1.362669482923533158e-23
-4.986720834070695855e+04 1.712575409553679704e-23
-4.986697705113662232e+04 1.804976290521209108e-24
-4.986601888354893890e+04 0.000000000000000000e+00
-4.986522883350927441e+04 0.000000000000000000e+00
-4.986465445939691563e+04 0.000000000000000000e+00
-4.986392622318069334e+04 0.000000000000000000e+00
-4.986329774998353969e+04 0.000000000000000000e+00
-4.986280299086747982e+04 0.000000000000000000e+00
-4.986104356013974757e+04 0.000000000000000000e+00
-4.986037040730477020e+04 0.000000000000000000e+00
-4.985977872610663326e+04 0.000000000000000000e+00
-4.985961887307556026e+04 0.000000000000000000e+00
-4.985897920684506244e+04 0.000000000000000000e+00
-4.985744289414485684e+04 0.000000000000000000e+00
-4.985616422847780632e+04 0.000000000000000000e+00
-4.985590334773350332e+04 0.000000000000000000e+00
-4.985427060047948908e+04 0.000000000000000000e+00
-4.985295952561384183e+04 0.000000000000000000e+00
-4.985223287011315551e+04 0.000000000000000000e+00
-4.985177590487091220e+04 0.000000000000000000e+00
-4.985046229142889206e+04 0.000000000000000000e+00
-4.984848287758621154e+04 0.000000000000000000e+00
-4.984686503623728640e+04 0.000000000000000000e+00
-4.984549427657610795e+04 0.000000000000000000e+00
-4.984519530225444760e+04 0.000000000000000000e+00
-4.984459351560829964e+04 0.000000000000000000e+00
-4.984215946270001587e+04 0.000000000000000000e+00
-4.984177670060566743e+04 0.000000000000000000e+00
-4.984064682250475744e+04 0.000000000000000000e+00
-4.983968883328390075e+04 0.000000000000000000e+00
-4.983864276510186028e+04 0.000000000000000000e+00
-4.983768161299607891e+04 0.000000000000000000e+00
-4.983373361686189310e+04 0.000000000000000000e+00
-4.983273618227106635e+04 0.000000000000000000e+00
-4.982998633242333017e+04 0.000000000000000000e+00
-4.982596012503858947e+04 0.000000000000000000e+00
-4.982374106336827390e+04 0.000000000000000000e+00
-4.982336108836971107e+04 0.000000000000000000e+00
-4.982197914413634862e+04 0.000000000000000000e+00
-4.982061668614771042e+04 0.000000000000000000e+00
-4.981821685217750201e+04 0.000000000000000000e+00
-4.981192952631846128e+04 0.000000000000000000e+00
-4.981152606510238547e+04 0.000000000000000000e+00
-4.979888997956675303e+04 0.000000000000000000e+00
-4.979841277115595585e+04 0.000000000000000000e+00
4.995848179623627948e+04 0.000000000000000000e+00
4.995850963331251114e+04 0.000000000000000000e+00
4.996514363403606694e+04 0.000000000000000000e+00
4.996516909734384535e+04 4.733649223687523547e-23
4.996886633005387557e+04 2.460345935898640114e-21
4.996952047099136689e+04 1.130348941487024581e-23
4.996953960793952865e+04 4.250032112728511661e-20
4.997044773470774817e+04 1.787604875367642794e-19
4.997149839214404346e+04 1.533897825151254298e-18
4.997201141110181197e+04 1.367228785923269713e-20
4.997260104326244618e+04 1.814280951205352911e-21
4.997348750733109046e+04 3.484798383213098454e-19
4.997447301262717519e+04 6.033130026719457770e-20
4.997554277614082821e+04 1.403722370480706969e-19
4.997667018428420124e+04 7.018007254593833851e-20
4.997787903958356037e+04 1.824186072837941542e-20
4.997909092229858652e+04 5.871454224573493957e-19
4.997916386937302741e+04 7.484481446493770087e-19
4.998044209538683208e+04 9.059898266148740603e-20
4.998118682086782792e+04 4.255249263932740867e-18
4.998174023473641137e+04 6.817412262588809125e-19
4.998305414760545682e+04 2.451773369266596710e-19
4.998322238723353803e+04 3.973775273345855699e-19
4.998434054689931509e+04 2.538709916057801754e-18
4.998516755506175105e+04 1.306091203848024812e-17
4.998547693413847446e+04 1.556778660100248598e-18
4.998573824671120383e+04 1.445215403039558492e-21
4.998586715305506368e+04 1.111760480713242691e-20
4.998657197684266430e+04 4.068974107242681988e-19
4.998710528352435358e+04 8.804964457070513540e-17
4.998748273992245959e+04 1.630110219167492564e-18
4.998822157723848795e+04 5.485270665658127072e-18
4.998859333872410934e+04 7.597164476040135623e-21
4.998893575341480027e+04 1.856666559062333533e-17
4.998912192616805260e+04 8.145136463610530910e-19
4.998963711483946099e+04 1.674133547923551355e-18
4.999057913076136902e+04 6.264518392453248382e-20
4.999060270256090007e+04 9.310473176677820394e-18
4.999125860619615560e+04 8.724074443908801170e-17
4.999130103560563293e+04 1.696197765991388270e-18
4.999218585852228716e+04 5.032113135595935001e-17
4.999278385892567894e+04 8.748790715499673191e-19
4.999335543071630673e+04 4.630250791241649618e-16
4.999347324042159016e+04 1.803949469996034696e-16
4.999375035302063043e+04 5.849960314964263277e-19
4.999441191320471262e+04 5.033001698824100585e-21
4.999467387702463748e+04 2.211253573022929132e-18
4.999491504794322827e+04 2.232051425407652073e-18
4.999519816340158286e+04 4.763097612351786647e-18
4.999548157003130473e+04 7.211212691892191542e-16
4.999574095463463891e+04 9.261063242309139465e-19
4.999666850610126130e+04 3.202085722321686116e-17
4.999673064343153965e+04 2.717713524952432471e-17
4.999740854066494649e+04 2.571595925421579478e-18
4.999757970794950234e+04 9.700451782454503948e-19
4.999776808745015296e+04 5.847398977408052941e-17
4.999862129757246294e+04 3.480813508625061431e-17
4.999912576542001625e+04 1.748196253321460752e-15
4.999952665017585969e+04 1.446349987948528883e-16
4.999963248404716433e+04 3.320595762006407694e-16
4.999968232865129539e+04 3.260094465055502057e-16
5.000080048736999743e+04 5.771974219940174290e-17
5.000110250118398835e+04 3.439078870130386833e-18
5.000127516328754427e+04 4.599111942822961180e-15
5.000163164586594939e+04 3.001301529014283390e-15
5.000213717343496683e+04 3.762667737496574649e-18
5.000274978353427286e+04 1.696990209099965476e-18
5.000330865073174937e+04 2.159689408683560757e-18
5.000342009106127807e+04 1.391437735321371076e-18
5.000357801323900640e+04 8.530842697723422075e-16
5.000445497469049587e+04 6.662553917639217478e-17
5.000536470842310518e+04 3.095162536311237719e-16
5.000555957772787951e+04 7.397497142382814046e-15
5.000579599687029986e+04 2.453315546028165685e-19
5.000596890186781820e+04 1.715814884069358654e-17
5.000674493539179093e+04 2.547037188617631488e-16
5.000720883361675806e+04 4.679777795870019992e-16
5.000757205585293559e+04 3.512787666318976576e-17
5.000769081943391939e+04 5.221644362807281464e-14
5.000865361131214740e+04 3.608877519214355019e-16
5.000912632545246015e+04 1.331723701871573481e-15
5.000930699629941228e+04 4.784324481803844637e-16
5.000966911872666242e+04 1.066731478921931850e-16
5.000980377473069530e+04 8.358978952606040644e-16
5.001009159620403807e+04 1.882827183963082013e-16
5.001100974306191347e+04 2.517605165002436677e-16
5.001121777527426457e+04 3.751641668597647346e-16
5.001127789832216513e+04 1.019638212193845923e-13
5.001190341770994564e+04 4.087821923423192360e-15
5.001256768671601458e+04 1.955703572527506747e-15
5.001289528768724995e+04 3.727914989109205007e-15
5.001324972732890456e+04 5.767371585714278236e-16
5.001342840685301780e+04 4.965815904597003944e-13
5.001386601578979753e+04 7.206392038802281526e-15
5.001405216305872455e+04 2.394769236329426855e-15
5.001439867902454716e+04 4.113553613514160341e-17
5.001469683778844774e+04 1.261181328414087123e-15
5.001557694056002947e+04 2.322552491216508614e-13
5.001566645117976441e+04 2.307369714809670100e-17
5.001600798063167895e+04 4.047308177043863094e-15
5.001611261016303615e+04 8.806039966843389471e-15
5.001663721229029761e+04 2.735865925505839581e-17
5.001738169651594944e+04 1.012510385355654753e-14
5.001772196351632738e+04 1.276853761465410067e-13
5.001788753521774925e+04 9.024492333470564772e-15
5.001810685032332549e+04 7.505578931073673308e-14
5.001860934768074367e+04 1.644438223805460628e-14
5.001892846688292047e+04 3.565230748084771561e-15
5.001912644958651072e+04 2.940368660840014468e-12
5.001931161801640701e+04 6.536238383576832785e-15
5.001986493807575607e+04 7.041582766766699735e-14
5.001995452731308615e+04 1.743910367212348876e-14
5.002029667913384765e+04 2.504444367711898027e-14
5.002033813925384311e+04 5.101014074218706330e-15
5.002077747929016914e+04 1.560020151274699657e-15
5.002127877197853377e+04 4.585145588505570496e-12
5.002155267152097804e+04 3.060088438078437463e-16
5.002170444278448122e+04 8.132300424516987324e-17
5.002200305079552345e+04 8.083482832522522682e-13
5.002217055579612497e+04 4.706198963842531433e-16
5.002295629512584856e+04 2.972023208785361146e-17
5.002326056211157265e+04 3.515047464687988410e-15
5.002343199650153838e+04 1.074478014668105560e-12
5.002400709664925671e+04 7.511698377032081218e-14
5.002412584726450586e+04 1.102288843844260301e-12
5.002419459048917633e+04 2.740023898801189212e-13
5.002443170674756402e+04 1.170658122773997817e-14
5.002480787081668677e+04 1.281288406359915787e-17
5.002558702523558895e+04 2.119085569379755943e-12
5.002567324076497607e+04 1.736795763743672616e-18
5.002597372038673348e+04 6.953864082659119762e-15
5.002608734269638808e+04 1.651820455267862301e-14
5.002628062563685671e+04 6.642256253557391469e-14
5.002655113817985693e+04 7.285912860584100791e-16
5.002751959671790246e+04 3.880563430954846967e-15
5.002774498508030956e+04 1.487849139750650236e-11
5.002777647430476645e+04 8.805260527689129370e-14
5.002791291869727866e+04 2.665155312820806931e-14
5.002840271688982466e+04 3.640999419154830899e-13
5.002867043114428816e+04 1.304059748280327579e-15
5.002912700806728390e+04 2.666142025476671860e-12
5.002950822911185242e+04 8.811779071305457069e-16
5.002983441062209749e+04 8.604608817591732439e-19
5.002990880709831254e+04 6.596695734727698033e-12
5.003029698807412933e+04 3.997184997818457594e-14
5.003054258983230102e+04 3.464407892288564388e-13
5.003089059964616899e+04 6.183584293131579205e-15
5.003115682727046078e+04 1.165599543892818071e-15
5.003128119076161965e+04 8.749793807395025082e-11
5.003194953472306224e+04 1.703904444866927297e-14
5.003207859287515021e+04 3.355668718284416713e-12
5.003221385276328510e+04 3.244432291523775053e-14
5.003263982340723305e+04 8.021409885378331239e-14
5.003279502936684003e+04 4.332129459028400954e-14
5.003344052924530115e+04 1.892889256259365841e-10
5.003358770049466693e+04 6.803107565042780386e-16
5.003390379636433499e+04 6.829195153404917631e-15
5.003425933233441174e+04 1.356217053143673144e-11
5.003453714912050782e+04 4.204834594163423515e-14
5.003483463625401055e+04 2.852988838761748438e-14
5.003512555719880766e+04 3.528643151810545635e-16
5.003548801556144463e+04 7.645885026440385258e-15
5.003561200046911836e+04 4.416959155032894111e-12
5.003584791741827939e+04 1.888882453473314695e-17
5.003636173331920872e+04 2.054428710737789423e-13
5.003645445645072323e+04 7.968515538353408767e-12
5.003699277082849585e+04 2.457594862194605513e-14
5.003711492806378374e+04 2.172524637786982866e-15
5.003753670999316091e+04 1.263201925761417208e-14
5.003780236097533634e+04 3.048575350824217754e-10
5.003828035823909886e+04 8.108319351636458128e-15
5.003865411021108594e+04 2.667717454387592160e-12
5.003911344022103003e+04 5.884560133046308472e-14
5.003914302050599508e+04 4.449897935880208796e-09
5.003928953485523380e+04 1.006086390783385229e-16
5.003964753035776084e+04 2.489892085255377325e-14
5.004001647380292707e+04 2.914050376849649260e-10
5.004019515737851907e+04 2.499866235216937952e-15
5.004081728652034508e+04 6.326228423197886763e-14
5.004086872104283248e+04 6.758082322168757003e-13
5.004110875689323439e+04 1.253019656402635674e-13
5.004134422396010632e+04 3.222247908460652975e-09
5.004136071742860804e+04 3.549215530239359514e-12
5.004185617855903547e+04 7.696162708140914148e-18
5.004225684814937267e+04 8.115813000599337635e-11
5.004236754500732059e+04 2.949746787471129550e-14
5.004307388297525904e+04 7.836563653744840674e-13
5.004316452439762361e+04 2.682921444894309240e-14
5.004341658279059629e+04 8.819378598165436518e-13
5.004357726732846641e+04 5.977989060082467738e-09
5.004405424229740311e+04 2.814248568439410386e-17
5.004452392928041081e+04 1.003707126905599007e-11
5.004457596655807720e+04 1.070953721338979994e-13
5.004508925466614164e+04 1.153877887675171487e-14
5.004527549182030634e+04 7.509129345329775179e-13
5.004559259843474138e+04 8.754187013607180415e-13
5.004570877644190477e+04 8.765959038783934954e-14
5.004584643227633205e+04 2.651176588042797456e-09
5.004681474948376854e+04 2.637334191845914068e-12
5.004687245236699528e+04 1.925959158580043913e-13
5.004723901430382102e+04 5.546832266887102323e-14
5.004743294010880345e+04 1.161325845909001563e-13
5.004769451731823938e+04 2.001925574289948701e-13
5.004784526788040966e+04 2.958250436340245012e-13
5.004815389095086721e+04 4.612068988523520891e-10
5.004834544659588573e+04 7.177947489466324625e-16
5.004898144096857141e+04 5.785889091136289381e-13
5.004914440880467009e+04 1.533264122955260924e-10
5.004918899512599455e+04 2.556093409332078644e-09
5.004943734671438142e+04 1.487765262769709354e-15
5.004994052134100639e+04 5.527262517784873674e-14
5.005004892549146462e+04 6.920221759453016730e-14
5.005050194173103228e+04 9.018975564287644366e-11
5.005068621699623327e+04 6.563714737178979071e-17
5.005115340422879672e+04 7.693444047253155932e-14
5.005146184879972134e+04 5.618756857937160253e-10
5.005150873868094641e+04 5.543805031082710038e-10
5.005172044000485039e+04 1.793205366224414876e-13
5.005189705865964061e+04 1.974400276921903101e-16
5.005229961740438011e+04 5.372949534487126771e-14
5.005289129395864438e+04 3.375218036860112696e-11
5.005293713120955363e+04 1.108849197344331704e-13
5.005330435170657438e+04 1.874606003152873666e-14
5.005369660713489429e+04 1.601662333591210168e-13
5.005385496006400354e+04 3.563608836865666101e-12
5.005394171403232758e+04 6.154978260185104662e-13
5.005459269349268288e+04 1.120404587662636480e-14
5.005474255939637078e+04 1.319023247445711865e-14
5.005528841364427353e+04 2.640841781043704835e-14
5.005532244080801320e+04 7.026660249499456384e-12
5.005576270524419670e+04 4.205803458998444519e-14
5.005602109135906358e+04 2.061227482962316103e-15
5.005625102133337350e+04 3.214334823797139697e-12
5.005639010983227490e+04 6.069456929053767129e-12
5.005670532321300561e+04 7.403157485935100569e-16
5.005694589580495085e+04 6.750589624527006472e-16
5.005734516563116631e+04 6.134684079531518957e-15
5.005779391921838396e+04 2.875555463835810380e-12
5.005817842206765636e+04 1.796467190025879819e-14
5.005853120647720061e+04 1.390729255920517813e-12
5.005877370349683770e+04 7.661867253697763480e-12
5.005888856296656741e+04 7.565623289862387548e-12
5.005894522835574026e+04 2.023070332651329030e-11
5.005944266700295702e+04 3.636473749346641237e-14
5.005961503912050102e+04 3.531785862390660034e-16
5.005990643250258290e+04 1.321369458913521312e-14
5.006030320776581357e+04 1.507279930106486393e-12
5.006041617802873952e+04 9.219105767295238142e-15
5.006104286521455651e+04 1.180889558409397980e-12
5.006145428181702300e+04 4.684792301480642784e-12
5.006152455798447045e+04 8.635697959998083673e-12
5.006173684404831874e+04 5.492300830176389447e-13
5.006199598677732138e+04 1.692353949074991028e-15
5.006267184246260877e+04 6.273704215131522754e-18
5.006283635107874579e+04 2.076041532894239756e-13
5.006303943491299287e+04 3.520448102465412753e-17
5.006341805956880853e+04 2.072090813218974214e-13
5.006396845383536856e+04 9.223312092999280686e-13
5.006419543757691281e+04 2.977896251044352197e-12
5.006433462120456534e+04 1.477036752141508698e-14
5.006479337677407602e+04 6.937718264080000998e-15
5.006511310397650232e+04 1.353129916199183035e-16
5.006537301210807345e+04 2.329945351008725880e-15
5.006564742830312753e+04 1.409920570645893491e-14
5.006625736188553128e+04 6.056757824548540573e-14
5.006678257611031586e+04 2.026835863917529439e-13
5.006687041113476153e+04 3.964796447574949690e-13
5.006700279818136914e+04 4.527304960989935790e-14
5.006735198307893006e+04 2.180440003220343589e-15
5.006752785841205332e+04 5.949305341722065293e-16
5.006802500986972882e+04 6.608877943284737523e-16
5.006861369647138054e+04 1.408238191665221979e-15
5.006882828608224372e+04 7.160163005274187172e-16
5.006943955530481617e+04 8.338260355436811870e-15
5.006963073305429134e+04 1.397503595147104566e-14
5.006987281158275437e+04 1.822047331014645378e-17
5.007008467846996064e+04 7.190939596299738151e-17
5.007049887487058004e+04 7.920970532656977856e-17
5.007061664509353432e+04 2.824311376726769273e-15
5.007112723053117952e+04 4.755778992847956414e-16
5.007166051076949952e+04 4.605991117041286990e-18
5.007194721418285189e+04 2.963591511112571680e-16
5.007206873127399740e+04 4.590243804620151861e-17
5.007235517029018229e+04 2.288509969020811207e-15
5.007309798432289972e+04 6.198078347073371431e-16
5.007353755149063363e+04 7.904690247035337281e-16
5.007383513029653113e+04 1.159494526599028605e-16
5.007397561921445595e+04 2.448887376299948560e-17
5.007447840047505451e+04 4.163513192800426534e-16
5.007473920090588945e+04 1.216784467861020278e-16
5.007509949853320722e+04 3.440339967664155066e-15
5.007529694521168130e+04 2.657309470549448996e-16
5.007573585857232683e+04 1.891689974013120484e-17
5.007608459607599070e+04 1.116704654252054087e-16
5.007642407156637637e+04 7.990412458701029889e-17
5.007714220088673028e+04 1.294258408922009930e-16
5.007737261013840907e+04 1.072330533564753559e-16
5.007744217133071652e+04 1.372432295446032602e-19
5.007789603567944141e+04 1.304937443082498173e-15
5.007817078692275390e+04 8.114225657158353471e-18
5.007849166769676231e+04 1.005776736362578677e-17
5.007882934454709175e+04 5.251989432594880142e-18
5.007933027764628059e+04 1.927179362720314100e-18
5.007980657566823356e+04 3.985936320565426024e-17
5.008033197584837762e+04 1.161646633312332406e-17
5.008068417519231298e+04 9.068455238732413244e-17
5.008071477510219120e+04 6.090333977337233271e-17
5.008139494063622260e+04 2.786975258768418462e-19
5.008197638485517382e+04 9.145224373442831249e-19
5.008238979645829386e+04 3.128731104766324623e-18
5.008255988722422626e+04 1.981353532575706188e-19
5.008346566613449977e+04 2.180148342626995930e-18
5.008379670301717852e+04 5.165611172530389715e-19
5.008432225373751862e+04 1.081806746786280890e-18
5.008440899984521820e+04 2.579187573087849097e-19
5.008452994961430522e+04 1.930055301403824916e-19
5.008492347629974392e+04 5.623574334498324648e-19
5.008514646560885740e+04 2.468282821793831414e-20
5.008623029952414072e+04 1.039057886322838041e-18
5.008647928718796902e+04 1.508386521608390522e-18
5.008672622667968244e+04 1.234068633121753008e-20
5.008700008936189988e+04 1.754536327232535565e-19
5.008764914607850369e+04 6.044764870380621396e-19
5.008766576343622000e+04 1.160532915960284521e-20
5.008839750984100829e+04 1.514474872410292738e-20
5.008894944784527615e+04 7.157968733450230352e-20
5.008915498547213065e+04 1.742101517344617120e-18
5.008960871570940799e+04 1.433046465850799089e-19
5.008975108797236317e+04 1.708540195387861344e-21
5.008989243152632116e+04 4.982131204612720436e-21
5.009046208903696242e+04 1.270049616162556836e-19
5.009082103977588849e+04 3.766528670537293537e-20
5.009195587446510763e+04 4.049516989914822187e-19
5.009219678633154399e+04 2.114531597645408142e-20
5.009308382529443043e+04 1.071676555742159539e-20
5.009327226645417250e+04 1.282231554038983997e-21
5.009414906219494151e+04 1.028962272342627669e-21
5.009452814329434477e+04 1.366025911936051105e-20
5.009466997959127184e+04 1.597409650563825967e-20
5.009490088544005994e+04 5.015952206242151480e-21
5.009586940911649435e+04 3.921913072193524955e-22
5.009608126268439082e+04 8.593351819870758331e-22
5.009685250262970658e+04 1.784430544802130228e-23
5.009701126725658833e+04 1.428765116855907980e-23
5.009748594977650646e+04 2.469753993801688072e-22
5.009774507777751569e+04 3.548062165200622477e-22
5.009794034472198837e+04 3.392912753428469997e-22
5.009829839604532754e+04 1.743809761954611651e-22
5.009873887588626530e+04 1.214232998265399155e-21
5.009902946469282324e+04 1.427850762868513123e-22
5.010049590288040054e+04 2.048787509999881671e-21
5.010079725191205216e+04 3.251651895032907171e-23
5.010105672967585997e+04 1.760398011297661426e-23
5.010128070881641179e+04 1.685171456993538971e-23
5.010165888621023623e+04 3.592303659932706907e-22
5.010242144480039860e+04 4.755924778130594820e-22
5.010274633934099984e+04 1.391823057486686805e-24
5.010336358476722671e+04 5.000925023199028636e-22
5.010421061712670780e+04 1.323510887084993165e-23
5.010459869400326716e+04 1.739556989278442067e-22
5.010514531038649875e+04 3.836806308846173044e-23
5.010542341549507546e+04 0.000000000000000000e+00
5.010627570590096002e+04 3.373513131764696264e-23
5.010660618878132664e+04 2.014214279411617810e-23
5.010709364911237208e+04 1.137990288575050006e-24
5.010753376798575482e+04 1.452341864906307919e-24
5.010780437229532981e+04 4.363673216646934601e-24
5.010816360513280961e+04 1.349786571543213258e-24
5.010915529190434609e+04 0.000000000000000000e+00
5.010916930132265406e+04 0.000000000000000000e+00
5.010954394935875462e+04 0.000000000000000000e+00
5.011007296468415007e+04 0.000000000000000000e+00
5.011064885105857684e+04 0.000000000000000000e+00
5.011172116484359140e+04 1.932371060890073538e-24
5.011267193815647624e+04 0.000000000000000000e+00
5.011325602251589589e+04 0.000000000000000000e+00
5.011375973831189913e+04 1.385291269482510958e-24
5.011427706623393169e+04 1.205725311026176926e-24
5.011514668273221469e+04 0.000000000000000000e+00
5.011581487675286189e+04 0.000000000000000000e+00
5.011599177356757718e+04 0.000000000000000000e+00
5.011639703054088022e+04 0.000000000000000000e+00
5.011730283450010756e+04 0.000000000000000000e+00
5.011788972853434825e+04 0.000000000000000000e+00
5.011818310708506760e+04 0.000000000000000000e+00
5.011864068786597636e+04 0.000000000000000000e+00
5.011915462528247008e+04 0.000000000000000000e+00
5.011960829127566831e+04 0.000000000000000000e+00
5.012108315263656550e+04 0.000000000000000000e+00
5.012170847704615881e+04 0.000000000000000000e+00
5.012272120016158442e+04 0.000000000000000000e+00
5.012316404523732490e+04 0.000000000000000000e+00
5.012331404308240599e+04 0.000000000000000000e+00
5.012382312985380850e+04 0.000000000000000000e+00
5.012445669842716597e+04 0.000000000000000000e+00
5.012506103876609268e+04 0.000000000000000000e+00
5.012603409537397238e+04 0.000000000000000000e+00
5.012670895593969180e+04 0.000000000000000000e+00
5.012752115888051776e+04 0.000000000000000000e+00
5.012800723134311556e+04 0.000000000000000000e+00
5.012864422438267502e+04 0.000000000000000000e+00
5.013012270576418814e+04 0.000000000000000000e+00
5.013024744157955865e+04 0.000000000000000000e+00
5.013198147436616273e+04 0.000000000000000000e+00
5.013258739510615851e+04 0.000000000000000000e+00
5.013336226729550981e+04 0.000000000000000000e+00
5.013372804725936294e+04 0.000000000000000000e+00
5.013448457442406652e+04 0.000000000000000000e+00
5.013517183381166251e+04 0.000000000000000000e+00
5.013588109138046275e+04 0.000000000000000000e+00
5.013671730270152329e+04 0.000000000000000000e+00
5.013735196657323831e+04 0.000000000000000000e+00
5.013788932413788280e+04 0.000000000000000000e+00
5.013952459977560648e+04 0.000000000000000000e+00
5.014025792627233022e+04 0.000000000000000000e+00
5.014083744931080582e+04 0.000000000000000000e+00
5.014102214195801935e+04 0.000000000000000000e+00
5.014167689297344623e+04 0.000000000000000000e+00
5.014321146586495888e+04 0.000000000000000000e+00
5.014446784723550809e+04 0.000000000000000000e+00
5.014476770507018955e+04 0.000000000000000000e+00
5.014649278585350112e+04 0.000000000000000000e+00
5.014767202782940149e+04 0.000000000000000000e+00
5.014851701649234747e+04 0.000000000000000000e+00
5.014894136452068778e+04 0.000000000000000000e+00
5.015034832044979703e+04 0.000000000000000000e+00
5.015217357833730057e+04 0.000000000000000000e+00
5.015386739798864437e+04 0.000000000000000000e+00
5.015499282309730188e+04 0.000000000000000000e+00
5.015529936885852658e+04 0.000000000000000000e+00
5.015597542588997021e+04 0.000000000000000000e+00
5.015830405411834363e+04 0.000000000000000000e+00
5.015870939301971521e+04 0.000000000000000000e+00
5.015998877387200628e+04 0.000000000000000000e+00
5.016110462316044141e+04 0.000000000000000000e+00
5.016196860211945022e+04 0.000000000000000000e+00
5.016298960383621306e+04 0.000000000000000000e+00
5.016702880209032446e+04 0.000000000000000000e+00
5.016807450760213396e+04 0.000000000000000000e+00
5.017093756774306530e+04 0.000000000000000000e+00
5.017475687398558512e+04 0.000000000000000000e+00
5.017660917722184968e+04 0.000000000000000000e+00
5.017710809364587476e+04 0.000000000000000000e+00
5.017859013926313492e+04 0.000000000000000000e+00
5.017983844481608685e+04 0.000000000000000000e+00
5.018276945805944706e+04 0.000000000000000000e+00
5.018898345061778673e+04 0.000000000000000000e+00
5.018949986198474653e+04 0.000000000000000000e+00
5.020147209831533837e+04 0.000000000000000000e+00
5.020201075606051018e+04 0.000000000000000000e+00
