-5.003005907284536806e+04 1.941590439786178148e-16
-5.002893578894936945e+04 2.685113852057902465e-20
-5.002892025546588411e+04 3.798049425007218811e-20
-5.002817799467634177e+04 2.843619754901584171e-16
-5.002651575089884864e+04 4.194181431168772341e-18
-5.002650192001699179e+04 2.665094765373478129e-18
-5.002649041497400322e+04 3.245867871366197530e-14
-5.002501139812647307e+04 3.895598911270053272e-16
-5.002388736354191497e+04 4.687364552312065007e-16
-5.002387076334428275e+04 3.063906941294164459e-15
-5.002373823436291423e+04 1.794902542231639276e-14
-5.002273260223001125e+04 6.836708433228686616e-14
-5.002203254135351744e+04 2.021519946327049261e-13
-5.002187208508924232e+04 5.232690338452354470e-15
-5.002183821122729569e+04 2.728440764453346054e-14
-5.002144053834419174e+04 1.815647064419503258e-14
-5.002107480722577020e+04 1.446628787986744468e-13
-5.002046322156747920e+04 2.677295254032251084e-15
-5.002009075135692547e+04 9.651166331133075379e-14
-5.001994853603406227e+04 5.518708880597233477e-15
-5.001946347359563515e+04 7.674856662827945153e-17
-5.001911715985563933e+04 4.986852897785378990e-14
-5.001836312515137251e+04 4.762206022620181752e-14
-5.001789084503217600e+04 4.457060837747482526e-14
-5.001781126223652973e+04 1.008200147271578843e-14
-5.001702843420661520e+04 7.654997619630191848e-15
-5.001640973236021819e+04 5.953583153815077814e-14
-5.001576885044264782e+04 1.680401167497223862e-13
-5.001547595168884436e+04 1.464327616835731379e-14
-5.001472521079765284e+04 1.575447104567206019e-14
-5.001380735669570277e+04 4.496892021849846184e-14
-5.001369062791296165e+04 8.349991304433237425e-14
-5.001279683405549440e+04 6.721393436248083816e-14
-5.001179598245921079e+04 5.724983935509401930e-12
-5.001173255706729833e+04 4.466855334567392239e-12
-5.001064302648990997e+04 6.248621935375372453e-13
-5.000994948496364668e+04 6.719607485492924947e-14
-5.000994023136691976e+04 7.862967959150853341e-13
-5.000939230473006319e+04 1.258043099997006349e-13
-5.000840975532629818e+04 5.949009634497434649e-13
-5.000780934580709436e+04 5.216956090398170437e-13
-5.000778110096338787e+04 2.518299692590822197e-12
-5.000709947740906500e+04 2.057292286722745063e-14
-5.000609951530108810e+04 2.950890830413810102e-12
-5.000568622813414549e+04 3.413691943469074317e-11
-5.000557049612933770e+04 3.892168428419091552e-12
-5.000452634688801481e+04 4.015367406219340278e-11
-5.000418112017416570e+04 1.710821264204683953e-11
-5.000357371723373944e+04 2.219532413420076231e-13
-5.000287081573951582e+04 2.140660182879702713e-12
-5.000242129585151270e+04 6.630134094582516778e-13
-5.000151398372591939e+04 1.527161978701404370e-11
-5.000132934206715436e+04 4.566423422665922294e-13
-5.000104738559959515e+04 7.490141479236295469e-14
-4.999995854170920211e+04 4.467278217970431032e-18
-4.999993942817888455e+04 3.791296978449366259e-12
-4.999941253785745357e+04 1.820282395581244876e-11
-4.999926267638747231e+04 2.018757098362699491e-12
-4.999826952958195761e+04 3.005993112007350834e-11
-4.999804126715220627e+04 1.861564278267104563e-11
-4.999780383270363382e+04 3.530274590919285039e-12
-4.999736214993710746e+04 1.183637962605097465e-09
-4.999700395081535680e+04 1.833013368546751383e-10
-4.999672079386330734e+04 1.006438801218288585e-11
-4.999590866330015706e+04 1.761050131414548285e-11
-4.999566974989984010e+04 8.459506059707828543e-10
-4.999535085907069151e+04 2.817684615245327880e-11
-4.999509185871985392e+04 2.004152210111081149e-12
-4.999467022867826745e+04 1.103979105305935694e-11
-4.999419772681691393e+04 6.362028159587640298e-12
-4.999387522279378027e+04 1.032579536874192473e-11
-4.999353991236332513e+04 9.188632608815359837e-11
-4.999343878087609482e+04 1.737236012405076034e-11
-4.999330080415630073e+04 5.566958921673461385e-12
-4.999309629547435907e+04 3.838842426763421046e-12
-4.999259764618219924e+04 1.141564896098076279e-11
-4.999209452298087126e+04 6.390414743667723794e-14
-4.999182551305573725e+04 1.870641910862709157e-12
-4.999141350315087766e+04 1.387316267645424278e-08
-4.999137968450792687e+04 5.701959971554684819e-10
-4.999116571527109772e+04 2.359656023694002125e-11
-4.999053373713449400e+04 1.461850627479318016e-12
-4.998997481760547089e+04 4.640743381603586842e-11
-4.998993934432105016e+04 4.999965262294126318e-09
-4.998970459827498416e+04 1.274182322330450303e-09
-4.998929638579068705e+04 3.850229363505096361e-10
-4.998922951920924243e+04 7.035525143128757225e-11
-4.998898764254839625e+04 3.522006835077207161e-10
-4.998813215095105988e+04 1.972496664830108431e-11
-4.998793551619899517e+04 9.668128695723117794e-11
-4.998780329959552910e+04 3.141683343263348431e-10
-4.998755961582220334e+04 6.875423532960357333e-11
-4.998719279292650754e+04 5.629274587750310183e-10
-4.998706258817673370e+04 4.272304204750595074e-12
-4.998625198959336558e+04 5.222269829351482185e-13
-4.998593245201227546e+04 6.563051543352822169e-10
-4.998566749525042542e+04 6.380993837392945798e-08
-4.998550464646011824e+04 4.569801717897341819e-11
-4.998509519103571074e+04 8.356983949712572358e-10
-4.998454097629019816e+04 2.998800383371727281e-12
-4.998411847040933208e+04 2.170884337385038946e-10
-4.998353217652290186e+04 1.876137856472631459e-09
-4.998331903252971824e+04 2.449834330054639480e-09
-4.998317035515107273e+04 1.269881012443558029e-09
-4.998299688463857456e+04 4.934243206983210746e-08
-4.998229533632958191e+04 2.394725645037770151e-11
-4.998194645576634503e+04 7.307924158297310388e-12
-4.998167816633825714e+04 5.467417567815081286e-11
-4.998139792754466180e+04 7.529274154943382213e-08
-4.998097325735099730e+04 4.101651532006973626e-09
-4.998060302070387115e+04 4.339193558199564260e-11
-4.998040503772918601e+04 1.198782343313083814e-10
-4.997993933382122486e+04 1.166755895874922154e-08
-4.997932625076072873e+04 1.998611776372977643e-11
-4.997926516591948166e+04 8.060791463456273817e-09
-4.997897180052222393e+04 1.541053446702496468e-08
-4.997885736752918456e+04 2.630818418892872323e-09
-4.997810692043747986e+04 8.790470082961404911e-10
-4.997780320270445372e+04 1.157235103646689461e-08
-4.997761326976391138e+04 1.067427779678325863e-10
-4.997713598367298255e+04 1.029834913270147591e-06
-4.997705743780234479e+04 3.034163645642029259e-09
-4.997670895000273595e+04 5.263984088543261192e-10
-4.997637475666202954e+04 9.401175282495746156e-13
-4.997566697586207010e+04 2.303533230348607949e-06
-4.997512786896947364e+04 3.351955539088809847e-10
-4.997502447612104152e+04 2.141100433546177417e-08
-4.997500892638546793e+04 4.165359054041604518e-08
-4.997488106774842890e+04 3.311506762420851508e-10
-4.997383712293207645e+04 8.049933982942944094e-10
-4.997354322378105280e+04 2.613831064439492333e-10
-4.997353031791844114e+04 7.140447562960449774e-08
-4.997326072869815107e+04 1.383661168657819424e-10
-4.997307317782774044e+04 6.317425824297361854e-10
-4.997288804817825439e+04 4.466588042617611923e-07
-4.997221952726427116e+04 3.274670539000641227e-11
-4.997176130717132764e+04 2.021414344081157729e-11
-4.997139501121742796e+04 8.040859310778718420e-06
-4.997139063821920718e+04 7.535688010237020183e-06
-4.997100897733466991e+04 3.259648619216029714e-09
-4.997077251684310613e+04 2.409641321251877857e-08
-4.997007507790390810e+04 2.888710942735534122e-12
-4.996993925499355828e+04 3.323933717991118621e-06
-4.996958651141761220e+04 2.108623668762862074e-10
-4.996925364979713049e+04 8.293241721968362266e-07
-4.996916559892891382e+04 2.321546847157567471e-09
-4.996870499797727825e+04 1.057177173616929192e-09
-4.996865558198656800e+04 3.605247692624454724e-08
-4.996799737565482792e+04 7.489830367542975763e-11
-4.996780269181607582e+04 9.272588857515850775e-07
-4.996749416097438370e+04 1.947594529979380878e-09
-4.996724661922834639e+04 1.149258902438026611e-10
-4.996711084170952381e+04 1.335286270127730143e-05
-4.996678246602157014e+04 1.043783789961131420e-09
-4.996655238185978669e+04 4.030979021298515001e-09
-4.996582083025132306e+04 2.592727581844359208e-10
-4.996566510541383468e+04 1.402066590476325810e-04
-4.996561443868810602e+04 1.080501603407509358e-09
-4.996508927816479991e+04 1.592657357263964037e-09
-4.996496233365724038e+04 4.526337015135950683e-07
-4.996453486158487794e+04 9.692158517906626605e-11
-4.996445402395728161e+04 2.053982685496812536e-08
-4.996371396153903333e+04 3.750294655841348290e-10
-4.996359723024256527e+04 7.015798749060826705e-10
-4.996352444820941309e+04 9.042532473978201702e-06
-4.996280575777773629e+04 5.335595231032261961e-07
-4.996266247415509133e+04 2.589566385254332301e-10
-4.996237518911647203e+04 1.108680943975585731e-09
-4.996192783911187144e+04 9.538375464900090034e-11
-4.996175197695809766e+04 1.920201540009745461e-10
-4.996137586978951003e+04 4.394252568536291472e-04
-4.996117766976947314e+04 4.713400055241561363e-09
-4.996063853879504313e+04 2.972776588780041581e-08
-4.996052421718739788e+04 1.248648864866096783e-08
-4.996040277304363553e+04 1.286437902224081405e-08
-4.996004777349645155e+04 1.469292661408136957e-08
-4.995993693171453197e+04 7.948823422876049406e-06
-4.995965452326180821e+04 4.632197183535557439e-10
-4.995932891982133151e+04 7.301030640703523855e-10
-4.995921231866179733e+04 9.915439820516817995e-06
-4.995884976345152245e+04 2.190957794545639048e-09
-4.995849007562701445e+04 4.654078997689565985e-08
-4.995844082308266661e+04 1.769986880641648257e-07
-4.995806978900804825e+04 2.236244358360330803e-10
-4.995778769245417789e+04 5.651821119176803613e-05
-4.995768695376496180e+04 3.556075108960766902e-10
-4.995720331216612249e+04 4.777473317978287760e-11
-4.995702601213552407e+04 1.863731134344413031e-05
-4.995640071596964845e+04 1.057419054684877773e-09
-4.995625209470697155e+04 5.447772038921591075e-09
-4.995617082052877231e+04 3.442731733491859219e-09
-4.995561211779425503e+04 1.701166214929091328e-02
-4.995548595019472123e+04 3.330304011188698745e-08
-4.995525748507650860e+04 4.975578575278956671e-08
-4.995481026862570434e+04 9.098033554668676743e-07
-4.995456482118363783e+04 1.235236040203865223e-08
-4.995425886942239595e+04 4.114641673279055891e-10
-4.995402854033744370e+04 4.657927800409878880e-07
-4.995346271304955735e+04 1.423864954734854420e-09
-4.995340230401635199e+04 1.790111006829458377e-04
-4.995331781284933095e+04 2.096026005319704456e-08
-4.995276707252334745e+04 1.088596909989974314e-08
-4.995255893740843749e+04 1.023299409315341944e-05
-4.995206511191665777e+04 2.265188469496165406e-08
-4.995179572630596522e+04 8.450796761538847208e-08
-4.995134776981906907e+04 3.631463945285202907e-08
-4.995114979126802064e+04 1.069529280002535479e-04
-4.995105624933722720e+04 1.976456235906560562e-08
-4.995096569396219274e+04 6.462858378987192008e-08
-4.995027260734741867e+04 1.473933421703457376e-05
-4.995005109558253025e+04 6.735477556146707947e-08
-4.994990299355382740e+04 9.785828026148855052e-01
-4.994960318348678265e+04 3.081102545753773186e-06
-4.994955051254910359e+04 1.626964989310237969e-05
-4.994919528676597110e+04 8.628094478103110280e-10
-4.994894809469585016e+04 5.820761687281215265e-09
-4.994884894143494603e+04 6.669266552827610101e-06
-4.994857546561989875e+04 1.194607348449303217e-08
-4.994794902987263049e+04 1.911109775689572187e-05
-4.994770336575948750e+04 3.142214208003586522e-03
-4.994746399608488719e+04 1.372084667039388968e-07
-4.994734598211286357e+04 2.130086154492365015e-07
-4.994728413861581794e+04 1.646084633073056967e-07
-4.994691914033411012e+04 3.153504843909507007e-08
-4.994649766075193475e+04 9.284709428545890328e-05
-4.994568683716950181e+04 4.677988039968730252e-12
-4.994559041791956406e+04 3.973693671775323328e-07
-4.994541735888312542e+04 3.705221185436026295e-08
-4.994537828688422451e+04 7.418114040204029347e-06
-4.994521252862981055e+04 3.411673978470122544e-10
-4.994499043872825860e+04 5.387094228720890583e-10
-4.994448796377713734e+04 2.723513594680098057e-10
-4.994409693031244387e+04 1.966846882741645934e-06
-4.994363348434319778e+04 5.788009343859899682e-10
-4.994345794355834369e+04 5.886613764963524979e-11
-4.994320116749875888e+04 6.881009325765442451e-08
-4.994295449543531140e+04 1.896306977309823010e-06
-4.994294435243174667e+04 3.520271903202791788e-07
-4.994269533684256021e+04 3.787878347004895474e-09
-4.994219763167394558e+04 1.298394462052231135e-10
-4.994164986837447213e+04 6.711475389987596170e-07
-4.994146428491048573e+04 9.473967876034198489e-11
-4.994089638705328980e+04 3.004811448516068147e-08
-4.994076127066751360e+04 5.074279897331643584e-08
-4.994047371725047560e+04 1.788063557881191629e-05
-4.994043832951816876e+04 5.835083833563718588e-05
-4.994023760248137114e+04 3.749115978010677345e-07
-4.993948381651093950e+04 5.228555313277450627e-12
-4.993916050098158303e+04 8.853597565450030632e-10
-4.993891033123804664e+04 6.700700914033511288e-10
-4.993838055350048671e+04 3.193992593364628081e-08
-4.993830388190766826e+04 7.499837710846702776e-08
-4.993806003855532617e+04 2.844828240077405086e-08
-4.993787124005191436e+04 8.992933705946715477e-07
-4.993715569582207536e+04 4.595428141320263456e-12
-4.993713338103044953e+04 3.093291794980655874e-11
-4.993663398734998191e+04 1.277595580299116569e-07
-4.993651157183317991e+04 2.471412680506921710e-09
-4.993585834580200026e+04 1.915730764616743189e-09
-4.993568836474699492e+04 7.613560169919574938e-10
-4.993525088536276598e+04 1.719534361249008294e-08
-4.993512190771473979e+04 4.463902986602602437e-11
-4.993488813389754796e+04 3.951272043588594922e-13
-4.993446535574867448e+04 1.375157021970351464e-13
-4.993407254214407294e+04 4.475108297253370912e-09
-4.993349885319904570e+04 3.184575250544642122e-12
-4.993341942554561683e+04 2.550225598998624389e-10
-4.993326294777022849e+04 2.541683313032151630e-10
-4.993258927554074762e+04 2.528147189099063513e-10
-4.993251426131119661e+04 2.128977982173840310e-12
-4.993222943544067675e+04 4.840080664098999588e-12
-4.993189290317957057e+04 8.523968200607707795e-12
-4.993148445925829583e+04 1.846930679559387441e-09
-4.993122752939601196e+04 1.814518569623811474e-11
-4.993086548155806668e+04 1.834793332490813616e-11
-4.993063564194321225e+04 4.734949703287389311e-11
-4.992994100234108919e+04 4.644482563251775823e-10
-4.992989297296464792e+04 2.875048504873747022e-08
-4.992977061303590017e+04 2.436591925537268067e-11
-4.992911031934576749e+04 6.866741765931620657e-11
-4.992884774904196092e+04 2.428911189465987121e-14
-4.992841056361420488e+04 2.241739116615518625e-10
-4.992817350679585070e+04 1.893395140503329123e-10
-4.992782753435455379e+04 9.909191685247387134e-12
-4.992717736486451759e+04 5.883697441026339473e-10
-4.992700983512337552e+04 1.416084388592922995e-11
-4.992658115128900681e+04 2.475714098021439009e-13
-4.992618592589729815e+04 1.505582782019212460e-10
-4.992584057641602703e+04 3.774054054593229306e-12
-4.992568779183510924e+04 4.206026442649831780e-12
-4.992515670741832582e+04 8.394620378010863258e-14
-4.992451847084906331e+04 8.059280307857883552e-12
-4.992442625255713938e+04 5.531368328284226201e-11
-4.992405476177218952e+04 6.041164532557827397e-14
-4.992355063163388695e+04 3.349273411852385714e-12
-4.992339628396939952e+04 5.790455503810283671e-12
-4.992320410900820571e+04 2.385493741428610615e-12
-4.992275234446028480e+04 4.320607915694539932e-13
-4.992197442313161446e+04 6.114340596193435403e-14
-4.992175980026127945e+04 4.980191966662435823e-15
-4.992165065534513269e+04 1.370688773567246780e-13
-4.992122347635761253e+04 4.319484519366997368e-14
-4.992090511666061502e+04 2.987429010673152795e-13
-4.992084782581594482e+04 4.325797714536392549e-12
-4.992043777817352384e+04 5.950239001818163076e-16
-4.991958310006436659e+04 3.177062870514159061e-14
-4.991925416138087166e+04 6.559454216133326715e-13
-4.991889898429354071e+04 1.287532212806104015e-11
-4.991867980287647515e+04 2.525828231359359538e-13
-4.991816778033378068e+04 5.072728296269070876e-13
-4.991798613490026037e+04 1.570605208195423150e-12
-4.991708058383438038e+04 7.382983785851606136e-15
-4.991653062896466872e+04 3.819681960298507706e-14
-4.991616976019961294e+04 3.006441522894106034e-13
-4.991570412109275640e+04 4.844676571003840306e-14
-4.991550921368360287e+04 2.517188085549947462e-13
-4.991534671032485494e+04 4.793471488652015091e-16
-4.991490826976030075e+04 2.845109042771138172e-15
-4.991465447311596654e+04 4.783879947869136174e-16
-4.991435641119290085e+04 5.258743854738947023e-15
-4.991360579242453969e+04 3.951398720689827493e-14
-4.991319974915584316e+04 8.838020876348085020e-15
-4.991298189998501039e+04 5.614032730737482923e-14
-4.991276304457076185e+04 5.997735429616771713e-15
-4.991258873912059062e+04 1.890885167609662481e-14
-4.991221465942860232e+04 7.634068021204887786e-16
-4.991198550667952804e+04 8.427654918627014701e-16
-4.991127030035288772e+04 1.158811140074160993e-15
-4.991108109106773918e+04 4.794128582830847793e-16
-4.991035719534163945e+04 1.634962738212038422e-15
-4.990999871172935673e+04 8.855887890239813721e-15
-4.990991634459813213e+04 1.271667971815465342e-15
-4.990879890035164135e+04 1.199798345892919880e-17
-4.990852142183568503e+04 4.161737890062094734e-16
-4.990778410151880234e+04 1.274870831657597325e-15
-4.990740381510637235e+04 7.048904019231233634e-15
-4.990722681034110428e+04 3.382744095390638198e-17
-4.990661126396768668e+04 6.620193997424679432e-16
-4.990607287606854516e+04 2.058562470691521451e-18
-4.990572795695888635e+04 8.374644377508748212e-17
-4.990493650455851457e+04 1.801273961078311975e-16
-4.990452236925047328e+04 1.436316136956836077e-16
-4.990449044543917989e+04 8.803563516222584938e-17
-4.990416897421138128e+04 5.709570736430282396e-17
-4.990388774235846358e+04 4.190707998552218522e-17
-4.990298920384571829e+04 1.649597353288056120e-19
-4.990275749885408732e+04 1.465024670379934839e-18
-4.990227217202253814e+04 6.463328986939118550e-17
-4.990172354516107589e+04 7.017730406220242519e-19
-4.990136064441067720e+04 8.520044038177059454e-17
-4.990132704209962685e+04 3.434661223017673980e-17
-4.990004251449508592e+04 7.789102887112292988e-19
-4.989959729695568967e+04 2.092496499708206795e-19
-4.989914482630517159e+04 1.908830200853616770e-17
-4.989864173264043347e+04 3.257097678775976135e-18
-4.989850106240963214e+04 2.712378215466117171e-18
-4.989789850187108095e+04 5.168749606595221545e-19
-4.989699346834968310e+04 8.307673424280272868e-19
-4.989637406306470803e+04 8.891069462642729046e-19
-4.989584726693845005e+04 3.378878830978781885e-18
-4.989574846420850372e+04 2.984953853299841357e-19
-4.989522193229669210e+04 8.859373698582359093e-19
-4.989508989589689008e+04 4.556726392690156007e-20
-4.989404320357026882e+04 6.124276873250506187e-20
-4.989376501508813817e+04 2.086812102405250318e-21
-4.989310307130165165e+04 5.301391115165480069e-20
-4.989294052258779993e+04 1.207789670468067923e-19
-4.989254322137121926e+04 1.310322116359118672e-19
-4.989091840793419397e+04 2.080381169538862893e-21
-4.989048065082397079e+04 4.691841617005369076e-20
-4.989032554548991902e+04 3.304789784277611187e-20
-4.989011641786762630e+04 1.171143817705377465e-19
-4.989003897723380214e+04 2.691278631992279611e-21
-4.988905250381094811e+04 1.135157872847950789e-20
-4.988796063373536163e+04 4.557702719170267544e-20
-4.988751096303685335e+04 6.059649204616048698e-21
-4.988720620762853650e+04 5.975097172623364652e-22
-4.988698388484572934e+04 2.733305254639816565e-22
-4.988661740020486468e+04 2.512445962027197437e-21
-4.988595590146014001e+04 4.356090094917439834e-22
-4.988528024222148815e+04 3.596137672782013186e-21
-4.988484969893269590e+04 1.730049937970518191e-23
-4.988423184466564271e+04 2.404947438787799968e-21
-4.988361868121931911e+04 5.648174148743245273e-24
-4.988280144837642729e+04 3.080391573516235389e-23
-4.988217229865479749e+04 1.157496679981518132e-22
-4.988176924026772031e+04 9.437280843211283775e-23
-4.988113284202832438e+04 7.946909307645755446e-23
-4.988035180538846180e+04 6.150124611455303682e-24
-4.987966215512635245e+04 2.438932131601576998e-23
-4.987881122011263506e+04 3.309788653626297882e-23
-4.987857199711049907e+04 1.677895778135461654e-22
-4.987719361340329488e+04 5.397749674743625147e-24
-4.987706503471780161e+04 0.000000000000000000e+00
-4.987665818243345711e+04 1.059227772686444535e-22
-4.987556006068998249e+04 9.098879146271736925e-24
-4.987436618282699783e+04 0.000000000000000000e+00
-4.987385426419287978e+04 2.424545637254360886e-24
-4.987367495180142578e+04 1.380665384309352567e-24
-4.987343611616364797e+04 0.000000000000000000e+00
-4.987307133207911102e+04 0.000000000000000000e+00
-4.987207976298462017e+04 0.000000000000000000e+00
-4.987107118770481611e+04 0.000000000000000000e+00
-4.987017776751959173e+04 0.000000000000000000e+00
-4.986972899953160959e+04 0.000000000000000000e+00
-4.986909108583211491e+04 0.000000000000000000e+00
-4.986895922459865687e+04 0.000000000000000000e+00
-4.986793337892007548e+04 0.000000000000000000e+00
-4.986627302465427783e+04 0.000000000000000000e+00
-4.986593111701078305e+04 0.000000000000000000e+00
-4.986547936033456062e+04 0.000000000000000000e+00
-4.986474169510722277e+04 0.000000000000000000e+00
-4.986296341054493678e+04 0.000000000000000000e+00
-4.986252126571272674e+04 0.000000000000000000e+00
-4.986210068926466920e+04 0.000000000000000000e+00
-4.986112304950261023e+04 0.000000000000000000e+00
-4.985898611344599340e+04 0.000000000000000000e+00
-4.985825551541239838e+04 0.000000000000000000e+00
-4.985761219226679532e+04 0.000000000000000000e+00
-4.985653478761919541e+04 0.000000000000000000e+00
-4.985583412840460369e+04 0.000000000000000000e+00
-4.985483973328159482e+04 0.000000000000000000e+00
-4.985455488488862466e+04 0.000000000000000000e+00
-4.985336410469343537e+04 0.000000000000000000e+00
-4.985262999305193080e+04 0.000000000000000000e+00
-4.985226548736631230e+04 0.000000000000000000e+00
-4.985131443818334083e+04 0.000000000000000000e+00
-4.984956939171800332e+04 0.000000000000000000e+00
-4.984897856482106727e+04 0.000000000000000000e+00
-4.984734540321398526e+04 0.000000000000000000e+00
-4.984574567900909460e+04 0.000000000000000000e+00
-4.984516391981598281e+04 0.000000000000000000e+00
-4.984374146498841583e+04 0.000000000000000000e+00
-4.984187166973737476e+04 0.000000000000000000e+00
-4.984074463114765240e+04 0.000000000000000000e+00
-4.983796944340587652e+04 0.000000000000000000e+00
-4.983695495446943096e+04 0.000000000000000000e+00
-4.983540645095113723e+04 0.000000000000000000e+00
-4.983447328260862560e+04 0.000000000000000000e+00
-4.983378891766238667e+04 0.000000000000000000e+00
-4.983164953647166840e+04 0.000000000000000000e+00
-4.983066186522932549e+04 0.000000000000000000e+00
-4.982834878340084106e+04 0.000000000000000000e+00
-4.982764892230008263e+04 0.000000000000000000e+00
-4.982444674976677925e+04 0.000000000000000000e+00
-4.982374290342183667e+04 0.000000000000000000e+00
-4.981341401708757621e+04 0.000000000000000000e+00
-4.981298765384493163e+04 0.000000000000000000e+00
-4.980950628716457868e+04 0.000000000000000000e+00
-4.980906976077129366e+04 0.000000000000000000e+00
4.996994455304495204e+04 8.481837251271775377e-23
4.997121170038878336e+04 0.000000000000000000e+00
4.997122841512603190e+04 0.000000000000000000e+00
4.997183251520711201e+04 1.516511103878845076e-20
4.997352637060730922e+04 2.941968732401835281e-21
4.997362974212317931e+04 0.000000000000000000e+00
4.997364456173359213e+04 0.000000000000000000e+00
4.997501170262524101e+04 2.126347407278543339e-19
4.997621846904196718e+04 1.234278661884653826e-19
4.997624897158573003e+04 1.140923030648630018e-22
4.997631148982837476e+04 8.562282311167394805e-20
4.997730815628954588e+04 3.483798438575605097e-18
4.997803250860670960e+04 2.746552382607438718e-19
4.997824083786611300e+04 6.200137443643619633e-23
4.997826954169644887e+04 5.823250245643952489e-22
4.997863604716733971e+04 2.431918605484994352e-19
4.997900091555606195e+04 4.044469239915429780e-20
4.997961193718248978e+04 1.142143076008724486e-19
4.997998754638395621e+04 3.667488065094268801e-21
4.998005945239698485e+04 3.059893571469432500e-21
4.998062011498609354e+04 1.743957803647032455e-20
4.998096762258602394e+04 1.737135144697276114e-19
4.998172173071821453e+04 2.166595698876279137e-22
4.998215944964469236e+04 1.229389094970466680e-18
4.998224573349865386e+04 8.785993635840022566e-20
4.998305738629859843e+04 8.037718411036794359e-20
4.998367622263008525e+04 1.949790399293520031e-19
4.998426863234401389e+04 2.052120805397806542e-19
4.998460953127637913e+04 5.123018854881165502e-20
4.998536156619295798e+04 3.835646502044727231e-21
4.998626241023786133e+04 7.075284149572660384e-18
4.998637532598440885e+04 8.105012565625333002e-18
4.998729246607288951e+04 1.179316031927526822e-18
4.998826908810508030e+04 1.845754148422516809e-18
4.998835017492334009e+04 6.082383135707601804e-19
4.998944384858987178e+04 2.783977086353937554e-19
4.999006777540620533e+04 7.612453154659852531e-21
4.999012526618625998e+04 1.801394316102651724e-17
4.999069099060451117e+04 2.989359699593050086e-18
4.999167815966816124e+04 5.602161675717485172e-18
4.999221486557889875e+04 8.364068945630406951e-19
4.999229836779517063e+04 9.492262774906979204e-20
4.999299237469780201e+04 4.412399318868146683e-17
4.999398430784598895e+04 3.196653260386267213e-16
4.999435319997464831e+04 4.820597240989502648e-18
4.999452217365225806e+04 2.972648590045383612e-18
4.999556514354095270e+04 3.604630266989716893e-18
4.999591381192096742e+04 1.515324924861429016e-17
4.999647967243888706e+04 6.238369946769954245e-16
4.999722897494244535e+04 8.712523978592858310e-18
4.999767797730891471e+04 3.309633903575452763e-18
4.999855885597782617e+04 2.195065168104107830e-17
4.999876849702392065e+04 1.323637787354866015e-18
4.999905443193646352e+04 2.410919649579106704e-17
5.000006864382966887e+04 1.056960091045366139e-17
5.000015385507364408e+04 5.995310630494116759e-17
5.000067511176657717e+04 2.852076898467768797e-15
5.000084987908087351e+04 6.624396006690295271e-16
5.000183946241164085e+04 1.900863074514093029e-17
5.000208798855080386e+04 3.020456634820639129e-17
5.000222014434260200e+04 3.331729180381654411e-15
5.000273062538152590e+04 1.137471619185997927e-16
5.000312292115611490e+04 9.561582299366301759e-17
5.000341166905788123e+04 2.854287347637828042e-19
5.000425282741533010e+04 2.183645703128337669e-19
5.000436998335312092e+04 5.224635134941630254e-17
5.000476410124246468e+04 1.154226962009180583e-15
5.000508624130298995e+04 3.386084398425372287e-16
5.000549586922617164e+04 2.860867742882606210e-17
5.000596257386291109e+04 1.855187679110697502e-19
5.000634084090568649e+04 5.184862652102877012e-17
5.000651633881381713e+04 1.216160784584110284e-14
5.000672401961861033e+04 1.573097328947657346e-17
5.000687215836951509e+04 5.459195044516154985e-19
5.000706006013653678e+04 4.896390519530139328e-19
5.000760619557478640e+04 4.552062090683953769e-17
5.000811602830192714e+04 9.493632050526327238e-16
5.000840777901322144e+04 7.061628869646513731e-16
5.000865885771498142e+04 7.869658479415044497e-16
5.000876356862390821e+04 4.498483012819550525e-15
5.000906660034472588e+04 3.745542346355747287e-16
5.000969846424963180e+04 1.375425116936258687e-16
5.001006873567337607e+04 7.092795586573089762e-18
5.001025407188340614e+04 3.173536962613122601e-16
5.001043169350633980e+04 8.845285439718257774e-16
5.001079118457808363e+04 4.916017761362732766e-14
5.001099742299547506e+04 3.739743616416302373e-16
5.001117264570706175e+04 2.317866526018207687e-16
5.001207861394346401e+04 3.884289110746151006e-16
5.001221611512677191e+04 1.631876065077338663e-15
5.001222069257505791e+04 1.184233499960787675e-16
5.001262154693665798e+04 3.561985629476850346e-16
5.001291036974559393e+04 4.709993754456696068e-16
5.001312623907119996e+04 3.110451650326608911e-16
5.001395111354038818e+04 6.569982913716003828e-16
5.001423009430833918e+04 1.232253509222438063e-16
5.001437239494977257e+04 6.934352101253383993e-15
5.001471286342498934e+04 2.986635504917519956e-17
5.001501878957695590e+04 1.182867280653571156e-13
5.001567462787866680e+04 4.071812707077413621e-16
5.001605332987748261e+04 1.669571889581667541e-15
5.001652353896778368e+04 9.452660876658309652e-13
5.001687877921912877e+04 7.697678602128154177e-16
5.001698747579594055e+04 9.096360109882830234e-16
5.001714008910832490e+04 8.184015575951020749e-15
5.001785901336075767e+04 1.199143067949551885e-17
5.001827696342601121e+04 1.036023135659660919e-15
5.001846888139395742e+04 3.766364097304224747e-18
5.001867354493737366e+04 7.076007387509973820e-16
5.001916672048538021e+04 6.986381750912796850e-14
5.001956431150121352e+04 2.844586120694583990e-15
5.001981375460691197e+04 2.863512056462987894e-17
5.002006874709186377e+04 2.467220922844680108e-14
5.002082075151259778e+04 1.252139355619321015e-12
5.002087559399780730e+04 1.483776540725166831e-14
5.002118369560033170e+04 6.146673782984606580e-15
5.002135306974653213e+04 6.889901163112746375e-18
5.002209724827617174e+04 3.372553568460687032e-17
5.002222079451743048e+04 7.523996876411572066e-12
5.002259414773491153e+04 4.127747765040485405e-16
5.002296633081080654e+04 1.070773372275541000e-13
5.002311616171621426e+04 4.164971452670588456e-15
5.002348886394981673e+04 6.539688710425866370e-16
5.002382528429343074e+04 8.122205257204360141e-16
5.002437293810748815e+04 2.610617906776540584e-15
5.002508411694986717e+04 1.406175227666952415e-13
5.002510738903156744e+04 1.527259681536567307e-12
5.002515258910057310e+04 3.810576315297691058e-14
5.002532627217270056e+04 3.802157740504494546e-15
5.002634377451806358e+04 3.124713428406972976e-17
5.002652543839966529e+04 5.948998072870145930e-12
5.002666662932043982e+04 1.384856472773647002e-15
5.002695684366980277e+04 2.520183695524579078e-16
5.002712004203571269e+04 5.277602512727219304e-16
5.002724371520952991e+04 6.282407784246283819e-14
5.002795507098951202e+04 3.253285671793034785e-17
5.002847328267044213e+04 2.194352407018102682e-16
5.002867882667023514e+04 9.289679916274631127e-13
5.002884114570384554e+04 4.935396226321517024e-17
5.002918196414037811e+04 6.983167204781458442e-18
5.002937335242901463e+04 2.269998223956645517e-14
5.003006882587204746e+04 2.170436039308214538e-16
5.003018255463593960e+04 2.287287982434436692e-15
5.003063429366632045e+04 9.429642000784307955e-16
5.003083407427594648e+04 4.080399743823439254e-11
5.003102405422807351e+04 1.172797670430061162e-14
5.003149954101815092e+04 3.230863431996163590e-15
5.003156604816484469e+04 7.068811732690116329e-16
5.003222129655636672e+04 2.401303946877528629e-12
5.003223963642276067e+04 8.118974262387128145e-17
5.003273634514570585e+04 5.071325706362874651e-16
5.003299270191994583e+04 9.718674161827497524e-13
5.003303132938509953e+04 3.934365039647869085e-17
5.003346155557210295e+04 4.050898102854771516e-16
5.003362064146203920e+04 1.182880874284872982e-14
5.003437475182313938e+04 5.925478808132771953e-12
5.003445130468724528e+04 3.262999983280237298e-17
5.003464556936157896e+04 1.846094394651410918e-17
5.003515180396622600e+04 8.840282303190598782e-14
5.003516814352019719e+04 3.115450008032296209e-14
5.003572772230458213e+04 7.731724649381422105e-17
5.003576534693941358e+04 1.118678233562412385e-17
5.003653123708274506e+04 8.990486128933857835e-10
5.003654851254889218e+04 1.849787656669117871e-14
5.003666605637602333e+04 1.324450785248576049e-16
5.003732938496840507e+04 1.145168533039709421e-14
5.003764504576879699e+04 7.603336477960928324e-17
5.003782354230788042e+04 1.382802175657746454e-14
5.003832788284686103e+04 1.309795384899638548e-16
5.003853481320206629e+04 1.321919226669321709e-16
5.003869570242673944e+04 1.376523170463153781e-11
5.003905931432707439e+04 3.103348763241119628e-18
5.003951267545930750e+04 8.384709330270297200e-14
5.003974099509855296e+04 8.660089461213564706e-18
5.003986916226659378e+04 3.914687323996950642e-16
5.004007117889948131e+04 5.411028418682099370e-11
5.004020294671550073e+04 1.905577000673142447e-16
5.004059090526304499e+04 7.470718384470773070e-17
5.004087532270602969e+04 1.832691331711125020e-12
5.004091636999668845e+04 5.764710591889961478e-16
5.004142372418506420e+04 3.182527000638925578e-16
5.004170902137065423e+04 2.771048580051538051e-16
5.004183307542508555e+04 5.456417824505783396e-15
5.004218086402876361e+04 1.203008896137051304e-12
5.004223661140957847e+04 1.606550638048252245e-08
5.004257360911699652e+04 1.294134110734469969e-15
5.004307804741873406e+04 2.360724863083910896e-13
5.004314106879529572e+04 8.113603255395124993e-16
5.004387904138984595e+04 9.535037507294049793e-16
5.004392981874672842e+04 7.874369394842372327e-14
5.004413394252221042e+04 6.652078861353818156e-17
5.004442874899860180e+04 1.167182194051146499e-10
5.004486819681586348e+04 2.532979967775949164e-16
5.004506380641889700e+04 1.211191581307657228e-16
5.004531072075961129e+04 8.518369645295165083e-13
5.004575503073862637e+04 1.008240589486853163e-15
5.004604934492580651e+04 1.936215668897961439e-15
5.004617134930688189e+04 4.431831559090678248e-15
5.004665515801910806e+04 7.778625038589797238e-13
5.004690763484646595e+04 5.754457385979493194e-16
5.004700403234627447e+04 2.823515451017412750e-17
5.004751194467982714e+04 1.776138337673541519e-15
5.004758021565551462e+04 6.347404624571772412e-14
5.004821543918488169e+04 4.436888215975158421e-16
5.004841702611271467e+04 1.592540358366322918e-14
5.004892416651499661e+04 2.065192442270296220e-13
5.004903772330727952e+04 1.377561280350775192e-18
5.004923700912050845e+04 1.719217274813586751e-16
5.004937022510144743e+04 1.336895841147972029e-22
5.004988280643618782e+04 4.404700315747940610e-13
5.005010142283407185e+04 3.297514886643377317e-11
5.005024168840771745e+04 4.495981082908355911e-17
5.005066637649064796e+04 1.272415886556836153e-15
5.005076294350970420e+04 3.352650112573091254e-16
5.005109510535280424e+04 1.668471772803160231e-16
5.005124148446471372e+04 1.729994887376621303e-11
5.005139944921833376e+04 3.220641803701012309e-17
5.005174537261777732e+04 6.501071998322272944e-17
5.005222376828501729e+04 1.086558472385670223e-13
5.005231035014590452e+04 3.562541450718381475e-11
5.005285794012141560e+04 9.912180328271795145e-17
5.005292762195283285e+04 1.015685521549684115e-17
5.005298009095284215e+04 3.142172592121191867e-17
5.005337589808633493e+04 9.207341021421638377e-18
5.005360927736015583e+04 2.639248505521231902e-13
5.005459671728988906e+04 5.414949524920845153e-16
5.005461007077692193e+04 9.313367451423283135e-15
5.005464660155540332e+04 2.496713569946109640e-12
5.005495218696968368e+04 4.110607573030074430e-19
5.005509898597476422e+04 1.881113236165857701e-16
5.005527845896912186e+04 3.527324845836670134e-19
5.005586066389408370e+04 1.623648627074791465e-17
5.005602661427988642e+04 2.476666764055983618e-13
5.005670863691914565e+04 6.625459830069853056e-15
5.005691559448128828e+04 7.136182457272377222e-15
5.005700822731338121e+04 1.617321631349295956e-12
5.005708455280077033e+04 1.163438286349438337e-10
5.005735277407016110e+04 4.265358274427308466e-14
5.005758306545965752e+04 8.782910597358897452e-14
5.005816714993255300e+04 2.301929648411624208e-15
5.005849052531789494e+04 8.571837634511029007e-15
5.005894168710302620e+04 1.049875962500992313e-16
5.005940346900092845e+04 6.401368916800155661e-14
5.005948289258926525e+04 6.664337343492632967e-14
5.005960299748677789e+04 9.959945509766176577e-13
5.005984970406856155e+04 3.396589062918976263e-15
5.006009998687813641e+04 8.743289723603410884e-16
5.006092738467938034e+04 2.661771589111508694e-15
5.006099748413694033e+04 2.339592266506891992e-13
5.006144165084345877e+04 2.648315559760692494e-17
5.006190106973276852e+04 2.490328012555054546e-15
5.006200452074833447e+04 3.368244847686403587e-16
5.006218102113206260e+04 1.054165200502412027e-14
5.006226484691555379e+04 1.654812864668984932e-15
5.006321636218205822e+04 1.573354425265145844e-18
5.006324874901225121e+04 2.061416053126315248e-18
5.006354125901161024e+04 6.188409709032923548e-15
5.006385947098482575e+04 5.181506113048678008e-21
5.006440540368080838e+04 1.698163738108662183e-16
5.006459762732538366e+04 8.513704181468353900e-17
5.006483234052685293e+04 4.803343892483702290e-15
5.006522641660072986e+04 3.401143517774431817e-19
5.006550936363270739e+04 9.423649958017113751e-19
5.006588528491105535e+04 2.660262362426392183e-17
5.006611973154223961e+04 2.094281684034075198e-15
5.006680267182026000e+04 1.155102832647719783e-16
5.006689720687852969e+04 5.631266555590950124e-17
5.006703359899926727e+04 6.274425644406153076e-16
5.006750848844953725e+04 1.151882972528931141e-13
5.006781206947836472e+04 2.533927468911960885e-17
5.006815155506786687e+04 7.411731694664211573e-17
5.006854590843557526e+04 4.096450620346734907e-19
5.006872887944549439e+04 4.844709953722362895e-19
5.006910814926288731e+04 9.847800194058439248e-20
5.006943147298035183e+04 1.013453837335912031e-15
5.006972858914059179e+04 6.400680020616261437e-19
5.007022171010618331e+04 1.880111193378076220e-15
5.007044790712666145e+04 2.977301734827449801e-18
5.007067103352658887e+04 9.206767885792209295e-20
5.007129791504765308e+04 3.070770430349739532e-16
5.007141493204874860e+04 3.233510237016513378e-16
5.007193378511702758e+04 4.053714577077305592e-17
5.007218844578217249e+04 6.744655547233415110e-19
5.007262556502051302e+04 2.919921717510111195e-20
5.007295875378057099e+04 2.358523814789151006e-17
5.007342087905666995e+04 2.416593276163406940e-19
5.007378440774905175e+04 3.834012987557344304e-18
5.007406211703141162e+04 2.054422727479909194e-17
5.007455018176307203e+04 2.513082414708657648e-18
5.007470518044534401e+04 1.441616125801408265e-18
5.007526058792942786e+04 2.225218383619674494e-21
5.007571101150818140e+04 1.966183896193003557e-18
5.007587596919547650e+04 4.224879360397681790e-19
5.007637069530767621e+04 1.276742760763236815e-19
5.007671733026767470e+04 1.024052649140539327e-17
5.007696364509118575e+04 2.578829508238437805e-19
5.007718101377385756e+04 2.484855963473797896e-22
5.007762938445510372e+04 7.791987963169339483e-21
5.007844030500076042e+04 3.302356236654660519e-17
5.007849460271791031e+04 6.537050355121864887e-17
5.007871096426815348e+04 6.215131947090931086e-18
5.007920657380019838e+04 3.263366220600828193e-21
5.007943090931339248e+04 2.823027084684067214e-19
5.007947269355430035e+04 5.125730997669554557e-18
5.007995380055314308e+04 2.533009167934452625e-18
5.008082914365420584e+04 6.569737270687629277e-20
5.008119504083333595e+04 9.369901175374483562e-19
5.008137132854326774e+04 1.553974132818509142e-18
5.008178054257854092e+04 1.244806702413892103e-20
5.008213561089780706e+04 1.321828730892019132e-18
5.008237896725026076e+04 9.940069191637488732e-20
5.008344138389969885e+04 1.731731694696370810e-20
5.008393179860805685e+04 3.578798014040704155e-20
5.008410162086250057e+04 1.443216556046050307e-19
5.008476015004418150e+04 8.659908588634516602e-21
5.008482790624287736e+04 2.223556218617553138e-20
5.008500596520391991e+04 8.480370311656657769e-20
5.008552165650908137e+04 6.174377887021669515e-22
5.008577086573353154e+04 1.146856259398491730e-21
5.008612984034354304e+04 1.015039612187413377e-21
5.008673025098341896e+04 6.020508747976039183e-23
5.008723949067351350e+04 2.551320028841110541e-22
5.008738780489085912e+04 2.511213740839783452e-21
5.008759355104222050e+04 3.893292542848086558e-20
5.008789907825599221e+04 1.201624575598844912e-21
5.008821863431087695e+04 2.480502700467599030e-24
5.008842652311416168e+04 3.200137656509428243e-23
5.008919487865778501e+04 5.523732428183771994e-21
5.008934995453793817e+04 1.037029012210035546e-20
5.008996334230300272e+04 7.458282542341007833e-20
5.009037586016116984e+04 2.437838129351138163e-22
5.009056206258601742e+04 1.260584665377220472e-20
5.009173900244638935e+04 7.778141662138919326e-22
5.009196562440397247e+04 1.119464100942347071e-21
5.009269852667994564e+04 7.249945986846908319e-22
5.009293264825291408e+04 3.107295348065628921e-21
5.009314463251330744e+04 7.190510822483047892e-22
5.009383814505006740e+04 1.910028742577918788e-22
5.009445396276222891e+04 1.418699053910803809e-22
5.009476330605329713e+04 1.563428373022262565e-23
5.009548994158061396e+04 1.407673576150912445e-22
5.009583444599539507e+04 4.673175173860100749e-22
5.009594556211819872e+04 3.740388550053775387e-23
5.009627203364470188e+04 0.000000000000000000e+00
5.009655398642150976e+04 8.066665063018670417e-23
5.009746304424654954e+04 2.525372030155654798e-23
5.009771197829521407e+04 5.912917755859880078e-24
5.009811585830595141e+04 0.000000000000000000e+00
5.009869329518241284e+04 1.082277606048386429e-22
5.009902507833272102e+04 3.473548062523517556e-24
5.009910485956205957e+04 8.104452137856982871e-24
5.010043047811258293e+04 2.941376512494477848e-24
5.010084109429319506e+04 1.937762740424263887e-23
5.010132632673332409e+04 2.231156073399145385e-23
5.010181096196980798e+04 3.415183044207348596e-23
5.010197011850159470e+04 1.796234114635775203e-23
5.010267840092054394e+04 0.000000000000000000e+00
5.010358065381054621e+04 1.348951447098385571e-24
5.010413062563756830e+04 1.669361474706261839e-24
5.010457460292963515e+04 2.764249432301886825e-24
5.010479318781905022e+04 0.000000000000000000e+00
5.010527619030290953e+04 0.000000000000000000e+00
5.010544604107533087e+04 0.000000000000000000e+00
5.010657308616042428e+04 0.000000000000000000e+00
5.010684422790758254e+04 0.000000000000000000e+00
5.010734777736357501e+04 0.000000000000000000e+00
5.010748356126740691e+04 0.000000000000000000e+00
5.010789837839401298e+04 0.000000000000000000e+00
5.010966031290419778e+04 0.000000000000000000e+00
5.010998746337488410e+04 0.000000000000000000e+00
5.011009892492201470e+04 0.000000000000000000e+00
5.011030251815586962e+04 0.000000000000000000e+00
5.011040897470534401e+04 0.000000000000000000e+00
5.011156602707129059e+04 0.000000000000000000e+00
5.011255526307296532e+04 0.000000000000000000e+00
5.011293897479009320e+04 0.000000000000000000e+00
5.011322847651038319e+04 0.000000000000000000e+00
5.011347099812026863e+04 0.000000000000000000e+00
5.011392298445549386e+04 0.000000000000000000e+00
5.011465117005807406e+04 0.000000000000000000e+00
5.011528706599135330e+04 0.000000000000000000e+00
5.011567694099174696e+04 0.000000000000000000e+00
5.011626731826671312e+04 0.000000000000000000e+00
5.011693850540278072e+04 0.000000000000000000e+00
5.011775441556660371e+04 0.000000000000000000e+00
5.011841864176883246e+04 0.000000000000000000e+00
5.011881509757778258e+04 0.000000000000000000e+00
5.011939359649159451e+04 0.000000000000000000e+00
5.012041381970558723e+04 0.000000000000000000e+00
5.012087174411206797e+04 0.000000000000000000e+00
5.012180480459860701e+04 0.000000000000000000e+00
5.012205588141925546e+04 0.000000000000000000e+00
5.012351627410034416e+04 0.000000000000000000e+00
5.012367682602944842e+04 0.000000000000000000e+00
5.012387370862943499e+04 0.000000000000000000e+00
5.012509453244254109e+04 0.000000000000000000e+00
5.012629204216592916e+04 0.000000000000000000e+00
5.012670323837459000e+04 0.000000000000000000e+00
5.012690407624454383e+04 0.000000000000000000e+00
5.012706490198151732e+04 0.000000000000000000e+00
5.012749120693664008e+04 0.000000000000000000e+00
5.012845050348328368e+04 0.000000000000000000e+00
5.012956475682477321e+04 0.000000000000000000e+00
5.013024601949749922e+04 0.000000000000000000e+00
5.013079031010620383e+04 0.000000000000000000e+00
5.013146053922793362e+04 0.000000000000000000e+00
5.013174489750697103e+04 0.000000000000000000e+00
5.013259603731855168e+04 0.000000000000000000e+00
5.013433770974809158e+04 0.000000000000000000e+00
5.013470154405592621e+04 0.000000000000000000e+00
5.013514359719539789e+04 0.000000000000000000e+00
5.013580203603256814e+04 0.000000000000000000e+00
5.013764542098710808e+04 0.000000000000000000e+00
5.013804412569336273e+04 0.000000000000000000e+00
5.013863075933924119e+04 0.000000000000000000e+00
5.013950064055450639e+04 0.000000000000000000e+00
5.014171817008865764e+04 0.000000000000000000e+00
5.014242705558457237e+04 0.000000000000000000e+00
5.014298850266850059e+04 0.000000000000000000e+00
5.014407285829847388e+04 0.000000000000000000e+00
5.014464188957723673e+04 0.000000000000000000e+00
5.014587264237447380e+04 0.000000000000000000e+00
5.014602991336438572e+04 0.000000000000000000e+00
5.014732004488894745e+04 0.000000000000000000e+00
5.014802407234288694e+04 0.000000000000000000e+00
5.014822952298594464e+04 0.000000000000000000e+00
5.014935524141594942e+04 0.000000000000000000e+00
5.015121586068746547e+04 0.000000000000000000e+00
5.015176715945386968e+04 0.000000000000000000e+00
5.015337060461346846e+04 0.000000000000000000e+00
5.015499026482220506e+04 0.000000000000000000e+00
5.015567851772069116e+04 0.000000000000000000e+00
5.015691490669615450e+04 0.000000000000000000e+00
5.015893166434120940e+04 0.000000000000000000e+00
5.016008931915964058e+04 0.000000000000000000e+00
5.016290340323536657e+04 0.000000000000000000e+00
5.016381079100928764e+04 0.000000000000000000e+00
5.016502682845688105e+04 0.000000000000000000e+00
5.016631661092935974e+04 0.000000000000000000e+00
5.016696567264857003e+04 0.000000000000000000e+00
5.016875851651551784e+04 0.000000000000000000e+00
5.017010012591077975e+04 0.000000000000000000e+00
5.017243902487583546e+04 0.000000000000000000e+00
5.017314006153857190e+04 0.000000000000000000e+00
5.017630243094727484e+04 0.000000000000000000e+00
5.017701009348579828e+04 0.000000000000000000e+00
5.018690123729535117e+04 0.000000000000000000e+00
5.018735994658059644e+04 0.000000000000000000e+00
5.019079823520978971e+04 0.000000000000000000e+00
5.019125830862564908e+04 0.000000000000000000e+00
