-5.001005907247921277e+04 6.248783666320246116e-09
-5.000817798825155478e+04 8.251374916970677251e-10
-5.000649035667684802e+04 9.850565246928134978e-08
-5.000566505601711833e+04 2.137237284170506931e-14
-5.000564844075921428e+04 5.766098900886753983e-13
-5.000501088242133847e+04 5.088905625706199046e-09
-5.000375347443048668e+04 4.102745949383934403e-08
-5.000335693749539496e+04 2.515386031761533196e-11
-5.000334267550297227e+04 1.147483138308877775e-11
-5.000277630936181231e+04 7.896028360051741608e-09
-5.000243663128520711e+04 5.712481829584582648e-09
-5.000230702307009778e+04 2.247249571846883126e-12
-5.000177748974705173e+04 1.222973065703185047e-07
-5.000117575390345883e+04 2.250948612109807634e-08
-5.000077635329776967e+04 7.614656271391561785e-10
-5.000049506482038123e+04 2.488288886445248124e-11
-5.000034860090195434e+04 6.337509437436029981e-08
-4.999994831348856678e+04 1.556748094434477128e-08
-4.999976935788910487e+04 1.501568997894308258e-08
-4.999938765531392710e+04 5.437516806559358695e-10
-4.999870112504245481e+04 3.607332791176255310e-08
-4.999827455731274677e+04 5.474659628752075209e-08
-4.999784426270431140e+04 2.105235275989791876e-08
-4.999750634430327045e+04 1.878033070258613514e-08
-4.999698760357408901e+04 2.449714716773578533e-08
-4.999614098662992183e+04 2.921180519910744025e-08
-4.999578207459446276e+04 2.370120096766682159e-06
-4.999546503088489408e+04 8.504638955052762239e-08
-4.999457957857097790e+04 1.252571646370116645e-07
-4.999381992842498585e+04 3.697974872948147330e-08
-4.999370940681872889e+04 8.364770664018669544e-08
-4.999281515003950335e+04 4.302373547434612559e-07
-4.999188360789867875e+04 2.408057984597733281e-06
-4.999170273882285983e+04 1.184720218115010611e-05
-4.999080470599448017e+04 3.180171059553330696e-09
-4.998994038529043610e+04 4.038806222263774635e-06
-4.998993363689872058e+04 5.598880775980619907e-07
-4.998960698844914441e+04 1.310063141935637800e-08
-4.998850870302360272e+04 3.861602390153447049e-09
-4.998806911108676286e+04 9.677340521078044348e-06
-4.998780788525119715e+04 9.057088131347898987e-07
-4.998710571381768386e+04 1.382141341168408157e-06
-4.998642516544913815e+04 1.248288398151671812e-07
-4.998571799965959508e+04 1.279522597498715115e-06
-4.998568196123008966e+04 1.384563386606223493e-04
-4.998487155636955868e+04 5.236226437886456213e-07
-4.998407462766816025e+04 4.050747260618841787e-08
-4.998356646795838606e+04 9.490350961451265381e-06
-4.998339980946764990e+04 6.892773295133180738e-08
-4.998248041752054996e+04 9.000334361602132280e-08
-4.998170919701857201e+04 3.232895105137462359e-06
-4.998146732511732262e+04 4.245149042005128795e-04
-4.998072046879523259e+04 4.927855776457780180e-06
-4.998026177017257578e+04 6.053860557035200290e-07
-4.997993701338781102e+04 8.099918599913293336e-06
-4.997945034385065082e+04 7.263469835282173728e-06
-4.997911373015813297e+04 3.627561065532989882e-06
-4.997850708390772343e+04 7.666620412527281645e-08
-4.997778825428827258e+04 5.667047239842771926e-05
-4.997744869470645790e+04 9.117146725085517619e-06
-4.997712176870084659e+04 1.139710872209720358e-05
-4.997690148604467686e+04 5.338366334231702111e-06
-4.997578529415608500e+04 3.050838471542497901e-07
-4.997561440227802086e+04 1.698507630528019521e-02
-4.997541131469391985e+04 2.259767980656802991e-05
-4.997501494444158743e+04 4.148161064600954997e-07
-4.997398410961705667e+04 3.798269959076683687e-07
-4.997340774842147948e+04 1.778752943534728844e-04
-4.997332415704934101e+04 3.665096390577143789e-06
-4.997285437598993303e+04 5.243209133012885101e-06
-4.997239336793866823e+04 1.180130274480122873e-07
-4.997175280619101250e+04 1.031138036624352283e-08
-4.997116279815249436e+04 1.114511359367447173e-04
-4.997111710855941055e+04 1.475310265372740450e-07
-4.997066660283356032e+04 1.826456748919977539e-06
-4.996990303668411798e+04 9.785452641700329579e-01
-4.996956239654161618e+04 5.612495945958234709e-05
-4.996887772335394402e+04 3.718286626774273685e-06
-4.996878545320613193e+04 2.715195359229440709e-05
-4.996844791768321011e+04 3.455546118275398359e-06
-4.996795367394920322e+04 2.075461555944265401e-06
-4.996770353150257142e+04 3.145296631296449260e-03
-4.996697010577586479e+04 8.585770326900272737e-07
-4.996661044085344474e+04 3.268075392509049465e-05
-4.996653067251603352e+04 6.181658211936694354e-05
-4.996626523800636642e+04 2.175519654575414155e-06
-4.996537943706144870e+04 7.463167742843003664e-06
-4.996497311998219811e+04 1.042238450213906137e-07
-4.996453734510949289e+04 3.547632747052961165e-09
-4.996422060911873996e+04 3.417249535611576196e-07
-4.996416736691135156e+04 1.797283466325663506e-06
-4.996309414584828482e+04 1.716795766469833361e-08
-4.996295398210796702e+04 2.187498500232797561e-06
-4.996231441623283899e+04 2.862078835694781242e-09
-4.996194003551718197e+04 4.068542665001805094e-07
-4.996171910061979725e+04 4.293974871060408057e-07
-4.996144813501850876e+04 1.540222859605621588e-08
-4.996046159268546762e+04 6.884776119218037301e-05
-4.996034685301892750e+04 7.478736004433390993e-06
-4.995989668462195550e+04 2.311246326524500986e-08
-4.995984337278691237e+04 4.455247013042103889e-07
-4.995930840784747852e+04 1.190189776590937578e-08
-4.995849145971469989e+04 4.349427299968895021e-09
-4.995793321270727029e+04 4.510063473393388126e-07
-4.995780905044081737e+04 5.090342342130305919e-07
-4.995715258647840528e+04 4.085150005438247343e-09
-4.995687763313739561e+04 1.410310777237688503e-07
-4.995642305061621300e+04 2.040209011024591261e-09
-4.995544387410958007e+04 4.272995669653899747e-09
-4.995524026564070664e+04 1.435843389120012965e-08
-4.995500292560741946e+04 4.297635463028009816e-10
-4.995445216637903650e+04 6.265761026203704953e-09
-4.995364792005502386e+04 3.591176336975030105e-11
-4.995345434099347040e+04 5.450155813629812999e-11
-4.995308076454381080e+04 2.819694696388848081e-12
-4.995259225336296367e+04 1.353896297318153180e-10
-4.995215913497589645e+04 2.173465866449250654e-09
-4.995189474120861269e+04 1.999571776513501052e-10
-4.995169423888853635e+04 3.437888007639323552e-10
-4.995102737099227670e+04 5.712267233370982039e-11
-4.995011627210761071e+04 1.942478317577187219e-09
-4.994989163880785054e+04 2.797973590172164403e-08
-4.994966873933131865e+04 1.630362298624509033e-11
-4.994892287950967147e+04 2.151881047955298580e-11
-4.994855379769171122e+04 2.384228425504053219e-11
-4.994782687322003767e+04 1.301066132680359157e-10
-4.994720865967408463e+04 7.733714113255660956e-10
-4.994710696559894131e+04 1.060182943764646019e-11
-4.994663023400981911e+04 2.414965685175781203e-13
-4.994631773153172981e+04 8.763860619606202306e-11
-4.994515557542751776e+04 2.685972671767153644e-12
-4.994498152464676241e+04 1.041276944518006538e-12
-4.994444753573437629e+04 6.955142251236076542e-11
-4.994415897455019876e+04 1.826429730953000125e-12
-4.994363284491589002e+04 5.418408301733484968e-12
-4.994312886848290509e+04 2.369770441390886977e-14
-4.994228601997584337e+04 4.127994004411598110e-12
-4.994182283923086652e+04 1.781751211171657846e-12
-4.994162750615722325e+04 5.100506182940601934e-13
-4.994105367335755727e+04 2.719570096259665318e-12
-4.993999764081717876e+04 2.272200111046928175e-14
-4.993983711220059195e+04 3.486190062018522871e-14
-4.993948027944397472e+04 8.024637219835643489e-13
-4.993892004258034285e+04 1.498230237219597550e-11
-4.993859605973813450e+04 2.166248869543130195e-14
-4.993778064816416008e+04 1.883565638066219463e-15
-4.993773543636102113e+04 4.555157694581668139e-13
-4.993716027766391926e+04 4.533599323997660664e-13
-4.993619565189603600e+04 3.227421995562511791e-13
-4.993596815823962970e+04 2.250604767225736604e-13
-4.993512493484187871e+04 5.440854257472898833e-14
-4.993444939476797299e+04 5.964392911830669410e-15
-4.993356115760354442e+04 3.209264408064220539e-15
-4.993340122608932143e+04 9.926268304360418025e-14
-4.993267959178097954e+04 1.658866254595599724e-14
-4.993244314655968628e+04 7.689794262407788753e-15
-4.993178019362507621e+04 1.957203283002492537e-14
-4.993085142583015841e+04 1.067394311855317218e-15
-4.993042554438687512e+04 8.349304479893859740e-15
-4.993033335352308495e+04 4.108442900963700613e-16
-4.992957940742954088e+04 4.059061378566142142e-16
-4.992815860122622689e+04 3.702401766211675410e-15
-4.992797451826499309e+04 3.102472844714386582e-15
-4.992750741540899617e+04 3.171068631235780509e-15
-4.992634758458448050e+04 1.377043903372334691e-15
-4.992560714603133965e+04 1.133257006275517624e-16
-4.992510993064554350e+04 1.838038755000536930e-16
-4.992426430819324742e+04 5.704383157590448363e-17
-4.992411894701675919e+04 5.183836942284281694e-17
-4.992355727208447934e+04 8.527103656702149323e-17
-4.992204541803085885e+04 9.533453480233685838e-17
-4.992182453517819522e+04 3.698494830501556577e-18
-4.992163290822207637e+04 9.712857647755246928e-18
-4.992130966079550853e+04 6.989940829390988130e-17
-4.992001566410870873e+04 3.851263030606127129e-17
-4.991930993021308677e+04 1.852079779809725695e-18
-4.991887991973407770e+04 3.226689856154758398e-20
-4.991796487628911564e+04 1.005208545886721390e-17
-4.991729082360987377e+04 3.047953749598050876e-21
-4.991720454927695391e+04 1.480383967213228191e-19
-4.991572742698907678e+04 4.092774320570532991e-18
-4.991528022249307833e+04 1.528591224464455674e-19
-4.991462499914893124e+04 3.872458048318497995e-20
-4.991354013280328945e+04 1.302065498930111324e-23
-4.991279720518672548e+04 2.975611899526252115e-19
-4.991180259018859942e+04 5.709413797996452885e-20
-4.991092568042251514e+04 1.695046050238105653e-21
-4.990979557132675836e+04 1.779964308710773670e-19
-4.990930093677339028e+04 5.578263742053967984e-20
-4.990865709702801541e+04 1.598923700116609873e-20
-4.990834772969495680e+04 1.471700000057970273e-20
-4.990741716727011953e+04 4.381295775950228464e-21
-4.990689940293981635e+04 8.104535211631831204e-21
-4.990606469023581303e+04 1.476114659480726761e-21
-4.990578807019790111e+04 6.036433713933783130e-22
-4.990464846754973405e+04 1.523918136080106382e-21
-4.990434713861519413e+04 1.819362421922545768e-21
-4.990232380962611933e+04 2.985860559453277588e-23
-4.990153098915440205e+04 3.329263813711891080e-22
-4.990062591313227313e+04 5.022264274440669241e-23
-4.989957166137501190e+04 8.332349174136067793e-24
-4.989943247390053875e+04 0.000000000000000000e+00
-4.989834963907097699e+04 3.660295301806432570e-22
-4.989767192397612962e+04 1.049654200717461872e-23
-4.989686033282332937e+04 2.926372904622296630e-23
-4.989644948892692628e+04 1.003971193703126131e-23
-4.989543860396021046e+04 1.479500662245485073e-23
-4.989385279373900266e+04 3.040667413369007930e-24
-4.989319772246730281e+04 1.957943076795016866e-24
-4.989107661325948720e+04 0.000000000000000000e+00
-4.989036279602636932e+04 0.000000000000000000e+00
-4.988910323910026636e+04 0.000000000000000000e+00
-4.988820131899348780e+04 0.000000000000000000e+00
-4.988795142134407070e+04 0.000000000000000000e+00
-4.988683805357065285e+04 0.000000000000000000e+00
-4.988606738923711237e+04 0.000000000000000000e+00
-4.988553953464189544e+04 0.000000000000000000e+00
-4.988492750740841439e+04 0.000000000000000000e+00
-4.988376488055463415e+04 0.000000000000000000e+00
-4.988246327492257114e+04 0.000000000000000000e+00
-4.988207754806926823e+04 0.000000000000000000e+00
-4.987922121639190300e+04 0.000000000000000000e+00
-4.987835523691603157e+04 0.000000000000000000e+00
-4.987768241859847330e+04 0.000000000000000000e+00
-4.987546873914854950e+04 0.000000000000000000e+00
-4.987477426561863103e+04 0.000000000000000000e+00
-4.987431213019897405e+04 0.000000000000000000e+00
-4.987343874753639102e+04 0.000000000000000000e+00
-4.987132604139890464e+04 0.000000000000000000e+00
-4.987094965803161904e+04 0.000000000000000000e+00
-4.986985069942804694e+04 0.000000000000000000e+00
-4.986719881457515294e+04 0.000000000000000000e+00
-4.986661299526580842e+04 0.000000000000000000e+00
-4.986378333887566987e+04 0.000000000000000000e+00
-4.986253152107926144e+04 0.000000000000000000e+00
-4.986000878581459983e+04 0.000000000000000000e+00
-4.985910669621377019e+04 0.000000000000000000e+00
-4.985630814981038566e+04 0.000000000000000000e+00
-4.985559202946293226e+04 0.000000000000000000e+00
-4.985485101732514158e+04 0.000000000000000000e+00
-4.985215443154722743e+04 0.000000000000000000e+00
-4.985112814899359364e+04 0.000000000000000000e+00
-4.984874515942351718e+04 0.000000000000000000e+00
-4.984825093890313292e+04 0.000000000000000000e+00
-4.984486073040822521e+04 0.000000000000000000e+00
-4.984440456775458006e+04 0.000000000000000000e+00
-4.983344847626844421e+04 0.000000000000000000e+00
-4.983302568218621309e+04 0.000000000000000000e+00
-4.982954341287299758e+04 0.000000000000000000e+00
-4.982911074922709668e+04 0.000000000000000000e+00
4.998994455342570291e+04 5.872441269172600178e-17
4.999183252182804426e+04 5.097370026204833800e-15
4.999352643269867258e+04 1.595056587620858295e-14
4.999452675339554116e+04 2.564490668570651192e-18
4.999454444982366113e+04 2.343354772095655153e-17
4.999501221260711463e+04 8.662825975162441080e-13
4.999627699712948379e+04 6.035105487848997182e-16
4.999682961574731598e+04 1.007907904900702110e-16
4.999684483516537875e+04 8.056535400960562544e-17
4.999727346146825585e+04 4.270588899411374310e-13
4.999767885984764871e+04 3.506924141084942493e-14
4.999781366535092093e+04 1.220087783419190821e-13
4.999829108287013514e+04 6.604253163730005771e-14
4.999889911698614742e+04 1.509934429637015902e-17
4.999931731247241260e+04 1.866040601258487055e-14
4.999961532248674484e+04 9.894256536857077615e-14
4.999976420726350625e+04 8.699846160193354003e-15
5.000005982210540242e+04 2.282886178176558630e-14
5.000033199169342697e+04 3.973152673551308810e-15
5.000071172917147487e+04 4.582355287491445825e-14
5.000140145312698587e+04 1.080612192786327373e-13
5.000182977941678109e+04 2.438922787175711440e-14
5.000217901693888416e+04 7.716009311711086147e-12
5.000259722273278021e+04 8.203871124605288084e-14
5.000311731951822003e+04 2.201632488028436996e-13
5.000396594532691233e+04 1.602650707542014032e-16
5.000425823518774268e+04 2.056424223123947822e-14
5.000463873808575590e+04 1.582646447107713962e-13
5.000552708875386452e+04 7.006605325537131020e-14
5.000627711952873506e+04 2.771330499655824154e-12
5.000634934252823587e+04 3.314282023023138349e-12
5.000729455457868607e+04 2.028901324679663580e-13
5.000821583195068524e+04 2.137056896808432468e-13
5.000836727325489483e+04 1.080673638079307701e-12
5.000930588530041132e+04 2.184689654649762062e-13
5.001006783933618863e+04 5.950346177080114231e-15
5.001014382579475932e+04 2.665075029997222148e-11
5.001049423071045021e+04 7.354006508748019904e-12
5.001160287296212482e+04 1.394219522897782894e-12
5.001201264536093367e+04 1.057646609801274688e-12
5.001221573571040062e+04 2.580600998245887075e-12
5.001300161300218315e+04 2.177092063639176585e-14
5.001367321527616150e+04 5.474715070474232644e-13
5.001435656304079021e+04 6.039972930683607096e-12
5.001438212357890734e+04 1.030209138944855108e-13
5.001523553554157115e+04 1.476277470840979428e-14
5.001602717067683261e+04 1.358182692123884200e-12
5.001648678026098787e+04 8.952642040392858473e-10
5.001671586892314372e+04 1.598640591552509765e-13
5.001762512973860430e+04 8.003656419214770289e-13
5.001840722526037280e+04 4.221944477860262235e-14
5.001860041724408802e+04 1.467681343226679410e-11
5.001939018046710407e+04 2.688002298773185958e-14
5.001985766706334834e+04 3.132767449555436900e-13
5.002007109136066720e+04 5.412728360961188438e-11
5.002063954656546412e+04 1.816540943713189243e-12
5.002099285574909300e+04 2.210618888860730979e-12
5.002162571325617319e+04 4.475282844998660100e-14
5.002223600568155234e+04 1.606963604369185936e-08
5.002266000147704472e+04 4.423108523933376428e-13
5.002299631428818248e+04 5.531937849004545839e-14
5.002322506967492518e+04 7.239211540967684852e-14
5.002434045113675529e+04 8.738024336768808326e-14
5.002442641153992008e+04 1.170445388856224864e-10
5.002473609185099485e+04 1.654001908945326839e-14
5.002509289479760628e+04 6.024300513172602024e-13
5.002617723218353785e+04 3.172776463101252527e-15
5.002664940550584288e+04 7.502439061174046999e-13
5.002679619800586079e+04 4.721744289196081576e-14
5.002725947665231070e+04 3.423429580054946305e-14
5.002778160226270120e+04 4.430741393573190844e-20
5.002836935297935997e+04 5.997657834470665452e-14
5.002891046063788963e+04 1.944845096999486173e-13
5.002904010705371911e+04 1.823127964403257582e-13
5.002948656142075197e+04 2.355404412367575435e-13
5.003010137843994016e+04 3.294476641269234649e-11
5.003062198192300275e+04 9.207446952076218709e-16
5.003121174707230239e+04 1.728580564180325380e-11
5.003136004272448190e+04 4.875061368232412040e-14
5.003172301719504321e+04 1.881537164746512248e-14
5.003222797050599911e+04 2.152684839507114616e-13
5.003231026179734909e+04 3.550665029387262462e-11
5.003317952904135745e+04 2.320189203837092497e-15
5.003353122235838964e+04 2.028987476464575556e-13
5.003360507463694375e+04 7.314910711553043328e-14
5.003391768464177585e+04 3.943231205131874431e-15
5.003464489964787208e+04 2.470746360981740348e-12
5.003522832397935417e+04 4.552257531051987818e-15
5.003564593443186459e+04 3.685589742207474991e-17
5.003593355740349944e+04 2.670377545907786934e-13
5.003598997320141643e+04 5.049820438566005573e-14
5.003707754092467803e+04 1.113098456294967463e-10
5.003714491171371628e+04 6.506536178167895026e-12
5.003785282097563322e+04 3.175681855085950301e-13
5.003822206890950474e+04 5.469345294523977661e-14
5.003842223598460259e+04 2.731286452402207282e-16
5.003878817974105914e+04 2.316302747924540276e-16
5.003959401434221218e+04 1.037765380031540026e-12
5.003983134672843880e+04 3.129335051150232354e-15
5.004030409217664419e+04 1.310641360722904803e-14
5.004036929372482700e+04 3.787671813474726497e-14
5.004084454698592162e+04 2.351524224289932063e-13
5.004177287722535402e+04 5.739594010097584168e-18
5.004216218038005900e+04 8.516445708199420797e-15
5.004235570682914113e+04 4.915619108751088977e-15
5.004310952664447541e+04 3.464607005354533766e-16
5.004329879474313930e+04 7.416382838816321614e-15
5.004384434374611737e+04 3.202543405681331964e-17
5.004475951107892615e+04 1.927337969279789170e-15
5.004488868576242385e+04 2.785477996921021474e-15
5.004524479009278730e+04 6.218861528209621222e-17
5.004573666813693126e+04 3.066352076965025931e-15
5.004657274472959398e+04 1.237532708035847460e-17
5.004680410759956430e+04 9.493094147913909542e-17
5.004714740543659718e+04 2.984263940792039011e-15
5.004750790907477494e+04 1.135565836480887911e-13
5.004806516223477956e+04 3.947609477288613737e-16
5.004830331040681631e+04 1.842441219535468157e-18
5.004857258843956515e+04 1.999791920078761265e-17
5.004923539509760303e+04 2.171050916699808381e-17
5.005013952824124135e+04 1.915175901711173055e-15
5.005024679855551221e+04 5.579097685180298991e-16
5.005059452342283475e+04 4.308398692758865688e-16
5.005133733289261727e+04 3.035547001970927695e-16
5.005175312187166855e+04 7.313792881369060871e-18
5.005246735891530989e+04 1.562909153889815790e-17
5.005292921487399872e+04 1.670026960372073750e-17
5.005315263628337561e+04 2.138193465881784808e-17
5.005370983374311618e+04 8.677700463480043583e-18
5.005391701946823014e+04 1.044050338043548633e-17
5.005515046656593040e+04 5.800945045987240493e-18
5.005532548317570763e+04 3.825481053050996808e-19
5.005570822973655595e+04 3.084564965273293208e-18
5.005614423169109068e+04 7.526983655459869159e-18
5.005665367815382342e+04 3.633586546594906097e-18
5.005722736555954907e+04 1.945370067971897985e-19
5.005800472756072122e+04 1.859610270136257115e-19
5.005841221230166411e+04 8.915186828966687515e-17
5.005864704280342994e+04 2.278182268707434135e-17
5.005919414655825676e+04 5.334055322646768984e-19
5.006026904757114971e+04 1.271217651197880081e-18
5.006046625538863009e+04 2.200135830620659126e-18
5.006084648864021437e+04 7.640329312759457559e-19
5.006127825984758238e+04 2.551999145036106938e-18
5.006165865536309138e+04 4.937592505933802506e-19
5.006248226656018232e+04 1.154258787752348051e-20
5.006260649228158582e+04 2.637104274009273869e-19
5.006318910474383301e+04 3.815885017630425156e-20
5.006402261494474078e+04 2.294350084290328568e-19
5.006430155371531873e+04 2.637269431819245548e-20
5.006522277256311645e+04 6.959350460241153858e-20
5.006584901096707472e+04 3.608979862296661470e-21
5.006670371060866455e+04 5.009441757592972190e-20
5.006683972831264691e+04 7.305797148112236272e-21
5.006767102264035202e+04 1.090102089215454018e-21
5.006787389125565824e+04 1.386730671315860553e-21
5.006853586133410863e+04 6.851294166155933587e-21
5.006945062056715688e+04 5.542354894047738492e-20
5.006988752996198309e+04 3.229796139322349545e-20
5.006999390162144846e+04 9.673242276809776787e-21
5.007074519427547784e+04 1.455209776429309667e-20
5.007216619939936209e+04 1.070234565758184999e-21
5.007233964145082427e+04 4.082523974684549983e-21
5.007282764123356901e+04 5.824909806586377482e-22
5.007394966502780881e+04 8.111787370496154488e-22
5.007475661740289070e+04 1.045190092707862511e-22
5.007521191137302958e+04 2.747357873631393703e-22
5.007603981005727837e+04 2.694678931611307549e-23
5.007620512412437529e+04 2.598374184796632073e-22
5.007674887884310010e+04 3.181212327738952676e-22
5.007826245669087075e+04 2.340334588949445766e-23
5.007851374175750971e+04 3.083533455981409310e-24
5.007866574541533919e+04 5.274730386553408714e-23
5.007908173329211422e+04 1.852770827908086356e-24
5.008026679207356938e+04 1.084026029884324607e-23
5.008103661307833681e+04 7.694786129740442339e-23
5.008147721298386023e+04 1.653388203042065979e-23
5.008238200503787084e+04 1.711828782316411105e-23
5.008300838988400938e+04 1.161212957296832892e-24
5.008317947441078286e+04 0.000000000000000000e+00
5.008461555126280291e+04 2.670207676497376653e-24
5.008507190180813632e+04 1.185428012213624369e-24
5.008576993762225175e+04 0.000000000000000000e+00
5.008684738677321729e+04 0.000000000000000000e+00
5.008754713175626239e+04 1.761604844934575131e-24
5.008855598654808273e+04 0.000000000000000000e+00
5.008946406105943606e+04 0.000000000000000000e+00
5.009057136166273267e+04 0.000000000000000000e+00
5.009106888029439870e+04 0.000000000000000000e+00
5.009177934573400853e+04 0.000000000000000000e+00
5.009202922760888032e+04 0.000000000000000000e+00
5.009302942425436777e+04 0.000000000000000000e+00
5.009347575313053676e+04 0.000000000000000000e+00
5.009432960059600737e+04 0.000000000000000000e+00
5.009461983431048429e+04 0.000000000000000000e+00
5.009580517992345267e+04 0.000000000000000000e+00
5.009603361250591843e+04 0.000000000000000000e+00
5.009807913075901888e+04 0.000000000000000000e+00
5.009885551429061888e+04 0.000000000000000000e+00
5.009973127732306602e+04 0.000000000000000000e+00
5.010086287993804581e+04 0.000000000000000000e+00
5.010100058349179017e+04 0.000000000000000000e+00
5.010206567815872404e+04 0.000000000000000000e+00
5.010269691463947674e+04 0.000000000000000000e+00
5.010361836916637549e+04 0.000000000000000000e+00
5.010407268022384960e+04 0.000000000000000000e+00
5.010498750812350772e+04 0.000000000000000000e+00
5.010670822456756287e+04 0.000000000000000000e+00
5.010725389296455251e+04 0.000000000000000000e+00
5.010941949098222540e+04 0.000000000000000000e+00
5.011009988625568803e+04 0.000000000000000000e+00
5.011132399918336887e+04 0.000000000000000000e+00
5.011228157124634890e+04 0.000000000000000000e+00
5.011258071605259465e+04 0.000000000000000000e+00
5.011369576026114373e+04 0.000000000000000000e+00
5.011437187877343968e+04 0.000000000000000000e+00
5.011508336983822664e+04 0.000000000000000000e+00
5.011558942091227073e+04 0.000000000000000000e+00
5.011677330931122560e+04 0.000000000000000000e+00
5.011819757179796579e+04 0.000000000000000000e+00
5.011852972613301972e+04 0.000000000000000000e+00
5.012139475538024271e+04 0.000000000000000000e+00
5.012221198385825846e+04 0.000000000000000000e+00
5.012292634652880952e+04 0.000000000000000000e+00
5.012512894637211139e+04 0.000000000000000000e+00
5.012581049666774197e+04 0.000000000000000000e+00
5.012633161817363725e+04 0.000000000000000000e+00
5.012709982460697211e+04 0.000000000000000000e+00
5.012935274320499593e+04 0.000000000000000000e+00
5.012971392438052862e+04 0.000000000000000000e+00
5.013082518730879383e+04 0.000000000000000000e+00
5.013356651082950702e+04 0.000000000000000000e+00
5.013406011047543871e+04 0.000000000000000000e+00
5.013685823851769965e+04 0.000000000000000000e+00
5.013813916533408337e+04 0.000000000000000000e+00
5.014085693116619223e+04 0.000000000000000000e+00
5.014163499177134508e+04 0.000000000000000000e+00
5.014431364860274334e+04 0.000000000000000000e+00
5.014506194265827071e+04 0.000000000000000000e+00
5.014576877990425419e+04 0.000000000000000000e+00
5.014823395658548543e+04 0.000000000000000000e+00
5.014945312113336695e+04 0.000000000000000000e+00
5.015203229327882582e+04 0.000000000000000000e+00
5.015247411584828660e+04 0.000000000000000000e+00
5.015587778656290175e+04 0.000000000000000000e+00
5.015628665816378634e+04 0.000000000000000000e+00
5.016685935276244709e+04 0.000000000000000000e+00
5.016731594701646827e+04 0.000000000000000000e+00
5.017075357278998126e+04 0.000000000000000000e+00
5.017121135972875345e+04 0.000000000000000000e+00
