-5.005005231727100181e+04 2.289090310918439383e-24
-5.004831739153306989e+04 0.000000000000000000e+00
-5.004830203636287479e+04 0.000000000000000000e+00
-5.004816959204248997e+04 7.400000618746703732e-24
-5.004720730973513128e+04 0.000000000000000000e+00
-5.004719247481522325e+04 3.675145276932453813e-24
-5.004647919158554578e+04 5.343295320368072514e-21
-5.004499500238845212e+04 4.812349690605853582e-22
-5.004373018407100608e+04 8.560476160750669099e-20
-5.004333367778017418e+04 2.424220308123774696e-22
-5.004331621717891539e+04 1.410440846685015344e-21
-5.004268263196948828e+04 4.467682494747065641e-21
-5.004244492767318297e+04 1.934107306282816046e-21
-5.004241183130355785e+04 9.656856431985218686e-21
-5.004184875646548608e+04 6.190721860786988425e-20
-5.004131980677181855e+04 3.288553130397481321e-20
-5.004088474149042304e+04 3.056763295736351663e-19
-5.004049887052750273e+04 1.618485703872445149e-19
-5.004008393859815988e+04 9.048252551357931150e-20
-5.003994059029923665e+04 3.500876265798442388e-21
-5.003966604023324908e+04 2.367618929391952674e-21
-5.003903032465754222e+04 2.348649427815936501e-19
-5.003853364580546622e+04 4.571678984165222159e-20
-5.003784573645157798e+04 3.604312471513016795e-21
-5.003774112796005647e+04 4.747318748211721015e-20
-5.003720156955130369e+04 4.568630461444440488e-21
-5.003628169308227370e+04 1.282007463799398080e-20
-5.003575819667612814e+04 1.033703484538080487e-21
-5.003565475315203366e+04 2.520736560170172396e-22
-5.003459354390374938e+04 3.637034977967825840e-20
-5.003395682136375399e+04 8.625674515605895856e-21
-5.003372274368297803e+04 8.081035334673259794e-21
-5.003264719352094107e+04 1.602079985536776924e-21
-5.003194100455968874e+04 1.353715424701949853e-20
-5.003176809276632412e+04 2.210039544865505028e-18
-5.003047304798180994e+04 1.217938528599355475e-19
-5.003005504694419506e+04 5.893118647910453039e-20
-5.002993418506882881e+04 3.753303709452987516e-20
-5.002950031571427098e+04 9.719745942985542618e-21
-5.002833184049073316e+04 5.304598425997726766e-18
-5.002780257463670569e+04 2.907771080185717819e-20
-5.002766835162321513e+04 1.154047295196124940e-17
-5.002730098922088655e+04 8.260887863886429379e-19
-5.002610623826079973e+04 4.360276772462178147e-19
-5.002567894485934812e+04 5.800729415885444669e-18
-5.002544426445106365e+04 4.452483001755729945e-18
-5.002454848058741482e+04 2.689358965187538305e-18
-5.002430782767102937e+04 1.342991972505999346e-17
-5.002356744249851909e+04 1.013252529232204823e-21
-5.002287236418770772e+04 1.714333232487310190e-18
-5.002231229331275972e+04 5.481512023293145217e-17
-5.002150088837814110e+04 5.671296598427357847e-18
-5.002133889181696577e+04 4.329900035543987195e-17
-5.002113911090880720e+04 1.461130366934897541e-16
-5.001996981308048998e+04 3.009474422215675622e-18
-5.001993339160268079e+04 6.956333844927869389e-19
-5.001937954275627999e+04 3.438196247166581718e-18
-5.001923644909555878e+04 3.774587296028821991e-20
-5.001818710187463876e+04 1.291067008402450339e-17
-5.001805251358341047e+04 3.399833938243176711e-17
-5.001779779602189956e+04 2.205784568171863007e-20
-5.001733235460800643e+04 6.164090473509865077e-16
-5.001705114755785326e+04 2.683676933825453674e-17
-5.001678370943229675e+04 7.159713536781842335e-18
-5.001592039218993159e+04 6.847791467122622273e-19
-5.001566368375551247e+04 4.126179314741654415e-17
-5.001531642608656693e+04 1.269431029056561737e-18
-5.001508381365267996e+04 1.644146405598725087e-17
-5.001462542062207649e+04 1.828300860376594860e-18
-5.001434984610482934e+04 5.108121388307130638e-17
-5.001405195912014460e+04 4.954231012718330131e-17
-5.001380467707311618e+04 1.153235980536923348e-16
-5.001353207116700651e+04 2.203335412417517085e-17
-5.001343360937107354e+04 1.123287480614676908e-17
-5.001336995704772562e+04 1.715480473986730782e-15
-5.001312169523556076e+04 5.764410341502452117e-16
-5.001289145057848509e+04 8.557174801996769056e-17
-5.001235764185138396e+04 1.033203433772029314e-16
-5.001180910050621605e+04 1.299458844953763602e-17
-5.001148170799080253e+04 3.772725003426086104e-16
-5.001140387796697905e+04 4.870145759496461839e-15
-5.001119865147864766e+04 7.380010751399174633e-17
-5.001069800127149210e+04 2.634113376318877373e-17
-5.000993330935486301e+04 1.590423368194140406e-16
-5.000978546359973552e+04 5.124849681769814864e-16
-5.000960557459951087e+04 2.161853022850776135e-15
-5.000929242705729121e+04 2.503553021671060756e-18
-5.000909703554116277e+04 6.420843503855837261e-17
-5.000883111710390222e+04 4.003777123531805387e-16
-5.000817412969037105e+04 4.885958229781402754e-19
-5.000779726533202484e+04 1.378828575819532463e-17
-5.000777551862075052e+04 3.571195279781527256e-17
-5.000751526396864938e+04 5.905015736602000616e-16
-5.000717573187079688e+04 7.467177437452214800e-15
-5.000664829555831966e+04 9.926815168088438942e-17
-5.000615496165415971e+04 5.465783416196847556e-15
-5.000580365756995161e+04 4.456383339680457926e-15
-5.000566141176131350e+04 1.309164105953288122e-14
-5.000523991354915779e+04 2.513005332062534572e-17
-5.000506532807489566e+04 5.092815718933334009e-16
-5.000420031753448711e+04 3.287151008093213830e-16
-5.000362964930013550e+04 9.704602327030937720e-16
-5.000352616579895403e+04 1.016321389340752759e-18
-5.000323456023918698e+04 4.080715976398286432e-15
-5.000300473160535330e+04 7.737468573934473567e-14
-5.000263808482144668e+04 3.363439387299837410e-17
-5.000227459048259334e+04 5.824366910180618560e-15
-5.000204548580448318e+04 5.081785410406351054e-16
-5.000139206266597466e+04 5.179960345099929942e-16
-5.000098582911241829e+04 1.381410860414791289e-16
-5.000070815463009785e+04 4.281377830986577857e-17
-5.000067320431709231e+04 2.682912516088395026e-16
-4.999993330051533849e+04 1.757365679005296477e-15
-4.999964015991627093e+04 7.179570842773195375e-17
-4.999926776791350130e+04 2.022437398521887122e-15
-4.999925911227495089e+04 4.997611397643701775e-15
-4.999898576193525514e+04 1.414695600021508316e-13
-4.999833118120840663e+04 1.493087546036115885e-14
-4.999798092386716598e+04 2.537299257678789770e-16
-4.999779719293996459e+04 1.461349343776643226e-16
-4.999734922137634567e+04 8.071354416465008861e-16
-4.999713132069196581e+04 1.174887910832348008e-12
-4.999684836386198731e+04 5.492926310060949536e-15
-4.999657261022893363e+04 4.285026973479733085e-16
-4.999566112046645867e+04 1.907956075970478937e-13
-4.999535916887199710e+04 1.205699598472143933e-16
-4.999520937192603014e+04 6.870396875237640153e-16
-4.999506124414317310e+04 2.184189986121978743e-13
-4.999500836724055262e+04 1.048358949827798623e-16
-4.999423362973427720e+04 2.483766743565360126e-15
-4.999389442715115729e+04 2.615754248984633836e-16
-4.999356457895462518e+04 3.472380670876623446e-14
-4.999352514785753010e+04 1.500626950151798618e-14
-4.999326066325985448e+04 7.703758138063536063e-17
-4.999289095729758992e+04 1.199908952500188221e-12
-4.999264914371966006e+04 4.801225791963456737e-15
-4.999223914069552120e+04 3.123855797590409976e-15
-4.999198019517276407e+04 1.126001606152311471e-14
-4.999138942863090779e+04 9.646830552073009447e-12
-4.999110558339853742e+04 3.058211019673179920e-14
-4.999091481811033736e+04 5.357214090159784715e-19
-4.999078537431395671e+04 5.374442364740643073e-14
-4.999016441028910049e+04 1.188223335994015937e-14
-4.998993329962636926e+04 7.466583180254548209e-13
-4.998972875285036571e+04 1.571300084545077581e-14
-4.998932354385289364e+04 1.656430955408149733e-15
-4.998925422988401988e+04 1.475072319462414468e-15
-4.998900043548382382e+04 1.780057482658759240e-14
-4.998870036213673302e+04 1.181440691338051253e-12
-4.998868670787884184e+04 4.193006335359827310e-12
-4.998783648227958474e+04 2.682190742988351532e-14
-4.998779718408830377e+04 3.309641425487598648e-14
-4.998776466515641368e+04 6.473114489936748308e-14
-4.998719827890658780e+04 4.620249478006802842e-14
-4.998711973971677799e+04 2.866935916091596372e-12
-4.998687701628362265e+04 4.253159904903402768e-14
-4.998661409664946405e+04 3.148922993755448615e-15
-4.998636565817167138e+04 1.243870471247233809e-15
-4.998630139222832076e+04 2.422016738564702111e-14
-4.998581874876357324e+04 7.585142926285503223e-17
-4.998566107341786119e+04 3.139532187703462947e-11
-4.998511828961790161e+04 1.368842359343310789e-14
-4.998498737132385577e+04 4.558901592208952828e-13
-4.998471622725640918e+04 3.377014634077812507e-15
-4.998454615429801197e+04 1.364990074794897443e-12
-4.998391792584942596e+04 5.774564910003584353e-14
-4.998382122187771893e+04 4.975885702569238388e-16
-4.998352497942734772e+04 5.739026081649121858e-14
-4.998318244270914147e+04 2.435842839460703578e-13
-4.998285709915210464e+04 1.010164812314417830e-10
-4.998252834970931144e+04 7.698387072342079218e-14
-4.998242928551488149e+04 8.438720160409571808e-15
-4.998228529304781841e+04 1.718958814271794025e-14
-4.998198296607991506e+04 1.278489148050317483e-14
-4.998138893375753833e+04 7.535411428139180023e-12
-4.998108203173892252e+04 4.104350280440157143e-16
-4.998084885337718151e+04 3.945644013368539271e-13
-4.998073034957432537e+04 1.719783230157862760e-13
-4.998061042266360892e+04 2.972401132773896287e-12
-4.998032053205533884e+04 2.621660449480099028e-12
-4.997993329953190550e+04 3.893264509443842380e-12
-4.997956917448635068e+04 2.603123004102558856e-14
-4.997946398755737027e+04 1.645800022227355745e-14
-4.997925300543598132e+04 3.324487377451240091e-12
-4.997903176625767082e+04 3.911784881856960962e-15
-4.997861455391989148e+04 1.501691287503978799e-11
-4.997845813920493674e+04 9.899131909102808746e-13
-4.997840926889685943e+04 7.417802997204980664e-14
-4.997815949061386345e+04 2.959019521918956490e-14
-4.997779718301862886e+04 6.593381369559974110e-13
-4.997723347660604486e+04 6.509700558779592853e-18
-4.997711740763203852e+04 1.474603601711290654e-09
-4.997703965745418100e+04 6.160483126021090656e-13
-4.997649404099152889e+04 1.146353802685684631e-12
-4.997646498157314636e+04 2.544378896643250466e-12
-4.997566106690625747e+04 8.078032152436479037e-10
-4.997552187924640748e+04 1.998708830236708664e-15
-4.997536808024388301e+04 1.130444817810655283e-14
-4.997498202491238044e+04 3.186629357093506884e-12
-4.997460177676870808e+04 2.546423141123863887e-13
-4.997439782832449418e+04 1.355615779453707318e-10
-4.997418660726864618e+04 3.750928494123658739e-13
-4.997405982550327462e+04 1.272907524495425891e-16
-4.997352495183283463e+04 1.819163509295804768e-11
-4.997344149157276843e+04 2.138655342786117729e-12
-4.997284746567927505e+04 5.590093501041143706e-11
-4.997280024334095651e+04 6.467635538206177169e-15
-4.997256698016602604e+04 1.459367762344329438e-15
-4.997234142057967983e+04 1.842047116529187637e-12
-4.997203490413875988e+04 6.051345194887613975e-13
-4.997196161397607648e+04 8.904150954335288412e-15
-4.997138883843624353e+04 1.458583726472173300e-08
-4.997105406855595356e+04 6.962419445572804980e-14
-4.997079918791251112e+04 3.258399990868798485e-13
-4.997071408584334131e+04 1.628246736483853318e-11
-4.997064918226169539e+04 2.289229378878067749e-13
-4.997020777638238360e+04 3.761458572196970453e-11
-4.996993329940096737e+04 4.936149067641229501e-09
-4.996931566314674274e+04 4.310450262130533064e-15
-4.996926304118180997e+04 9.402633853958028737e-16
-4.996925272441066045e+04 4.096125373628508848e-11
-4.996859962291012198e+04 5.862535497623977576e-11
-4.996858272086501529e+04 2.917133486936764358e-09
-4.996814617841350992e+04 9.936500429247190522e-13
-4.996786769422100770e+04 1.805482897546420901e-12
-4.996779718146952655e+04 5.800512227288930450e-11
-4.996778619043823710e+04 2.316168471569077107e-12
-4.996748665075074678e+04 1.038206924925623713e-13
-4.996711660209695401e+04 3.147618936605049934e-10
-4.996710537857466988e+04 4.986381486551145195e-15
-4.996646392024730449e+04 3.294598124474166298e-11
-4.996639193670215900e+04 8.107630907755903081e-12
-4.996609648845432821e+04 7.436647655649738176e-12
-4.996606294920770597e+04 1.642186051081256968e-12
-4.996568007570417831e+04 4.492895716668869718e-14
-4.996566105771539151e+04 6.479894793028098948e-08
-4.996501463717479783e+04 9.044550105223069940e-14
-4.996498044821388612e+04 1.684065809501486684e-10
-4.996439496401578072e+04 6.211705962977491872e-11
-4.996432728314655105e+04 6.272972917470850900e-10
-4.996414721725994605e+04 2.518951379298580844e-11
-4.996403797058641067e+04 4.998128538831573775e-13
-4.996352491345079761e+04 3.476307547931724015e-10
-4.996331289617195580e+04 5.759004665952792900e-13
-4.996327624690998346e+04 4.216702873805739552e-13
-4.996284442082830356e+04 5.069907965535453132e-08
-4.996284280387933541e+04 9.122250738672851983e-09
-4.996220094846594293e+04 1.065959718552001631e-11
-4.996211305461048323e+04 2.627956669601136476e-12
-4.996194382259623671e+04 1.473007796690680786e-14
-4.996174360244147829e+04 2.722020797666560504e-14
-4.996138870325426979e+04 7.271272689744548559e-08
-4.996115874626390723e+04 2.971939471492735958e-14
-4.996070767212512874e+04 6.982629593263507044e-10
-4.996042484428861644e+04 1.337137911767395759e-13
-4.996014597185455204e+04 5.151014272849564458e-15
-4.996008299611601979e+04 1.077261061818982965e-10
-4.995993329781023931e+04 1.211033927460235190e-08
-4.995950978035296430e+04 1.874528203111430445e-13
-4.995942329542070365e+04 4.634980080407692396e-13
-4.995925229581064923e+04 1.501685123334170235e-09
-4.995857069008304825e+04 1.746699032991935972e-08
-4.995847313664303510e+04 5.930071756472282170e-12
-4.995817004472784174e+04 1.047442166540703394e-13
-4.995813795620018936e+04 1.172834512350454834e-13
-4.995796900195366470e+04 1.894585260381899028e-12
-4.995779715846473846e+04 2.122139000529185040e-09
-4.995779054652956984e+04 9.474221673655648692e-13
-4.995711537242314807e+04 1.080168119767306523e-06
-4.995685529260892508e+04 1.435495710500898271e-13
-4.995645826052527264e+04 2.334011817742288135e-13
-4.995643251027060614e+04 1.998118403681123380e-10
-4.995617495645910094e+04 1.079102905350474105e-13
-4.995601329127950157e+04 1.420590048772427657e-13
-4.995585984839795128e+04 3.732059458325912541e-11
-4.995566089290761010e+04 2.282567845295606983e-06
-4.995535178017060389e+04 6.897976093126104500e-14
-4.995497729049833288e+04 1.112712057973653143e-08
-4.995476207037958375e+04 1.091998966010619546e-12
-4.995467538007716939e+04 1.638870540717443363e-12
-4.995429281131008611e+04 1.708071162994895165e-09
-4.995405917341895110e+04 3.166732255160763548e-12
-4.995381238948579994e+04 8.639268689304678180e-14
-4.995373910375304695e+04 2.795586822252180919e-13
-4.995352417229198181e+04 1.335582399066942661e-08
-4.995319027593558712e+04 1.814778296862828161e-13
-4.995283693700662116e+04 4.758613069924375878e-07
-4.995255498338966572e+04 4.851858480940867519e-12
-4.995240385682994383e+04 9.666521912134915954e-15
-4.995217061676925368e+04 9.789894593895196882e-12
-4.995213542300924018e+04 1.358419283129294222e-11
-4.995165491022960487e+04 6.376584338742190573e-12
-4.995138630926243059e+04 1.602303601512278128e-05
-4.995107763699462521e+04 1.036135608143968023e-13
-4.995094161584208632e+04 1.429168512783165681e-13
-4.995069260859124915e+04 4.142315136251495896e-09
-4.995059253851723042e+04 2.834837331054202895e-12
-4.995008423749046051e+04 8.069386841948258663e-12
-4.994999777933873702e+04 6.990337591597948224e-10
-4.994993322216096567e+04 3.235388073357470998e-06
-4.994956736646266654e+04 6.362976366317832463e-14
-4.994938456839528226e+04 6.617936576540484559e-13
-4.994924613029989268e+04 1.544933855938347611e-07
-4.994903426555359329e+04 2.120508020357231152e-13
-4.994854202289040404e+04 3.396904045480376385e-08
-4.994823071064351097e+04 9.739731778945938925e-15
-4.994784519713048940e+04 1.377757770654681611e-12
-4.994779666658036149e+04 1.717510800505048287e-07
-4.994776502005846851e+04 2.576700824764289460e-13
-4.994751914361193485e+04 3.463681156340895215e-11
-4.994710176405151287e+04 1.400237644261420462e-05
-4.994703950847232045e+04 4.617011044328846786e-11
-4.994638233638475504e+04 4.399884707102679448e-10
-4.994613848176662577e+04 1.058268404260549425e-13
-4.994567849844548618e+04 9.321367510896118581e-09
-4.994565910016971611e+04 1.435443550663077967e-04
-4.994561792011959187e+04 5.362669380358705352e-11
-4.994548816153969528e+04 1.466408615898885557e-12
-4.994528767265869828e+04 3.560233180155282688e-13
-4.994495045728477999e+04 8.447061640423421774e-08
-4.994444449472985434e+04 7.789119258678331677e-12
-4.994421070718875853e+04 1.963736580400848074e-08
-4.994402088684686896e+04 2.249412203057507963e-11
-4.994390774978957052e+04 6.546724078002943936e-14
-4.994351852702553151e+04 1.673511079382055063e-06
-4.994350422557161073e+04 2.493955218977481663e-09
-4.994321772770683310e+04 2.835836076329768926e-11
-4.994284137767973880e+04 5.563800453680722655e-11
-4.994278856625266781e+04 6.078283161018284379e-07
-4.994251914296938048e+04 5.283789455215595634e-13
-4.994212545181897440e+04 1.262205186621165815e-12
-4.994202265174963395e+04 2.373969045662859654e-11
-4.994165540985220287e+04 1.204662205707296142e-10
-4.994137004653509939e+04 4.507264588988120512e-04
-4.994131677836785821e+04 2.100021468231729856e-07
-4.994125182641485299e+04 1.879680507309137176e-10
-4.994107691738050198e+04 1.617053761159673232e-13
-4.994061921331607300e+04 8.551737524965703766e-11
-4.994061169484150741e+04 5.724969024964447395e-09
-4.994054724421395804e+04 6.188817553138232041e-12
-4.993993096057004004e+04 7.215602163304743301e-06
-4.993981759784902533e+04 2.782522776931972136e-08
-4.993978074032581935e+04 1.919897950586556737e-13
-4.993920657892429153e+04 1.842960985118488057e-06
-4.993912216016637831e+04 1.007912367002851152e-09
-4.993908787253072660e+04 2.106843791755669064e-12
-4.993894148417675024e+04 6.587640402925990784e-14
-4.993841601918981178e+04 2.393212943778971159e-07
-4.993822590480619692e+04 1.449788114193980012e-11
-4.993778195246106043e+04 1.043181445129030511e-05
-4.993759239055838407e+04 5.493821440985938453e-10
-4.993706271809928876e+04 1.721023583589074786e-09
-4.993702019712590118e+04 2.059975794097020001e-05
-4.993694721792955534e+04 2.414091637360757575e-08
-4.993670766735397774e+04 4.963096944597916854e-11
-4.993646074503579439e+04 8.169902728708719739e-17
-4.993619725242754066e+04 6.938155930321877919e-10
-4.993568991332514997e+04 1.183201319095774684e-08
-4.993560665099559264e+04 1.718842716242605095e-02
-4.993534601999718143e+04 3.934566634974376171e-07
-4.993495371236195933e+04 1.678690479813172510e-10
-4.993480375206540339e+04 1.726830155890257983e-07
-4.993473352978001640e+04 2.338501327439678380e-09
-4.993465648736174626e+04 3.284148026292448671e-12
-4.993412903353864385e+04 5.202054191979109535e-12
-4.993395288567399257e+04 5.104062972533581324e-07
-4.993393380358529248e+04 5.254310546760228011e-09
-4.993339711827618885e+04 3.309418727763272449e-05
-4.993321835772019404e+04 3.662891951148098933e-11
-4.993307797212567675e+04 2.531261626053296952e-09
-4.993277221761925466e+04 6.686979544361378507e-11
-4.993255235105542670e+04 1.082535165540408660e-05
-4.993248125108300883e+04 5.878746437960515201e-08
-4.993222766974539991e+04 8.155174518557040753e-11
-4.993170017680439196e+04 3.358080528654711535e-10
-4.993168094160368491e+04 1.634937946776912901e-08
-4.993143795923619473e+04 1.040302474602237656e-11
-4.993114485039471765e+04 1.233386415668412286e-04
-4.993100477944303566e+04 3.044945092178610060e-11
-4.993078472615942883e+04 5.239780227910894740e-07
-4.993026604958487587e+04 8.352929176467820805e-07
-4.993026142402056576e+04 1.953503300290246979e-06
-4.992990507733821869e+04 6.577708240200952655e-08
-4.992989715426683688e+04 9.811807173503321877e-01
-4.992949310678605252e+04 1.163098808921107325e-07
-4.992937967800212937e+04 8.991116725782811528e-06
-4.992909653774157778e+04 4.943037578939751683e-11
-4.992884417699716869e+04 1.202564824640342739e-06
-4.992879227162525058e+04 2.351811915544668985e-10
-4.992847477573230572e+04 5.394262687324765066e-10
-4.992807641926958604e+04 6.927719963327055220e-09
-4.992793526625813683e+04 1.420486208741622728e-05
-4.992769810085833888e+04 5.786792341647224638e-04
-4.992756790030567208e+04 2.173831904813437619e-10
-4.992715934300009394e+04 1.428121387100888926e-09
-4.992705187347445462e+04 4.358108282361512459e-08
-4.992685456764564879e+04 2.009847230212489370e-09
-4.992649298876966350e+04 9.845297613252795583e-05
-4.992627653799640393e+04 1.192418630745105685e-09
-4.992613961703523091e+04 5.552895704144308044e-09
-4.992590522159991815e+04 1.733832026228147339e-10
-4.992556939717576461e+04 6.341492684617216191e-08
-4.992537352536027174e+04 1.277814568794806145e-06
-4.992503350048648281e+04 3.504519032658664169e-11
-4.992469760378671344e+04 4.293678907333878917e-09
-4.992454946049870341e+04 3.164729399950947264e-11
-4.992419158367059572e+04 3.552187922213684462e-13
-4.992409226202196442e+04 3.709598256066934182e-07
-4.992379144807555713e+04 2.297807919974765873e-11
-4.992360727258281986e+04 7.631208360629442974e-10
-4.992339071069462807e+04 4.246654393370241579e-11
-4.992316660204415530e+04 1.147827582094694993e-07
-4.992294788877348037e+04 3.933031045745732505e-07
-4.992252493228349340e+04 2.212895200480104228e-13
-4.992231499703200825e+04 2.325860662904374115e-12
-4.992191857425658964e+04 2.491647250999357250e-10
-4.992164535097082262e+04 7.999176485670915461e-07
-4.992151235720369732e+04 2.456895503267071707e-14
-4.992142009622312617e+04 1.192969625303957392e-09
-4.992126620301740331e+04 5.453264536652811879e-12
-4.992088706099493720e+04 1.118505408419130797e-09
-4.992072906197691191e+04 2.532341242668267301e-08
-4.992044197792636987e+04 7.863353689269537235e-05
-4.991991515961573896e+04 1.101966105356904816e-07
-4.991989037571821245e+04 3.528924122857753838e-08
-4.991916431272249611e+04 2.638726272087726707e-10
-4.991915467123273265e+04 7.265355516545837197e-12
-4.991906780804306618e+04 9.629686246835287950e-13
-4.991903875411491754e+04 1.644186885480777874e-11
-4.991883692603109375e+04 3.009647324951348358e-10
-4.991857304988698161e+04 3.343439650481857990e-13
-4.991825904648733558e+04 9.001516468135648083e-08
-4.991787292732072819e+04 1.705269044575831840e-07
-4.991747888723055075e+04 1.271308830062410763e-09
-4.991697938562021591e+04 3.609413271774977018e-12
-4.991683409992509405e+04 8.302384203275346613e-11
-4.991668449772108579e+04 2.947020929300006420e-08
-4.991660785133964237e+04 1.078290869593495821e-07
-4.991651872227152489e+04 8.950212502432689711e-11
-4.991631823206834088e+04 1.232097471627533880e-11
-4.991575970601155859e+04 3.246681220108669981e-10
-4.991525724804673519e+04 2.981837495706453500e-08
-4.991506628956348140e+04 1.072635575882628975e-09
-4.991486775155251235e+04 3.441074756712778994e-11
-4.991429788994354749e+04 3.296322356627429044e-11
-4.991414385340167792e+04 1.811561831896799314e-11
-4.991405251283423422e+04 7.928337638430186121e-10
-4.991323558486343973e+04 6.593141221007415098e-10
-4.991282725255045079e+04 1.950071288804300425e-13
-4.991260818878746795e+04 2.649122347441866638e-11
-4.991248755855719355e+04 1.105954449324524364e-11
-4.991229625967212633e+04 5.697399600364530689e-12
-4.991191282032344316e+04 3.111056373207944264e-11
-4.991172750585923495e+04 2.300119267280062610e-11
-4.991146731960411853e+04 1.764417021892529017e-09
-4.991143918622265483e+04 4.123539150144858917e-10
-4.991080223306179687e+04 4.352186924941450919e-13
-4.991068988806633570e+04 5.504336973765057131e-12
-4.991014419165506843e+04 1.090075683663353635e-10
-4.991006815692310192e+04 3.163827352165880416e-09
-4.990986510047320917e+04 2.714820469604533225e-08
-4.990952751532563707e+04 4.515981609614094505e-12
-4.990943772096603789e+04 3.097902933615461128e-13
-4.990936140599287319e+04 9.376464351860925653e-12
-4.990898957830760628e+04 1.007095290284934083e-12
-4.990884077601765603e+04 1.057642117917175673e-12
-4.990853409736263711e+04 2.789620999812251159e-13
-4.990812148486113438e+04 3.300459222526999274e-10
-4.990755779818773590e+04 4.114938495860765774e-12
-4.990735191211190249e+04 1.016033745845115007e-12
-4.990715100860477833e+04 1.090839886493686673e-10
-4.990701890580225881e+04 1.772508014647470075e-12
-4.990621020144111390e+04 1.241646335440900613e-10
-4.990610791441886977e+04 1.403804086700854018e-11
-4.990607212809142948e+04 3.999543210087526912e-12
-4.990555085024367145e+04 1.848427688983069315e-12
-4.990521887995165162e+04 5.542077045831086794e-14
-4.990502978274229099e+04 3.899903652320552679e-12
-4.990492596429556579e+04 1.498201515885503312e-12
-4.990440342884890561e+04 8.525145560677250553e-11
-4.990380183590391243e+04 5.056448941854039026e-14
-4.990371233154689253e+04 1.003026692279492625e-16
-4.990352268743195600e+04 1.271160571311879667e-12
-4.990298793938498420e+04 3.061004401577722314e-12
-4.990286319481877581e+04 7.449295072711343271e-13
-4.990276807416160591e+04 1.035968801789892619e-12
-4.990246029445975728e+04 2.517821422026619578e-14
-4.990173653517341154e+04 5.996817541148644525e-15
-4.990164209857310198e+04 2.561361814006794243e-14
-4.990084664076691115e+04 5.485791389369590739e-12
-4.990053463510735310e+04 2.790979294233765700e-18
-4.990023816461108072e+04 6.400190142050894335e-15
-4.989995733477632893e+04 1.681302331465850428e-14
-4.989929979200315574e+04 1.969421112370782028e-16
-4.989887968489996274e+04 1.396218482681900061e-11
-4.989866411107894237e+04 1.140143246666208368e-12
-4.989856379269441095e+04 1.059101517536917613e-13
-4.989814907493552892e+04 1.022718685167452235e-14
-4.989810634527824004e+04 8.558848876773221772e-14
-4.989775504868448479e+04 2.336518655541768359e-13
-4.989748199617357022e+04 6.467140191502773386e-13
-4.989740615258180333e+04 5.382267672258395389e-15
-4.989630825916356116e+04 3.221596965181665873e-15
-4.989609364953511249e+04 1.866753812218611654e-15
-4.989606514160067309e+04 7.834651136008816199e-14
-4.989561380750017270e+04 7.306869962840364838e-16
-4.989548344795044977e+04 2.700472676738972030e-14
-4.989540687482055364e+04 7.902415938747955580e-14
-4.989535594466602197e+04 1.896400490914300952e-15
-4.989484204686492740e+04 8.842196728960868817e-15
-4.989463978056108317e+04 1.021527402673333024e-14
-4.989331319394792808e+04 1.207021148125617616e-13
-4.989296557013085840e+04 5.295583520007758560e-16
-4.989270465473568765e+04 4.622091592366898302e-16
-4.989266768399756984e+04 1.320067655107362785e-15
-4.989246784755941189e+04 2.582929156556772367e-14
-4.989204038029220828e+04 3.699497602395169261e-16
-4.989199134293250972e+04 1.070087372432217047e-14
-4.989145775319692621e+04 4.697874359880768242e-17
-4.989054392764339718e+04 1.455161758396312480e-16
-4.989036743706014386e+04 3.853222879938697223e-16
-4.989013352143709199e+04 3.290840407104864277e-15
-4.988984922796598403e+04 3.291846071666657055e-16
-4.988976883681011532e+04 7.216840408067793154e-15
-4.988936280934068054e+04 1.341190096306831939e-17
-4.988902398423166596e+04 2.683108198857307054e-19
-4.988827255624534155e+04 1.682882759581616627e-17
-4.988775433888796397e+04 6.252046027589903935e-15
-4.988761350129435596e+04 1.587592170584127231e-18
-4.988705214434654044e+04 1.732824671622590907e-16
-4.988681888789062214e+04 2.858853232650948643e-15
-4.988556573038128408e+04 2.780211122833213455e-18
-4.988537927163414133e+04 6.368483686014469201e-18
-4.988502286621439998e+04 2.391024312176291161e-17
-4.988474802015924070e+04 3.305300351539813221e-17
-4.988431164035663096e+04 2.403504932241004152e-17
-4.988428602906439482e+04 1.991517508902094560e-17
-4.988420222070545424e+04 7.137117486112848207e-18
-4.988405181462892506e+04 3.438988928688692188e-17
-4.988277916740546789e+04 1.690815671211946105e-20
-4.988228844050692715e+04 7.075138588805741277e-18
-4.988208057419375109e+04 5.838702756210269912e-18
-4.988205438742999831e+04 1.200347150518798704e-16
-4.988166089517407818e+04 1.491367829169644374e-22
-4.988161035670503770e+04 1.440760870018049781e-19
-4.988148706816318736e+04 6.361367248076471602e-19
-4.988099922342287027e+04 9.195233936374622678e-17
-4.987938342954632390e+04 1.014172014736413167e-19
-4.987924658858581097e+04 3.378618463113100428e-20
-4.987887732024559227e+04 2.029995390514230413e-17
-4.987824094762999448e+04 7.939994573637756274e-19
-4.987819476217437477e+04 1.260030222907028369e-18
-4.987804978667776595e+04 1.494545437023345843e-20
-4.987703088429103082e+04 5.106444387154496446e-19
-4.987674152472394780e+04 1.782399424766382655e-19
-4.987610000116236915e+04 1.660655590689308246e-19
-4.987570906990463845e+04 3.981788945874545230e-18
-4.987550470448194392e+04 6.196751231075964510e-20
-4.987538995166207314e+04 7.766314528846465088e-21
-4.987456386195724917e+04 5.894520614335879381e-20
-4.987449008453247370e+04 3.627763397962223423e-20
-4.987393452567296481e+04 1.109529286160931219e-21
-4.987317825558671029e+04 6.268415633570714158e-21
-4.987288079143295909e+04 5.361430853917798670e-20
-4.987183225179565488e+04 5.261691500282264155e-23
-4.987158594219011866e+04 2.143619141090499009e-20
-4.987095612035840895e+04 2.201980397566705352e-21
-4.987036175139951956e+04 2.768331572354530577e-22
-4.986993644169205072e+04 2.593456803386675729e-19
-4.986954313848723541e+04 5.550346691435607352e-22
-4.986941595405597036e+04 9.678465761553414769e-22
-4.986886657119073061e+04 6.809121729719898259e-22
-4.986820421666180482e+04 7.806576055811752062e-22
-4.986763382326527062e+04 3.802853120177768468e-21
-4.986737309368060960e+04 3.183353177456435050e-20
-4.986704970338154089e+04 1.055321082058124259e-21
-4.986677418240194675e+04 1.014683328156537782e-24
-4.986663502407523629e+04 6.526791740113281226e-24
-4.986485065077135368e+04 1.669015094422489244e-21
-4.986472892254285398e+04 5.243006182974724532e-22
-4.986452218257359345e+04 3.997244149934575553e-22
-4.986396660483120650e+04 5.989480285223685876e-22
-4.986303112396434153e+04 2.832648210929475873e-23
-4.986205923301730945e+04 0.000000000000000000e+00
-4.986192371064279723e+04 3.213976416252919487e-23
-4.986117419873937615e+04 1.712987914446430475e-23
-4.986081520132501464e+04 1.686505321643929032e-23
-4.986019279831982567e+04 3.520865724892548735e-24
-4.985989453326411603e+04 1.257154359064518337e-23
-4.985921297632167261e+04 3.950426351931186835e-24
-4.985832265956873016e+04 2.813507212354583519e-22
-4.985778375496336957e+04 3.294237170281612998e-24
-4.985712786776147550e+04 0.000000000000000000e+00
-4.985635690643265843e+04 7.633691350228053890e-23
-4.985580801271742530e+04 2.518302403439917245e-24
-4.985540116218069306e+04 3.021565113686729999e-24
-4.985372545660063042e+04 0.000000000000000000e+00
-4.985347870168509689e+04 0.000000000000000000e+00
-4.985324921256070229e+04 0.000000000000000000e+00
-4.985288419044139300e+04 0.000000000000000000e+00
-4.985278816466876742e+04 0.000000000000000000e+00
-4.985190384514917969e+04 0.000000000000000000e+00
-4.985069746580746869e+04 0.000000000000000000e+00
-4.985030968564892828e+04 0.000000000000000000e+00
-4.984988262201785255e+04 0.000000000000000000e+00
-4.984897313595675223e+04 0.000000000000000000e+00
-4.984868906288739527e+04 0.000000000000000000e+00
-4.984773175422041822e+04 0.000000000000000000e+00
-4.984592095063751185e+04 0.000000000000000000e+00
-4.984569796764310013e+04 0.000000000000000000e+00
-4.984544003031315515e+04 0.000000000000000000e+00
-4.984478289955935907e+04 0.000000000000000000e+00
-4.984293122360385314e+04 0.000000000000000000e+00
-4.984247152594734507e+04 0.000000000000000000e+00
-4.984197019275597995e+04 0.000000000000000000e+00
-4.984106386296305573e+04 0.000000000000000000e+00
-4.983896872414296377e+04 0.000000000000000000e+00
-4.983810366544189310e+04 0.000000000000000000e+00
-4.983761901532379852e+04 0.000000000000000000e+00
-4.983638569422852743e+04 0.000000000000000000e+00
-4.983559490710825048e+04 0.000000000000000000e+00
-4.983471046321486210e+04 0.000000000000000000e+00
-4.983455602015885961e+04 0.000000000000000000e+00
-4.983330303570249816e+04 0.000000000000000000e+00
-4.983267727682385885e+04 0.000000000000000000e+00
-4.983250752611920325e+04 0.000000000000000000e+00
-4.983145309974388510e+04 0.000000000000000000e+00
-4.982962754344126006e+04 0.000000000000000000e+00
-4.982889612753508118e+04 0.000000000000000000e+00
-4.982711592830047448e+04 0.000000000000000000e+00
-4.982576344384816184e+04 0.000000000000000000e+00
-4.982512034793355269e+04 0.000000000000000000e+00
-4.982395543539805658e+04 0.000000000000000000e+00
-4.982196115698580252e+04 0.000000000000000000e+00
-4.982069336316962290e+04 0.000000000000000000e+00
-4.981764140723347373e+04 0.000000000000000000e+00
-4.981719633281249116e+04 0.000000000000000000e+00
-4.981516638530092314e+04 0.000000000000000000e+00
-4.981421765496723674e+04 0.000000000000000000e+00
-4.981406946043536300e+04 0.000000000000000000e+00
-4.981190140832540055e+04 0.000000000000000000e+00
-4.981090410743257235e+04 0.000000000000000000e+00
-4.980809938229147519e+04 0.000000000000000000e+00
-4.980734549832093762e+04 0.000000000000000000e+00
-4.980479145743019762e+04 0.000000000000000000e+00
-4.980400748013072734e+04 0.000000000000000000e+00
-4.979319669890889782e+04 0.000000000000000000e+00
-4.979272513854037243e+04 0.000000000000000000e+00
-4.978977214419399388e+04 0.000000000000000000e+00
-4.978930233950659749e+04 0.000000000000000000e+00
4.994995125078407727e+04 0.000000000000000000e+00
4.995182778323633829e+04 0.000000000000000000e+00
4.995184085067994602e+04 0.000000000000000000e+00
4.995184434877565218e+04 0.000000000000000000e+00
4.995293698868562933e+04 0.000000000000000000e+00
4.995295270391557278e+04 0.000000000000000000e+00
4.995353749613438413e+04 0.000000000000000000e+00
4.995502788722472178e+04 0.000000000000000000e+00
4.995630009403337317e+04 0.000000000000000000e+00
4.995678582508937689e+04 0.000000000000000000e+00
4.995680438004933967e+04 0.000000000000000000e+00
4.995735841073110350e+04 3.123355556149912594e-24
4.995766951482731383e+04 0.000000000000000000e+00
4.995770560458490218e+04 0.000000000000000000e+00
4.995820543797175196e+04 0.000000000000000000e+00
4.995874568235648621e+04 4.175968947365741762e-24
4.995919319794947660e+04 0.000000000000000000e+00
4.995958047983256256e+04 0.000000000000000000e+00
4.995999738821594656e+04 0.000000000000000000e+00
4.996006974286413606e+04 0.000000000000000000e+00
4.996041889576314861e+04 0.000000000000000000e+00
4.996105386421532603e+04 0.000000000000000000e+00
4.996155052159797924e+04 0.000000000000000000e+00
4.996217945098789642e+04 0.000000000000000000e+00
4.996234025637551531e+04 0.000000000000000000e+00
4.996288276918856718e+04 0.000000000000000000e+00
4.996380290075726225e+04 0.000000000000000000e+00
4.996428544864142896e+04 0.000000000000000000e+00
4.996442541020108183e+04 0.000000000000000000e+00
4.996549312097382790e+04 0.000000000000000000e+00
4.996612989637387363e+04 1.076825088164093758e-24
4.996632458410928666e+04 8.726895977591236178e-24
4.996744225121596537e+04 0.000000000000000000e+00
4.996814793142391136e+04 2.214332573609671231e-24
4.996828992472537357e+04 0.000000000000000000e+00
4.996961448113435472e+04 0.000000000000000000e+00
4.997002298290068575e+04 0.000000000000000000e+00
4.997007373023640685e+04 0.000000000000000000e+00
4.997057757622450299e+04 6.652330626526319481e-24
4.997175347307908669e+04 2.560782999374459032e-24
4.997222100341381883e+04 1.150312966701571729e-24
4.997241364135153708e+04 0.000000000000000000e+00
4.997279036427993560e+04 5.516653857934608556e-23
4.997397750483566051e+04 5.151803111538368340e-22
4.997435989990372764e+04 0.000000000000000000e+00
4.997464972591644619e+04 0.000000000000000000e+00
4.997554359604116325e+04 2.195621162139429584e-23
4.997578375276824954e+04 1.222446451729105008e-23
4.997648585643442493e+04 1.655059578120524221e-22
4.997722711266131955e+04 8.634215482480257059e-22
4.997778787669997109e+04 3.034164521706970815e-23
4.997856970218758943e+04 5.740670373463860590e-24
4.997875933774125588e+04 9.334749816196038344e-23
4.997896078890110948e+04 1.153454997322818330e-22
4.998007458151644096e+04 0.000000000000000000e+00
4.998014282719323819e+04 7.093960703024746014e-23
4.998070222289007506e+04 4.764998246905127244e-21
4.998088448823719955e+04 1.226705616358272572e-22
4.998193006319948472e+04 1.193594825778223886e-22
4.998206216511933599e+04 8.012838560867000577e-23
4.998222606265137438e+04 4.482615561651088415e-22
4.998275967966239114e+04 0.000000000000000000e+00
4.998306184336950537e+04 6.210665177232080121e-23
4.998336335197102017e+04 3.299202267160038814e-24
4.998423853609451908e+04 3.367590454765623033e-22
4.998437593956079218e+04 1.329680211857714510e-23
4.998479458761647402e+04 1.206521222015890955e-21
4.998509805691664951e+04 7.811433799457254741e-23
4.998556882214723737e+04 3.807325626594377175e-23
4.998582025457985583e+04 2.199824986164501505e-22
4.998614650956339028e+04 3.053943215137831600e-24
4.998640641259191034e+04 1.129139444042820765e-22
4.998652397178365209e+04 9.334156413926888796e-21
4.998675360753611312e+04 3.188546916105419058e-23
4.998678126700097346e+04 4.384620637326125467e-22
4.998704302979409840e+04 6.351784564434140566e-22
4.998732790425927669e+04 2.577012721833339855e-22
4.998785196398940752e+04 6.356850840583193648e-22
4.998838832538047427e+04 9.689998822352823013e-21
4.998866027988550923e+04 1.853778934901506862e-21
4.998869137492364098e+04 2.037073594393418867e-20
4.998897928606003552e+04 1.622534547251064840e-20
4.998951081789592718e+04 4.903377439072577776e-21
4.999007467068815458e+04 1.624126335165118322e-24
4.999038392712014320e+04 1.339812496357069817e-22
4.999056373038305901e+04 4.277563218268626657e-22
4.999079481827933341e+04 6.290315289935232430e-21
4.999108480242245423e+04 8.708064536436903304e-22
4.999134920025139581e+04 6.890676888416352595e-22
4.999196499752988893e+04 3.568890903241514923e-21
4.999222662406603195e+04 1.423927928559987083e-21
4.999239507867227076e+04 1.709944921370702164e-20
4.999265906547474151e+04 4.307756613311924308e-21
4.999292540282614937e+04 2.182843990595596509e-21
4.999351487537359935e+04 1.066125207484936888e-21
4.999403650083234970e+04 7.299171655135922945e-22
4.999436251460100902e+04 1.272284707696458265e-21
4.999437861952085223e+04 5.830317183037115276e-22
4.999495031650224701e+04 1.990914477589851803e-19
4.999506845157084172e+04 4.802222393290305549e-19
4.999595447397332464e+04 6.343019264488684123e-20
4.999652943120938289e+04 2.742095542825974925e-19
4.999658296454059018e+04 6.870425199927362128e-22
4.999689973705996090e+04 2.369339381034041426e-21
4.999712138168793172e+04 2.437194739402640751e-22
4.999757492807375820e+04 6.768569556130512673e-21
4.999787472056256229e+04 7.322925905927831324e-24
4.999808783867719467e+04 3.503460166338920288e-21
4.999867928491354542e+04 6.959789862717720194e-21
4.999915480200183811e+04 1.251057921682319172e-19
4.999947104580873565e+04 5.000207675100135570e-21
4.999951166798463237e+04 3.663261459339239755e-22
5.000007468028106814e+04 7.043115037115278491e-22
5.000055631984677893e+04 6.712010903778531314e-21
5.000082709774873365e+04 4.549548846060602412e-18
5.000091994314336625e+04 2.230850949642220468e-21
5.000116622316227586e+04 1.901710338800126587e-20
5.000186230768908717e+04 5.063858157393966308e-23
5.000221103428179777e+04 8.113795509519219549e-22
5.000222670417668996e+04 1.235425480716459899e-18
5.000284227668351377e+04 5.871057199936731044e-19
5.000297082266701182e+04 1.432646242045640052e-20
5.000332055572502577e+04 1.557770905220322455e-18
5.000362758496123570e+04 6.970460331935163496e-20
5.000437868798333511e+04 1.457069195188637041e-20
5.000484087059935700e+04 2.148688579578487909e-20
5.000499655094845366e+04 1.780200942283128143e-19
5.000510722867961886e+04 1.543515177973395329e-20
5.000511029336450156e+04 3.706247568167626939e-22
5.000596125410884997e+04 2.140925314706347076e-20
5.000627275451571040e+04 5.473124510927995377e-24
5.000653055825390766e+04 1.268219959027698128e-17
5.000665654650381475e+04 6.111739463254529697e-21
5.000692064888073946e+04 1.468034057455729419e-21
5.000724035738614475e+04 1.498313961995266575e-19
5.000752425126355956e+04 2.316737736824821597e-21
5.000798096590740170e+04 4.128958499786391374e-21
5.000825842586642830e+04 3.578759646803285803e-21
5.000868215552984475e+04 1.206558134339956276e-19
5.000907653248642600e+04 2.032879148825310205e-20
5.000933190921362257e+04 2.807331690163135786e-18
5.000936220862303890e+04 3.574288860907107782e-17
5.001004592407828750e+04 2.953790173206298749e-20
5.001007468127718312e+04 2.072924144671298422e-21
5.001054195659751713e+04 1.835835428783846846e-20
5.001083300245583087e+04 2.357196844620049496e-17
5.001085643614875880e+04 1.291052599097993522e-18
5.001122986394309555e+04 3.113710861477265983e-19
5.001146887403555593e+04 1.949115426445964767e-19
5.001158207465431769e+04 6.392465497422469472e-20
5.001222671344954142e+04 1.196948505805354681e-18
5.001242786884109228e+04 1.727921394883283563e-20
5.001247031982176850e+04 2.375357047417924530e-20
5.001298274153045350e+04 8.524072876195269403e-19
5.001306864465298713e+04 2.664057374842715587e-20
5.001339479787349410e+04 1.263670713934895570e-21
5.001356627754546207e+04 4.342738938407909830e-20
5.001385909670722322e+04 4.279054008795949643e-19
5.001399180693833478e+04 6.935401142674266019e-21
5.001437874007476057e+04 8.075610307796125529e-19
5.001446414118022949e+04 1.130942989766039720e-19
5.001513017120816949e+04 4.423617567674528009e-16
5.001515022077928006e+04 1.974031183125463121e-17
5.001558166916954360e+04 5.432952772788651003e-20
5.001563791249979840e+04 1.531615127999874735e-19
5.001631936345306895e+04 2.533636289856101518e-20
5.001649007585908112e+04 4.547888715768204535e-19
5.001653075125887699e+04 5.843959121032795202e-16
5.001710250912513584e+04 1.393175622104669817e-20
5.001727762394025922e+04 2.399879210351174473e-18
5.001766759088852268e+04 2.790086369404209578e-17
5.001781244075029099e+04 1.648773307695557270e-19
5.001797926053120318e+04 1.894438277162863791e-19
5.001829815301408962e+04 3.028324084124728142e-19
5.001868270080783986e+04 3.738993606702413030e-18
5.001918809566910932e+04 7.715198646196514060e-19
5.001934849565568584e+04 5.250231547598013779e-22
5.001941941512215999e+04 1.041371971365737482e-17
5.001961665670056391e+04 3.998526236452325584e-19
5.001991132060984091e+04 2.372978734496473952e-19
5.002007468138387048e+04 1.930935190504524599e-18
5.002063962282264401e+04 1.655392885469929279e-19
5.002077802963132854e+04 1.970894020284352497e-20
5.002083452105969627e+04 3.640416763426926048e-15
5.002122760344148264e+04 9.273815174534914356e-19
5.002155085635650175e+04 2.019042124395079124e-18
5.002177781319065252e+04 8.711557514784569807e-18
5.002184308755048551e+04 1.940304025850142137e-18
5.002210146653212723e+04 6.565359928914568024e-21
5.002222671466443717e+04 3.291729658045620781e-15
5.002298604568969313e+04 2.660576311863843568e-17
5.002305925162405038e+04 1.642476710255250409e-18
5.002321531197463628e+04 2.309658508742376623e-22
5.002368379395177180e+04 5.806853005089811746e-16
5.002376732424471993e+04 2.314134875970352854e-21
5.002437874744443980e+04 9.827513202831718066e-18
5.002474665059666586e+04 3.232434952157428916e-18
5.002493203940808598e+04 1.202880954004017442e-19
5.002513719195112208e+04 1.311449225070902209e-15
5.002563629047400173e+04 1.481804239470551118e-18
5.002579431073336309e+04 9.587766083036996842e-18
5.002611475502666872e+04 4.371824682596624226e-20
5.002619354295862286e+04 1.003545170818325051e-21
5.002653077884116647e+04 1.260097832457842110e-14
5.002689000757687609e+04 5.583558455295373719e-20
5.002728755603978061e+04 1.343195552990852263e-17
5.002745503487608948e+04 5.711988277074244058e-19
5.002769548751295952e+04 1.055025897264479557e-18
5.002787683059475239e+04 1.576332473275019223e-16
5.002828238923350000e+04 6.992626849021989791e-18
5.002833212648708286e+04 9.153585732319546328e-19
5.002868280757588946e+04 2.172339187049490078e-16
5.002920136187741446e+04 8.835838278557560387e-19
5.002943643160175998e+04 9.699976780172634403e-15
5.002944985415578412e+04 2.106948780183645806e-17
5.002964157779293600e+04 4.312944742545399740e-19
5.003001014248841238e+04 3.327852428236812992e-18
5.003007468152095680e+04 1.335776938586651508e-18
5.003083483290035656e+04 4.882972445778572519e-14
5.003095104098838056e+04 9.454860294877142306e-19
5.003101137887852383e+04 6.408781458431793040e-20
5.003158286496507208e+04 1.335322133621841887e-16
5.003171210159137263e+04 1.288322421085227581e-21
5.003208287135713908e+04 2.315027761578212598e-17
5.003222671627347154e+04 1.640866543139625588e-16
5.003244288162833982e+04 8.406968675162450550e-20
5.003252165614012483e+04 8.867236574308403476e-20
5.003277339147885505e+04 3.042808880832163192e-20
5.003298686517562601e+04 5.682961408194445886e-17
5.003318911925199791e+04 4.000066227241872111e-19
5.003372385802520876e+04 3.211162290792823632e-15
5.003390377116685704e+04 6.172383489918562968e-17
5.003415007575324125e+04 2.343936334890877321e-19
5.003420036875131336e+04 4.259100492335524200e-18
5.003437875688315398e+04 1.275936699004798705e-15
5.003458922188921133e+04 6.573396554680737929e-23
5.003513891314150533e+04 1.326278423190174287e-13
5.003528635356493032e+04 2.747141364759227432e-20
5.003585987377348647e+04 3.291608913260902274e-17
5.003591290842566377e+04 6.040898075370351024e-18
5.003615573637620400e+04 1.680690322863735111e-18
5.003623397616646253e+04 2.572263900777640437e-18
5.003653081796068727e+04 9.453782582518638795e-13
5.003700624538934790e+04 1.771909534775717751e-20
5.003708360969363275e+04 2.585600187293730247e-19
5.003729108264030947e+04 1.760082580489050892e-15
5.003749771785499615e+04 2.260539661005821277e-18
5.003801109094583808e+04 1.656336874096557227e-16
5.003816190318051667e+04 1.040792909337602813e-19
5.003841230732194526e+04 4.001584001970897100e-19
5.003860294605726813e+04 5.725997550217989348e-19
5.003868294499070180e+04 1.361100710931693924e-16
5.003916477521290653e+04 8.487771534506190262e-20
5.003944340616295085e+04 7.588680894357575109e-14
5.003989655408337421e+04 1.221422083355015480e-19
5.004007468311947014e+04 4.532999601506004268e-15
5.004014028239494655e+04 3.809213000307005876e-18
5.004014439276034682e+04 1.711416846406988887e-19
5.004082639985733113e+04 2.227055486520500372e-16
5.004083527305452299e+04 1.322235453608530617e-12
5.004097284447049606e+04 1.028574325232790245e-19
5.004159621498152410e+04 6.317499062770235915e-16
5.004187921760474273e+04 1.518773517758387084e-20
5.004213845364293229e+04 2.819178921056585869e-20
5.004221917206304352e+04 5.106676597065125521e-19
5.004222673984797439e+04 7.529794579470994195e-12
5.004226988797578088e+04 6.006459367860749148e-17
5.004256588274741807e+04 2.195846050186433277e-21
5.004298812419156457e+04 1.972207309233078505e-14
5.004350896051305608e+04 2.742758621327680820e-18
5.004375015280988737e+04 1.700430553101663426e-15
5.004383339111418172e+04 6.044509424450130189e-19
5.004417613358559902e+04 1.059378723056744358e-21
5.004431286965647450e+04 3.705022556799066052e-20
5.004437892713794281e+04 5.040038163382543152e-16
5.004439036887919792e+04 2.624424987421469866e-19
5.004495580670506752e+04 2.090627410820758768e-19
5.004514216250722529e+04 1.804009090663721266e-12
5.004560317231099907e+04 4.419472511494862607e-19
5.004569885326478834e+04 2.347223262796571241e-19
5.004590585420603747e+04 2.919145518930037787e-17
5.004626877460035030e+04 1.514986754114682011e-19
5.004647487874149374e+04 3.824454159992668172e-18
5.004653158398198138e+04 6.171203872744591907e-12
5.004655172011085961e+04 5.658132755386585463e-18
5.004717394777057052e+04 7.422770908557624121e-19
5.004729852832586766e+04 1.110525289950740273e-14
5.004785276783321024e+04 1.557521716219132507e-21
5.004793746966248000e+04 2.251704963796243711e-18
5.004806251857687312e+04 6.662099295516118018e-16
5.004818233630992472e+04 1.062382505913323279e-17
5.004862056360433053e+04 3.209123271777121822e-19
5.004868541065274621e+04 1.725619842476647064e-13
5.004931951278630731e+04 3.129568165810599822e-19
5.004940929016983864e+04 6.685710755913586706e-18
5.004945897578689619e+04 1.956543457512998974e-14
5.004975680014488898e+04 3.927065538042188109e-22
5.005007475871731731e+04 4.691361189199149449e-17
5.005023058109455451e+04 2.840626198340794987e-19
5.005025606641994091e+04 1.835997890012223308e-20
5.005071954261315841e+04 4.762620049881054627e-16
5.005084158878765447e+04 4.211476998847417953e-11
5.005101795005125314e+04 2.566252580181856022e-20
5.005133236483600194e+04 3.874335232016223537e-18
5.005162577896194125e+04 3.923081177608010662e-16
5.005213321990601253e+04 4.103221578016103434e-18
5.005222722251879895e+04 2.183639030512631713e-12
5.005240198796125333e+04 1.815424837021134896e-16
5.005261688811759814e+04 1.446736466541152522e-18
5.005278164625259524e+04 4.308591983179350407e-18
5.005300199433822127e+04 1.808220208214769799e-13
5.005332684549370606e+04 1.726818065706675739e-19
5.005380187267647852e+04 1.163907912110723250e-14
5.005426750063053623e+04 2.033970347924081970e-21
5.005438065769030800e+04 1.097094841426230639e-12
5.005458193946992833e+04 2.758823447818710021e-18
5.005478221865052910e+04 5.927678524009577295e-18
5.005485400622589805e+04 1.052083415274338292e-17
5.005508250283820234e+04 8.295388098486701212e-18
5.005516939209203701e+04 1.665665287323879915e-13
5.005596901581019483e+04 3.024745779777366956e-18
5.005599099074082187e+04 1.589986245517814696e-17
5.005636321880880132e+04 6.452779871172258588e-18
5.005650277712188836e+04 2.206145284437549004e-16
5.005653708439962793e+04 9.145124234918013062e-10
5.005677119300362392e+04 5.827482952435761915e-15
5.005715126526630775e+04 2.028206241349365567e-19
5.005734745376928913e+04 2.158211635183700185e-15
5.005755091992104281e+04 8.467840308656790796e-19
5.005783936436946533e+04 9.957791462827185295e-18
5.005819269089341105e+04 9.703062670305082342e-15
5.005822178011175129e+04 6.125537705105161427e-16
5.005870145658218826e+04 2.552825489783901367e-12
5.005875134212869307e+04 9.527644159551795000e-17
5.005897716163352015e+04 3.612044353525994119e-17
5.005914098656866554e+04 1.160609859028905042e-17
5.005930797510853154e+04 7.667033490158919311e-18
5.005954042468329862e+04 8.950671965192123361e-14
5.005971439647015359e+04 6.070093719684651006e-19
5.005985109616438422e+04 1.860039121433569994e-20
5.006007705059331784e+04 9.968340988229222392e-12
5.006041715260929777e+04 5.996761347577918156e-17
5.006061389436245372e+04 4.307187119690809737e-18
5.006088104165344703e+04 2.468808287992162852e-12
5.006118555134507915e+04 7.803077301579922161e-17
5.006126059985081520e+04 1.220933580161017338e-20
5.006149150884054689e+04 2.727289745206749905e-18
5.006175273126332468e+04 4.432920729040555392e-17
5.006217075801136525e+04 1.387159990939254520e-17
5.006224224963880260e+04 1.620298575500765299e-08
5.006265949219757022e+04 5.974489076021734959e-14
5.006308390066029824e+04 4.559481687401994385e-14
5.006329417357245256e+04 4.297000692358107794e-17
5.006338621133513516e+04 3.158040854257021469e-17
5.006376694663648959e+04 1.527909900775138148e-18
5.006396883928561874e+04 3.163443513698270687e-16
5.006398821848072112e+04 8.131934938048817360e-14
5.006443412366374832e+04 2.155824778020285143e-11
5.006472177783543884e+04 2.821991630925219898e-18
5.006492328478219861e+04 3.426263470832997822e-16
5.006531716652612522e+04 9.380551204168985376e-13
5.006551228476614779e+04 4.481670159612443564e-16
5.006563643389400386e+04 3.430197491181961401e-16
5.006574905438708811e+04 1.507179328461620893e-16
5.006624936700361286e+04 9.507688805604133642e-16
5.006634520692950900e+04 4.429676625184237791e-19
5.006651664026243816e+04 2.567039518623026696e-21
5.006666025769837870e+04 1.737724806953865763e-13
5.006720582699692022e+04 1.110162195574496116e-15
5.006721104260632274e+04 1.713614976005463911e-15
5.006758587224583607e+04 1.226990156505353897e-14
5.006764543861912534e+04 5.085354958867333634e-18
5.006787835424140940e+04 1.900020472751967248e-17
5.006823101958846382e+04 9.622172312379005815e-19
5.006853828968130256e+04 1.893590036420017219e-14
5.006878165944190550e+04 2.818105590416647605e-19
5.006892903791117715e+04 4.136877616960190527e-14
5.006899277859790891e+04 2.792985314633509402e-18
5.006938256325561815e+04 1.939415503634325959e-19
5.006951947602935252e+04 1.260564835665009333e-16
5.006989267571084929e+04 5.131812294526498667e-13
5.007010702889302047e+04 1.836599507391299711e-13
5.007010720566135569e+04 5.890837378161433883e-12
5.007054318982512632e+04 3.384373337891377865e-18
5.007085462754469336e+04 3.371979750443059353e-16
5.007096360835108499e+04 1.417079068299440192e-19
5.007124618784224003e+04 1.761850604941781506e-11
5.007131469387109973e+04 3.228051634137998047e-16
5.007168036409803608e+04 5.782615709985662255e-18
5.007184641654808365e+04 1.104678925070476076e-15
5.007223834998212260e+04 2.548207378508154341e-14
5.007231548064507660e+04 3.943407433055818710e-11
5.007233131229771971e+04 3.101185765833134129e-16
5.007287874489575916e+04 1.201523644153262694e-18
5.007320073928955389e+04 2.804264701652891850e-16
5.007333286134790978e+04 1.768359166450571018e-19
5.007361389869936829e+04 4.889467278509786695e-14
5.007365979765945667e+04 1.061557935031990709e-17
5.007415744929678476e+04 1.417400597111365844e-19
5.007420469244725246e+04 7.766300933689700931e-17
5.007452530341349484e+04 2.521923683913324375e-16
5.007462227886504115e+04 1.694843404574725641e-14
5.007465093340581370e+04 4.810279939864879020e-13
5.007545115505377908e+04 1.116638322252264340e-16
5.007557367940019321e+04 4.162316121600284654e-17
5.007594570131824730e+04 1.113102368334417820e-16
5.007603139120449487e+04 2.696407407076341755e-13
5.007624538952504372e+04 1.819027452321803643e-18
5.007656627586723334e+04 1.864682169238409941e-14
5.007681150011652790e+04 1.629503222767731270e-16
5.007700887925394636e+04 8.976820344583559275e-16
5.007704361166918534e+04 8.254251355180106974e-13
5.007708878527997877e+04 1.193710472541795619e-10
5.007793981050792354e+04 7.709849692237034100e-15
5.007797796077965904e+04 3.627672390765835398e-14
5.007849551278649596e+04 1.594118497576393913e-15
5.007865074616529455e+04 1.067452984966774997e-17
5.007891305082666804e+04 1.726757617845743549e-16
5.007895903701637144e+04 3.349891471405428470e-17
5.007913833460860769e+04 1.281839929042070921e-16
5.007949966873237281e+04 9.765838708512685496e-14
5.007959983273476973e+04 1.356265922165003859e-14
5.007960875281076005e+04 1.673873142025429258e-13
5.008039706447815115e+04 3.080424878236731477e-16
5.008064080724848463e+04 3.277138634919072055e-17
5.008100205103720509e+04 2.488630618302070210e-13
5.008133096670451778e+04 5.983857624228055432e-16
5.008136188693752047e+04 1.995837604257343459e-16
5.008143131004403403e+04 5.339109705406165814e-20
5.008160930546910095e+04 3.911904625131984186e-18
5.008198871380747005e+04 4.586812688223504359e-16
5.008201476357786305e+04 8.952458534107571691e-23
5.008219223579996469e+04 5.477473695865568522e-15
5.008284450447726704e+04 2.077674392763819116e-17
5.008350710024168075e+04 1.945832429435660900e-19
5.008354464607082627e+04 1.139507442491559305e-15
5.008370031624004332e+04 1.834262120873601626e-17
5.008375551539989829e+04 6.088789961627869410e-18
5.008396453766548075e+04 1.067161943332689032e-18
5.008417072969608853e+04 5.650864224357431123e-19
5.008450700319992029e+04 3.375509538381510235e-16
5.008482717299829528e+04 8.750281300277141458e-16
5.008528882204994443e+04 4.986125416114893169e-18
5.008556990171787038e+04 1.181658656176379256e-18
5.008609259123576339e+04 1.596103050536903943e-15
5.008616861327848164e+04 8.957234457366433022e-16
5.008633992678546929e+04 3.185956838872846947e-21
5.008705037903682387e+04 3.312660351582635362e-17
5.008749735535213404e+04 1.115771151674475015e-13
5.008762557868218573e+04 6.957623224343317327e-15
5.008787567143082561e+04 2.175335207979353733e-15
5.008821474838105496e+04 9.620444433978545554e-19
5.008856041294486204e+04 4.421663481026033663e-19
5.008874431158223160e+04 3.013985848396419267e-19
5.008876455487712519e+04 1.054912722806060024e-19
5.008905574833353603e+04 8.462042727756073439e-21
5.008961585404683865e+04 8.094109911988508418e-16
5.008967722551506449e+04 7.038817724772382382e-18
5.009019079439947382e+04 2.790880527475742533e-16
5.009035384448028344e+04 6.124500590650464052e-17
5.009038902146636246e+04 1.218107954170901492e-17
5.009095669839471520e+04 3.114272070826969126e-18
5.009103246444576507e+04 3.109238271498258001e-20
5.009120345390578586e+04 1.788975202721346530e-18
5.009138438287880126e+04 6.483481321567890189e-16
5.009155378007564286e+04 6.125391404301958623e-18
5.009193030772961356e+04 3.270912637185875063e-19
5.009220494519625208e+04 3.856092567103068967e-18
5.009281118273040192e+04 1.831873986983147022e-17
5.009301025906138966e+04 3.436100048433668112e-17
5.009315773416238517e+04 9.146773182827133086e-21
5.009355377890459931e+04 5.285544464083911544e-21
5.009404513139309711e+04 4.578778878396671701e-18
5.009441817911068210e+04 1.203843576522650093e-22
5.009449710830855474e+04 1.399374343640457005e-20
5.009480242205042305e+04 4.679832954838865270e-18
5.009535668749714387e+04 2.431393543735413964e-21
5.009542296595304651e+04 1.113112324467863520e-20
5.009562076988398621e+04 4.416727036445764327e-20
5.009576633267645229e+04 3.077348417751781989e-19
5.009670162726651324e+04 1.004476110660028526e-17
5.009677406587629230e+04 9.601888869613381906e-19
5.009681580214993301e+04 2.143209288447115683e-18
5.009742142841454915e+04 4.056100385295421366e-21
5.009770272053818189e+04 1.274474301887244062e-21
5.009776882564320840e+04 3.028030414915797544e-20
5.009797858279159846e+04 3.526376792947928992e-18
5.009853862385385582e+04 1.095127252459281451e-16
5.009885096017254546e+04 1.394492864353936223e-20
5.009943779490272573e+04 1.516784968899408865e-20
5.009995214407616731e+04 1.655912353398792770e-18
5.010017841248488548e+04 2.571406732899737959e-18
5.010048823820162215e+04 1.713768260476812851e-20
5.010126766659280838e+04 5.471563794249475409e-21
5.010133028178455424e+04 4.865932865170610718e-19
5.010181637836340087e+04 1.961987240440228821e-20
5.010202880175805331e+04 1.356610460351418848e-24
5.010215627746180689e+04 1.040877392492201572e-18
5.010230143546919135e+04 2.357018169659762565e-21
5.010268278522255423e+04 1.523776870298409076e-20
5.010293962302794534e+04 1.385488706058624595e-20
5.010305562235078833e+04 4.708327388932710447e-20
5.010411827374096902e+04 2.095380299392624351e-19
5.010423698800112470e+04 8.417789738006941104e-20
5.010447563753486611e+04 1.301713607591035133e-24
5.010479177909669670e+04 2.460568018128328020e-21
5.010488745053036837e+04 8.981073958249254669e-21
5.010504953369870782e+04 5.576794035567822089e-21
5.010530210745541990e+04 3.759309548159111016e-23
5.010556944408244453e+04 4.174985422097328362e-20
5.010585075714494451e+04 5.480849096892566611e-22
5.010694592466730683e+04 0.000000000000000000e+00
5.010761816512097721e+04 3.967031537146272320e-20
5.010776625432274886e+04 7.287949394350105333e-21
5.010796018849257962e+04 1.290795772679542391e-22
5.010804638798699307e+04 1.497385698277793554e-23
5.010844964535217150e+04 4.468068474720138405e-23
5.010847593461109500e+04 1.809482911389855750e-24
5.010926042235976638e+04 9.849827002412769914e-23
5.010975366892461170e+04 8.764127062046265702e-20
5.011022561347164446e+04 1.145297510059175358e-22
5.011038972670555086e+04 4.192015970868177321e-23
5.011061106081974140e+04 1.115435591723592384e-20
5.011067152415701275e+04 2.315032336156927595e-21
5.011107649838428915e+04 7.647451951438177147e-21
5.011161506840725633e+04 9.183518583024046879e-23
5.011243012424960034e+04 7.229087961007895546e-23
5.011258825369350234e+04 4.105978958963603205e-22
5.011291890903563035e+04 1.214196006856546998e-22
5.011333030225313269e+04 1.206336756282916033e-21
5.011359871089224907e+04 1.295977579051014591e-22
5.011508426201804832e+04 2.106280445202645391e-23
5.011517743978979706e+04 8.448992222384152827e-23
5.011538138386533683e+04 3.968028262879750368e-22
5.011588490260716208e+04 1.922224801624922711e-23
5.011611593032898236e+04 1.832805212110589604e-23
5.011613911919150996e+04 3.054580066533834806e-23
5.011620207071876939e+04 8.148951184803813539e-24
5.011636993614612584e+04 3.978021835853904351e-22
5.011775054101143178e+04 0.000000000000000000e+00
5.011825421800198819e+04 3.819042786154781540e-24
5.011841867142071715e+04 6.798943718520987710e-24
5.011862605467082176e+04 3.473572672079462298e-24
5.011876178618574340e+04 3.917111277783679095e-24
5.011881955963074142e+04 1.572634489422427115e-24
5.011890501160400891e+04 1.113580739263654306e-22
5.011945041861566278e+04 0.000000000000000000e+00
5.012106620646396186e+04 5.591671957372246023e-23
5.012141144584110589e+04 8.261698805443499815e-24
5.012157674402731936e+04 1.840264624503797089e-24
5.012223280728956161e+04 2.316070769108102547e-23
5.012228446216421435e+04 6.094076041663678875e-24
5.012247576778849907e+04 1.871770653167663075e-24
5.012355075350303377e+04 0.000000000000000000e+00
5.012413429733766679e+04 0.000000000000000000e+00
5.012437925116356200e+04 0.000000000000000000e+00
5.012472171078348765e+04 0.000000000000000000e+00
5.012497284231473895e+04 0.000000000000000000e+00
5.012511911087254703e+04 0.000000000000000000e+00
5.012607904729270376e+04 0.000000000000000000e+00
5.012614870616308326e+04 0.000000000000000000e+00
5.012687173963600071e+04 0.000000000000000000e+00
5.012728669574718515e+04 0.000000000000000000e+00
5.012753360673302086e+04 1.585620477041079949e-24
5.012878570329953800e+04 0.000000000000000000e+00
5.012897041529525450e+04 0.000000000000000000e+00
5.012972829159940738e+04 0.000000000000000000e+00
5.013011767855378275e+04 0.000000000000000000e+00
5.013048461014527129e+04 0.000000000000000000e+00
5.013089068263609806e+04 0.000000000000000000e+00
5.013103051362296537e+04 0.000000000000000000e+00
5.013166167382219282e+04 0.000000000000000000e+00
5.013246799736857793e+04 0.000000000000000000e+00
5.013300899146479060e+04 0.000000000000000000e+00
5.013319329045496124e+04 0.000000000000000000e+00
5.013338077075242472e+04 0.000000000000000000e+00
5.013364926082356396e+04 0.000000000000000000e+00
5.013379832429499947e+04 0.000000000000000000e+00
5.013567464379587909e+04 0.000000000000000000e+00
5.013583822505363059e+04 0.000000000000000000e+00
5.013607868153991876e+04 0.000000000000000000e+00
5.013660597711771698e+04 0.000000000000000000e+00
5.013748843379654136e+04 0.000000000000000000e+00
5.013850412072904874e+04 0.000000000000000000e+00
5.013859023119957419e+04 0.000000000000000000e+00
5.013939667863160867e+04 0.000000000000000000e+00
5.013999416477108753e+04 0.000000000000000000e+00
5.014033164303653029e+04 0.000000000000000000e+00
5.014088689419114962e+04 0.000000000000000000e+00
5.014135019008679956e+04 0.000000000000000000e+00
5.014236161589151016e+04 0.000000000000000000e+00
5.014302125535866071e+04 0.000000000000000000e+00
5.014363103604452772e+04 0.000000000000000000e+00
5.014419143687833275e+04 0.000000000000000000e+00
5.014488681695169362e+04 0.000000000000000000e+00
5.014523929615792440e+04 0.000000000000000000e+00
5.014692103895977198e+04 0.000000000000000000e+00
5.014704683084061980e+04 0.000000000000000000e+00
5.014725271483564575e+04 0.000000000000000000e+00
5.014773148207062331e+04 0.000000000000000000e+00
5.014780423248669103e+04 0.000000000000000000e+00
5.014866965251279908e+04 0.000000000000000000e+00
5.014991918071382679e+04 0.000000000000000000e+00
5.015018587702660443e+04 0.000000000000000000e+00
5.015064858669436944e+04 0.000000000000000000e+00
5.015158744451544044e+04 0.000000000000000000e+00
5.015202704779134365e+04 0.000000000000000000e+00
5.015282110557237320e+04 0.000000000000000000e+00
5.015469462632204522e+04 0.000000000000000000e+00
5.015496734386523167e+04 0.000000000000000000e+00
5.015514252223503718e+04 0.000000000000000000e+00
5.015577722295646527e+04 0.000000000000000000e+00
5.015766005997474713e+04 0.000000000000000000e+00
5.015808708049044071e+04 0.000000000000000000e+00
5.015880058638056653e+04 0.000000000000000000e+00
5.015959257689939841e+04 0.000000000000000000e+00
5.016174648624556721e+04 0.000000000000000000e+00
5.016258062396850437e+04 0.000000000000000000e+00
5.016298241039871209e+04 0.000000000000000000e+00
5.016425110560956091e+04 0.000000000000000000e+00
5.016487568134076719e+04 0.000000000000000000e+00
5.016587133677289967e+04 0.000000000000000000e+00
5.016616378724312381e+04 0.000000000000000000e+00
5.016731986814273841e+04 0.000000000000000000e+00
5.016791511160322261e+04 0.000000000000000000e+00
5.016812183788022230e+04 0.000000000000000000e+00
5.016923404431912786e+04 0.000000000000000000e+00
5.017113274792947777e+04 0.000000000000000000e+00
5.017188542712424533e+04 0.000000000000000000e+00
5.017359636400190357e+04 0.000000000000000000e+00
5.017498081325589010e+04 0.000000000000000000e+00
5.017571397524315398e+04 0.000000000000000000e+00
5.017670964850287419e+04 0.000000000000000000e+00
5.017881943335731921e+04 0.000000000000000000e+00
5.018016721781465458e+04 0.000000000000000000e+00
5.018320398440250574e+04 0.000000000000000000e+00
5.018359767037116399e+04 0.000000000000000000e+00
5.018526128007398074e+04 0.000000000000000000e+00
5.018657047364252503e+04 0.000000000000000000e+00
5.018671856336122437e+04 0.000000000000000000e+00
5.018849704761645989e+04 0.000000000000000000e+00
5.018984687165325886e+04 0.000000000000000000e+00
5.019270185095545457e+04 0.000000000000000000e+00
5.019345122681601060e+04 0.000000000000000000e+00
5.019594253095295426e+04 0.000000000000000000e+00
5.019673424344601517e+04 0.000000000000000000e+00
5.020712140942674887e+04 0.000000000000000000e+00
5.020762723835126963e+04 0.000000000000000000e+00
5.021052898110093520e+04 0.000000000000000000e+00
5.021102105064961506e+04 0.000000000000000000e+00
