-5.000005671113964490e+04 5.313406361442213368e-06
-4.999817377464465972e+04 1.160383881313373406e-06
-4.999647938488459477e+04 1.535556677276844945e-04
-4.999497827766772389e+04 1.340116522771363106e-05
-4.999366026594630239e+04 2.062168003895090704e-04
-4.999250230037578149e+04 1.565795227397967474e-05
-4.999147592298217933e+04 1.614739625493824690e-06
-4.999055134729988640e+04 1.356330863482132719e-05
-4.998994438862051902e+04 9.353557661393668038e-06
-4.998970289219224651e+04 5.149925489569922953e-05
-4.998891248696958792e+04 1.889628517967347203e-05
-4.998816559110835806e+04 5.607871313243867284e-06
-4.998782734152059129e+04 4.982984340946767273e-05
-4.998744154317585344e+04 1.963274261975694570e-05
-4.998676401075191097e+04 1.251625935756657570e-04
-4.998609588376955799e+04 2.781944940341399860e-04
-4.998570472930053802e+04 1.590564450014165035e-02
-4.998542897584976890e+04 4.846966141218747278e-04
-4.998479520737719577e+04 3.215819980506904832e-05
-4.998416841688037675e+04 4.203920509145558655e-05
-4.998364071942313603e+04 7.427958094213777751e-05
-4.998347607453132514e+04 5.191895109750285846e-05
-4.998290877167420695e+04 1.441259959780078071e-05
-4.998228380385115452e+04 3.551391266259864493e-06
-4.998169287416671432e+04 3.748643846381132649e-05
-4.998142818941060250e+04 1.137683705763182064e-04
-4.998097154721640254e+04 3.556419752383619977e-06
-4.998033228071150370e+04 6.824121147720312764e-06
-4.997990199693117756e+04 9.795219482950867640e-01
-4.997965667584339099e+04 1.737327211197598896e-04
-4.997929821571244247e+04 2.453661512870215863e-06
-4.997888391118346772e+04 6.330939212281611526e-06
-4.997811446881687152e+04 1.463833105133888875e-05
-4.997770664977264096e+04 2.334979339183090950e-03
-4.997732927113959886e+04 3.053795708689347838e-05
-4.997714961209382454e+04 8.150848135194402799e-05
-4.997636714723963814e+04 8.290410583310061728e-07
-4.997553675264384219e+04 3.416848282926430919e-06
-4.997539283568050450e+04 4.377299379672023207e-06
-4.997507167706463224e+04 9.065003077748103384e-07
-4.997434761674804031e+04 2.310375747649773953e-07
-4.997354256911326956e+04 7.702099729004753434e-07
-4.997298724521447730e+04 1.770164413768097931e-06
-4.997276798483164748e+04 9.526997757659222688e-07
-4.997227336100884713e+04 8.852154567500581724e-08
-4.997114064875805343e+04 4.605161705107324920e-08
-4.997060444103611371e+04 6.819774379849101227e-06
-4.997050895757194667e+04 7.272469837479227182e-05
-4.996990483194483386e+04 3.731850750133268957e-07
-4.996847724242653203e+04 8.073101700173962853e-07
-4.996824921377150167e+04 1.790321335077482347e-10
-4.996799987826244615e+04 6.292512341811084318e-07
-4.996701290455626440e+04 5.642027899699370262e-09
-4.996635249146082060e+04 2.834404283585212795e-08
-4.996549748220647598e+04 2.275083985519657602e-08
-4.996517408950641402e+04 1.792472237477203941e-09
-4.996410253827304405e+04 1.301090158224715548e-08
-4.996378965779907594e+04 5.320096838795377957e-10
-4.996294550873299158e+04 6.755901166417074671e-10
-4.996196217874205468e+04 1.250809053685582528e-10
-4.996144415994946030e+04 1.022742948209095901e-09
-4.996045235859667446e+04 2.716944124406540841e-08
-4.995998415651585674e+04 5.355850994225838826e-10
-4.995949583919074939e+04 1.126575695364012993e-08
-4.995817311818588496e+04 1.079400219274742554e-10
-4.995744278001279599e+04 2.452800066589414548e-10
-4.995704447955528303e+04 2.629493372435505932e-10
-4.995575896616981481e+04 1.619979872236724463e-12
-4.995567083290981100e+04 7.755906970160973311e-12
-4.995442468187231862e+04 9.041479799833595017e-11
-4.995356811583292438e+04 4.304952921257725272e-12
-4.995252673545263679e+04 1.110518254397998145e-12
-4.995185962347001623e+04 8.918101292700589799e-13
-4.995097043059052521e+04 9.670193975346282006e-12
-4.995083365808828967e+04 3.467113967884454166e-13
-4.994915759461966809e+04 1.991144800139422382e-11
-4.994876741284670425e+04 3.797985516408014037e-14
-4.994705732583723875e+04 3.453583254975538181e-14
-4.994655071045921068e+04 6.574820844758504349e-13
-4.994599968206340418e+04 1.622591499722808567e-14
-4.994509497991047101e+04 3.447435388010474463e-16
-4.994384333878470352e+04 6.242122700340247756e-14
-4.994382684682257968e+04 8.564175782982698929e-14
-4.994186429891602165e+04 3.525297819517891909e-14
-4.994127113009444292e+04 2.060015009460761230e-19
-4.993992197130597924e+04 2.911677571600697835e-15
-4.993954930127646367e+04 9.618069504228279664e-16
-4.993830732340474788e+04 1.421068788033772335e-14
-4.993792629584683164e+04 2.426264954635096957e-19
-4.993650560447472526e+04 6.835882186422737030e-16
-4.993584630860895413e+04 5.445897527036628679e-16
-4.993424201755929244e+04 2.029431674119101160e-19
-4.993396226378850406e+04 1.727240026515150778e-16
-4.993186336982954526e+04 9.946925680712588049e-17
-4.993168380222620908e+04 2.984410858615104595e-17
-4.992942662959903100e+04 2.156649724985317190e-17
-4.992917689172810788e+04 7.802129480100040120e-20
-4.992726933609938715e+04 3.303530719938385695e-19
-4.992682917202979297e+04 5.800112560619405855e-18
-4.992628295059755328e+04 1.198669172454962052e-18
-4.992461536314989644e+04 1.027209769519346444e-19
-4.992388865753842401e+04 2.540085683547512606e-19
-4.992291300919842615e+04 1.464863246095751381e-19
-4.992127449676929245e+04 2.049697602601745607e-19
-4.992078736811753333e+04 5.645554329127875309e-21
-4.991965504899785446e+04 3.829422967496219434e-20
-4.991861661833344260e+04 3.989197834293390954e-21
-4.991738212658135308e+04 3.865374893026860220e-21
-4.991604002089983987e+04 6.838944869720263165e-21
-4.991459680857237981e+04 6.966955630333758132e-23
-4.991344129967560002e+04 5.174757380581951664e-22
-4.991230545609073306e+04 1.755554691393389336e-23
-4.991116511408401857e+04 0.000000000000000000e+00
-4.991043415646706853e+04 4.549061293036227456e-22
-4.990883386703635915e+04 2.781718816136934048e-24
-4.990780919750675093e+04 1.791398317001694959e-23
-4.990628893734210578e+04 1.238602631668415329e-23
-4.990503488502195250e+04 0.000000000000000000e+00
-4.990381332628835662e+04 0.000000000000000000e+00
-4.990280213405835093e+04 0.000000000000000000e+00
-4.990203520790537732e+04 0.000000000000000000e+00
-4.990005865890499263e+04 0.000000000000000000e+00
-4.989960398104469641e+04 0.000000000000000000e+00
-4.989774271468743973e+04 0.000000000000000000e+00
-4.989704131049128773e+04 0.000000000000000000e+00
-4.989544261382321565e+04 0.000000000000000000e+00
-4.989472080598373577e+04 0.000000000000000000e+00
-4.989268459941043693e+04 0.000000000000000000e+00
-4.989180017794627929e+04 0.000000000000000000e+00
-4.988948181090546859e+04 0.000000000000000000e+00
-4.988876893857888354e+04 0.000000000000000000e+00
-4.988768821753221710e+04 0.000000000000000000e+00
-4.988630740360230266e+04 0.000000000000000000e+00
-4.988484206134557462e+04 0.000000000000000000e+00
-4.988290143469550094e+04 0.000000000000000000e+00
-4.988012040880598943e+04 0.000000000000000000e+00
-4.987948404174789175e+04 0.000000000000000000e+00
-4.987723484829451627e+04 0.000000000000000000e+00
-4.987621042476653383e+04 0.000000000000000000e+00
-4.987373814892936934e+04 0.000000000000000000e+00
-4.987160603363713744e+04 0.000000000000000000e+00
-4.986824661495844339e+04 0.000000000000000000e+00
-4.986344734930542472e+04 0.000000000000000000e+00
-4.986295660185157612e+04 0.000000000000000000e+00
-4.985998428215882450e+04 0.000000000000000000e+00
-4.985948999256541720e+04 0.000000000000000000e+00
-4.984472450495658995e+04 0.000000000000000000e+00
-4.984409509364981932e+04 0.000000000000000000e+00
-4.984101960413931374e+04 0.000000000000000000e+00
-4.984037368717764912e+04 0.000000000000000000e+00
4.999994689902332902e+04 4.965211384883075650e-15
5.000183672770702105e+04 4.130217545869862406e-13
5.000353739042941015e+04 8.550676517627750454e-12
5.000504470643825334e+04 6.854895866837427732e-10
5.000636936658024933e+04 2.049227497724933423e-11
5.000753469574465998e+04 6.735318921340522281e-13
5.000856912770387135e+04 8.265649083687479626e-12
5.000950235662796331e+04 8.095895391143615113e-11
5.001006333685896243e+04 4.107018448978042260e-11
5.001035977030449430e+04 1.731207602501473255e-11
5.001115961820124357e+04 1.163038424419462835e-11
5.001191551755374530e+04 1.644801991476265900e-10
5.001219637570265331e+04 1.590934151668158438e-08
5.001264844715915387e+04 1.802247407103751056e-10
5.001333595781579788e+04 1.707060046567043117e-13
5.001401258282684284e+04 1.332871162905208306e-13
5.001433594889274536e+04 9.215936714613869474e-11
5.001468752246488293e+04 7.417617838890670158e-13
5.001533311038969259e+04 3.284803330629102453e-14
5.001596725228588184e+04 3.191641853837239922e-14
5.001643459833713132e+04 9.038363567761062624e-15
5.001664640696885908e+04 4.767206707019883292e-14
5.001724382483015506e+04 9.580170618293716102e-14
5.001787365289696754e+04 3.628792805463980209e-15
5.001845314717636938e+04 8.620275707876346909e-16
5.001865928497887944e+04 3.508962376562910897e-13
5.001919615798733867e+04 2.692863215645761569e-14
5.001984028945810132e+04 3.830629955380561566e-13
5.002010234605137521e+04 2.413084116068200773e-11
5.002050274730956153e+04 3.272964525159775920e-12
5.002079861183380854e+04 1.166011177595710037e-11
5.002128876996476902e+04 4.211952567855488591e-13
5.002206033190135349e+04 6.583732594379199639e-14
5.002230662696669606e+04 3.618211836270486855e-11
5.002282295752088976e+04 2.237931289318581793e-13
5.002296689962289383e+04 8.232728463989030187e-14
5.002380732879282732e+04 4.280699388338954709e-14
5.002462006761574594e+04 8.999647933988455288e-15
5.002463141450452531e+04 1.874755214684697133e-12
5.002505208747785946e+04 4.591612548945073016e-13
5.002581148839554953e+04 1.261455059117977830e-14
5.002661897676461376e+04 2.116641354994192036e-13
5.002704739954347315e+04 1.200568709170190570e-10
5.002735758456739859e+04 4.146470008115168037e-14
5.002788646578406770e+04 2.628980366900260454e-13
5.002902245625704381e+04 1.065723695578322007e-13
5.002950054542245198e+04 1.314415164143822348e-12
5.002955345908023446e+04 3.315059963951812154e-14
5.003026557671306364e+04 1.691568058580699637e-17
5.003164485012438672e+04 2.282044708292393426e-14
5.003191652035371226e+04 5.239896954050486352e-16
5.003206192715028737e+04 6.153249983343773465e-15
5.003314559630166332e+04 2.199425440715029400e-16
5.003378799315622746e+04 7.541146361170299355e-15
5.003458248130958236e+04 3.941106223619028528e-15
5.003497781719327031e+04 6.049162879548581389e-16
5.003603947163600969e+04 8.052113740568432481e-17
5.003637020116435451e+04 2.415840021239272303e-15
5.003715091130040673e+04 1.198968790907548113e-13
5.003818405798121967e+04 2.038994689649387822e-14
5.003870092720837420e+04 1.135055045899405614e-15
5.003966966300975037e+04 7.368237574497570780e-16
5.004016092493828182e+04 2.739482976506862431e-16
5.004065025524602970e+04 7.087940369322373698e-16
5.004198087655798008e+04 2.184177410651341456e-17
5.004270025880754110e+04 4.749486253101211173e-18
5.004309647382279218e+04 7.477804992960985300e-17
5.004440028375911788e+04 1.173378032435028893e-17
5.004448803768684593e+04 1.410767198299792728e-18
5.004571012682544097e+04 1.663795882210013153e-21
5.004661500085481384e+04 5.108686180925100697e-17
5.004760831642453559e+04 9.763382120554961439e-19
5.004827887722675950e+04 1.262291233656928930e-16
5.004922932526193472e+04 2.474198304253938075e-20
5.004930486354725872e+04 9.108213855135710267e-19
5.005099315429293347e+04 3.354127941334763280e-18
5.005144319701471250e+04 4.409194202203121823e-19
5.005310708030339447e+04 3.908641159173058729e-20
5.005361200950277271e+04 2.322687636172993247e-19
5.005421113326877094e+04 5.685215289511852538e-20
5.005506377042092208e+04 5.728951833634795189e-20
5.005632389407780283e+04 2.876048110441458704e-23
5.005639461451659736e+04 5.843092412980975787e-20
5.005834089301390486e+04 1.095293120543176977e-20
5.005890886129009596e+04 1.481273982398749147e-19
5.006028096155419917e+04 4.255041105421891672e-21
5.006064213818563439e+04 1.192400849082080044e-20
5.006184136047564243e+04 3.501554855036211462e-21
5.006227290353786520e+04 5.061398340399594581e-22
5.006373059566113807e+04 2.631166498941768753e-22
5.006432144339521619e+04 5.243795732329083240e-22
5.006601289173457917e+04 2.151301197884064026e-22
5.006628666657152644e+04 1.232937911059625977e-22
5.006839212880346895e+04 9.002084198958556700e-23
5.006858018766631722e+04 1.179703386249219909e-22
5.007082735496687383e+04 2.784730871165605538e-23
5.007107595658329956e+04 5.071903600315411853e-23
5.007299218866133015e+04 0.000000000000000000e+00
5.007339361086516146e+04 3.480012279471026390e-24
5.007401875403058511e+04 0.000000000000000000e+00
5.007562897053321649e+04 1.652389036009327964e-24
5.007640478142316715e+04 0.000000000000000000e+00
5.007732386558059079e+04 0.000000000000000000e+00
5.007901251141465764e+04 0.000000000000000000e+00
5.007948334512158908e+04 0.000000000000000000e+00
5.008069445890533825e+04 0.000000000000000000e+00
5.008167547251367796e+04 0.000000000000000000e+00
5.008298641193097137e+04 0.000000000000000000e+00
5.008427585036277742e+04 0.000000000000000000e+00
5.008574111735010229e+04 0.000000000000000000e+00
5.008688741750644112e+04 0.000000000000000000e+00
5.008805098489629017e+04 0.000000000000000000e+00
5.008922343431817717e+04 0.000000000000000000e+00
5.008989746800372814e+04 0.000000000000000000e+00
5.009157073072006460e+04 0.000000000000000000e+00
5.009252659234163002e+04 0.000000000000000000e+00
5.009410792839179339e+04 0.000000000000000000e+00
5.009536689200111141e+04 0.000000000000000000e+00
5.009658556461047556e+04 0.000000000000000000e+00
5.009760799064108869e+04 0.000000000000000000e+00
5.009837367855670163e+04 0.000000000000000000e+00
5.010031241222392418e+04 0.000000000000000000e+00
5.010076933263010869e+04 0.000000000000000000e+00
5.010269059595380531e+04 0.000000000000000000e+00
5.010334720635892154e+04 0.000000000000000000e+00
5.010506154768529814e+04 0.000000000000000000e+00
5.010575638775966945e+04 0.000000000000000000e+00
5.010780812759643595e+04 0.000000000000000000e+00
5.010859741891397425e+04 0.000000000000000000e+00
5.011088107067920646e+04 0.000000000000000000e+00
5.011160180834840139e+04 0.000000000000000000e+00
5.011292062364677986e+04 0.000000000000000000e+00
5.011408356191105122e+04 0.000000000000000000e+00
5.011576633282688272e+04 0.000000000000000000e+00
5.011785511401709664e+04 0.000000000000000000e+00
5.012038964762706019e+04 0.000000000000000000e+00
5.012110032156576199e+04 0.000000000000000000e+00
5.012316230921985698e+04 0.000000000000000000e+00
5.012415932807026547e+04 0.000000000000000000e+00
5.012667806012728397e+04 0.000000000000000000e+00
5.012927590479936771e+04 0.000000000000000000e+00
5.013258942733010917e+04 0.000000000000000000e+00
5.013690552928009129e+04 0.000000000000000000e+00
5.013739752815798420e+04 0.000000000000000000e+00
5.014034678665343381e+04 0.000000000000000000e+00
5.014084031935550593e+04 0.000000000000000000e+00
5.015558566933995462e+04 0.000000000000000000e+00
5.015625117443021009e+04 0.000000000000000000e+00
5.015928142005937116e+04 0.000000000000000000e+00
5.015994729181787989e+04 0.000000000000000000e+00
