-5.001808810870016896e+04 7.192195585758817007e-18
-5.001805482836548617e+04 1.920044178379977913e-16
-5.001296218642347230e+04 4.457006396109927655e-13
-5.001293215473424789e+04 2.654457212257073035e-12
-5.001114645540526544e+04 2.870489371512593600e-08
-5.000966887470963411e+04 4.872513896860132164e-09
-5.000954440959465865e+04 2.995950487561180480e-09
-5.000943933445538278e+04 7.226088905765347824e-09
-5.000838442074057821e+04 4.770917949289362177e-08
-5.000766368438290374e+04 1.348808171283902364e-08
-5.000697211884576245e+04 3.481330346071556441e-09
-5.000608752653961710e+04 7.264974731125183932e-08
-5.000510238395535271e+04 4.817146455282291601e-09
-5.000401128014201822e+04 6.316751235295262894e-09
-5.000287279972909892e+04 6.710234583397116656e-09
-5.000168739744710911e+04 2.218373734941468052e-08
-5.000092480283349869e+04 5.820367835751790260e-08
-5.000041604444691620e+04 1.129462374967932150e-08
-4.999914030313605326e+04 1.009340971916747186e-07
-4.999883632235758705e+04 1.767501548799529138e-06
-4.999786940738881822e+04 2.835898051198494389e-07
-4.999680922268271388e+04 2.800287539083839649e-06
-4.999660052803183498e+04 1.657116728282372562e-07
-4.999534718480097945e+04 6.193611470884669139e-08
-4.999483614036814834e+04 1.083443168764081148e-08
-4.999417074877223058e+04 2.313219760469575055e-08
-4.999315219581083511e+04 2.283146766856071164e-09
-4.999291549729887629e+04 1.868864921067276364e-06
-4.999238213069738413e+04 7.389856239892417467e-10
-4.999206011822659639e+04 7.593853413231391118e-08
-4.999162689244092326e+04 1.832550544225054202e-08
-4.999108810626107152e+04 3.684083448746011674e-06
-4.999097039748664247e+04 9.520547190670314352e-10
-4.999090095924725756e+04 2.165801603840893813e-05
-4.999038744756963570e+04 8.499111647707575366e-09
-4.998936665953003103e+04 2.187693806036097592e-06
-4.998928250187852245e+04 9.298560175740923711e-06
-4.998877695567994670e+04 2.476224933099556173e-05
-4.998853684636032267e+04 4.643414475741413207e-08
-4.998775491885894735e+04 1.250400901330229677e-06
-4.998749501186744601e+04 3.757331842704233463e-06
-4.998666120655684790e+04 1.429601102927901360e-05
-4.998623555645189481e+04 1.529180194073780965e-07
-4.998593012783645827e+04 4.946079880203868791e-07
-4.998540451830353413e+04 2.985425406318606126e-07
-4.998455301586780115e+04 2.134471428994256549e-04
-4.998434618175766082e+04 1.119072241114578574e-06
-4.998388504705959349e+04 1.682497740107747930e-06
-4.998305380052980036e+04 8.534713080874701079e-06
-4.998242987852815713e+04 4.781821541063626367e-05
-4.998202740407623060e+04 1.583507497226461401e-06
-4.998181942561278265e+04 7.136348880719050121e-08
-4.998091535873671091e+04 2.509481362646987283e-06
-4.998088127012323821e+04 3.718437741770720694e-04
-4.998032089121136232e+04 7.840204437349591144e-05
-4.997991095948319708e+04 9.456137558980283147e-06
-4.997930726718060032e+04 2.268290490290135236e-08
-4.997869796556231449e+04 3.342083045871283801e-03
-4.997831722318740503e+04 3.778783927382241200e-05
-4.997811833261839638e+04 1.139922508109795314e-04
-4.997793809387773217e+04 1.395630665953611914e-06
-4.997676384409920138e+04 3.726868541861668904e-07
-4.997648485118270037e+04 2.154508918119590194e-03
-4.997622560499350948e+04 1.132786114975686882e-06
-4.997606590184122615e+04 8.859240317933851552e-05
-4.997526097961135383e+04 9.258606287174318062e-08
-4.997424476634660095e+04 7.451829226732995318e-03
-4.997413005075676483e+04 3.310700978480819452e-04
-4.997394769768613332e+04 9.551163428438868468e-05
-4.997321085715945810e+04 1.035312519279734169e-06
-4.997265123728226172e+04 5.625404163250104610e-06
-4.997213778968248516e+04 2.849390530072036108e-04
-4.997194980026662233e+04 4.779604332752768713e-03
-4.997177485930045077e+04 2.922968595900333707e-04
-4.997099960644573730e+04 2.467321736589252342e-04
-4.997082689556483820e+04 6.447766567872068588e-01
-4.997004057452913548e+04 7.042226897290495440e-05
-4.996965096753663966e+04 3.981911323694741454e-03
-4.996922380864588195e+04 4.746109088869443688e-04
-4.996916873795526044e+04 1.025658439258971229e-05
-4.996853832999100996e+04 2.741287392941619272e-01
-4.996847616981231840e+04 1.983196815006133765e-03
-4.996744231054898410e+04 9.422352491275752659e-04
-4.996735977630729030e+04 4.793652449624312553e-05
-4.996712107647258381e+04 9.796761490091308432e-04
-4.996616128382300667e+04 4.562470008598852600e-02
-4.996588338944992574e+04 1.743991336227649915e-07
-4.996558823956808192e+04 3.386742032915322390e-05
-4.996520473423578369e+04 1.165859975633068034e-04
-4.996477137421272346e+04 2.054323499653822700e-04
-4.996436252486366720e+04 3.487254238192317312e-07
-4.996428274569370842e+04 2.941249008821395276e-07
-4.996370910765662848e+04 5.982177877289754711e-03
-4.996314746326921158e+04 4.317850583319467222e-05
-4.996264945070659451e+04 2.813909018678935090e-07
-4.996235799372714246e+04 1.404477731312505674e-05
-4.996140214358968660e+04 3.847933319394719354e-05
-4.996121824674558593e+04 1.670825403961181098e-04
-4.996115000269268057e+04 3.098023920001600606e-04
-4.996039524621017335e+04 6.894642345735106436e-07
-4.995993392624217086e+04 4.612884096179811389e-08
-4.995970966638342361e+04 5.162802023292598446e-08
-4.995907341892605473e+04 8.104419147419532205e-07
-4.995859548069135053e+04 4.592369711505502690e-06
-4.995808424158066919e+04 1.025723376684390994e-07
-4.995753988752444275e+04 2.885550204956685650e-07
-4.995742528702199343e+04 5.115404349859083658e-07
-4.995722262053107261e+04 1.588011989696182791e-07
-4.995615396714443341e+04 2.538826182127062404e-07
-4.995595365618684446e+04 2.768973539138214944e-06
-4.995581123686104547e+04 6.281444334757017753e-08
-4.995491098276076082e+04 5.085684347075165004e-07
-4.995436284402587626e+04 2.003076583979978587e-08
-4.995394809369897121e+04 3.748268661607692677e-09
-4.995334605161123909e+04 1.865279176127851166e-06
-4.995318324717691576e+04 4.667193547496839657e-08
-4.995249066646269057e+04 1.013585854035302726e-07
-4.995238406079896959e+04 4.304673836197509380e-08
-4.995210459958767751e+04 2.880426210647922323e-09
-4.995141282874695025e+04 1.051398015212929376e-08
-4.995071237960645522e+04 3.831246141183365516e-07
-4.995019646995073708e+04 6.274481271467453665e-08
-4.994982625048390764e+04 2.823640100199047379e-09
-4.994907811480414239e+04 2.143510775284894665e-09
-4.994819068360366509e+04 1.029128954997002607e-08
-4.994792063155829965e+04 2.151487691985991157e-08
-4.994758607655244123e+04 1.871145333991358396e-09
-4.994739308967553370e+04 2.980587760638424916e-10
-4.994691255328823172e+04 4.873289161287438898e-12
-4.994589858949377958e+04 4.131877092589270860e-11
-4.994546787879764452e+04 1.586900683742294441e-11
-4.994529887209553272e+04 1.807250549824050421e-10
-4.994481342044071062e+04 3.123891187460193712e-10
-4.994439379530094448e+04 3.007531412245401862e-10
-4.994352761361660669e+04 1.044531377715649722e-11
-4.994274359790886228e+04 2.918266976455785003e-10
-4.994261862179779564e+04 1.600413633796984312e-10
-4.994196166204265319e+04 4.957540725232598689e-10
-4.994123296283472155e+04 2.112741608960387474e-11
-4.994048459047028155e+04 2.222242257122908918e-11
-4.994033237378706690e+04 4.697701523909272190e-11
-4.994000698926362384e+04 1.949463211972339003e-10
-4.993925820243092312e+04 1.459270930625441626e-10
-4.993892693360263365e+04 1.595725757489444079e-11
-4.993803658958282904e+04 1.148624584013868745e-12
-4.993772444204210478e+04 3.398140238439597158e-11
-4.993709459300083108e+04 2.121993095649422344e-11
-4.993656548869852850e+04 1.330637751120873660e-11
-4.993569776187170646e+04 9.496813136109635401e-13
-4.993532861233416770e+04 5.392773787694944839e-12
-4.993437359913787805e+04 2.083350949648796648e-13
-4.993372897605050821e+04 2.474398063216598021e-14
-4.993342938491822861e+04 2.120474957981852089e-13
-4.993305508351152821e+04 1.327381146734647130e-13
-4.993263288298896805e+04 3.552096536833283661e-15
-4.993224885254174296e+04 5.570623379807749833e-15
-4.993099102946998028e+04 4.891289257756938119e-13
-4.993061833868476242e+04 6.129543816230263989e-15
-4.993003215433467994e+04 9.329218925558572329e-14
-4.992984406894963467e+04 9.384158498504722928e-15
-4.992872190183274506e+04 1.404736135075683089e-13
-4.992814379298013228e+04 1.269624201187340824e-13
-4.992770135092060082e+04 1.100610053767451651e-13
-4.992712150749511784e+04 2.258612494888674389e-14
-4.992626356839455548e+04 6.062085596965868065e-15
-4.992567659154883586e+04 2.785847018717294026e-14
-4.992524095348009723e+04 3.382237162080942207e-14
-4.992449177758966107e+04 4.509264605885180054e-18
-4.992389235213719076e+04 2.974826053317703419e-15
-4.992330749466344423e+04 5.152833950879862946e-15
-4.992231743723210820e+04 5.922574659459516550e-16
-4.992187022667481506e+04 3.012919917131812802e-17
-4.992120422722099465e+04 6.806161821582433686e-17
-4.992032752348038775e+04 6.865392575731273485e-18
-4.991974845804892539e+04 1.371464282187772918e-16
-4.991905870927698561e+04 1.667803841180742156e-16
-4.991814594043893158e+04 1.880722672008689522e-16
-4.991732077593708527e+04 1.470183155950500608e-16
-4.991681748254329432e+04 1.209824259539557120e-17
-4.991606694228532433e+04 1.840415810515490872e-16
-4.991568642850380274e+04 1.171169302642155654e-17
-4.991481062877917429e+04 4.214479559839829615e-17
-4.991397389691042190e+04 7.309447670285468997e-17
-4.991345769073107658e+04 1.040354399605048954e-17
-4.991335321234989533e+04 5.176447675491014995e-18
-4.991157613326238061e+04 4.311137907840420386e-18
-4.991098999424923386e+04 4.371240516915814562e-18
-4.990981155712081818e+04 1.147542432067133622e-19
-4.990969964348616486e+04 6.667418963701450047e-20
-4.990856853285081161e+04 1.766515965814720280e-20
-4.990824532730471401e+04 2.447322057164524021e-24
-4.990737223833981261e+04 3.301185129687580160e-19
-4.990686048011739331e+04 1.101268409735201571e-19
-4.990631281643539842e+04 1.864112820364029617e-20
-4.990546929603615717e+04 8.192444829044838178e-20
-4.990433362658070109e+04 4.113587491351806056e-19
-4.990302314275201934e+04 1.034826659117100501e-19
-4.990244529568373400e+04 1.910408177014939787e-20
-4.990082934157636191e+04 2.889310059565184732e-20
-4.990043846986733843e+04 1.049350579779586476e-20
-4.989926405515593069e+04 4.210960997740273197e-21
-4.989865641681764100e+04 1.580565771221293258e-21
-4.989779775749062537e+04 2.052941994080461855e-22
-4.989711030506160023e+04 0.000000000000000000e+00
-4.989659192296175752e+04 8.915213197501090187e-24
-4.989591552926209988e+04 3.452497985609781642e-22
-4.989495044020732166e+04 3.541206957890063999e-22
-4.989444643431899749e+04 7.516258580897572493e-24
-4.989322277665481670e+04 6.324807591605377209e-22
-4.989154443869834358e+04 6.710602882370118740e-23
-4.989131159611002658e+04 1.635784516558120795e-22
-4.988930997012108855e+04 9.366970353898486221e-24
-4.988886686691650539e+04 8.105083097941189305e-23
-4.988766325543410494e+04 7.102894545487041815e-24
-4.988718905545520829e+04 0.000000000000000000e+00
-4.988645045661275799e+04 0.000000000000000000e+00
-4.988470038330998796e+04 0.000000000000000000e+00
-4.988373993727094785e+04 0.000000000000000000e+00
-4.988304375420740689e+04 0.000000000000000000e+00
-4.988185209236515220e+04 0.000000000000000000e+00
-4.988126158109713288e+04 0.000000000000000000e+00
-4.987806095116905635e+04 0.000000000000000000e+00
-4.987763183361610572e+04 0.000000000000000000e+00
-4.987736968229214835e+04 0.000000000000000000e+00
-4.987534623780443508e+04 0.000000000000000000e+00
-4.987383255855113384e+04 0.000000000000000000e+00
-4.987322123771166662e+04 0.000000000000000000e+00
-4.987236415917228442e+04 0.000000000000000000e+00
-4.987112596354064590e+04 0.000000000000000000e+00
-4.986854273325458053e+04 0.000000000000000000e+00
-4.986597714596179139e+04 0.000000000000000000e+00
-4.986556207578872272e+04 0.000000000000000000e+00
-4.986490205593535211e+04 0.000000000000000000e+00
-4.986340963824784558e+04 0.000000000000000000e+00
-4.986188692711516342e+04 0.000000000000000000e+00
-4.985998820156107831e+04 0.000000000000000000e+00
-4.985903582859807648e+04 0.000000000000000000e+00
-4.985880617013545998e+04 0.000000000000000000e+00
-4.985470701599042513e+04 0.000000000000000000e+00
-4.985245235670685361e+04 0.000000000000000000e+00
-4.984832912439601205e+04 0.000000000000000000e+00
-4.984402746930348803e+04 0.000000000000000000e+00
-4.984380939995047811e+04 0.000000000000000000e+00
-4.984304976865083154e+04 0.000000000000000000e+00
-4.984101974941829394e+04 0.000000000000000000e+00
-4.983924365861882688e+04 0.000000000000000000e+00
-4.983261085799189459e+04 0.000000000000000000e+00
-4.983204102428592159e+04 0.000000000000000000e+00
-4.981894835051785049e+04 0.000000000000000000e+00
-4.981846306445849041e+04 0.000000000000000000e+00
4.998212239926030452e+04 5.584143062338033080e-22
4.998215755070606974e+04 1.754729423508572704e-22
4.998720489717775490e+04 7.894325652053565334e-18
4.998723650328258373e+04 4.583101228469940237e-18
4.998886654635294690e+04 1.403259223356757759e-15
4.999038711216906086e+04 2.173104725857491401e-13
4.999057955012816092e+04 7.061912062071163802e-15
4.999065244111695210e+04 3.380171731653450745e-14
4.999166524098747323e+04 2.983444126799858898e-13
4.999240960371906840e+04 2.905533824244829415e-14
4.999310675020938652e+04 7.424475548708839162e-14
4.999399044346097071e+04 9.906268103677512052e-15
4.999497272184127360e+04 2.385345391642842948e-14
4.999606389251009386e+04 5.781303161411474613e-14
4.999720456390090840e+04 1.300813021707130476e-15
4.999838599676030572e+04 2.127632524882316075e-14
4.999909796994132194e+04 3.030187892648888745e-12
4.999965533913663239e+04 2.040976458474835672e-13
5.000093245312203362e+04 1.414778367135164339e-12
5.000120044683384185e+04 3.616729566015946369e-12
5.000220375921047525e+04 7.028016669936348929e-13
5.000323789813530311e+04 1.396818234607422192e-12
5.000346917144845065e+04 8.981980551790633755e-14
5.000472146884776157e+04 2.766299260481678134e-14
5.000522318677313888e+04 2.390581746942886564e-12
5.000590138872928219e+04 5.079194246816834842e-13
5.000692832510923472e+04 2.328783296387353283e-13
5.000715280857899052e+04 7.828968384190033335e-12
5.000771963953363593e+04 3.639027696474263560e-14
5.000807486281148158e+04 4.635868845680145166e-16
5.000850834985158144e+04 2.331412474133455328e-15
5.000899177875932946e+04 1.201182095972834532e-11
5.000912211116135586e+04 2.634649884754895137e-12
5.000914517639486439e+04 9.189315156328942772e-16
5.000972695741499774e+04 1.703128839076871627e-13
5.001074580695393524e+04 4.979765733094999558e-15
5.001081103653078026e+04 3.152888418802367343e-13
5.001126193727226928e+04 8.956387310908771832e-11
5.001157226155211538e+04 3.408218833574934115e-13
5.001235202684092656e+04 3.855235534779199288e-12
5.001261476641552144e+04 4.255170272576671492e-12
5.001339183286217303e+04 1.823327263633569093e-10
5.001388129291290534e+04 4.508147438131640918e-13
5.001418289537127566e+04 7.523367486458173536e-12
5.001470538677695731e+04 1.477376171580133561e-12
5.001551402643826441e+04 1.048226035178197121e-12
5.001578118301276118e+04 3.801572337290985094e-12
5.001622510585091368e+04 2.110783218643343036e-12
5.001708335164178425e+04 4.042642577262422280e-12
5.001765082893706131e+04 2.769321329768510959e-10
5.001808235165965016e+04 1.204222946330259437e-12
5.001831454247319925e+04 6.249655444456580511e-12
5.001914243105959031e+04 4.440574622008719201e-09
5.001922429947929777e+04 1.565607194184657427e-11
5.001977244993326894e+04 2.773559582917058298e-10
5.002022647404085728e+04 1.937832712747825396e-11
5.002082702326821163e+04 1.349459556786764218e-12
5.002134173731776536e+04 3.205858808278896678e-09
5.002181663914686214e+04 3.709476955801534784e-11
5.002200918699498288e+04 6.867247458485367103e-11
5.002217751042604505e+04 3.279503082395019080e-13
5.002340411899818719e+04 1.155588958241284500e-11
5.002357034058610589e+04 5.934467755088211894e-09
5.002389959416971396e+04 3.346274365025535115e-13
5.002405277038385248e+04 3.739475233256666909e-11
5.002492351923573005e+04 3.151702385213617105e-13
5.002582769245407690e+04 2.602402078937068973e-09
5.002604169819115486e+04 4.220968981555627277e-11
5.002619161822802562e+04 2.150980640225299437e-11
5.002692037439161504e+04 2.042536085192215909e-14
5.002751410466208472e+04 8.582359458365976964e-13
5.002799769134132657e+04 4.971056739076924598e-11
5.002814110051197349e+04 4.068102658950434468e-10
5.002837924199846020e+04 1.493740335767106707e-11
5.002918659107852727e+04 2.682109198326701414e-09
5.002920994413687004e+04 2.412000144642547373e-11
5.003013474114745623e+04 1.600730977534774973e-12
5.003045618053781800e+04 8.709929960530009316e-11
5.003094810463465546e+04 5.065374011420938597e-12
5.003098523691431183e+04 2.339924879074989750e-12
5.003148589887441631e+04 1.110671123834794303e-09
5.003174183584292769e+04 6.882671211769279318e-13
5.003269916120018024e+04 2.074674477113105498e-11
5.003286518603505101e+04 3.486253613140627634e-12
5.003303494750270329e+04 1.158959484884313709e-11
5.003387459116000537e+04 3.946780363633043244e-12
5.003429504631910822e+04 1.185718674228588332e-14
5.003462659961632016e+04 3.430476715819461319e-13
5.003494326764369907e+04 1.953757964638392324e-12
5.003536714613169170e+04 5.253758948907389550e-12
5.003581493141626561e+04 4.254714845152609857e-14
5.003597394934932527e+04 3.015469164518444812e-14
5.003634078303782735e+04 8.782716839979915904e-12
5.003702742029604269e+04 6.311847157847021396e-13
5.003761178783702053e+04 1.321035540294240068e-15
5.003778763422989141e+04 2.975918689653031334e-12
5.003879492505273811e+04 1.048338387526397232e-11
5.003891466844543902e+04 2.520198881244053655e-11
5.003908859259281598e+04 4.967027494252285896e-13
5.003978675848776038e+04 4.959240604272975254e-13
5.004023936306969699e+04 1.475853762910138774e-12
5.004056304506936431e+04 1.650983118469399810e-13
5.004112398192048568e+04 8.768980897534557060e-13
5.004148992311718757e+04 1.378241924060406726e-11
5.004215994429124839e+04 1.215955583912566937e-13
5.004267160550819244e+04 1.205892188992630578e-13
5.004280779288006306e+04 1.623059747883762770e-13
5.004300052817112010e+04 1.317991923904419697e-13
5.004406062289134570e+04 2.775342440639082529e-12
5.004420970412537281e+04 1.196994443132912633e-12
5.004440769275806815e+04 1.432652817788744394e-14
5.004526943518768530e+04 4.517598780244211090e-14
5.004583685137331486e+04 3.169535907985529385e-14
5.004634993843807024e+04 1.380072888399955154e-14
5.004677420084311598e+04 6.710345178992095027e-13
5.004706959878986527e+04 6.007881117917476541e-15
5.004771167735462950e+04 2.533872029009884824e-15
5.004780667097863625e+04 4.018576818125559691e-15
5.004818409553714446e+04 7.190775708971135709e-15
5.004884163663135405e+04 7.690207071853470422e-16
5.004943675541746052e+04 2.394052965199816988e-14
5.005006480473230476e+04 6.080352986641281262e-16
5.005039707267158519e+04 2.962613340170219641e-15
5.005117966692754999e+04 9.941143993821394550e-17
5.005204132033742644e+04 7.266644077215120966e-16
5.005229442422768625e+04 8.551092560652531551e-16
5.005270715384931100e+04 3.553774464495322434e-17
5.005282878074295149e+04 2.170700119460831250e-15
5.005333351940051944e+04 5.144592231301303801e-16
5.005437726722328807e+04 2.128219448162338857e-16
5.005475521431364905e+04 1.046623083786427498e-15
5.005493795590781519e+04 1.957410227593397925e-15
5.005538941095401970e+04 9.412621910247433666e-16
5.005582086595802684e+04 3.563969449121313878e-16
5.005678579898507451e+04 1.655446273510117706e-17
5.005749299952429283e+04 1.205817459576493517e-15
5.005765407128589868e+04 5.057060273511578110e-17
5.005823941367606312e+04 3.752664185130941108e-16
5.005905177400619868e+04 1.057146383556444358e-17
5.005973840381003538e+04 2.450739943615987714e-17
5.005996165141351230e+04 5.961664986468872973e-17
5.006025420596432377e+04 1.168852099239444033e-16
5.006095558720558620e+04 2.973666863486459156e-17
5.006135102068920241e+04 5.732319155598255153e-18
5.006227756022469111e+04 4.101731807044666764e-19
5.006255568690081418e+04 7.865777524159952578e-18
5.006316319559899421e+04 2.708144793566769395e-18
5.006366295378998620e+04 4.611427307147295096e-19
5.006461140117379546e+04 4.888859711273314442e-19
5.006496298328982084e+04 2.063265216692054309e-21
5.006596099573737592e+04 3.528087877291249365e-19
5.006649821130691998e+04 2.365920712547674260e-18
5.006683145486176363e+04 1.093768662861800360e-19
5.006724822073617543e+04 5.675174641307017659e-19
5.006765755273587274e+04 4.883463575977793941e-19
5.006812144778919173e+04 4.915811379218884432e-20
5.006925913515357388e+04 1.734751405786813166e-18
5.006963627488668862e+04 2.123444967197613634e-20
5.007030010207746091e+04 2.266773930717743002e-19
5.007052169217324263e+04 1.309083398865333453e-20
5.007159890463671036e+04 2.352491998500790415e-19
5.007212741194800765e+04 9.799105399035506946e-20
5.007261989425748470e+04 1.014634377078601156e-19
5.007318750909109804e+04 1.237692840945320026e-20
5.007410978982032975e+04 2.129037513141615455e-21
5.007460643509571673e+04 1.535024231993138179e-20
5.007503925767650071e+04 3.426485982208098743e-21
5.007585748647356377e+04 8.447308839838103385e-24
5.007644542360544438e+04 9.022824018059046153e-22
5.007702063889132842e+04 6.419539893206053453e-23
5.007796825628446823e+04 1.963053610255183545e-21
5.007852490588255750e+04 1.560976160999427789e-23
5.007916975170645310e+04 4.942149667184146825e-22
5.007996304297348252e+04 1.172547767155871101e-21
5.008058451588488970e+04 1.052107372777716718e-21
5.008130335060443031e+04 8.666625323401382108e-22
5.008219687870448979e+04 6.998741546889208927e-22
5.008304995400305779e+04 2.601688993498598326e-22
5.008354602250424796e+04 9.898581890923250789e-24
5.008427782312581985e+04 2.802909030327908277e-22
5.008467475481273868e+04 3.608571840355782039e-23
5.008554969524835178e+04 4.321567487838733548e-23
5.008635860039701947e+04 3.776104223766713137e-23
5.008690192853713233e+04 2.491420906778776213e-24
5.008705431979621062e+04 4.630643840872341079e-24
5.008875330237438175e+04 0.000000000000000000e+00
5.008936881409120542e+04 0.000000000000000000e+00
5.009055409651286027e+04 1.562732033692272713e-24
5.009076167358651583e+04 0.000000000000000000e+00
5.009183520581217454e+04 1.353626604222363876e-24
5.009213354835078644e+04 0.000000000000000000e+00
5.009297945234303916e+04 2.665913146646060460e-24
5.009358573559108481e+04 0.000000000000000000e+00
5.009412218292251782e+04 0.000000000000000000e+00
5.009494785144572961e+04 0.000000000000000000e+00
5.009603730633551459e+04 0.000000000000000000e+00
5.009746256456884294e+04 0.000000000000000000e+00
5.009795838913568878e+04 0.000000000000000000e+00
5.009955893361745984e+04 0.000000000000000000e+00
5.010002913598084706e+04 0.000000000000000000e+00
5.010115453172712296e+04 0.000000000000000000e+00
5.010174628085009317e+04 0.000000000000000000e+00
5.010269890551084973e+04 0.000000000000000000e+00
5.010341313768888358e+04 0.000000000000000000e+00
5.010386645167341339e+04 0.000000000000000000e+00
5.010449443537402112e+04 0.000000000000000000e+00
5.010555844927132421e+04 0.000000000000000000e+00
5.010612135135439894e+04 0.000000000000000000e+00
5.010720160080918140e+04 0.000000000000000000e+00
5.010897158697473060e+04 0.000000000000000000e+00
5.010922684446486528e+04 0.000000000000000000e+00
5.011116571452981589e+04 0.000000000000000000e+00
5.011160618729440466e+04 0.000000000000000000e+00
5.011289389860142546e+04 0.000000000000000000e+00
5.011340519406370004e+04 0.000000000000000000e+00
5.011406575871439418e+04 0.000000000000000000e+00
5.011584211428234994e+04 0.000000000000000000e+00
5.011679213426964270e+04 0.000000000000000000e+00
5.011743780771535967e+04 0.000000000000000000e+00
5.011859235293568054e+04 0.000000000000000000e+00
5.011929427810006746e+04 0.000000000000000000e+00
5.012241042863549956e+04 0.000000000000000000e+00
5.012287059494839923e+04 0.000000000000000000e+00
5.012318281433038646e+04 0.000000000000000000e+00
5.012518620680364984e+04 0.000000000000000000e+00
5.012684440328009805e+04 0.000000000000000000e+00
5.012740185123533593e+04 0.000000000000000000e+00
5.012825048445066932e+04 0.000000000000000000e+00
5.012960669938027422e+04 0.000000000000000000e+00
5.013205452780363703e+04 0.000000000000000000e+00
5.013443512732299132e+04 0.000000000000000000e+00
5.013493584194820141e+04 0.000000000000000000e+00
5.013564857472073345e+04 0.000000000000000000e+00
5.013708468494185945e+04 0.000000000000000000e+00
5.013873979399178643e+04 0.000000000000000000e+00
5.014057958581428102e+04 0.000000000000000000e+00
5.014155698537526769e+04 0.000000000000000000e+00
5.014177049892603100e+04 0.000000000000000000e+00
5.014625318442138087e+04 0.000000000000000000e+00
5.014821134485179209e+04 0.000000000000000000e+00
5.015236801208808902e+04 0.000000000000000000e+00
5.015642495499865618e+04 0.000000000000000000e+00
5.015656245743563341e+04 0.000000000000000000e+00
5.015755313525535166e+04 0.000000000000000000e+00
5.015939860827006487e+04 0.000000000000000000e+00
5.016153453661740787e+04 0.000000000000000000e+00
5.016817593328108342e+04 0.000000000000000000e+00
5.016892899403036427e+04 0.000000000000000000e+00
5.018140204399239883e+04 0.000000000000000000e+00
5.018195141030748346e+04 0.000000000000000000e+00
