-5.000143801256472943e+04 3.982612291626380445e-05
-4.999992963930808037e+04 1.321811850445098016e-06
-4.999886591512265295e+04 4.327444190284347964e-05
-4.999824949782292970e+04 7.841185924628388083e-06
-4.999781917047496972e+04 1.260776346521723403e-05
-4.999734427215403412e+04 7.105503038621640863e-07
-4.999681192522084166e+04 2.604825777352313130e-07
-4.999621049393892463e+04 1.262397814521455216e-05
-4.999554218127611966e+04 2.264482182096696304e-05
-4.999478582521077624e+04 7.560856983550705312e-05
-4.999395936458281358e+04 5.592383492062268975e-05
-4.999306952612945315e+04 5.370607137278650287e-05
-4.999208442898840440e+04 1.178131940482555727e-08
-4.999116956673112145e+04 4.800461513434570041e-04
-4.999106205491285073e+04 9.181843746073630364e-05
-4.998999536170939245e+04 1.267386868948495039e-04
-4.998903856187583733e+04 2.860127966134405186e-03
-4.998882585262319481e+04 4.527028572908565530e-04
-4.998768776086524304e+04 8.090075777632668773e-06
-4.998688335731501138e+04 5.651774634934286822e-04
-4.998651080070160242e+04 1.968989810988318682e-06
-4.998526836665669543e+04 4.691255376725986557e-05
-4.998475857813307084e+04 6.602316069597488797e-03
-4.998398362081584492e+04 6.288628288195542996e-05
-4.998290459969697986e+04 2.185302316729610065e-03
-4.998247683827181754e+04 4.491015612111710388e-03
-4.998160362226935831e+04 1.847538456705377587e-04
-4.998107756354004232e+04 5.745762120717907706e-01
-4.998053147627654107e+04 5.271406425764000626e-03
-4.998020981548310374e+04 2.560553420414578719e-03
-4.997908283083613060e+04 3.716836198639072585e-05
-4.997877675329957856e+04 3.104439016162200971e-01
-4.997830242354904476e+04 8.082647388335062119e-03
-4.997768259851267067e+04 6.635835957863081254e-04
-4.997673114760204044e+04 1.415549004244140516e-03
-4.997639533249484521e+04 6.382118499263694789e-02
-4.997587321078818059e+04 2.707324804275160028e-03
-4.997544409960399207e+04 1.871642401110568094e-05
-4.997420004739089927e+04 5.237187359108891007e-05
-4.997402179880163749e+04 7.700382258878792942e-03
-4.997371885457618191e+04 2.863602444672741585e-03
-4.997292184571359394e+04 7.118175047816409209e-07
-4.997189555783254036e+04 1.836872873669811274e-04
-4.997151329200557666e+04 5.069119259671177324e-04
-4.997129231738620729e+04 5.464464421711621176e-04
-4.997047325489520153e+04 2.727159750056470220e-06
-4.996939710771966929e+04 2.040226096335579222e-05
-4.996919479995847360e+04 8.982597389279811336e-07
-4.996880224527243990e+04 3.191077686857181654e-05
-4.996787370767723769e+04 1.910137455634925795e-07
-4.996728023068585026e+04 4.743364413714838797e-07
-4.996651163817840279e+04 3.129725549717431726e-08
-4.996622239898093540e+04 1.166988678814907335e-06
-4.996563629026451235e+04 5.263725639704466147e-09
-4.996470835166108009e+04 6.998332002093710745e-09
-4.996408557988563552e+04 1.123661856285164045e-07
-4.996364657710987376e+04 2.343153400454868776e-06
-4.996295907963904028e+04 6.083838677756655021e-09
-4.996244834328455909e+04 8.743504696041934170e-08
-4.996111428706737934e+04 5.500650532892038385e-07
-4.996099363921062468e+04 3.203553669610629742e-07
-4.996054544876229193e+04 9.336658038648860700e-09
-4.995886656871826563e+04 4.600515928108050021e-08
-4.995866234974739200e+04 8.036044812218174992e-09
-4.995841926946782769e+04 8.979123586966126563e-08
-4.995728349409233488e+04 1.275017817112959818e-10
-4.995619350471334474e+04 4.586370845930668036e-09
-4.995589863591648464e+04 2.467805312656498783e-09
-4.995508103430029587e+04 4.540546647393003053e-15
-4.995360639970082411e+04 1.068961008601036462e-11
-4.995325689548047376e+04 4.716331130373556684e-10
-4.995241916938314534e+04 1.167863850277679025e-10
-4.995147142761135183e+04 3.266416369488653011e-10
-4.995071016706882074e+04 1.833685831105814321e-10
-4.995053112137778953e+04 3.664299910543684066e-10
-4.994886818761582254e+04 2.355213827494268380e-10
-4.994826396950439812e+04 9.790787148144652321e-11
-4.994718279646760493e+04 4.740076460602031208e-11
-4.994642091920842358e+04 5.897308830034769386e-11
-4.994602275102871499e+04 4.325685180732844666e-12
-4.994407662136766157e+04 9.238514704702885964e-12
-4.994358097827304300e+04 1.474813206475605521e-13
-4.994278286185766774e+04 4.198076975439150350e-14
-4.994151747966766561e+04 9.574927015930224415e-14
-4.994131104598275124e+04 2.897763727008675039e-15
-4.994060490887927881e+04 3.236468444246170943e-14
-4.993889791186955699e+04 5.675689102403402257e-13
-4.993851341129335924e+04 3.015944120291938550e-14
-4.993667918860886857e+04 3.486724425053136701e-14
-4.993602267070030939e+04 8.941982987406985943e-14
-4.993588900251247105e+04 1.408720992739383905e-13
-4.993432131469206070e+04 7.083639029856867739e-15
-4.993338748263299931e+04 3.281588927335175263e-14
-4.993202813420212624e+04 1.915395988641293445e-15
-4.993096716078282770e+04 7.925361550863957092e-16
-4.993000906475556985e+04 2.571341324735549613e-16
-4.992869660034796107e+04 7.914663882600484066e-17
-4.992857578618589469e+04 5.989994054162069962e-18
-4.992735886758530978e+04 1.988877175766727738e-16
-4.992612853240929689e+04 8.951586985188860625e-17
-4.992565103727405221e+04 2.680255262802406925e-16
-4.992367365462656744e+04 2.285458781358596947e-17
-4.992327827885503939e+04 5.778592713417200878e-17
-4.992232868894574494e+04 5.504294380645096947e-17
-4.992049062815320940e+04 6.242183597194298314e-19
-4.991981015738406131e+04 9.707594380461985195e-18
-4.991880876364115829e+04 2.401017335064435641e-20
-4.991702918303266779e+04 6.451391550794692651e-20
-4.991668088369324687e+04 6.106746454312344043e-20
-4.991591259335185896e+04 4.725011887851674663e-20
-4.991429953575983382e+04 7.330049131686295614e-20
-4.991257076698737364e+04 1.358403658805265688e-20
-4.991225378079384973e+04 2.790957042464602678e-19
-4.991067483415988681e+04 1.820570977559620710e-22
-4.990916080786151724e+04 3.443208620077167499e-20
-4.990856378519257851e+04 8.525831604085071346e-23
-4.990722313958028826e+04 4.104077800805033594e-22
-4.990653859882857796e+04 7.833497340540721042e-22
-4.990451793750673824e+04 0.000000000000000000e+00
-4.990307078214994544e+04 6.019281331988083975e-23
-4.990163387473326293e+04 4.162384215447572491e-22
-4.990049557556262880e+04 7.538881457912764994e-24
-4.989948909255311446e+04 1.593023323120105344e-23
-4.989857870692032157e+04 7.072642733158159799e-23
-4.989788478023929201e+04 3.214957550171559018e-24
-4.989632507256993267e+04 9.973675810529978577e-24
-4.989397017177862290e+04 0.000000000000000000e+00
-4.989271117666279315e+04 0.000000000000000000e+00
-4.989036802550480206e+04 0.000000000000000000e+00
-4.988978745334882115e+04 0.000000000000000000e+00
-4.988851196384064679e+04 0.000000000000000000e+00
-4.988663846327289502e+04 0.000000000000000000e+00
-4.988555045780701766e+04 0.000000000000000000e+00
-4.988326027671238990e+04 0.000000000000000000e+00
-4.987961806527680892e+04 0.000000000000000000e+00
-4.987876086713959376e+04 0.000000000000000000e+00
-4.987601738646588637e+04 0.000000000000000000e+00
-4.987404768816477008e+04 0.000000000000000000e+00
-4.987319532618977246e+04 0.000000000000000000e+00
-4.987066532690263557e+04 0.000000000000000000e+00
-4.986530492325058003e+04 0.000000000000000000e+00
-4.986495320699825243e+04 0.000000000000000000e+00
-4.986144244357261778e+04 0.000000000000000000e+00
-4.985623579118709313e+04 0.000000000000000000e+00
-4.985611261067979649e+04 0.000000000000000000e+00
-4.985200205399741390e+04 0.000000000000000000e+00
-4.984746334160710830e+04 0.000000000000000000e+00
-4.984675785498142795e+04 0.000000000000000000e+00
-4.982851667532059219e+04 0.000000000000000000e+00
-4.982793641126288276e+04 0.000000000000000000e+00
4.999857745891589730e+04 1.016673960630299563e-11
5.000009706858364370e+04 1.473705756654597264e-10
5.000118366674400022e+04 3.677265017213526041e-12
5.000184001520415768e+04 7.489118302967778765e-13
5.000230375737146824e+04 2.251088726564554134e-11
5.000279340557710384e+04 1.305806859639617230e-11
5.000333312227248098e+04 3.948891297005717024e-11
5.000393597648703144e+04 1.520851532535831787e-11
5.000460293694616121e+04 1.605715012446389262e-11
5.000535380923440971e+04 1.661619049728619933e-12
5.000617882211705000e+04 1.671307081402101032e-11
5.000706164674501633e+04 1.271139641208292981e-10
5.000804244543434470e+04 1.360994834429615181e-10
5.000886044951144868e+04 5.193394487116918158e-09
5.000906096342250385e+04 1.742603775667833986e-11
5.001012149817905447e+04 8.034454569105113456e-11
5.001100451233162312e+04 1.520912977273724486e-09
5.001128435833259573e+04 2.629058589088559997e-11
5.001242751445223985e+04 5.162814657778966089e-11
5.001316831901842670e+04 5.586535341458165510e-09
5.001359709471041424e+04 2.507369399710328968e-12
5.001483038709613174e+04 4.215248116161084062e-11
5.001530836784472922e+04 3.654398099343331431e-09
5.001611561154875380e+04 2.234270735967749407e-11
5.001719951482162287e+04 4.508942590381183336e-10
5.001759929872118664e+04 6.228029236417007387e-10
5.001850049437883717e+04 3.464048065599081096e-11
5.001893845419507124e+04 2.991470805618497811e-09
5.001955797369656648e+04 1.495547630523484156e-10
5.001988156827469356e+04 8.563650001816688642e-11
5.002101809854138264e+04 5.369188340266859084e-13
5.002124926550799137e+04 1.681112361085582909e-09
5.002179280316987570e+04 9.042385875317117385e-11
5.002242122505650332e+04 1.478318389220521764e-11
5.002338148995477968e+04 2.242499834779070810e-16
5.002364439932035748e+04 5.060083300650329508e-11
5.002422647427997435e+04 1.973257535479876035e-11
5.002467610391224298e+04 3.805978284488735188e-14
5.002592039152357029e+04 2.836125719358575797e-15
5.002604098420299124e+04 4.040412023619470398e-12
5.002637412479463819e+04 1.098635436049061595e-11
5.002719977167502657e+04 1.654262839189362702e-13
5.002823080257081165e+04 2.599082555829765117e-12
5.002858134119983879e+04 1.321047164468068067e-11
5.002878800004290679e+04 2.329152939018087042e-11
5.002967195144339348e+04 1.697384604281370945e-13
5.003072025219994975e+04 1.925816049916994474e-12
5.003095377651991294e+04 8.273300398428578349e-14
5.003127356348370085e+04 1.875845132510580991e-11
5.003228338321018964e+04 1.520624885717129541e-15
5.003286732158526866e+04 5.421043655769995716e-13
5.003363022158711101e+04 8.647718866085623766e-13
5.003386261920831021e+04 5.237730632784963983e-12
5.003454266976266808e+04 8.154118880117522548e-14
5.003543482799691265e+04 1.858497648194928188e-13
5.003607714968326763e+04 8.793069219778830440e-14
5.003644953463975980e+04 1.283494834444751844e-12
5.003722068765846052e+04 1.241230137799028012e-15
5.003768819758974860e+04 5.037721366908417720e-14
5.003902432949946524e+04 1.178689059145288411e-13
5.003913745499712968e+04 7.210686268574527862e-15
5.003964346375150490e+04 2.524624141946387311e-15
5.004126539480560314e+04 3.072351797265867652e-15
5.004150566164243355e+04 1.767293154676879300e-17
5.004170566029390466e+04 3.311004828382386903e-17
5.004288787821066217e+04 4.192296389831170024e-16
5.004397435366896389e+04 3.308702926047623424e-16
5.004424381130956317e+04 3.946466929856536347e-15
5.004510838951523328e+04 8.669719267020803217e-16
5.004659252915999969e+04 1.812618694521564633e-15
5.004688726260348631e+04 1.049178690086232023e-15
5.004772009640049509e+04 4.607627526305438721e-16
5.004872750303643261e+04 6.561039500206113878e-16
5.004947618649841024e+04 1.883403034177218660e-16
5.004961278742819559e+04 2.639174627207241889e-16
5.005133480634967418e+04 1.450151321704249840e-16
5.005192358766449615e+04 2.152464645286988412e-17
5.005299715414970706e+04 1.122639959216381833e-17
5.005379534726867860e+04 6.837538455857966571e-18
5.005418981274485122e+04 6.136181900136377302e-20
5.005612784140525036e+04 1.269401800176685862e-18
5.005662882294717565e+04 4.933831748035848814e-19
5.005738685449721379e+04 8.292540614446110011e-20
5.005871145410082681e+04 1.193609314625913625e-19
5.005889234561981721e+04 2.701536548418390067e-18
5.005961235339714040e+04 4.493699743837086717e-19
5.006134122007706901e+04 1.169604195843542303e-18
5.006170491782807949e+04 1.315922823679347085e-19
5.006358181606934522e+04 1.084719630349797248e-20
5.006421077285736828e+04 8.644867463787972287e-20
5.006430608242157177e+04 1.027343911643270752e-19
5.006597886501445464e+04 5.954420756813606784e-22
5.006684810071449465e+04 4.405015177474936244e-21
5.006823517503634503e+04 3.755841284141990299e-22
5.006931360688307177e+04 1.004538014946086557e-21
5.007021423579325347e+04 1.170475365673940915e-21
5.007161594254960801e+04 4.964352849741381763e-22
5.007172518457704427e+04 1.398141878523216589e-22
5.007283489388233284e+04 1.588044996049651005e-21
5.007413845038563159e+04 1.200268088568623596e-22
5.007462641446314956e+04 5.907563220162709828e-22
5.007659914701579692e+04 2.739652360637290163e-23
5.007704395231402304e+04 4.253666896604154163e-23
5.007798216019837128e+04 3.420120565900064951e-23
5.007983181480882922e+04 0.000000000000000000e+00
5.008047037673376326e+04 0.000000000000000000e+00
5.008146413001219480e+04 0.000000000000000000e+00
5.008320490774739301e+04 3.941242808380276614e-24
5.008366587980546319e+04 0.000000000000000000e+00
5.008445039265123341e+04 0.000000000000000000e+00
5.008606014155934099e+04 0.000000000000000000e+00
5.008779832071795681e+04 0.000000000000000000e+00
5.008801224680341693e+04 0.000000000000000000e+00
5.008965164753281715e+04 0.000000000000000000e+00
5.009116658446553629e+04 0.000000000000000000e+00
5.009184933128055854e+04 0.000000000000000000e+00
5.009313806343022588e+04 0.000000000000000000e+00
5.009385535188700305e+04 0.000000000000000000e+00
5.009587787210208626e+04 0.000000000000000000e+00
5.009730906755719479e+04 0.000000000000000000e+00
5.009870224485400104e+04 0.000000000000000000e+00
5.009986842244055879e+04 0.000000000000000000e+00
5.010095047475377942e+04 0.000000000000000000e+00
5.010185383656468912e+04 0.000000000000000000e+00
5.010249198278899712e+04 0.000000000000000000e+00
5.010412125882668624e+04 0.000000000000000000e+00
5.010645317327223893e+04 0.000000000000000000e+00
5.010777918973656051e+04 0.000000000000000000e+00
5.011004596563013183e+04 0.000000000000000000e+00
5.011064500886383757e+04 0.000000000000000000e+00
5.011190585169252881e+04 0.000000000000000000e+00
5.011381591714070237e+04 0.000000000000000000e+00
5.011479082492500311e+04 0.000000000000000000e+00
5.011722592871011875e+04 0.000000000000000000e+00
5.012088364465386258e+04 0.000000000000000000e+00
5.012164809160922596e+04 0.000000000000000000e+00
5.012438792725239909e+04 0.000000000000000000e+00
5.012625427263530582e+04 0.000000000000000000e+00
5.012712770794308017e+04 0.000000000000000000e+00
5.013002066540218948e+04 0.000000000000000000e+00
5.013503994874528871e+04 0.000000000000000000e+00
5.013570161680301680e+04 0.000000000000000000e+00
5.013917827626290091e+04 0.000000000000000000e+00
5.014404540711382288e+04 0.000000000000000000e+00
5.014420419702940853e+04 0.000000000000000000e+00
5.014874685133363528e+04 0.000000000000000000e+00
5.015294030053586175e+04 0.000000000000000000e+00
5.015381713090567791e+04 0.000000000000000000e+00
5.017182326949977141e+04 0.000000000000000000e+00
5.017245218705586740e+04 0.000000000000000000e+00
