-5.006172279755939962e+04 0.000000000000000000e+00
-5.006169688294292428e+04 0.000000000000000000e+00
-5.005501355036533641e+04 7.385807822082930659e-23
-5.005498980643342657e+04 2.348905525275761585e-23
-5.005114673373388359e+04 2.126326524899695300e-21
-5.005060420155155589e+04 1.854276139378408461e-20
-5.005058649085261277e+04 6.230414444793514003e-21
-5.004957685707545170e+04 3.213367452446934118e-20
-5.004855371403283061e+04 6.596259168975236996e-21
-5.004806547004083404e+04 2.279108481159368703e-19
-5.004747305826011143e+04 4.249377557241291856e-20
-5.004658000774538959e+04 1.075182955994088156e-20
-5.004559445408654574e+04 1.199610152332719648e-19
-5.004452687150312704e+04 4.009360653168297725e-20
-5.004339868948743970e+04 4.593852068433254442e-21
-5.004218732259119133e+04 1.525274195230466895e-21
-5.004094152186847350e+04 2.008783229831590071e-21
-5.004089369894655101e+04 2.636359149403209309e-21
-5.003962588506036263e+04 1.453222690376802396e-20
-5.003884868364596332e+04 7.569873284554482396e-20
-5.003832521118816658e+04 3.325629692428476777e-20
-5.003701045543362125e+04 3.302527515092523439e-23
-5.003682510812799592e+04 1.198334153326182142e-18
-5.003572622645884985e+04 9.803901006919930605e-21
-5.003489558921777643e+04 2.654613444747216221e-18
-5.003461765983278747e+04 1.509472551195705416e-18
-5.003442176763917087e+04 1.509003533409906834e-20
-5.003426405920008983e+04 4.716208366975393467e-19
-5.003350371698116942e+04 6.340883470442900141e-21
-5.003296357834227820e+04 8.597534256367569218e-19
-5.003260248853232042e+04 5.397571828318475249e-19
-5.003187343290364515e+04 3.095331450790319724e-19
-5.003150744816428050e+04 1.999104175100304301e-18
-5.003114597697671707e+04 8.173906460091053791e-18
-5.003090184320718254e+04 7.749263660875927270e-19
-5.003046700522406900e+04 8.712318163042827566e-20
-5.002951398138570221e+04 1.361186590805375828e-17
-5.002949271801015857e+04 3.755975418426465125e-17
-5.002880287437216612e+04 4.842099707244357117e-18
-5.002877916135593841e+04 5.526635006587479461e-18
-5.002792264483572944e+04 2.401292583592686253e-17
-5.002732809624177753e+04 2.514419262692256319e-18
-5.002682797124221543e+04 5.144126115002245742e-18
-5.002673565672177210e+04 1.347459568760464330e-19
-5.002667805240609596e+04 5.535538421457901380e-20
-5.002655087151760381e+04 8.489799578041376429e-18
-5.002635182020161301e+04 1.798378231861823449e-19
-5.002552785772873176e+04 4.177931493761137878e-18
-5.002501990287706576e+04 5.444892499979530457e-19
-5.002469904731524002e+04 3.709890625056646943e-18
-5.002457664294372080e+04 4.857749002342987228e-17
-5.002383027184113598e+04 2.302908083230369709e-18
-5.002352842396549386e+04 7.040469035831182563e-18
-5.002287293423960364e+04 1.132562043899087275e-17
-5.002260769504967175e+04 8.618863129373042845e-18
-5.002250124338689056e+04 3.275856543991474837e-16
-5.002191351742513507e+04 5.050524242784362792e-18
-5.002090812825653848e+04 3.116448592214012967e-17
-5.002089753713700338e+04 8.199304822194730001e-18
-5.002050384904627572e+04 1.483733104129721387e-16
-5.002046761142565811e+04 5.001147898657848628e-16
-5.001971312771600060e+04 3.152185847176565924e-19
-5.001913316861630301e+04 2.703102886737378353e-17
-5.001876459392726974e+04 2.007636243890919603e-16
-5.001848642140359152e+04 2.559086004258925309e-17
-5.001823243619366258e+04 1.499254882749418883e-18
-5.001743451159843971e+04 2.240918539721879448e-18
-5.001711635334407765e+04 6.206963326405920014e-17
-5.001663639124306064e+04 1.889301489495473241e-15
-5.001656045149044803e+04 6.871996724381185597e-16
-5.001599550874533452e+04 6.426910521098709393e-17
-5.001486674646004394e+04 9.395815212231238022e-16
-5.001451177625150012e+04 2.423578676894933501e-15
-5.001442125457368093e+04 2.389746573045681176e-15
-5.001430719495012454e+04 4.863431175879502119e-17
-5.001355700492693722e+04 1.375039982533089911e-18
-5.001298812878462195e+04 4.489161994011594161e-16
-5.001264477288238413e+04 4.614218632112455430e-16
-5.001239716024845256e+04 3.832995668574979527e-16
-5.001172073831501621e+04 1.920080631875033889e-16
-5.001089767985843355e+04 1.741312182947590892e-15
-5.001088889252322406e+04 2.488013307782840328e-15
-5.001057775191301334e+04 1.285010635920676834e-15
-5.001029807890054508e+04 8.547575420504440244e-15
-5.001021007647187798e+04 5.764240329253484461e-16
-5.000922230578838935e+04 1.851992002992562115e-16
-5.000910084612946230e+04 6.928106761816616667e-18
-5.000876199623405410e+04 6.609577357979696547e-15
-5.000821702377550537e+04 3.193192602329665575e-14
-5.000765944530481647e+04 5.474518843750283075e-16
-5.000747453181323363e+04 7.868754353547329626e-17
-5.000695991507374129e+04 2.273350560185238567e-17
-5.000662737441604258e+04 3.005987275127988993e-16
-5.000638542841029994e+04 1.759009034998454559e-15
-5.000609663558319153e+04 3.827646923264823946e-14
-5.000599077005980507e+04 1.791913358074543322e-15
-5.000559108248530538e+04 6.477012530312839403e-16
-5.000464869941565121e+04 5.303405614167452302e-16
-5.000449507440110756e+04 8.303892472965017640e-14
-5.000439462767139776e+04 4.763299143546318155e-16
-5.000407378906116355e+04 1.000753510773248737e-14
-5.000371999271777167e+04 1.237450075332673498e-15
-5.000314242716939043e+04 5.120598722563821163e-18
-5.000263483768826700e+04 1.008995741839835445e-16
-5.000236496024297230e+04 3.444866454870234078e-13
-5.000213885516832670e+04 3.549757308247729630e-14
-5.000189912772830576e+04 3.858215030027496451e-15
-5.000179943397465104e+04 2.845661580048748733e-15
-5.000131767128023057e+04 7.526848168382508711e-16
-5.000099964867101517e+04 4.556500180911549043e-15
-5.000089756762864999e+04 7.180822677684684674e-15
-5.000048825082506664e+04 1.659255308961480911e-15
-5.000024126408225129e+04 4.746313764013815392e-13
-5.000005758903754031e+04 2.274363680366543067e-14
-4.999993947702537116e+04 6.136333697556071234e-15
-4.999984330989359296e+04 4.221015759282689646e-15
-4.999943014683553338e+04 3.106807118636599289e-15
-4.999891794362379733e+04 3.218537246011391700e-16
-4.999876152847534104e+04 4.468385847738825898e-13
-4.999842840295287897e+04 7.166541231064709311e-17
-4.999812396540825284e+04 6.195126505247315771e-15
-4.999800675229782064e+04 1.014011861492241675e-16
-4.999765880993774772e+04 3.764231469672764979e-16
-4.999712507577180077e+04 8.977035146620292406e-17
-4.999662570522021997e+04 2.427073706097862983e-12
-4.999660489446485008e+04 6.494069826210527830e-15
-4.999618740582127793e+04 2.586673402047025606e-13
-4.999604664676595712e+04 3.788892590058767512e-13
-4.999595969450084522e+04 4.264134825920443394e-13
-4.999556480376202671e+04 1.319307544028665493e-14
-4.999506232676016225e+04 3.153235067580073364e-15
-4.999449046471672045e+04 3.269397150173170498e-12
-4.999441214942022634e+04 2.256795004386597164e-15
-4.999432746123556717e+04 4.957825113722032981e-14
-4.999391409863898298e+04 7.307562797133991051e-13
-4.999380996862018947e+04 4.624108688228116519e-14
-4.999314521848639561e+04 7.505195914718651676e-15
-4.999265111870897817e+04 3.596423453138148184e-15
-4.999253955864657473e+04 2.379690090767999285e-15
-4.999235595374370314e+04 1.602872668985946546e-14
-4.999194855719071347e+04 1.766594957506711936e-14
-4.999181922738899448e+04 4.662874704826456893e-13
-4.999091354703252000e+04 7.325606481473573262e-17
-4.999089755774149671e+04 5.344912430697567430e-12
-4.999057950083247852e+04 1.697685425971957471e-14
-4.999029385089195421e+04 7.235249766060521153e-15
-4.999022344447486830e+04 1.374847860709549390e-11
-4.998976873438268376e+04 2.814261794974202458e-12
-4.998948070542961068e+04 4.068380626984980818e-14
-4.998919857909979328e+04 5.233149906652584378e-16
-4.998876145361726230e+04 1.067603188399790104e-11
-4.998864130323498102e+04 7.759541040828577364e-15
-4.998809522252372699e+04 1.420349366765428699e-11
-4.998804862231341394e+04 2.305088122013178898e-13
-4.998770879615598824e+04 8.851549474238211745e-17
-4.998730255399189627e+04 1.820828999276349719e-15
-4.998710540109178692e+04 2.257904030044718584e-16
-4.998678972511088796e+04 1.045766827851905930e-13
-4.998662538971073809e+04 4.329294928580601318e-14
-4.998596768621630326e+04 1.374201571126496522e-11
-4.998572828126046079e+04 5.455495825111469559e-15
-4.998558744251728785e+04 5.200072518404107758e-13
-4.998541258995103999e+04 8.669220813879145659e-14
-4.998508194948586606e+04 8.064043590603554132e-14
-4.998448944126634160e+04 1.435171695266693339e-10
-4.998447560658992734e+04 2.723847461767928737e-14
-4.998402734844078805e+04 2.228898945881137821e-13
-4.998384391909254191e+04 2.358810280025238988e-11
-4.998361000600983243e+04 6.624366520222125556e-14
-4.998300660610075283e+04 4.723588816263458678e-15
-4.998274133052671095e+04 1.127512727461229021e-16
-4.998235376915839879e+04 2.527135551209180012e-10
-4.998224310488565970e+04 1.138980463735755807e-13
-4.998190891953848040e+04 1.079141853394659611e-12
-4.998172666997553461e+04 1.547221589165522319e-11
-4.998150251998281601e+04 5.035513808058779239e-13
-4.998115153449386708e+04 2.656364625101617347e-13
-4.998089755630280706e+04 2.378141492987434852e-11
-4.998046766211200884e+04 1.494463676214381289e-13
-4.998021854107040417e+04 1.848933126589679741e-10
-4.998014403373251844e+04 5.369236437078517362e-13
-4.997968764120894775e+04 4.715943544357897398e-12
-4.997962143799261685e+04 8.728330468932871030e-13
-4.997945762106636539e+04 2.818473830647379936e-13
-4.997883503050175932e+04 5.318237988494516681e-13
-4.997876144023286179e+04 9.504147439385291351e-10
-4.997808427319744078e+04 1.150958215910143244e-10
-4.997802038814450498e+04 2.663742063263289287e-13
-4.997769749375658284e+04 6.087229784801696232e-13
-4.997754051366625936e+04 3.559523859371233935e-13
-4.997751173262326483e+04 1.470805973555806031e-12
-4.997695002247447701e+04 1.921489338187796573e-14
-4.997686411697065341e+04 5.226813558240057465e-13
-4.997662532386558451e+04 3.230400914558656516e-09
-4.997652921053822502e+04 4.412060888525170251e-14
-4.997595123990157299e+04 7.026763846785237231e-10
-4.997579052912292536e+04 2.244879230370115889e-12
-4.997547296737218130e+04 1.575411677746803844e-11
-4.997542290995267831e+04 5.385503765864640117e-11
-4.997496458545119822e+04 1.206293119638898333e-17
-4.997448920185698807e+04 1.812200487606985429e-09
-4.997439834030650673e+04 5.012807143444190651e-13
-4.997400859459444473e+04 2.744266894755576574e-12
-4.997382070969188499e+04 7.631746479017984240e-12
-4.997380023949584574e+04 3.858287769221272256e-12
-4.997341940909915138e+04 2.289585138099778324e-11
-4.997331548521531658e+04 3.648062649547578999e-11
-4.997277602896850294e+04 5.354637182447332507e-13
-4.997249494398966635e+04 2.751702470070016164e-13
-4.997235305151168723e+04 2.995330112935279468e-10
-4.997220546996465418e+04 9.961642633998330663e-14
-4.997169565185544343e+04 7.699583873738049632e-11
-4.997156207474623079e+04 6.634043844454000848e-12
-4.997130430062538653e+04 1.094673663586705489e-13
-4.997126420310854883e+04 6.236587397976860311e-12
-4.997089755320749100e+04 1.596962145074564310e-08
-4.997082829382093769e+04 4.750718322800133981e-13
-4.997029889155045385e+04 6.033481437821369641e-12
-4.997021681466687005e+04 1.517008647202342716e-08
-4.996972079337864125e+04 3.367004421665873069e-11
-4.996955793718749919e+04 1.265153435900366057e-09
-4.996944984211555129e+04 3.087721785254959920e-11
-4.996921307527511090e+04 7.955843124604303797e-11
-4.996883780582519103e+04 4.579692476099500862e-14
-4.996876141647301120e+04 1.206723355403912190e-08
-4.996852130250178016e+04 2.480677350336135283e-14
-4.996808040319427528e+04 3.822891270904913867e-10
-4.996759524598192365e+04 8.737802699450897810e-13
-4.996754866975986806e+04 1.908658053614174959e-11
-4.996742822724250436e+04 2.014344753168787281e-10
-4.996715671325543371e+04 2.268157340431868716e-11
-4.996699899019594886e+04 4.784321817227159515e-15
-4.996662521744053811e+04 1.280829277975987589e-09
-4.996639031122317829e+04 1.158081317079899555e-16
-4.996594355772970448e+04 9.381257015862923466e-10
-4.996566464089265355e+04 1.692211710900847401e-11
-4.996531120072309568e+04 9.289448152037749554e-10
-4.996518847141516744e+04 6.873500765697614464e-13
-4.996511773259333859e+04 1.896074470955381221e-13
-4.996448881064654415e+04 2.008183131442250303e-07
-4.996435300913044193e+04 1.083263207745969066e-12
-4.996414090713573387e+04 5.546390581907420386e-14
-4.996380670424977143e+04 1.411436557949604279e-08
-4.996379868168941175e+04 1.527103685468826332e-09
-4.996326104439676419e+04 4.829478133245594816e-10
-4.996317542000122921e+04 9.938127211570867339e-10
-4.996313257290371985e+04 2.101698086730075318e-11
-4.996268031567538128e+04 3.770705497664563403e-12
-4.996235180622638291e+04 7.725545760422153235e-08
-4.996223072327848058e+04 3.040738900591146965e-12
-4.996166664565268729e+04 6.882924047157467958e-10
-4.996140118874287145e+04 1.417942766499274771e-11
-4.996128354818782100e+04 6.627594116008889643e-12
-4.996106802817837888e+04 1.038516102831769277e-10
-4.996099236658115115e+04 8.025014915036891409e-12
-4.996089751186074136e+04 5.241297911838120309e-08
-4.996059970893364516e+04 5.512178357448217268e-12
-4.996021340524064726e+04 6.342429430699106306e-09
-4.995996846729689423e+04 3.913540504314680996e-13
-4.995952610774872301e+04 3.388232452079501401e-08
-4.995949738236385747e+04 1.684346168470421637e-09
-4.995919351794142858e+04 5.076384582537298862e-13
-4.995894626358689129e+04 4.864906142896520489e-11
-4.995876102089873893e+04 1.680179579480388339e-06
-4.995864426576002006e+04 3.416616682011192702e-12
-4.995812282494045212e+04 9.515615683616890414e-12
-4.995807228831853718e+04 1.321319805957294836e-07
-4.995787133254078799e+04 3.767692356288576364e-11
-4.995737884182184644e+04 2.083792590254744059e-08
-4.995718174441256269e+04 2.951423529109782224e-12
-4.995685191613381176e+04 6.582721807571896655e-11
-4.995665059444479994e+04 2.003449959999182561e-11
-4.995662342442628142e+04 3.064169790320512318e-06
-4.995614063608140714e+04 8.320453415877548385e-13
-4.995598333091754466e+04 4.222265453318200918e-11
-4.995592662698791537e+04 2.189427009820479882e-07
-4.995534617106273799e+04 6.614958784054398166e-12
-4.995522803562065383e+04 1.260600220151041130e-10
-4.995489387048412755e+04 5.756072539739918089e-14
-4.995472237657307414e+04 4.254173060713142119e-11
-4.995448344589478074e+04 2.102125681961377571e-07
-4.995393591501053015e+04 5.727160953202866906e-12
-4.995377425709537783e+04 8.232420299834653978e-07
-4.995372389310246945e+04 1.585630763961553405e-10
-4.995307129204328521e+04 1.279569015184014613e-09
-4.995302358930484479e+04 2.189435811572712373e-12
-4.995282395887289022e+04 4.799698130688451548e-16
-4.995263386914288276e+04 8.811360835562237940e-12
-4.995233927068838238e+04 9.562553356246566558e-07
-4.995226701624011912e+04 5.590346663767121383e-11
-4.995187341328282491e+04 4.231715234421219163e-13
-4.995161296856016270e+04 1.598691183644175472e-07
-4.995158600684769044e+04 5.014538526361250892e-10
-4.995107110561620357e+04 6.578673146794630575e-13
-4.995090527252529137e+04 1.876585791505142487e-09
-4.995089692957892112e+04 2.187491043656129288e-05
-4.995067954309326888e+04 1.920696888306777671e-11
-4.995051960204082570e+04 3.740522731268703714e-12
-4.995018843771146203e+04 9.874307708467578346e-06
-4.994988107373085222e+04 3.592339181035190879e-12
-4.994944058955817309e+04 3.699394860946639431e-08
-4.994932042169196211e+04 3.500655576869582089e-11
-4.994882116230250540e+04 6.357920572409285228e-12
-4.994875850268440263e+04 2.566191890616460018e-05
-4.994873511152210267e+04 1.357663655486442678e-09
-4.994851059929031180e+04 2.732239991993773456e-12
-4.994819229748933867e+04 1.836818993593918801e-12
-4.994802799918778328e+04 1.082444831133369423e-05
-4.994790819039019698e+04 1.375708627522828360e-10
-4.994730924571488140e+04 1.001801540428991405e-09
-4.994725984548784618e+04 4.340165779851653982e-09
-4.994725416054452216e+04 5.316582898499208115e-08
-4.994661473634558934e+04 1.223134013974660461e-05
-4.994657636034961615e+04 2.541007877129549466e-11
-4.994644629722982791e+04 2.583472866581356129e-11
-4.994626898565267766e+04 1.545580697876563515e-12
-4.994600363756294246e+04 1.030768311087812958e-12
-4.994585490546430083e+04 2.831831762206803841e-09
-4.994545468376653298e+04 2.424419136328420831e-12
-4.994505638269467454e+04 3.785560396551430868e-08
-4.994497462547723262e+04 4.331313564131691797e-12
-4.994445871602148691e+04 2.324549389606859172e-04
-4.994440995618992747e+04 1.086717012797931499e-08
-4.994417074014835816e+04 9.189790776518915212e-11
-4.994403728105143819e+04 1.505491245310918790e-10
-4.994384556839957804e+04 8.751993258773948225e-11
-4.994366644623043976e+04 3.192933058588481454e-06
-4.994287147638688475e+04 3.203265024623295238e-09
-4.994283532529427612e+04 1.424983759546484140e-08
-4.994228369010851748e+04 3.892930125315341748e-05
-4.994224428272833757e+04 1.145950999578717479e-08
-4.994214627087749250e+04 1.174368915953277601e-10
-4.994193254453347618e+04 6.444783218737453885e-11
-4.994160038052287564e+04 3.724699578383395270e-15
-4.994146053208298690e+04 2.124134635334561161e-06
-4.994138684615031525e+04 6.743776790689962590e-11
-4.994088091670227732e+04 3.732189865369035776e-04
-4.994061455695309996e+04 5.509579504814964981e-13
-4.994052301089033426e+04 1.197684764508453864e-11
-4.994008911661007005e+04 9.397869390610338460e-06
-4.994008435171308520e+04 9.687670049021216670e-05
-4.994001620629616809e+04 1.085313165969354373e-08
-4.993970696789979411e+04 4.386268330442460354e-10
-4.993936374455595796e+04 3.834205073796930339e-10
-4.993923542502406053e+04 6.870734210293673662e-07
-4.993905722693977441e+04 3.177286907055420532e-10
-4.993869559324775037e+04 3.332904199511404607e-03
-4.993837620561129006e+04 3.593350287817257444e-08
-4.993821484993030026e+04 9.178769299519596114e-11
-4.993812318790692370e+04 7.891762873316218171e-09
-4.993785924553771474e+04 1.599600445617421610e-04
-4.993772143864221289e+04 1.853473444711329096e-08
-4.993743348515483376e+04 1.513875965674597909e-09
-4.993698967263818486e+04 4.249114123827450701e-07
-4.993647811122710846e+04 2.215578190963518167e-03
-4.993642259470220597e+04 3.339327118220566020e-11
-4.993633386959323980e+04 8.614570579719225596e-09
-4.993611778397684975e+04 6.868084995084011675e-08
-4.993598934816467226e+04 6.198804646659814051e-10
-4.993560554349947779e+04 4.000189051429571860e-05
-4.993538447503802308e+04 6.534330452137591924e-10
-4.993519772356002068e+04 6.316176682985842937e-10
-4.993472154203818354e+04 2.690029000145806379e-06
-4.993453368284356839e+04 8.460325545423606006e-10
-4.993422425746876252e+04 7.898038626155004169e-03
-4.993405825412413833e+04 2.858168333706294311e-07
-4.993397956757273641e+04 3.823098402470337333e-08
-4.993380091225099750e+04 3.159465334302408996e-07
-4.993332234602038079e+04 2.096081347261040230e-06
-4.993330046313336061e+04 1.080847261383490506e-10
-4.993307115744363546e+04 3.209399919086947449e-11
-4.993254910271977133e+04 7.517811193416874084e-09
-4.993242974007077282e+04 2.906201252876054525e-06
-4.993226507157006563e+04 2.413489597534579647e-08
-4.993193209276860580e+04 5.289102225785862615e-03
-4.993174300375148596e+04 1.087727499948418708e-07
-4.993149427151602868e+04 1.023819500579330571e-07
-4.993100871448851103e+04 1.674457250337009658e-03
-4.993089902419273858e+04 1.112370996271695943e-05
-4.993082642206479068e+04 6.435473750369058443e-01
-4.993075843131182774e+04 1.760733120214065678e-09
-4.993041536932547024e+04 6.028303507983844615e-08
-4.993011333926762745e+04 2.839731756440063787e-06
-4.992972135706849076e+04 1.135592898177192751e-07
-4.992959926150443061e+04 4.127643680428923559e-03
-4.992943655029320507e+04 1.296529077138888042e-09
-4.992921967852801754e+04 2.744464680692851704e-06
-4.992872564027491171e+04 8.915055679460360971e-06
-4.992866633744419232e+04 8.822552126462979843e-03
-4.992857257495938393e+04 3.279786486909331460e-04
-4.992853346796840196e+04 2.674073066819425137e-01
-4.992824405593857227e+04 4.354112424847375911e-08
-4.992777197100157355e+04 1.813001696684116807e-06
-4.992742016877912829e+04 4.910410331639613158e-08
-4.992722441893637733e+04 1.626543936914585887e-03
-4.992693437262508814e+04 3.370309587583979552e-06
-4.992659604652376584e+04 4.797799312067234101e-09
-4.992634840037578397e+04 1.191899891424166830e-04
-4.992629427350102196e+04 4.188676121277466052e-03
-4.992614661651809729e+04 4.153459159193618327e-02
-4.992606208352832618e+04 4.232457210670698925e-07
-4.992540769271477620e+04 3.230092126426069110e-08
-4.992491788219023147e+04 1.242465613177803282e-07
-4.992480763660338562e+04 2.154452958973952445e-04
-4.992468013631152280e+04 6.623433390566845857e-07
-4.992465424881136278e+04 8.748718262016849551e-07
-4.992410170989990002e+04 3.620183732380499635e-07
-4.992405440503658610e+04 8.335450448354776251e-06
-4.992389314838083374e+04 7.059303257161241149e-04
-4.992368002004306618e+04 5.332721350559185315e-03
-4.992365472438475263e+04 3.527905286573856262e-08
-4.992303620642229362e+04 2.097294803269108893e-07
-4.992266357493717078e+04 3.442157075630604790e-08
-4.992235043035174749e+04 9.741664057348032075e-06
-4.992229886055729730e+04 6.796838344393541038e-08
-4.992201518595331436e+04 3.285993926845836572e-07
-4.992169107840798097e+04 7.460078027750884720e-07
-4.992146152829292987e+04 5.864315484728182116e-05
-4.992125719647177175e+04 3.433136289519636112e-06
-4.992114744975745998e+04 4.519726156763478235e-04
-4.992088401626750419e+04 1.097207311377203944e-07
-4.992057221352803026e+04 1.297262411327018531e-07
-4.992013454564924905e+04 1.183554361925488382e-09
-4.992005369952542242e+04 9.976601132911795210e-09
-4.991985494686307356e+04 1.245920780972551847e-07
-4.991967141676841857e+04 9.267002532051055592e-10
-4.991936316464398988e+04 1.766959882039509412e-08
-4.991928309801468276e+04 6.627088839447592157e-09
-4.991899542281980393e+04 7.608159965826013183e-07
-4.991856103944060305e+04 4.027728809930291412e-06
-4.991827591968265187e+04 2.938159394987442084e-08
-4.991799512388931907e+04 6.335539612834038179e-09
-4.991738348007127206e+04 1.392955305208530111e-08
-4.991732565567331767e+04 1.018671500774525488e-06
-4.991708324688526773e+04 4.751948525581118224e-09
-4.991694330532960885e+04 8.038912364331884559e-09
-4.991651215096149099e+04 2.477614145277144273e-07
-4.991643023720073688e+04 5.971479338062019323e-09
-4.991600840087612596e+04 2.128605626737052193e-07
-4.991592383798328956e+04 2.784170801625306638e-06
-4.991561610497976653e+04 5.134285840761601875e-09
-4.991523021990388224e+04 4.502650127344509833e-12
-4.991476984416801861e+04 3.034859232887242103e-07
-4.991459733306918497e+04 2.540142642652600526e-08
-4.991416190142506821e+04 1.477871231597267445e-09
-4.991400252297036786e+04 1.936207058772705402e-07
-4.991381376063886273e+04 3.731386071031243530e-09
-4.991353086168567097e+04 3.686974661016821419e-08
-4.991328743416719226e+04 6.076263326084997120e-07
-4.991324124883359036e+04 1.225132064151163388e-06
-4.991305133451680740e+04 1.998642536059157479e-08
-4.991227990708628931e+04 8.078257861890495191e-10
-4.991216189074318390e+04 2.626743457612752364e-08
-4.991212018723574874e+04 5.870300380745039222e-10
-4.991181612316521205e+04 2.032374170149735096e-10
-4.991146312816071440e+04 4.848262100581432504e-08
-4.991072405830150092e+04 4.393994775994602376e-08
-4.991056213798188401e+04 8.777953028697270940e-08
-4.991053045648978150e+04 2.849087765030369145e-07
-4.991002612632189994e+04 3.369263143087301951e-11
-4.990981389672603837e+04 9.505637951003069890e-12
-4.990956105349513382e+04 1.763502004631069949e-10
-4.990915972301470902e+04 8.979565956230375031e-10
-4.990887151842199091e+04 3.920527542018414277e-09
-4.990818741602609225e+04 2.804453120078651756e-10
-4.990810123023158667e+04 1.276709981632534765e-09
-4.990781490988047153e+04 2.738373339031076691e-08
-4.990755536107074295e+04 7.175922665564448406e-12
-4.990727837162065407e+04 4.175172947717548840e-13
-4.990694743103405926e+04 5.641483103708930834e-10
-4.990689067373911530e+04 1.689335456293200727e-10
-4.990644762535540212e+04 8.458468104022004290e-12
-4.990616955706448061e+04 1.067035670227308616e-12
-4.990612677180949686e+04 6.909974997793728712e-12
-4.990577115912402951e+04 6.173491933164891297e-13
-4.990537258476772695e+04 5.584869685942765887e-12
-4.990506565764980041e+04 1.946906105843268472e-12
-4.990488862004085240e+04 2.913320211232059825e-12
-4.990465623533578764e+04 1.579279917171968507e-11
-4.990427933544394182e+04 4.031099502607524560e-10
-4.990378167672993732e+04 1.096221748441661912e-10
-4.990349379819614114e+04 4.642486227117225024e-11
-4.990291770432681369e+04 3.545660557745964961e-11
-4.990274599802133889e+04 1.036856745456794727e-11
-4.990230504249162186e+04 7.454083636109436899e-10
-4.990223376770829782e+04 4.104289575425234883e-11
-4.990165597206403618e+04 4.491565753764967069e-11
-4.990160251749474992e+04 1.043120506696041344e-11
-4.990132190853248903e+04 1.269860016546100259e-11
-4.990101178457255446e+04 6.389064206348893689e-11
-4.990042514223395847e+04 9.546186999451050577e-12
-4.990005971474321268e+04 1.173684340819138366e-11
-4.989972557831347513e+04 1.684261551589875166e-11
-4.989951308660511859e+04 3.330220409937418483e-10
-4.989930526981232106e+04 3.912344489047032959e-14
-4.989900045294752636e+04 1.561228033402249816e-13
-4.989881688525198115e+04 4.740865601641755665e-12
-4.989852211179827282e+04 7.086553315181367574e-12
-4.989818091516698769e+04 5.771509650235708217e-12
-4.989764973011187976e+04 4.989117942117992922e-13
-4.989725089656792261e+04 2.928153477668606012e-12
-4.989673143087756034e+04 4.989645650177954017e-11
-4.989645381851206912e+04 2.026005101648025464e-13
-4.989619976952097204e+04 3.756659115231697866e-15
-4.989564407181647402e+04 4.549768006045334362e-13
-4.989497095612959674e+04 6.384313510290705853e-16
-4.989466376278397365e+04 1.199773004142545308e-13
-4.989444905766789452e+04 3.858681434582815995e-14
-4.989412605301647272e+04 4.087677283973730821e-13
-4.989394584787448548e+04 1.011784348248294241e-12
-4.989366785714278376e+04 1.013620498667080346e-13
-4.989341932208573417e+04 1.844929078729684647e-13
-4.989322960119242634e+04 3.568010231794340775e-14
-4.989283094815144432e+04 1.378048441240017801e-13
-4.989256647511638585e+04 7.514398988215203556e-16
-4.989213810050613392e+04 9.461774527860064013e-15
-4.989182621116097289e+04 7.011890667106759063e-15
-4.989120400196473929e+04 1.456876889127172629e-13
-4.989098352491411060e+04 1.716639043424178885e-13
-4.989067932273176120e+04 4.196575339514651531e-14
-4.989021362632193632e+04 1.183253439342615241e-13
-4.988959098236871796e+04 5.209669255255520018e-14
-4.988905306862510042e+04 1.864732865822180918e-15
-4.988862984155776940e+04 7.861314906765734347e-14
-4.988822540106694942e+04 2.278287285366498573e-13
-4.988803873112532165e+04 1.560019021817726661e-15
-4.988771553079834848e+04 1.564003772876821385e-14
-4.988753880287148058e+04 1.388010543857262707e-14
-4.988693601452717121e+04 1.745823500083301935e-14
-4.988673209860685165e+04 1.189755553545043565e-14
-4.988630711638808134e+04 3.923581726739734536e-20
-4.988604679086645046e+04 2.776151379055203881e-15
-4.988558761818555649e+04 9.497738283053570815e-15
-4.988547468148588086e+04 5.807361907558869982e-14
-4.988498074038353661e+04 7.319848932269791758e-17
-4.988471029287939018e+04 1.264723922433877731e-15
-4.988417618678664439e+04 4.365125650992519536e-15
-4.988384295912701782e+04 4.296308052501292990e-16
-4.988279720962370629e+04 4.937527425420728765e-15
-4.988237194627329154e+04 7.597246815928821322e-17
-4.988173061481039622e+04 1.407931788346463449e-17
-4.988153516697608575e+04 4.306865079370630385e-17
-4.988098882915208378e+04 1.955273490545965782e-16
-4.988025834393379046e+04 4.482183317971111375e-18
-4.988010647225360299e+04 4.516786833676780814e-18
-4.988001024190139287e+04 9.182281773645947039e-18
-4.987955883959825587e+04 8.254823203209670968e-17
-4.987932937636721908e+04 4.383144840734489807e-17
-4.987899627859298198e+04 5.046057420703806507e-17
-4.987863138945252285e+04 1.142144563194332170e-16
-4.987805940053552331e+04 1.220836108723635524e-17
-4.987786487631445925e+04 7.310397389617210808e-18
-4.987711805026027287e+04 4.821739465853107530e-18
-4.987697821804174600e+04 2.353670541305791936e-16
-4.987654508031597652e+04 8.559175272852644086e-17
-4.987582682220897550e+04 4.900040824401812117e-17
-4.987487241612673097e+04 3.440093987407083397e-18
-4.987439636836814316e+04 8.705280502091914151e-17
-4.987375922611901478e+04 1.270639978466243278e-17
-4.987360243583186821e+04 4.533566264454604399e-18
-4.987320938299639238e+04 3.055826305122347006e-18
-4.987296954812828335e+04 1.904500748212353536e-18
-4.987244752395111573e+04 1.560320679337157843e-17
-4.987207371481302107e+04 5.273252584909981485e-20
-4.987200319264548307e+04 4.207820846041173934e-18
-4.987151961866205238e+04 8.627247818228094367e-19
-4.987095739034823782e+04 2.086447181110235050e-18
-4.987057243848993676e+04 1.033434610015630893e-18
-4.987035169229096209e+04 2.850984120132412492e-19
-4.986967491709478782e+04 6.854025910294557850e-19
-4.986862311100919032e+04 8.439426693926948386e-22
-4.986780277030156867e+04 4.839213394056369235e-20
-4.986746726827194652e+04 6.660092254530888265e-20
-4.986666685862951999e+04 1.557512811211692688e-19
-4.986627922052696522e+04 5.929278132921775153e-20
-4.986586059755292808e+04 4.134644154391811297e-20
-4.986568604511380545e+04 1.308750347607428083e-19
-4.986500162355915381e+04 6.815391285669618100e-22
-4.986435335026583925e+04 1.015335918167277301e-19
-4.986387073844259430e+04 8.403399339590201809e-20
-4.986309024538997619e+04 5.248913815825549349e-21
-4.986266315342635789e+04 6.093066470661600693e-20
-4.986216878377913235e+04 3.926209053676584500e-20
-4.986201720947173453e+04 9.323073184455993852e-21
-4.986143037046946847e+04 4.568709667390542781e-20
-4.986056529216480703e+04 2.539328773029559944e-21
-4.985970641642364353e+04 1.369706383174884320e-21
-4.985914064389572013e+04 9.558543533034119898e-21
-4.985857705375102523e+04 5.386196152917733007e-22
-4.985787270048398932e+04 2.582116804069464704e-22
-4.985707147575658746e+04 4.428851591048710766e-24
-4.985677002685394109e+04 1.301296579607036374e-22
-4.985634226568526356e+04 9.167061179711310585e-23
-4.985616117445707641e+04 8.974852890083880425e-24
-4.985535554084330943e+04 1.136742845594517673e-22
-4.985517248836289218e+04 5.777118709359677993e-23
-4.985369392572653305e+04 1.435171913517810744e-22
-4.985298264157198719e+04 1.228004733023304323e-22
-4.985283665451584238e+04 5.319013670880693603e-23
-4.985140076790415333e+04 3.196205757989443803e-22
-4.985088283793073788e+04 0.000000000000000000e+00
-4.985015368877510627e+04 6.223573365026683481e-23
-4.984945350827083894e+04 1.678731248879481895e-24
-4.984831313524019060e+04 3.081555041160118654e-24
-4.984730961590081279e+04 2.433723121197427163e-23
-4.984702352731557039e+04 2.482410870556085390e-24
-4.984619117231661949e+04 0.000000000000000000e+00
-4.984580568792022677e+04 0.000000000000000000e+00
-4.984506465294626105e+04 0.000000000000000000e+00
-4.984445119523254834e+04 0.000000000000000000e+00
-4.984376881349206087e+04 0.000000000000000000e+00
-4.984308710945527127e+04 0.000000000000000000e+00
-4.984209135361954395e+04 0.000000000000000000e+00
-4.984091711470612790e+04 0.000000000000000000e+00
-4.983991032257404731e+04 0.000000000000000000e+00
-4.983956168627136503e+04 0.000000000000000000e+00
-4.983942065160962375e+04 0.000000000000000000e+00
-4.983870600527189526e+04 0.000000000000000000e+00
-4.983736106486750941e+04 0.000000000000000000e+00
-4.983613125725712598e+04 0.000000000000000000e+00
-4.983576449986010994e+04 0.000000000000000000e+00
-4.983405197545331612e+04 0.000000000000000000e+00
-4.983282217145113827e+04 0.000000000000000000e+00
-4.983210373324163811e+04 0.000000000000000000e+00
-4.983174013039264537e+04 0.000000000000000000e+00
-4.983042632480708562e+04 0.000000000000000000e+00
-4.982839704312759568e+04 0.000000000000000000e+00
-4.982670391205122723e+04 0.000000000000000000e+00
-4.982547726306298136e+04 0.000000000000000000e+00
-4.982518120697367704e+04 0.000000000000000000e+00
-4.982456512035569176e+04 0.000000000000000000e+00
-4.982212754717344797e+04 0.000000000000000000e+00
-4.982176132330294786e+04 0.000000000000000000e+00
-4.982063374383133487e+04 0.000000000000000000e+00
-4.981961568826581788e+04 0.000000000000000000e+00
-4.981863742656385875e+04 0.000000000000000000e+00
-4.981766024281388673e+04 0.000000000000000000e+00
-4.981371357197705947e+04 0.000000000000000000e+00
-4.981271642648520356e+04 0.000000000000000000e+00
-4.980997496696606686e+04 0.000000000000000000e+00
-4.980594388272865035e+04 0.000000000000000000e+00
-4.980374046531808563e+04 0.000000000000000000e+00
-4.980335742297583784e+04 0.000000000000000000e+00
-4.980197566514174105e+04 0.000000000000000000e+00
-4.980061568772413739e+04 0.000000000000000000e+00
-4.979821196919681825e+04 0.000000000000000000e+00
-4.979192885942989960e+04 0.000000000000000000e+00
-4.979152440756501164e+04 0.000000000000000000e+00
-4.977888995430548675e+04 0.000000000000000000e+00
-4.977841270919564704e+04 0.000000000000000000e+00
4.993843197349992988e+04 0.000000000000000000e+00
4.993845941003141343e+04 0.000000000000000000e+00
4.994512256294389226e+04 0.000000000000000000e+00
4.994514762318917201e+04 0.000000000000000000e+00
4.994886632657734299e+04 0.000000000000000000e+00
4.994951010211589164e+04 0.000000000000000000e+00
4.994952892227044504e+04 0.000000000000000000e+00
4.995044753006158135e+04 0.000000000000000000e+00
4.995149677917059307e+04 2.346999801728985594e-24
4.995200735995674768e+04 1.557934158679931631e-24
4.995259599922617053e+04 0.000000000000000000e+00
4.995348280266345682e+04 0.000000000000000000e+00
4.995446812760669127e+04 0.000000000000000000e+00
4.995553729287216993e+04 0.000000000000000000e+00
4.995666469434052124e+04 0.000000000000000000e+00
4.995787368608385441e+04 0.000000000000000000e+00
4.995909031564673205e+04 0.000000000000000000e+00
4.995915875517229870e+04 0.000000000000000000e+00
4.996043637286362355e+04 0.000000000000000000e+00
4.996118674768687924e+04 2.200875525348998912e-24
4.996173501034450601e+04 0.000000000000000000e+00
4.996304917732012109e+04 0.000000000000000000e+00
4.996322220281574846e+04 2.575207979625164944e-24
4.996433543042687234e+04 5.062626928536228896e-24
4.996516598862496903e+04 3.113347433063913452e-24
4.996546631469048589e+04 1.465201536583684367e-24
4.996570934316110652e+04 0.000000000000000000e+00
4.996584518152681267e+04 0.000000000000000000e+00
4.996656739276990265e+04 4.548962401074627846e-24
4.996710488700330461e+04 1.204226599305614226e-22
4.996747730796853284e+04 0.000000000000000000e+00
4.996821415205803351e+04 3.624125956468714016e-24
4.996858379326609429e+04 1.094190829557996634e-23
4.996893457415613375e+04 2.891577033517796011e-22
4.996912192569050967e+04 0.000000000000000000e+00
4.996962569039264781e+04 5.033050229564261214e-24
4.997057214322515938e+04 8.708361110089710908e-23
4.997059862937112484e+04 1.954122638853675713e-23
4.997125847212363442e+04 4.226424433667574111e-23
4.997128965621718089e+04 1.489507987942207391e-23
4.997218322059989441e+04 2.577490918918049469e-22
4.997276784584175766e+04 4.430200553276525530e-24
4.997333679354516789e+04 5.572689567461524916e-22
4.997341919544756820e+04 4.354686361670795580e-23
4.997355663803219795e+04 0.000000000000000000e+00
4.997365695193377178e+04 6.467101353404089169e-23
4.997373975573924690e+04 4.610036103027910164e-23
4.997461604880107916e+04 8.825927050950804495e-24
4.997509228705707937e+04 4.290225999757768405e-24
4.997545210008397407e+04 7.475764352717149098e-22
4.997551273645205220e+04 6.008147785795961728e-22
4.997635312572918338e+04 4.645893861356188072e-23
4.997659874178993778e+04 1.284100373565026361e-23
4.997727230007306935e+04 0.000000000000000000e+00
4.997751387005073775e+04 1.944610383678069072e-24
4.997757792673691438e+04 9.765577590208776141e-22
4.997825910228398425e+04 0.000000000000000000e+00
4.997912572658761201e+04 4.336323315456620367e-22
4.997925848211195989e+04 3.350402065892373246e-23
4.997959781935180217e+04 2.309506067961268115e-22
4.997962401635914284e+04 4.761273584436909026e-22
4.998045656693078490e+04 2.923063793342959540e-22
4.998098183660972427e+04 2.050404075051470230e-22
4.998127509849599301e+04 2.503611573106890166e-21
4.998162068602954969e+04 1.305593861586806298e-20
4.998189961245679297e+04 2.814154330696017200e-24
4.998268416063619952e+04 1.991568168994777621e-24
4.998303300290636253e+04 1.790070264565051958e-22
4.998341950368461403e+04 1.708059927075690391e-21
4.998355373120366858e+04 7.764056077033537912e-21
4.998416715963846218e+04 2.674076740845982725e-21
4.998527407392366877e+04 1.346112366981385997e-22
4.998555935557567136e+04 6.231286096116346567e-21
4.998572208952229266e+04 9.401293675863938502e-22
4.998579826773385867e+04 6.144225278761464509e-22
4.998658565933848877e+04 3.432964446823318459e-21
4.998711662772703858e+04 2.257277974435468133e-22
4.998749752770930354e+04 1.690168318338930906e-20
4.998768822609106428e+04 1.060912834494736892e-19
4.998842890234964580e+04 3.055365988330338497e-21
4.998912632171919540e+04 6.695423876171424714e-23
4.998925989028497861e+04 3.387966480649148405e-21
4.998956783977275336e+04 1.792893884560327163e-21
4.998980115135709639e+04 1.391509407214984168e-19
4.998991907337452722e+04 6.862961907270400413e-21
4.999093432969850255e+04 1.106714334512578937e-21
4.999105881041478278e+04 3.152722766749428148e-23
4.999127785494888667e+04 4.663601760773332609e-20
4.999189663437069248e+04 5.617896944369592754e-20
4.999250648700846796e+04 1.305378396736341365e-20
4.999269213206121640e+04 1.419499064741973895e-21
4.999316339499880996e+04 4.458559824892117288e-23
4.999342827937471156e+04 5.232722357490592367e-19
4.999377926242491958e+04 3.851436598509812668e-20
4.999403331289670314e+04 8.248762286647479426e-20
4.999416256407328910e+04 3.036174851713254178e-21
4.999457181628896797e+04 1.016682754322365639e-22
4.999550985632441734e+04 1.732987175321595494e-21
4.999557642269430653e+04 1.139817713816064905e-18
4.999579872435137077e+04 1.405230242708122828e-21
4.999607111982679635e+04 5.504664695394666365e-19
4.999646631427845568e+04 9.519301097194363161e-21
4.999704986420603382e+04 1.299539230951485814e-20
4.999756842044962104e+04 1.328069707226454598e-21
4.999772218430267822e+04 3.690091212010109759e-19
4.999802552418438427e+04 3.320499527940042908e-21
4.999830400822073716e+04 3.228183718671169996e-20
4.999839631774817826e+04 1.313534640437367978e-21
4.999889299852689146e+04 1.117933470890208774e-20
4.999912640508856566e+04 8.941027419976810869e-19
4.999926185112541862e+04 1.955271441311986832e-23
4.999971187288212241e+04 8.801538975874642448e-21
4.999986075607856765e+04 6.940569948509831799e-19
5.000011474992433796e+04 2.293629218075951312e-21
5.000028436341707129e+04 5.801244264440544148e-21
5.000035964599130239e+04 9.455643617787584466e-21
5.000082599952885357e+04 6.954307493636138707e-22
5.000127834853401873e+04 3.608751412151573873e-18
5.000135714862255554e+04 2.554026814784232868e-20
5.000179911653204181e+04 7.880931981104241033e-20
5.000199288031522156e+04 8.603014731684207188e-18
5.000218383784865000e+04 6.360552012237447471e-19
5.000257001294140355e+04 2.138502816942301681e-21
5.000314421534981375e+04 2.026268541430457955e-20
5.000343007485462294e+04 6.622454599794110676e-19
5.000361351148027461e+04 1.279269788490904028e-20
5.000398890167720674e+04 3.327487977145400756e-21
5.000410531196905504e+04 2.070387992780148030e-18
5.000422849376526574e+04 1.719822199802230871e-19
5.000465233931141847e+04 2.960512919347862530e-20
5.000514484178664861e+04 2.624750274540193872e-20
5.000558119273794000e+04 7.389794009069813087e-18
5.000580105195545184e+04 6.200187868952419202e-20
5.000587384914437280e+04 3.483135929375278709e-20
5.000623216525599855e+04 6.981381957147105984e-19
5.000635516108789307e+04 1.920893365424316321e-20
5.000710840346486657e+04 2.732682267976930408e-20
5.000754073075157066e+04 6.199177937703186907e-20
5.000766772098385263e+04 1.067143421978774930e-18
5.000773168824667664e+04 8.573284942571854921e-17
5.000828549346046202e+04 4.968707237922346483e-18
5.000836355136340717e+04 6.414239144335602179e-18
5.000912641639691719e+04 3.846311632600101285e-19
5.000930963151542528e+04 8.411283238537113623e-20
5.000959490525793080e+04 8.875574405379619445e-21
5.000987954358043498e+04 5.103283164916342302e-17
5.000995409048640431e+04 8.548189386492887148e-22
5.001040212170330778e+04 2.044946991312201636e-18
5.001073144662068808e+04 2.192315829338290838e-20
5.001104180993217597e+04 4.194510553266581906e-19
5.001127843605024827e+04 7.767173571621245732e-17
5.001158735763929144e+04 2.889670126605735392e-19
5.001202424777359556e+04 5.713110792206608943e-18
5.001215959614647727e+04 8.685322476388077372e-20
5.001247259008367109e+04 6.099933893923976952e-18
5.001294140151033207e+04 7.847313157515640666e-19
5.001310427340825845e+04 1.366393275573465054e-20
5.001343040521188232e+04 5.998379896275783403e-16
5.001344825128401135e+04 4.802242388816145784e-19
5.001416615858937439e+04 7.982350522828492561e-17
5.001448295288669760e+04 1.136147196543350659e-18
5.001463157603783475e+04 5.274985085912830956e-19
5.001478184318989224e+04 9.040099756260535130e-20
5.001515766937426088e+04 6.437741071928838549e-21
5.001558225820744701e+04 7.322717779843930775e-16
5.001573314830141317e+04 4.712037748934177373e-19
5.001622089904448512e+04 3.398477907618828238e-18
5.001630706709417427e+04 1.808871388815574844e-16
5.001658844324713573e+04 4.508874486435821068e-18
5.001719951119478355e+04 9.256378323667391348e-19
5.001752608362864703e+04 5.129988935511368203e-21
5.001773381639165018e+04 1.476178673853958999e-17
5.001798938508622814e+04 3.185870068886544640e-20
5.001831604606640030e+04 1.645532452682863877e-17
5.001843729646686552e+04 5.388661379617704403e-17
5.001873590449343465e+04 3.809498840803712531e-18
5.001911016955261584e+04 7.160763657747607688e-19
5.001912641799006815e+04 1.736001801964525239e-15
5.001976945996395079e+04 2.002793611914161877e-20
5.001988492112701351e+04 5.927946830433309654e-16
5.002008809714769450e+04 2.363017081993188674e-20
5.002054344749076699e+04 1.010466982194375748e-17
5.002057343097667763e+04 7.321995796587150055e-18
5.002079863796014979e+04 1.026895230779272224e-18
5.002127845055153011e+04 4.592754989801944856e-15
5.002142969488338713e+04 2.003866728408110000e-20
5.002203484188715811e+04 3.985241234076670479e-15
5.002226395975008199e+04 5.570209220389229566e-18
5.002256861495558405e+04 1.043704820904503685e-19
5.002266638335841708e+04 1.856962355856670032e-16
5.002270758809037216e+04 9.665928122699712287e-18
5.002335085208441888e+04 4.028291575072682698e-20
5.002339415940183972e+04 2.516925510943148909e-18
5.002343048341789836e+04 4.605912722204987345e-18
5.002373442981369590e+04 1.092957128744289591e-18
5.002418350641190045e+04 1.961299219196252779e-16
5.002446668719533773e+04 1.173699364102044173e-17
5.002476809449510620e+04 5.448510998828506231e-17
5.002485447313988698e+04 5.343750026281331476e-19
5.002531176683199010e+04 4.044881056711802030e-22
5.002558251820364239e+04 7.070016166930279086e-15
5.002584358344624343e+04 4.187782384097539937e-19
5.002626642685888510e+04 2.969849929269066930e-20
5.002632994491887075e+04 1.410541348529083873e-17
5.002646831992296211e+04 6.084454918729313368e-20
5.002682904579313617e+04 1.156556499623322706e-16
5.002696135865830001e+04 3.706417149824661297e-17
5.002757809037290281e+04 6.020319586223763393e-18
5.002773457579349633e+04 5.324700656470625862e-14
5.002777130351820233e+04 1.048771500279905996e-18
5.002807577400805167e+04 2.778391302876887932e-18
5.002847166172510333e+04 1.618786114433803695e-15
5.002869649906940322e+04 1.675219362438783704e-16
5.002897060611360212e+04 2.840807946902506872e-16
5.002902953290432924e+04 2.385129892393924338e-17
5.002912642103755934e+04 1.321224945966993288e-15
5.002942361725508090e+04 3.863521579183101652e-19
5.002988668284596497e+04 1.573545254828234380e-15
5.002998961327462894e+04 5.225419724441411197e-18
5.003056818212266080e+04 4.895881678055052378e-17
5.003064412597047340e+04 3.528708391707076556e-17
5.003085505542787723e+04 1.187384543608618644e-20
5.003103360065371089e+04 6.113716494477249996e-17
5.003127847386023495e+04 1.010310668700364565e-13
5.003150917407148518e+04 1.792931623894041736e-18
5.003176765108304971e+04 5.076588493778177814e-19
5.003203897248330031e+04 2.603832616862559636e-15
5.003270857579423318e+04 3.016122885184290592e-16
5.003271229170033621e+04 2.293892106357876041e-15
5.003278896285041992e+04 3.382376896605547810e-15
5.003310516282406752e+04 9.290579587548769799e-18
5.003331958413801476e+04 1.032869963746218111e-17
5.003343058642595133e+04 4.962808589159986424e-13
5.003389351358392014e+04 1.197749871791684792e-19
5.003419161536962201e+04 9.695631662612806548e-15
5.003461325029514410e+04 1.457127622153021215e-16
5.003489862409736088e+04 4.829224001320704693e-15
5.003509142258932843e+04 1.811278676264330594e-17
5.003523221517249476e+04 4.784067742304743315e-18
5.003558290144841158e+04 2.350704156592743424e-13
5.003594157110980450e+04 2.534072374620088041e-18
5.003613786727427214e+04 1.777010208634820672e-18
5.003634500892923097e+04 2.617257021570952592e-14
5.003652447936592944e+04 2.605407037324493039e-17
5.003700150365549780e+04 1.360769049742763301e-16
5.003708900139788602e+04 2.043839467753785310e-17
5.003713892146406579e+04 1.424944211641393880e-18
5.003762829415499436e+04 2.697720684938840152e-17
5.003773580839834176e+04 1.204927068086872437e-13
5.003806227449033031e+04 1.349334172669241094e-17
5.003849990147099743e+04 1.203431560912243370e-13
5.003888557468313957e+04 4.249949191936140596e-18
5.003901019062278647e+04 3.555877951292682855e-18
5.003912646226730430e+04 2.940023320832410556e-12
5.003917074647499248e+04 4.367222111613421128e-16
5.003931794415949116e+04 8.790580117449853805e-18
5.003968548299451504e+04 1.665507860213565389e-17
5.003989011075394228e+04 7.126347270989876570e-14
5.004038819543032878e+04 3.880116792938110471e-20
5.004065688584666350e+04 3.966046613851465660e-14
5.004078578012945945e+04 6.438888021947682096e-17
5.004109525369187759e+04 3.139109397401035110e-17
5.004127887141550309e+04 4.584393186464507440e-12
5.004130502008299663e+04 2.910158044941253525e-16
5.004170727501063811e+04 8.367908230698322967e-19
5.004204713722490123e+04 8.680806902588413807e-13
5.004218112401429244e+04 5.607084495303031901e-18
5.004243018453304830e+04 1.252858208275380557e-19
5.004281867174230138e+04 1.451705739399155073e-15
5.004312172473290411e+04 1.589390299819747586e-17
5.004342034428672196e+04 4.376913863970040971e-16
5.004343239008956152e+04 1.065404947146406534e-12
5.004367191672774061e+04 9.843714871393719785e-18
5.004420867730066675e+04 1.415310810330969885e-12
5.004421750235062063e+04 6.644232679425430597e-15
5.004432742725854041e+04 7.555326469317422117e-17
5.004498034628620371e+04 1.527190368998183140e-15
5.004498530499330082e+04 1.038920745401905651e-14
5.004547019653632015e+04 6.788438634182543202e-19
5.004555653333679220e+04 4.337252602075758565e-18
5.004558827887088410e+04 2.127655419194134823e-12
5.004637703884203802e+04 5.729743641051011405e-14
5.004639051136252965e+04 2.056417216820721196e-16
5.004660137022544950e+04 3.770837167582825462e-18
5.004715718918068887e+04 8.538265741590500348e-15
5.004733539373944222e+04 8.608985616483838690e-18
5.004756982976086147e+04 6.414553677027215817e-19
5.004765763796983083e+04 6.429076964839834282e-18
5.004774831833248027e+04 1.506901712759974455e-11
5.004810025854806008e+04 1.935970719899281801e-17
5.004843870144974790e+04 2.057423252632929140e-19
5.004855442442987260e+04 3.585554707964526089e-13
5.004877896624382265e+04 9.054489438525213245e-19
5.004912700986910932e+04 2.664817926302864761e-12
5.004925364547408390e+04 2.093125416461193463e-17
5.004933882534640725e+04 3.780590363942979338e-15
5.004968648740780918e+04 1.636574218514573978e-18
5.004979414803198597e+04 8.502371442097867596e-19
5.004991493863725191e+04 6.580850396037843239e-12
5.005047913736156625e+04 1.881725699609050185e-18
5.005074282138124545e+04 3.471670938620664258e-13
5.005105299879450467e+04 4.091031939983433337e-17
5.005128120720163133e+04 8.750732812198936450e-11
5.005146677527078282e+04 2.737384283169498868e-18
5.005152430463970813e+04 2.378877136590047329e-17
5.005181663134026894e+04 6.135051973767212657e-18
5.005209108622076019e+04 3.455433417272915640e-12
5.005212292672761396e+04 9.250134423118892279e-17
5.005240772615168680e+04 1.411539061381974534e-17
5.005294367846904061e+04 1.653912300829674759e-13
5.005308769595788908e+04 4.963309831494035516e-16
5.005313641804600047e+04 4.569175824834220549e-17
5.005344061333257559e+04 1.892801389995106717e-10
5.005370713544241880e+04 8.077221284259222826e-16
5.005390581412069878e+04 3.351561779225777881e-18
5.005409650921229331e+04 7.888116545926259083e-17
5.005427984652419400e+04 1.365983680469035223e-11
5.005438157049422443e+04 1.431966246973842667e-17
5.005493415519045811e+04 2.396200618556519418e-20
5.005515954893386515e+04 2.891781280752036949e-14
5.005537777777134761e+04 1.592835542097312099e-17
5.005561226649754826e+04 4.424025995084882496e-12
5.005589346154207306e+04 8.657154576144541755e-16
5.005621357943868497e+04 1.847180537034686227e-16
5.005633191202852322e+04 2.998754890630070179e-16
5.005648393711280369e+04 8.141619586760182626e-12
5.005653642905921151e+04 5.055913420577951768e-15
5.005738903253200260e+04 9.022522656669608372e-15
5.005756907137777307e+04 1.433342930262936215e-15
5.005780306149615353e+04 3.050190128515498401e-10
5.005807565423456981e+04 2.304399563927589169e-15
5.005820962880311708e+04 2.333950684751916819e-16
5.005840772524919157e+04 2.607161164275562046e-16
5.005870565745938075e+04 2.705969836948913068e-12
5.005873990711176884e+04 2.328004308178470842e-16
5.005908201645513327e+04 2.682236346634663448e-18
5.005914301889920898e+04 4.449831873833576804e-09
5.005963566657560295e+04 1.329957211376097058e-14
5.005980881201275042e+04 4.297968923499430462e-16
5.006001795401005074e+04 2.914811243362306828e-10
5.006025463922701601e+04 1.130256873325964544e-14
5.006040130756433064e+04 3.195986153517990875e-16
5.006065251236492622e+04 3.629669054307419907e-16
5.006094665214782435e+04 7.297067843000447232e-13
5.006103753954072454e+04 1.076651542125099737e-18
5.006134424536069855e+04 3.225879249283450864e-09
5.006136359549917688e+04 1.204327499766291796e-14
5.006189521614714613e+04 2.700564845103368785e-14
5.006219130695762578e+04 4.092494842716659268e-14
5.006223118607309152e+04 1.644885128304925956e-13
5.006225986695813481e+04 8.087493488942257311e-11
5.006263043151391321e+04 1.563493671944110447e-15
5.006293700433233607e+04 3.446132972425542483e-16
5.006320862602546549e+04 8.678002768845929487e-13
5.006357725992973428e+04 5.978810851879265241e-09
5.006396315555024921e+04 5.899745558812012954e-18
5.006405142166805308e+04 4.726098250367570863e-15
5.006417475303484389e+04 5.760979517603603937e-14
5.006440217317017232e+04 4.594684895116803334e-16
5.006453021109165275e+04 1.009271434005102278e-11
5.006499684071825322e+04 2.126342069387224995e-20
5.006518800599837414e+04 2.768084140082219768e-16
5.006549319249495602e+04 1.270616066456555565e-12
5.006584643382376817e+04 2.651556419573384152e-09
5.006594828941155720e+04 1.249210885107511129e-14
5.006634237929395022e+04 1.613214541211491408e-14
5.006644377564105525e+04 3.362940009966165530e-16
5.006650862900992070e+04 1.527937548910325075e-14
5.006683066036699165e+04 2.827819406773096641e-12
5.006707881442218059e+04 5.656961163134731400e-17
5.006729373415627197e+04 2.743784049745707448e-18
5.006779895418466185e+04 4.682347275641208740e-13
5.006780953300955298e+04 1.632566175453108671e-13
5.006815396428106760e+04 4.588845947442991560e-10
5.006816405669791857e+04 2.350294496280660578e-12
5.006865382597928692e+04 8.113278536508656778e-17
5.006883711419250176e+04 2.096607214089553218e-14
5.006915948168473551e+04 3.339939827151182541e-10
5.006919024087204161e+04 2.375903158877388574e-09
5.006949308483989444e+04 1.517609115045270918e-18
5.006965380453681428e+04 7.756563564250299247e-17
5.006997287295488786e+04 9.927342719705513501e-16
5.007013530310788337e+04 2.047433064745421851e-13
5.007050259603257291e+04 9.020319216340765938e-11
5.007066137821933080e+04 9.822575818633856521e-17
5.007107242602562474e+04 3.610658856716619461e-14
5.007114066038758756e+04 6.277316841466696055e-14
5.007147537572025612e+04 9.414321559021059182e-10
5.007153835760971560e+04 1.748763428535738937e-10
5.007173901654407382e+04 1.957206984342876358e-16
5.007181672548670031e+04 8.033166472257232375e-16
5.007215190731668554e+04 2.182167759057271604e-16
5.007249412652369210e+04 2.104915631113797607e-13
5.007289363205461996e+04 3.375546205174395927e-11
5.007303945680883771e+04 1.601996236869417415e-15
5.007342366007570672e+04 2.488458157525770259e-15
5.007383465005194739e+04 2.231581469497659289e-14
5.007385044699268474e+04 3.693893796562092272e-12
5.007394955606613803e+04 5.931648192963688735e-13
5.007403909965352796e+04 6.059901531028185961e-16
5.007438204353811307e+04 4.289753876542296170e-17
5.007487601113946585e+04 6.608395243310916359e-14
5.007532712924698717e+04 7.046517455575754999e-12
5.007543938531202730e+04 3.744135701483348428e-17
5.007571492754249630e+04 5.005591322256673794e-15
5.007576514546875842e+04 3.690800836135875184e-16
5.007627601948082884e+04 4.307555008247085033e-12
5.007633845377301623e+04 1.232814488679559998e-12
5.007638349810384534e+04 5.842344072811840509e-14
5.007642138628236717e+04 3.693162807255793253e-12
5.007679751598181610e+04 1.743346273648132304e-20
5.007727135973539407e+04 1.102031099391943255e-14
5.007777288222801872e+04 1.532508231377916725e-14
5.007780150864322786e+04 2.905945183029756633e-12
5.007815522649695049e+04 3.876222897193856074e-15
5.007839277998968464e+04 6.699683614264144409e-14
5.007872322774784698e+04 4.372833219993973112e-12
5.007877226583555603e+04 8.008624239165427473e-12
5.007895117463130737e+04 2.439674928887338216e-11
5.007916935672193358e+04 1.666901145194674739e-14
5.007956530135408684e+04 4.980250211966533187e-16
5.007975225816578313e+04 1.913620859998557533e-15
5.008030785048274993e+04 9.465446354225217299e-13
5.008032697802365874e+04 6.100589880914247966e-13
5.008043618817938113e+04 2.532066881464911934e-19
5.008080891529905784e+04 1.056839932467713781e-14
5.008105869094481750e+04 1.406694008477187411e-13
5.008120118521220138e+04 4.194303422393977647e-13
5.008126015787796496e+04 2.877797274294339972e-12
5.008154502709239023e+04 1.155393713690906821e-11
5.008209593953434523e+04 7.404481694960087247e-15
5.008241054768162576e+04 9.530587073466027531e-17
5.008286098264571774e+04 2.186083936026069022e-13
5.008305879837394605e+04 5.620320188296288967e-15
5.008339645690818725e+04 2.009671803215684675e-14
5.008352632813829405e+04 1.182217365190290951e-14
5.008376380941659590e+04 6.798485208701653176e-13
5.008401415866665047e+04 5.732513872445685578e-15
5.008418658855149988e+04 3.359165959819800525e-12
5.008444664175921207e+04 2.600723195644268935e-14
5.008476634934071626e+04 3.608940864124299382e-15
5.008524215359735535e+04 2.054377316837456833e-16
5.008543964642105129e+04 6.115566460151428893e-15
5.008583290291944286e+04 5.292944986418639595e-15
5.008628446801457176e+04 4.053519604283044276e-14
5.008630655928357737e+04 5.960961349331584396e-14
5.008666197208443191e+04 6.178781324547049034e-15
5.008686496055204043e+04 5.594928786860057836e-13
5.008696985203822260e+04 4.001432256808850255e-14
5.008715289927655976e+04 5.728973111110983496e-15
5.008736406321624963e+04 8.269678487977719356e-16
5.008803500505392731e+04 1.260973100694211886e-15
5.008818782951741741e+04 9.628458750396569841e-17
5.008837449375593133e+04 5.418093451678416906e-19
5.008867408599500050e+04 5.420632323057605900e-17
5.008885527959924366e+04 4.636286648495599713e-15
5.008956471646195132e+04 1.568994075285641817e-14
5.008970924564776215e+04 4.096766812567822208e-15
5.008991700280310761e+04 4.648507679674950677e-17
5.009041390870403120e+04 2.835831653669539339e-17
5.009062846028251806e+04 1.611445403615351131e-15
5.009071965196750534e+04 1.822736460601854682e-15
5.009132932759894902e+04 2.910644723889085385e-17
5.009149207557387854e+04 1.640801502453275753e-16
5.009226500581499567e+04 1.278708755164197900e-15
5.009233842334539077e+04 1.350691301840525670e-16
5.009239651247821894e+04 1.234956879518743201e-15
5.009287981214970932e+04 8.454965485562296188e-18
5.009323985762634402e+04 3.660153209167547049e-17
5.009333558113385516e+04 1.081461979695461494e-15
5.009355009392138163e+04 1.035868731768389153e-18
5.009396519736901246e+04 4.816243799449231366e-16
5.009430981755822722e+04 3.300318439508857087e-17
5.009435363906466227e+04 1.117536240274685162e-16
5.009472391844499361e+04 1.014285973817502404e-16
5.009504232287733612e+04 1.620349988917864269e-15
5.009516356421133241e+04 2.242084707696410075e-15
5.009562968791979074e+04 1.161044073859338370e-18
5.009585861127024691e+04 8.308363037309537801e-18
5.009603179733573779e+04 8.392654434872843808e-17
5.009664400953789300e+04 1.977982194921841580e-16
5.009700458069908927e+04 3.122076774872515250e-17
5.009749425185401924e+04 9.324068349617394591e-17
5.009777171473421186e+04 4.014927703135842265e-17
5.009791960938356351e+04 1.295252920884756771e-15
5.009826703664333036e+04 5.622272319957567501e-19
5.009868284266955015e+04 1.008687605411704486e-18
5.009888471653065790e+04 1.189368111785304066e-18
5.009911940047021926e+04 1.647609583202115304e-18
5.009937647828026820e+04 3.293886789147878713e-17
5.010006158480945305e+04 6.439865256966634348e-18
5.010038892839624896e+04 6.860876044410569781e-18
5.010070352699085925e+04 1.341385752750478489e-16
5.010079879040007654e+04 2.223309478892189924e-17
5.010113417281501461e+04 2.075898004754462826e-18
5.010138846441338683e+04 3.366895281326806870e-18
5.010167569565095619e+04 2.453479591435958076e-19
5.010193869555898709e+04 2.796185482298378008e-19
5.010231455143778294e+04 2.323024869753496598e-19
5.010278376810984628e+04 3.924281557969678720e-20
5.010324383658833540e+04 4.831508649365058258e-19
5.010353624763288826e+04 1.556877172230861126e-18
5.010400658231915440e+04 1.566721416524096416e-18
5.010426843388422276e+04 1.025287129728979590e-18
5.010478549380921322e+04 4.686514813037348566e-19
5.010549118861040915e+04 1.919241927961282388e-19
5.010586414518209494e+04 4.177901342450614667e-20
5.010607963345102326e+04 1.662939914353340223e-19
5.010634689970614272e+04 1.321131675891394070e-19
5.010637308294348622e+04 1.940407348052276278e-18
5.010680512216006173e+04 2.648395366607572871e-20
5.010697906245099148e+04 5.709539012604711475e-19
5.010728892933972384e+04 3.879441877951397263e-21
5.010762464897880272e+04 3.201582053341687126e-19
5.010791894603789115e+04 1.732057186082115523e-21
5.010835621632180846e+04 2.243581811253310945e-19
5.010867051523496048e+04 3.742952945751960950e-21
5.010917263671402179e+04 1.680501419868940670e-18
5.010953092552580347e+04 1.371594561874677502e-19
5.010972695610690425e+04 8.583457199970793723e-21
5.011022046921298170e+04 1.690758265738640481e-19
5.011088648361909873e+04 4.993936977493401347e-20
5.011165524312902562e+04 6.839270033812488196e-22
5.011184907192994433e+04 2.167770208552804513e-19
5.011214630365057383e+04 1.861920102235273850e-19
5.011245654556467343e+04 7.696400322324778619e-21
5.011280538832622551e+04 1.063958853913813640e-20
5.011298777429595793e+04 1.330621361572536814e-23
5.011357176358176366e+04 1.076241990187096818e-20
5.011373946864350000e+04 4.866951907290603066e-21
5.011424583077537682e+04 2.243470404098490702e-23
5.011438650446017709e+04 2.461899980083294234e-21
5.011487371603756037e+04 1.882780618854615387e-20
5.011491108530555357e+04 3.438521031060045695e-21
5.011548864759033313e+04 1.497904509825461865e-21
5.011585506182529207e+04 1.321155019661930487e-23
5.011632309220838943e+04 6.109521757333445896e-23
5.011669132173737307e+04 5.637364171920570052e-22
5.011763455224015343e+04 1.816347603973510248e-22
5.011805112588137126e+04 1.037374394739396360e-21
5.011883547115056717e+04 5.823048921423363659e-22
5.011892087145984260e+04 3.595482392547203724e-22
5.011951448177749990e+04 1.160393896923362722e-22
5.012025842165541690e+04 0.000000000000000000e+00
5.012041818375134608e+04 1.198793771379267400e-21
5.012053031461730279e+04 4.642795252565197674e-22
5.012096661712079367e+04 6.764572671772026052e-22
5.012131278057202871e+04 1.503570716680721958e-22
5.012149682743656012e+04 3.639457087695642541e-24
5.012178219198414445e+04 2.104588688321220522e-22
5.012234217906918639e+04 8.291311342192728472e-23
5.012278232169875264e+04 2.264692857658195149e-24
5.012344335311033501e+04 6.356367249191715190e-22
5.012347498940543301e+04 1.018136490502770469e-22
5.012395815385694004e+04 9.830252895200554716e-23
5.012463511162491341e+04 4.047601264226603829e-23
5.012574004891786899e+04 9.504900980713230951e-24
5.012614489453825809e+04 8.236890569553619053e-23
5.012674383260309696e+04 1.696100400168392515e-24
5.012696738938672206e+04 0.000000000000000000e+00
5.012732371212586440e+04 3.033935132481051607e-24
5.012766485139233555e+04 0.000000000000000000e+00
5.012817511319310870e+04 2.391036513805307669e-24
5.012845418303806218e+04 1.621361350370487886e-24
5.012856913182401331e+04 0.000000000000000000e+00
5.012895165727133281e+04 0.000000000000000000e+00
5.012953653473391023e+04 0.000000000000000000e+00
5.012999155057864846e+04 0.000000000000000000e+00
5.013020611119759997e+04 0.000000000000000000e+00
5.013087306801921659e+04 0.000000000000000000e+00
5.013188866548288206e+04 1.905907235945975654e-24
5.013273902701277984e+04 0.000000000000000000e+00
5.013314716472550936e+04 0.000000000000000000e+00
5.013383633065703907e+04 1.662302275810339144e-24
5.013430959717032965e+04 0.000000000000000000e+00
5.013472577052212000e+04 0.000000000000000000e+00
5.013489868378167739e+04 0.000000000000000000e+00
5.013558625495643355e+04 0.000000000000000000e+00
5.013612270904645266e+04 0.000000000000000000e+00
5.013678620769302506e+04 0.000000000000000000e+00
5.013741723413691943e+04 0.000000000000000000e+00
5.013776718719067139e+04 0.000000000000000000e+00
5.013827285905510507e+04 0.000000000000000000e+00
5.013850291524736531e+04 0.000000000000000000e+00
5.013908861752558732e+04 0.000000000000000000e+00
5.014023684064137342e+04 0.000000000000000000e+00
5.014088492431608029e+04 0.000000000000000000e+00
5.014139925172326912e+04 0.000000000000000000e+00
5.014196660631938721e+04 0.000000000000000000e+00
5.014267248704669328e+04 0.000000000000000000e+00
5.014342605729436036e+04 0.000000000000000000e+00
5.014376438308326033e+04 0.000000000000000000e+00
5.014417198419255146e+04 0.000000000000000000e+00
5.014447718680110847e+04 0.000000000000000000e+00
5.014518350266110792e+04 0.000000000000000000e+00
5.014548369293836731e+04 0.000000000000000000e+00
5.014691525613592239e+04 0.000000000000000000e+00
5.014769773307106516e+04 0.000000000000000000e+00
5.014784376392979175e+04 0.000000000000000000e+00
5.014919618001313211e+04 0.000000000000000000e+00
5.014975648086551519e+04 0.000000000000000000e+00
5.015043991403582913e+04 0.000000000000000000e+00
5.015113672678627336e+04 0.000000000000000000e+00
5.015248617788014235e+04 0.000000000000000000e+00
5.015327752773500106e+04 0.000000000000000000e+00
5.015358692703352426e+04 0.000000000000000000e+00
5.015453694533053203e+04 0.000000000000000000e+00
5.015471518340652256e+04 0.000000000000000000e+00
5.015543945925115986e+04 0.000000000000000000e+00
5.015610942958947271e+04 0.000000000000000000e+00
5.015687985056437901e+04 0.000000000000000000e+00
5.015759397161702509e+04 0.000000000000000000e+00
5.015855334545201185e+04 0.000000000000000000e+00
5.015964073087564611e+04 0.000000000000000000e+00
5.016061919934996695e+04 0.000000000000000000e+00
5.016103810800628708e+04 0.000000000000000000e+00
5.016137342689862271e+04 0.000000000000000000e+00
5.016204676576677593e+04 0.000000000000000000e+00
5.016330872160627041e+04 0.000000000000000000e+00
5.016449809637609724e+04 0.000000000000000000e+00
5.016492187281728548e+04 0.000000000000000000e+00
5.016672735490975174e+04 0.000000000000000000e+00
5.016784422714804532e+04 0.000000000000000000e+00
5.016867418044665101e+04 0.000000000000000000e+00
5.016897020133593469e+04 0.000000000000000000e+00
5.017039046820757358e+04 0.000000000000000000e+00
5.017226409743312979e+04 0.000000000000000000e+00
5.017403830081152410e+04 0.000000000000000000e+00
5.017502187958795548e+04 0.000000000000000000e+00
5.017532325669244165e+04 0.000000000000000000e+00
5.017600723645258404e+04 0.000000000000000000e+00
5.017833682189910905e+04 0.000000000000000000e+00
5.017873000958035118e+04 0.000000000000000000e+00
5.018000514792020113e+04 0.000000000000000000e+00
5.018119336668284814e+04 0.000000000000000000e+00
5.018197520617518603e+04 0.000000000000000000e+00
5.018301719814058742e+04 0.000000000000000000e+00
5.018705146942564897e+04 0.000000000000000000e+00
5.018809856814545492e+04 0.000000000000000000e+00
5.019095040005322517e+04 0.000000000000000000e+00
5.019477523515309440e+04 0.000000000000000000e+00
5.019660988892130263e+04 0.000000000000000000e+00
5.019711458167914680e+04 0.000000000000000000e+00
5.019859415707633161e+04 0.000000000000000000e+00
5.019984009341556521e+04 0.000000000000000000e+00
5.020277668909639760e+04 0.000000000000000000e+00
5.020898450670241436e+04 0.000000000000000000e+00
5.020950197110669978e+04 0.000000000000000000e+00
5.022147213458854094e+04 0.000000000000000000e+00
5.022201084827176965e+04 0.000000000000000000e+00
