-5.027431107091273589e+04 0.000000000000000000e+00
-5.027366433240130573e+04 0.000000000000000000e+00
-5.025394598210435652e+04 0.000000000000000000e+00
-5.025225853459403879e+04 0.000000000000000000e+00
-5.023876033465267392e+04 0.000000000000000000e+00
-5.023735425169832888e+04 0.000000000000000000e+00
-5.023649187637670548e+04 0.000000000000000000e+00
-5.023470311185229366e+04 0.000000000000000000e+00
-5.022363061124401429e+04 0.000000000000000000e+00
-5.022112938184214727e+04 0.000000000000000000e+00
-5.021922394399112090e+04 0.000000000000000000e+00
-5.021767620065988012e+04 0.000000000000000000e+00
-5.021097115147026489e+04 0.000000000000000000e+00
-5.020951879010794801e+04 0.000000000000000000e+00
-5.020863584060128051e+04 0.000000000000000000e+00
-5.020676709188199311e+04 0.000000000000000000e+00
-5.020502625826695294e+04 0.000000000000000000e+00
-5.020264154729602888e+04 0.000000000000000000e+00
-5.019806675875153451e+04 0.000000000000000000e+00
-5.019668799846500042e+04 0.000000000000000000e+00
-5.019481977987955179e+04 0.000000000000000000e+00
-5.019236766243121383e+04 0.000000000000000000e+00
-5.019109742088095663e+04 0.000000000000000000e+00
-5.018990863544670719e+04 0.000000000000000000e+00
-5.018653233981300582e+04 0.000000000000000000e+00
-5.018643673920754372e+04 0.000000000000000000e+00
-5.018531406721832900e+04 0.000000000000000000e+00
-5.018348173866052821e+04 0.000000000000000000e+00
-5.018217937481920671e+04 0.000000000000000000e+00
-5.018089281200404366e+04 0.000000000000000000e+00
-5.017906445259601605e+04 0.000000000000000000e+00
-5.017777280273722135e+04 0.000000000000000000e+00
-5.017559674507723685e+04 0.000000000000000000e+00
-5.017475968730531895e+04 0.000000000000000000e+00
-5.017291652659344254e+04 0.000000000000000000e+00
-5.017176367153784668e+04 0.000000000000000000e+00
-5.017071477780160058e+04 0.000000000000000000e+00
-5.016926556322727993e+04 0.000000000000000000e+00
-5.016785562337590090e+04 0.000000000000000000e+00
-5.016757221672817104e+04 0.000000000000000000e+00
-5.016643766599147057e+04 0.000000000000000000e+00
-5.016454253347049962e+04 0.000000000000000000e+00
-5.016393864114326425e+04 0.000000000000000000e+00
-5.016317822748754406e+04 0.000000000000000000e+00
-5.016204755264715641e+04 0.000000000000000000e+00
-5.016086070296286925e+04 0.000000000000000000e+00
-5.015972684996974567e+04 0.000000000000000000e+00
-5.015843496711165062e+04 0.000000000000000000e+00
-5.015729916404323740e+04 0.000000000000000000e+00
-5.015671322447396233e+04 0.000000000000000000e+00
-5.015561216996006260e+04 0.000000000000000000e+00
-5.015534776037054689e+04 0.000000000000000000e+00
-5.015316904922539106e+04 0.000000000000000000e+00
-5.015219549080854631e+04 0.000000000000000000e+00
-5.015155974619569315e+04 0.000000000000000000e+00
-5.015072492283810425e+04 1.341636299003243723e-24
-5.015030238134688261e+04 1.737420997880705052e-24
-5.014853020912676584e+04 0.000000000000000000e+00
-5.014776860755240341e+04 2.364334581931715771e-24
-5.014744714145942999e+04 0.000000000000000000e+00
-5.014651440960285254e+04 1.245294631295881714e-24
-5.014559549721039366e+04 1.384935783898651884e-23
-5.014510153425661701e+04 1.216476975285428583e-23
-5.014348189442696457e+04 0.000000000000000000e+00
-5.014274372457956633e+04 1.585988904555907300e-23
-5.014189090774504439e+04 8.832240675740471204e-24
-5.014138693203333969e+04 7.471990979878271471e-24
-5.014043501063380245e+04 9.325731473505453956e-24
-5.014002034804661525e+04 3.487290392618386062e-23
-5.013937914209708106e+04 0.000000000000000000e+00
-5.013748113861561433e+04 4.916790061341051583e-24
-5.013709922162222938e+04 2.015367172439075356e-23
-5.013606247318124224e+04 2.999762813517618611e-24
-5.013585929098808992e+04 0.000000000000000000e+00
-5.013512709119583451e+04 8.506488286191902604e-24
-5.013463377516379842e+04 5.701857101046891253e-24
-5.013365328914484417e+04 1.908032886564360641e-24
-5.013213795030020992e+04 1.822342589703366279e-23
-5.013123885369696654e+04 6.791513791160462675e-23
-5.013110280536960636e+04 3.912542290652490980e-23
-5.013058677372678358e+04 0.000000000000000000e+00
-5.012977696867873601e+04 7.110146235060292402e-23
-5.012971634906480904e+04 3.514893058763609829e-22
-5.012784753267024644e+04 4.856790870560065397e-22
-5.012722317795091658e+04 1.234658672692714059e-21
-5.012652368043136084e+04 2.537943361117503752e-22
-5.012595533895958215e+04 1.682778524792195758e-23
-5.012549513663028483e+04 2.583606671049466437e-23
-5.012528960509410535e+04 2.192612691659832872e-22
-5.012458208763988659e+04 2.635131900892439181e-21
-5.012318139118815452e+04 2.165607268369432255e-22
-5.012214870190156944e+04 6.070928684579552105e-22
-5.012183350707677164e+04 7.532439009691475133e-21
-5.012076413857178704e+04 2.246575201043907042e-21
-5.012043840975001513e+04 2.689285170197179385e-22
-5.012003583197572152e+04 2.225349704855059172e-22
-5.011976583027405286e+04 3.646011164372738752e-21
-5.011900920145348937e+04 3.782987602025531357e-21
-5.011815845613415149e+04 6.017401236011367076e-22
-5.011732647718404769e+04 6.501229124722877821e-22
-5.011612157009149087e+04 1.682712426406370607e-21
-5.011524156779002806e+04 2.310579165937944857e-21
-5.011501381133010000e+04 4.265460242977129023e-24
-5.011481517388240172e+04 1.171341145655211499e-21
-5.011437796487993182e+04 2.825367694960196134e-23
-5.011431174211540929e+04 1.732425239434679474e-21
-5.011335014210920781e+04 1.204759190815840542e-21
-5.011150910033496621e+04 6.041170865815846812e-21
-5.011099004230962601e+04 3.543641280708329131e-20
-5.011046204418064008e+04 3.614477434216290554e-21
-5.011028003035827714e+04 5.242334326604253716e-22
-5.010974782797193620e+04 1.110376371486880970e-20
-5.010959379079589417e+04 5.197671735244349449e-22
-5.010930055932120013e+04 1.146657922425522640e-21
-5.010726964991092245e+04 1.926876530086256592e-20
-5.010679091531076119e+04 2.253198977353923845e-19
-5.010663416672028688e+04 3.876554317807782091e-20
-5.010633810768704279e+04 2.360306954601465437e-19
-5.010540198097577377e+04 3.471022016183262018e-20
-5.010489716624212451e+04 9.533337887825516218e-23
-5.010402169997289457e+04 3.540759959165957610e-20
-5.010388168609001877e+04 1.754394197751356077e-20
-5.010306714293264668e+04 3.274039164120937170e-19
-5.010285729450490180e+04 4.943238096265460038e-19
-5.010228427880931849e+04 3.426444121728493343e-19
-5.010126058412763086e+04 2.086047707720282285e-19
-5.010027607997712767e+04 1.847748383012349785e-19
-5.009955825717229891e+04 2.474139957975940670e-20
-5.009932462477132503e+04 1.393144670102084808e-19
-5.009884862811905623e+04 4.138510819678522621e-19
-5.009867961048057623e+04 6.046940009861687576e-19
-5.009842256546379213e+04 1.159098232386384916e-18
-5.009808930526697804e+04 6.521161199791815297e-19
-5.009678675430832664e+04 2.600059528725805392e-20
-5.009620357210576185e+04 1.642356625162519215e-21
-5.009524385309019999e+04 4.658377690801699710e-19
-5.009486049892241863e+04 2.542655354877813458e-21
-5.009438498818930384e+04 9.204802196349070431e-19
-5.009425261275407684e+04 1.239946971034460661e-18
-5.009332193926368200e+04 6.144829010520042029e-20
-5.009281442902062554e+04 9.791295375674783951e-21
-5.009246638446475845e+04 3.097460678946043675e-20
-5.009200699047023954e+04 1.107731348749643692e-19
-5.009122106998415984e+04 3.316174836192514183e-18
-5.009076645123519120e+04 2.469876185913370205e-18
-5.009027469836250384e+04 1.701703138239460594e-19
-5.008950197344265325e+04 5.227424401950066431e-19
-5.008895022551187867e+04 2.694363936151371668e-19
-5.008863267669946799e+04 1.922311628212704962e-19
-5.008793317820649099e+04 1.948963238383520523e-18
-5.008732500634827738e+04 1.641822729592496470e-17
-5.008697967331056861e+04 9.122725571514837744e-18
-5.008652656750124152e+04 1.851554157132808234e-17
-5.008607242359236989e+04 2.872124370474528545e-18
-5.008589738665014738e+04 1.015662664103856511e-18
-5.008456185862950952e+04 1.238093780611492116e-20
-5.008451911177369038e+04 4.545154039165537643e-18
-5.008378960337730678e+04 1.149669457191862009e-17
-5.008304557156372903e+04 8.605976701543356535e-17
-5.008272626242431579e+04 1.106147543248295248e-16
-5.008225484550384135e+04 1.888308403102002011e-18
-5.008194331413343753e+04 1.737654665924317123e-20
-5.008165015393116482e+04 3.426539389212187849e-18
-5.008093814640519122e+04 4.176194309833596845e-19
-5.008046000497940258e+04 6.508964398235056769e-18
-5.007975062632789923e+04 3.500360893594364185e-17
-5.007905996589288407e+04 2.126972921912994050e-16
-5.007838711636097287e+04 8.149799889881221397e-19
-5.007820124989881151e+04 8.004726445304303350e-17
-5.007808450290563633e+04 1.695476933650188537e-16
-5.007688937508031813e+04 2.139910736889953185e-18
-5.007679628932080232e+04 9.342114948722641739e-20
-5.007630856629343180e+04 9.628246104516632005e-19
-5.007571514317243418e+04 4.075233492202685715e-18
-5.007554107263393962e+04 1.353859034411941025e-16
-5.007507759190010984e+04 2.322539456424691342e-16
-5.007454788214065047e+04 3.907040231909530944e-16
-5.007408564076257608e+04 3.651736165389553427e-18
-5.007316125517625915e+04 5.161326314998749458e-19
-5.007273526313933689e+04 2.341364475137295316e-17
-5.007218016634454398e+04 5.680270349808302598e-17
-5.007164494247716357e+04 3.132835401735976066e-17
-5.007129168205540191e+04 1.313803914799397459e-16
-5.007080797466192598e+04 1.412209434096603877e-18
-5.007021730812315946e+04 7.987043212988355709e-16
-5.007002184759766533e+04 2.667259948191999620e-16
-5.006938408038405032e+04 2.985797659940446902e-18
-5.006871661304792360e+04 3.413770041823229273e-16
-5.006858245891598926e+04 8.181673607859899236e-18
-5.006819469893094356e+04 7.248904499923280803e-16
-5.006762111807843758e+04 1.217878305457404846e-17
-5.006713069356115011e+04 8.961840102228176752e-16
-5.006689782454066153e+04 7.176781308948260268e-17
-5.006589033025254321e+04 2.457169009217427332e-15
-5.006518499502667692e+04 8.325976113807472820e-17
-5.006496209642395115e+04 7.405025854634249724e-18
-5.006472264308348531e+04 2.247938858580095146e-15
-5.006435598110895808e+04 4.048569714718294897e-15
-5.006390808086258039e+04 1.164919094056406168e-15
-5.006341121392074274e+04 1.320380801715722400e-15
-5.006301692141507374e+04 4.450499210358499202e-16
-5.006208654509959888e+04 8.034796724635418586e-15
-5.006176059861385147e+04 4.455609646867187123e-15
-5.006128678028632567e+04 1.059299637521395626e-15
-5.006078703459646931e+04 6.079729958200753323e-15
-5.006033541398803209e+04 9.421939622837719131e-15
-5.005996287850302906e+04 1.837654666079021834e-15
-5.005960248238666099e+04 9.983632202674077224e-15
-5.005946369103971665e+04 1.486126928399107195e-18
-5.005889979467593366e+04 4.155370486951685785e-16
-5.005807471982611605e+04 1.757355248182547670e-14
-5.005769356591512769e+04 8.289487570870791575e-16
-5.005761324790778599e+04 6.057680696877224024e-15
-5.005707567891099461e+04 4.490942152080846063e-14
-5.005659052648409852e+04 8.253204841162658306e-16
-5.005629617924882041e+04 9.052323668647243639e-15
-5.005567736183129455e+04 4.047738755719755906e-15
-5.005530600675011374e+04 1.316198408789594723e-14
-5.005447330692078685e+04 4.937147139940451307e-14
-5.005426396564508468e+04 9.967246511495246635e-17
-5.005386104772797989e+04 1.341384662537248814e-14
-5.005313193903923093e+04 2.141518052798764120e-14
-5.005290208701529627e+04 1.539377050636121773e-16
-5.005251507852155191e+04 6.316317650453596127e-14
-5.005209129540705908e+04 3.461982320088972345e-15
-5.005150710122887540e+04 7.223559013183411462e-15
-5.005109836470073060e+04 2.683445335525687098e-17
-5.005080873100825556e+04 1.499589303991377143e-14
-5.005063368517371418e+04 3.302265857408897483e-15
-5.004979078940468753e+04 1.274918760352637844e-13
-5.004937677722470835e+04 8.120428032090350109e-14
-5.004931293412700325e+04 9.710139437330328148e-17
-5.004918230621893599e+04 5.089443610011662307e-14
-5.004786775230494823e+04 3.996043371078546575e-14
-5.004728319925063988e+04 4.137931833744068195e-15
-5.004714011800777371e+04 8.406420230145096245e-14
-5.004705630756986648e+04 4.341235695386849796e-15
-5.004646903635004855e+04 2.545620792198264482e-14
-5.004642076556410757e+04 1.697466924828563123e-14
-5.004574066449311795e+04 2.802338434988930843e-13
-5.004524593701048434e+04 1.472008502604872825e-17
-5.004474313160400197e+04 2.841146877821140958e-13
-5.004414505994645879e+04 8.333619137564767367e-14
-5.004374479424951278e+04 1.755780878293750771e-13
-5.004338221594078641e+04 9.045379344868034209e-14
-5.004283238076925772e+04 9.184740026777278440e-14
-5.004233556472134660e+04 2.243060241205920325e-13
-5.004198131737509539e+04 1.056993906131410811e-12
-5.004178700910429325e+04 1.373236572216771403e-13
-5.004150886201309913e+04 9.301001061958073064e-14
-5.004048527053123689e+04 2.988795514797830781e-13
-5.004016291617434035e+04 7.217035616916228841e-13
-5.003982948223278072e+04 9.901654404030737667e-13
-5.003966414778709441e+04 2.905791291546407025e-13
-5.003939066315944365e+04 1.006871194373305539e-14
-5.003876320231202408e+04 4.692964674333808134e-15
-5.003842693497498112e+04 6.489912795935271791e-13
-5.003818367905277410e+04 1.929802041421962654e-12
-5.003713633579425368e+04 3.531532324704736232e-12
-5.003686181104856223e+04 5.543691656178611371e-13
-5.003656543512648932e+04 4.513671688506096721e-14
-5.003607350572230644e+04 9.926238010516777920e-13
-5.003589742090999789e+04 3.376843336131938068e-12
-5.003498778253233468e+04 5.286846432944668099e-13
-5.003472217368673591e+04 4.277605896937487013e-12
-5.003419658677848201e+04 3.206787154174425608e-13
-5.003395653565142857e+04 2.042501163245023559e-13
-5.003334756600897526e+04 4.701764021416041533e-12
-5.003285803287200542e+04 6.265516524000805157e-12
-5.003240961777444318e+04 1.897020244719841266e-12
-5.003221152179001365e+04 1.358231845626842127e-13
-5.003195940008239995e+04 7.917258658630543371e-12
-5.003164391853973939e+04 5.013660574872293081e-13
-5.003113928533101716e+04 3.113584563603064467e-16
-5.003081072504929762e+04 8.354067980697176387e-13
-5.003043507798270002e+04 2.281654477871588026e-12
-5.003004936589863792e+04 6.156140683864884573e-12
-5.002957377240493224e+04 4.103413893273787726e-12
-5.002926017057852005e+04 2.509569633653820230e-11
-5.002866968946145062e+04 1.862677217090729920e-12
-5.002852304368583282e+04 1.625294886197298405e-12
-5.002781711332424311e+04 1.701112488375070685e-12
-5.002754606267636700e+04 5.815969663239359430e-14
-5.002738662950850994e+04 1.547181975441784691e-11
-5.002681685845434549e+04 7.681259269411723194e-12
-5.002647859759187850e+04 3.111894591114823507e-12
-5.002589475816047343e+04 1.341144343719280986e-12
-5.002524753596104711e+04 3.985105653267342986e-11
-5.002486376813404058e+04 6.890564246124407712e-12
-5.002473083597748337e+04 1.251405578997586596e-11
-5.002425619108846877e+04 1.627593696573219297e-11
-5.002392985379028687e+04 3.066129586310712740e-12
-5.002340121992417698e+04 4.102445253322916431e-12
-5.002294101242633042e+04 1.245315619740656669e-11
-5.002255436478556658e+04 8.161903775384928928e-13
-5.002196659471084422e+04 3.471550136226209958e-11
-5.002192074392319046e+04 7.341524458116607158e-11
-5.002155201611440862e+04 5.610523173068597336e-14
-5.002122298015152774e+04 4.475831954353389200e-12
-5.002105470436346513e+04 5.308045813637931317e-12
-5.002097499200791208e+04 4.855649252546257195e-12
-5.002065096060329961e+04 8.176805231252127451e-11
-5.001997506783322751e+04 3.466016611957130847e-11
-5.001961060153772269e+04 6.214354089843581771e-11
-5.001923697254180297e+04 1.294852042932614338e-12
-5.001876075360325194e+04 6.030112021657757346e-11
-5.001808061401546001e+04 5.900727489997886696e-11
-5.001781082300053095e+04 9.315184313906570187e-11
-5.001748959345717594e+04 6.337114190478111364e-12
-5.001736691290199087e+04 1.995066477654527515e-10
-5.001662665552514227e+04 9.201502817361014847e-11
-5.001640950873395923e+04 5.212327578786944238e-11
-5.001587056000038137e+04 2.277088264749435481e-10
-5.001537004532803257e+04 1.255276580158684103e-10
-5.001483874800082413e+04 2.688744084210388379e-11
-5.001466784901202482e+04 2.789325283069977175e-11
-5.001447854808541160e+04 1.745052282423271148e-11
-5.001401504463368474e+04 3.679863096218661087e-10
-5.001381038960966544e+04 2.350110577925999465e-10
-5.001361501127177326e+04 3.790518521831870649e-10
-5.001297586981890345e+04 1.829813192700784604e-11
-5.001227671475133684e+04 1.171296676404754567e-09
-5.001213872285179241e+04 2.434413585595870029e-11
-5.001147570674955932e+04 9.219734695470701694e-12
-5.001124173991369753e+04 2.906292252039227886e-10
-5.001098984946884593e+04 7.952525006328225747e-11
-5.001086451137061522e+04 4.214241000746932126e-10
-5.001039741268786747e+04 7.011610130102717950e-10
-5.001005524091661937e+04 8.897906290660111896e-11
-5.000940306009135384e+04 8.142149410412522220e-11
-5.000912563398943166e+04 2.124241082853333829e-09
-5.000884067215064715e+04 1.178409119922906639e-10
-5.000834278634611110e+04 8.910849889472078259e-10
-5.000804635237372713e+04 2.638517835887866500e-11
-5.000765424320250168e+04 8.119948579441745354e-12
-5.000719683312727284e+04 7.312814311730606462e-10
-5.000687564517217106e+04 1.508914375595164787e-09
-5.000657954277764657e+04 2.773630626496418799e-09
-5.000630168275664619e+04 3.443861769476428237e-11
-5.000592398391586175e+04 7.741762231618317409e-10
-5.000495115032070316e+04 3.215337735380186815e-09
-5.000432297245219524e+04 7.557190067078383771e-12
-5.000417304495268763e+04 3.467356680858171352e-09
-5.000401098176108644e+04 2.359242401717034790e-09
-5.000351304849508597e+04 1.244367158488264854e-09
-5.000312514017823560e+04 1.413792252012518725e-10
-5.000255195338600606e+04 1.161019664522070676e-10
-5.000220641683954454e+04 3.084415498187015516e-10
-5.000210012867356272e+04 1.031461707913792725e-11
-5.000172053499281174e+04 4.701880311831526186e-09
-5.000146896429479239e+04 5.495533114942193998e-09
-5.000134580936568091e+04 2.403587750818761156e-11
-5.000082231972557929e+04 4.252370480983142143e-10
-5.000038377289102209e+04 5.807714229150293626e-09
-4.999996706843874563e+04 2.139425263098453858e-12
-4.999961914606382197e+04 9.446378546559664748e-11
-4.999954391981352092e+04 1.623755280332937808e-08
-4.999892855307982245e+04 1.740680816429116058e-09
-4.999849360319975676e+04 4.349689173600673287e-09
-4.999770703167752072e+04 3.843713475453110956e-09
-4.999752029350870725e+04 5.471120106947878176e-10
-4.999737213952744059e+04 7.113196651524878064e-09
-4.999652262071994483e+04 4.168666333953006633e-10
-4.999649063308631594e+04 2.518420518155850947e-08
-4.999580907742567069e+04 1.819983858362277679e-11
-4.999551188409310271e+04 1.305492680573156417e-08
-4.999498327436005638e+04 2.352155200105440602e-10
-4.999464717532393115e+04 4.685321062322155998e-10
-4.999422999899082060e+04 4.138286948552229662e-09
-4.999388877408136614e+04 1.698804268383046791e-10
-4.999353289078340458e+04 1.191589188402672390e-09
-4.999319616721277998e+04 7.569566295075220753e-08
-4.999258167382456304e+04 4.030286404687223239e-08
-4.999224368233612040e+04 2.900934296920545749e-08
-4.999208146374259377e+04 6.247787754218504288e-12
-4.999167207277368288e+04 3.879988165751876833e-10
-4.999111335745463293e+04 6.805269340728068214e-09
-4.999106821518024663e+04 1.101751966706239151e-08
-4.999094594447758573e+04 5.436203548723174578e-11
-4.999052754398247635e+04 3.363804400375810054e-08
-4.999010686451173387e+04 3.923253101862763495e-08
-4.998921877417982614e+04 5.261860366013191671e-08
-4.998899413962978724e+04 8.278782457644597936e-08
-4.998874011755495303e+04 5.362779905888665128e-08
-4.998848523070222291e+04 4.038642180869905542e-08
-4.998794712548954703e+04 9.394195683982528344e-10
-4.998752567448529589e+04 1.429811767585956590e-09
-4.998715020161341818e+04 1.342855198230251188e-09
-4.998670614823962387e+04 5.659955239593616109e-08
-4.998631368115207442e+04 4.886228134812988417e-08
-4.998591271821660484e+04 5.158155803175117592e-07
-4.998555075435281469e+04 2.653785017449466438e-08
-4.998482590695968975e+04 1.434317700290106101e-07
-4.998438316101590317e+04 1.191003681297430864e-08
-4.998432560748267861e+04 2.250677335760717628e-09
-4.998372553974999028e+04 4.225505208935894371e-09
-4.998325307428676751e+04 4.603649840713600921e-07
-4.998279526221179549e+04 6.672472175977726830e-08
-4.998214781259775918e+04 2.912082643731327048e-07
-4.998205748679288808e+04 3.691835366024588971e-07
-4.998183299319398066e+04 8.976200239399507320e-08
-4.998148410712477926e+04 1.113801384651823351e-07
-4.998145431645181088e+04 2.145712802242101565e-07
-4.998097759804750967e+04 7.385605533779292926e-10
-4.998086275482429483e+04 1.222817408111052590e-09
-4.998043744791504287e+04 1.695763516934071717e-10
-4.997999027659015701e+04 1.840528506735166587e-07
-4.997932883327847958e+04 2.728700679192453771e-07
-4.997897324226167984e+04 2.374399546836231928e-06
-4.997858062922526005e+04 1.881476628435241826e-07
-4.997833513717503229e+04 2.004514531898133352e-07
-4.997773434784032725e+04 8.456019780270560622e-08
-4.997768692511621339e+04 2.112763689615008708e-08
-4.997725194666094467e+04 1.408884848314084082e-08
-4.997624099041110458e+04 1.778830774060764823e-07
-4.997588822462161625e+04 3.006934250926994874e-06
-4.997532842031881592e+04 1.267072375756607696e-06
-4.997522790512704523e+04 9.048308368570179288e-07
-4.997487826923271496e+04 9.903526646803172751e-07
-4.997415568948713917e+04 2.594115214304289275e-07
-4.997413751000430057e+04 7.974559710211266442e-10
-4.997378856648854708e+04 4.617233784141303388e-09
-4.997320753555533884e+04 6.547917341388552947e-08
-4.997256949702545535e+04 2.597944788300066066e-06
-4.997213941555976635e+04 4.463063180011227571e-07
-4.997206404873123392e+04 4.666713601749547326e-06
-4.997180961483927240e+04 4.381701412497556842e-06
-4.997111815274260880e+04 2.454052146821070313e-07
-4.997093111400858470e+04 2.169168061396809943e-07
-4.997089211474806507e+04 9.654741244251462510e-08
-4.997073505274773925e+04 1.152518700252144240e-08
-4.997045041422948270e+04 5.205214144680079371e-07
-4.996973150286632153e+04 1.392934343910520394e-06
-4.996888040708445624e+04 4.883497798142979796e-10
-4.996855271051183809e+04 3.805355914490289859e-07
-4.996840688050274912e+04 2.113295791673607942e-05
-4.996809888648100605e+04 2.017134228997778761e-06
-4.996777733630289003e+04 1.025952578373588044e-06
-4.996708463110557204e+04 3.625083614408521330e-07
-4.996688856496936205e+04 4.660485561345414665e-07
-4.996644390976060095e+04 1.134119268809313814e-06
-4.996594724943778419e+04 3.480411341448611455e-08
-4.996526753909100080e+04 9.077060607635641288e-06
-4.996494422676324029e+04 3.345025782661664406e-05
-4.996467681268853630e+04 1.105649619463936328e-07
-4.996413341928023146e+04 4.537415661119533202e-06
-4.996356278568020207e+04 4.508367166598781368e-08
-4.996339030494084727e+04 4.240944154682110759e-06
-4.996267525300344278e+04 1.108349179317104394e-05
-4.996221453523592936e+04 1.761133140617638111e-06
-4.996209060629576561e+04 5.194585545400683823e-07
-4.996172020679267735e+04 5.760505875353293607e-06
-4.996135339198241854e+04 6.001064859723228797e-05
-4.996130292268328049e+04 9.856322981530904381e-06
-4.996074052097683307e+04 1.143110470916992641e-05
-4.996046211050225247e+04 2.748906584536596629e-08
-4.996016333686147118e+04 3.884944622206592331e-06
-4.995982033138855331e+04 1.886556880446386338e-05
-4.995950697321027837e+04 6.129876139693194730e-07
-4.995911902038113476e+04 1.455098119309599505e-05
-4.995873342980031157e+04 2.583543950176750507e-05
-4.995788195352404728e+04 3.254710457260697419e-05
-4.995772524224324297e+04 6.583373976608965846e-05
-4.995739979933160066e+04 1.675868171952236651e-05
-4.995728728361756657e+04 2.985815712921002487e-05
-4.995610110951041861e+04 4.301311201823028969e-06
-4.995592547853677388e+04 1.009581322589915103e-04
-4.995529269183189899e+04 1.777873384088813995e-05
-4.995489507626428531e+04 1.021458842833705384e-06
-4.995446928475735331e+04 1.363722577163359036e-04
-4.995411792757588410e+04 5.095209242041230224e-05
-4.995398359177640668e+04 1.321192351866321999e-04
-4.995329610944075830e+04 5.933412156310018707e-08
-4.995259069578644267e+04 1.143873724828962127e-04
-4.995243596175301354e+04 5.052749197721635710e-05
-4.995212188953583245e+04 1.665150972759571909e-06
-4.995191752505235490e+04 9.978254453575015098e-05
-4.995176654409911862e+04 4.689877657860155575e-09
-4.995123328883377690e+04 1.885852821988131568e-04
-4.995060569005604339e+04 2.634497500898630141e-06
-4.995043328580523666e+04 3.004981925740305153e-04
-4.995036975234343117e+04 1.592064168050960729e-05
-4.994985597531952226e+04 9.050307573864224318e-05
-4.994925769564895018e+04 2.822094379664699969e-05
-4.994845937786826835e+04 7.027658203374293313e-04
-4.994831239556132641e+04 2.407214586465660790e-07
-4.994806573959340312e+04 1.094915547811643123e-05
-4.994786168977946363e+04 2.766717275872260514e-05
-4.994707946004752012e+04 7.485908453847467305e-04
-4.994678029365816474e+04 1.901022245471781684e-06
-4.994653664700676745e+04 1.135281122806329262e-04
-4.994602085464097763e+04 3.417116576018512772e-05
-4.994520928411289060e+04 8.870854859395596636e-04
-4.994500373564582696e+04 1.041161592753464830e-04
-4.994452618302725750e+04 1.703123713067790704e-04
-4.994411255713758146e+04 3.117756752057232309e-04
-4.994354312216207472e+04 8.645752883157213631e-04
-4.994345253229286027e+04 3.043461694950365935e-04
-4.994281650525799341e+04 5.964730323867632267e-05
-4.994219713534603216e+04 4.656267431355586950e-04
-4.994206650575809181e+04 1.079593863944351662e-04
-4.994142261658783536e+04 7.808644444430622175e-06
-4.994124410621933202e+04 1.392015700823544299e-03
-4.994099735854085156e+04 4.780054818744515705e-04
-4.994088084956289822e+04 7.893648190521320796e-04
-4.994031373368592904e+04 7.606392427559726787e-04
-4.993965081089303567e+04 1.282361651357622444e-03
-4.993950986457405088e+04 7.634452849945852767e-06
-4.993911496908125264e+04 7.100685488286267836e-05
-4.993865582229290885e+04 1.705785841978121745e-04
-4.993820411733944638e+04 4.106571361707402469e-04
-4.993775732337943191e+04 3.470918820044426381e-03
-4.993710143345232791e+04 1.856985304830873314e-05
-4.993691221038501681e+04 1.502316604632306543e-05
-4.993670515695907670e+04 4.753563581451123289e-04
-4.993654208462612587e+04 3.092154175616810326e-03
-4.993564655792668782e+04 1.706259112228989755e-05
-4.993490873821254354e+04 1.228476648006584637e-03
-4.993463623018455837e+04 2.123740593782313729e-04
-4.993421185495737154e+04 2.206566701365945005e-03
-4.993393135732797964e+04 5.189087159442275568e-03
-4.993315775256634515e+04 1.478662748289825231e-03
-4.993264743125309178e+04 2.057749053133004716e-03
-4.993230498090672336e+04 2.153363409644981716e-04
-4.993218467125967436e+04 9.671950857145295618e-06
-4.993198282455472508e+04 3.652004136821304756e-04
-4.993138710305317363e+04 2.358642234059008923e-03
-4.993111035769173031e+04 5.964032509252807862e-04
-4.993059968911783653e+04 2.465946879932123369e-03
-4.993012143740950705e+04 8.959844408816418013e-03
-4.992982630340948526e+04 8.283787515203483963e-04
-4.992965360060229432e+04 6.112541914539141230e-04
-4.992919408007752645e+04 7.277807011597143020e-04
-4.992905179500934173e+04 2.174519930320349161e-03
-4.992779315572870109e+04 1.595589289669186546e-04
-4.992748291486901871e+04 2.071099064500160711e-03
-4.992706484230940259e+04 6.802057821354121243e-03
-4.992699359994752012e+04 8.663457810769608410e-04
-4.992673349623443937e+04 1.114335616275957674e-02
-4.992612116730368871e+04 1.317528645522128691e-05
-4.992549225944097998e+04 3.477483414849188385e-03
-4.992500311787617102e+04 2.873672967552289530e-05
-4.992453177973355196e+04 1.040557485932562965e-03
-4.992428949620822823e+04 2.459008040239722519e-03
-4.992368058054552966e+04 1.090699113792075077e-02
-4.992303032861687825e+04 1.591537910404505762e-02
-4.992284882892645692e+04 2.004247184926225608e-03
-4.992223331933133886e+04 1.095720765815502381e-04
-4.992182081566634588e+04 3.157654478212658248e-04
-4.992171786409468041e+04 2.804966273575458177e-03
-4.992120297202355869e+04 5.545300213515269236e-03
-4.992106547631801368e+04 3.240254786505997214e-05
-4.992028657596963603e+04 4.239605526552466799e-04
-4.991997549004947359e+04 6.042998094447981500e-03
-4.991972086029398633e+04 3.754015905826825743e-03
-4.991962348402875068e+04 2.188564611434418161e-02
-4.991927072243978182e+04 2.646039559369548280e-03
-4.991848768138723244e+04 3.299816136355426853e-04
-4.991805087114332127e+04 1.411861139492615307e-03
-4.991759922925740102e+04 2.238984748914621834e-05
-4.991678214231352467e+04 1.431820208837505937e-02
-4.991620098115147266e+04 3.682179057230017261e-02
-4.991613530652497866e+04 3.120221414067781752e-04
-4.991597419317354797e+04 3.643003860435123343e-04
-4.991494629601014458e+04 3.821770360387755170e-04
-4.991438726089580450e+04 3.408371112729876532e-03
-4.991390717948213569e+04 1.148649804147270671e-02
-4.991347868210267188e+04 1.332110224077042923e-02
-4.991313532686315739e+04 7.251837896325629730e-03
-4.991302839410364686e+04 3.275581294937749527e-04
-4.991274952018265321e+04 1.214375888159186781e-03
-4.991220797116217727e+04 2.246572852042975910e-02
-4.991190471919689298e+04 2.982845606786168214e-03
-4.991139020678184897e+04 1.836750121558317940e-03
-4.991117489737678989e+04 2.110224802268796651e-04
-4.991040423062830814e+04 2.772973782472759954e-03
-4.991003992693670443e+04 1.438676773624301704e-05
-4.990982585251767159e+04 3.710772243191885885e-04
-4.990929921369391377e+04 5.760343091621580869e-02
-4.990888920061269891e+04 2.517719492851965262e-03
-4.990847550260580465e+04 2.275301881859567547e-03
-4.990816309278092376e+04 1.733468433088320142e-03
-4.990753473777568433e+04 3.213283069826493917e-03
-4.990643444596116751e+04 4.542508286730818218e-02
-4.990609255229363043e+04 1.127389235275199492e-02
-4.990591100260103121e+04 4.881960585950429962e-03
-4.990532133660490217e+04 2.102300736544446291e-04
-4.990508466848746320e+04 4.763848609401790529e-03
-4.990485571815395087e+04 8.932058471809310035e-03
-4.990414755133927974e+04 2.738312051533354531e-03
-4.990335822755976551e+04 9.944485295602489405e-04
-4.990285779610913596e+04 1.675478878085493242e-02
-4.990269655889254500e+04 2.288578481985357321e-02
-4.990213948330327548e+04 4.345620892495521297e-04
-4.990186119718519330e+04 5.155897535055574063e-03
-4.990168358418493153e+04 1.609888159973672447e-02
-4.990100692611488194e+04 3.571642655156602778e-04
-4.990081734566470550e+04 6.005436741480241203e-03
-4.990051465571894369e+04 2.229936487633240715e-03
-4.990019990346378472e+04 1.481537280531757548e-03
-4.989924331009721209e+04 6.474288835752613214e-02
-4.989887913508305064e+04 1.116505718893981251e-02
-4.989845887268726801e+04 6.130464927146845211e-05
-4.989774618046523392e+04 9.252247307023470785e-03
-4.989755713894863584e+04 5.374904811153916181e-04
-4.989725749154420191e+04 1.220804010885833497e-03
-4.989696016813769529e+04 9.623603858275154395e-04
-4.989656023830443155e+04 3.779576816880721255e-03
-4.989566671335521823e+04 5.296055571280322560e-02
-4.989497128942491690e+04 7.837299657790367576e-04
-4.989442297341847734e+04 7.806797021604635050e-04
-4.989356067714371602e+04 1.259329966972114038e-04
-4.989294441539190302e+04 3.438596172552781560e-04
-4.989266792561814509e+04 5.766866778913555449e-04
-4.989245022532051371e+04 1.024283939263103457e-03
-4.989220863063110301e+04 1.825421588656120841e-03
-4.989199666453347163e+04 7.090273186804300909e-02
-4.989156526066378865e+04 3.425449916153167334e-04
-4.989102845141555736e+04 3.385098510505455630e-03
-4.989082813080303458e+04 5.478302490640451225e-04
-4.989021994722649106e+04 3.564623673212089644e-03
-4.988995274683427851e+04 6.874864793899420658e-03
-4.988926532718072849e+04 3.630127938829542347e-04
-4.988901845895726001e+04 9.401009673093129728e-04
-4.988852249360206042e+04 3.101213020161204884e-02
-4.988833739136689837e+04 1.772210202793129269e-02
-4.988801739215663838e+04 1.181183332014800781e-03
-4.988624896287481533e+04 3.974771141493654457e-04
-4.988577046318187786e+04 9.021560986141417956e-04
-4.988570355028862832e+04 1.201767497048041033e-03
-4.988480770282142475e+04 4.917659619254537845e-02
-4.988452163739011303e+04 7.227092567486775301e-04
-4.988430192826320854e+04 4.756920671716455637e-05
-4.988405397956148954e+04 3.642018698210763091e-04
-4.988346503798195772e+04 4.645902195656001314e-03
-4.988306618713250646e+04 2.422440383257619639e-04
-4.988204476081066969e+04 1.410166959911767935e-03
-4.988190673756165779e+04 1.184950115490826473e-03
-4.988166354781850532e+04 8.521487266244799977e-03
-4.988076908784074476e+04 2.714140954750229873e-02
-4.988070393220509868e+04 4.175063028162695825e-03
-4.988053218394133728e+04 2.817518226222543928e-04
-4.988001044456700038e+04 4.982404887575200792e-04
-4.987925681202206761e+04 6.712929318817423274e-05
-4.987865887654696417e+04 1.999717243619844164e-04
-4.987777862538448244e+04 1.140237855267356784e-02
-4.987733402193964139e+04 2.243101929104564934e-02
-4.987726347838453512e+04 4.106137067544846282e-04
-4.987676463364269148e+04 1.324270610462753269e-03
-4.987671839931940485e+04 6.373270279756512550e-03
-4.987591392527482822e+04 1.299448944122019636e-03
-4.987539079451060388e+04 5.654373126879807740e-04
-4.987466191453928332e+04 1.494286581399518858e-03
-4.987428861829545349e+04 1.233362439098587914e-05
-4.987347708080668235e+04 8.695009655379124739e-05
-4.987285457304042211e+04 4.910738386085774024e-03
-4.987243743877210363e+04 1.009658506501415979e-03
-4.987210896549076278e+04 8.626458503238062375e-03
-4.987189362689747213e+04 2.377985799577464563e-03
-4.987149341064620967e+04 7.139234508585399139e-08
-4.987088464505419688e+04 1.665273207447717254e-04
-4.987012707041896647e+04 5.571276331174503625e-03
-4.986972571920461633e+04 1.077660283355836093e-02
-4.986935185968788574e+04 3.878010761418188793e-03
-4.986911726459875354e+04 7.095585666693829223e-03
-4.986829268723300629e+04 6.130820603925675027e-04
-4.986809500888048933e+04 2.476063388224973355e-04
-4.986770771122047154e+04 2.690427485906761316e-05
-4.986679682605359267e+04 1.006485354332311427e-03
-4.986597528336684627e+04 2.266575025978618835e-04
-4.986538423294934182e+04 1.883676044516119125e-04
-4.986505219282080361e+04 1.282043925042461539e-04
-4.986443481939758931e+04 8.734352038395909232e-08
-4.986412792922070366e+04 1.619261829032203441e-03
-4.986346912359667476e+04 1.908345866374233136e-04
-4.986290160710585042e+04 3.621225502909705468e-04
-4.986246894332185911e+04 3.028166914901814758e-05
-4.986205315789642191e+04 4.378802579382502259e-03
-4.986161432143826823e+04 7.148848009543637763e-03
-4.986135748184924159e+04 4.093536698757501346e-05
-4.986106978898747911e+04 4.817258759220902986e-04
-4.986084285008302686e+04 4.584548885843526059e-03
-4.986013256950167852e+04 1.092158747035968839e-04
-4.985889970812582760e+04 7.863265849293450175e-06
-4.985867968936436955e+04 1.945338664832662028e-04
-4.985837797662318189e+04 1.057165231925097404e-07
-4.985798809455255105e+04 3.036350549637243973e-04
-4.985656547530436364e+04 5.237107261769833038e-05
-4.985580723226271948e+04 9.218368829809436393e-05
-4.985554424650526198e+04 2.407881051557809733e-04
-4.985511495447420020e+04 1.203330578190151207e-04
-4.985476784980091907e+04 1.664041829596601594e-04
-4.985397053676153155e+04 1.932910558385293398e-05
-4.985368384778151812e+04 9.500313802499316378e-04
-4.985304681228601112e+04 2.070565296673420978e-03
-4.985247073920408002e+04 4.141634349268304431e-04
-4.985222400321394525e+04 1.419649861482041994e-03
-4.985170492988924525e+04 8.650391110253712523e-04
-4.985130898509332474e+04 3.265105793077940259e-04
-4.985113234734004072e+04 2.427795308075773550e-07
-4.985014625460151001e+04 7.237009104175449649e-06
-4.984955873834506929e+04 3.397657128830190384e-05
-4.984912199589003285e+04 5.792198395313687386e-05
-4.984884069301372074e+04 1.294079330221890158e-05
-4.984797317691608623e+04 2.504780512684278538e-05
-4.984766822203173069e+04 1.996359893395953227e-07
-4.984661031590322091e+04 2.578735345208439710e-04
-4.984601687540669081e+04 6.677480366190726673e-08
-4.984530159980474127e+04 1.233391775252810789e-05
-4.984481710880768514e+04 1.102423853410933500e-04
-4.984430827610053529e+04 7.074036468423346895e-04
-4.984394640656138654e+04 1.713080833553931923e-05
-4.984372766200751357e+04 3.415560415619307166e-05
-4.984253368368928204e+04 3.535338907149648434e-04
-4.984227914817100827e+04 2.936182689050059486e-04
-4.984201834535683884e+04 7.933753991010936710e-06
-4.984120379997520649e+04 4.404636704313621200e-05
-4.984049509755588952e+04 2.563877672069893887e-05
-4.984021821468511916e+04 2.106826026351551093e-05
-4.983987663764357421e+04 1.724621369335591536e-05
-4.983919209125139605e+04 1.939267139253078329e-06
-4.983804515997091949e+04 2.708841831097871634e-05
-4.983772632768232870e+04 1.592754618395764857e-05
-4.983710650360811997e+04 2.027154394220154573e-05
-4.983682884864346124e+04 1.495139882142880151e-05
-4.983617045950582542e+04 8.565977733000731573e-05
-4.983539417594472616e+04 4.343235275323065498e-07
-4.983436947145272279e+04 1.696271874169299761e-07
-4.983419256197927461e+04 1.521835793140799864e-06
-4.983392066969357984e+04 1.739229974598036023e-04
-4.983368591840209410e+04 3.115862753415736883e-06
-4.983254233385020052e+04 4.836535388360829976e-08
-4.983178424035753415e+04 1.559427336138448283e-05
-4.983136201259985683e+04 5.635186815159427001e-05
-4.983089000085667067e+04 8.106713018033120714e-07
-4.983069843722397491e+04 1.580746688702055549e-06
-4.982987702378258837e+04 6.876976257249199770e-07
-4.982863633142440085e+04 9.677881583325208050e-06
-4.982837032489916601e+04 3.098794818358053033e-06
-4.982804780138083152e+04 7.939244119291700993e-06
-4.982711656436655903e+04 4.535518596893800006e-07
-4.982641481698486314e+04 3.682352857559132884e-06
-4.982602295918780874e+04 1.510191205098932651e-05
-4.982536045345065941e+04 1.728533216196349702e-06
-4.982431986167719879e+04 1.392337774803630355e-06
-4.982395057523585274e+04 8.738481198589731489e-06
-4.982379343366174726e+04 4.357621940871873005e-06
-4.982335612852707709e+04 2.584786655870237615e-06
-4.982291187429695856e+04 4.369249086263322213e-06
-4.982174644151399116e+04 6.412009712350063737e-06
-4.982111918105309451e+04 1.794743870338927580e-06
-4.982013833512169367e+04 4.892821008056631092e-07
-4.981957241250761581e+04 1.179242760817480361e-07
-4.981928909516111162e+04 4.878006295526271096e-06
-4.981911768763967848e+04 3.442505879722645292e-09
-4.981815768800825026e+04 3.199977344334102741e-08
-4.981751419555124448e+04 4.131433502399993027e-08
-4.981623186074076511e+04 2.134669248302098868e-06
-4.981582064186762000e+04 2.014886037528363994e-07
-4.981546768931672705e+04 7.841702203028048727e-07
-4.981527572978763055e+04 8.618984349372315724e-07
-4.981364173740032857e+04 9.242035820666949583e-09
-4.981350770260360150e+04 1.426708159046266197e-07
-4.981236741679118859e+04 1.991450609030206248e-06
-4.981203948402252718e+04 1.487712956627186952e-09
-4.981125035553123598e+04 5.286875315199872647e-09
-4.981105355465005414e+04 8.120602644699237000e-08
-4.981047266018375376e+04 2.064177509995658816e-07
-4.980990810560408136e+04 3.525637051383201312e-07
-4.980939839434554597e+04 5.144702194050480062e-08
-4.980845851795551425e+04 6.860217547563345200e-08
-4.980796668044784747e+04 1.287162674145750499e-07
-4.980676788036933431e+04 1.983821929417926845e-07
-4.980632918758832238e+04 1.696795458945012678e-07
-4.980502079148265329e+04 1.870726264787426680e-08
-4.980452348236281978e+04 2.318816755890649128e-09
-4.980370902346829098e+04 9.552949632430742925e-08
-4.980355742457444285e+04 1.229082277472477386e-08
-4.980325372399828484e+04 5.865432232557068895e-11
-4.980235399167869036e+04 1.225380662318878256e-07
-4.980170168518350692e+04 6.749915653825893607e-09
-4.980108915270562284e+04 2.347851026105576674e-08
-4.980016891983707319e+04 2.842532836880202853e-10
-4.979890512899337045e+04 7.263030891626887917e-08
-4.979861513712371379e+04 1.481072998909217254e-09
-4.979814841106407403e+04 2.514956574226909878e-09
-4.979748586017774505e+04 1.322427049972761442e-08
-4.979631454917376686e+04 4.479116717158409195e-09
-4.979505648886955169e+04 4.350368126396992625e-09
-4.979497527668020484e+04 5.254537680865847003e-11
-4.979428280711772823e+04 5.229522435750303833e-09
-4.979373064196517225e+04 1.110643345876182496e-09
-4.979336194042015268e+04 8.023713549327666037e-09
-4.979259430297305516e+04 2.580495801190512497e-09
-4.979241983763752069e+04 2.215012634811433879e-09
-4.979071576678140264e+04 5.009495897362215796e-09
-4.978958901631348999e+04 9.501207483992231773e-10
-4.978925211099333683e+04 1.362628197715690873e-10
-4.978838512959639047e+04 2.661020218958489991e-09
-4.978821805727700121e+04 5.121244689747989468e-11
-4.978727127751136868e+04 2.623026104820298642e-12
-4.978666647012881003e+04 1.111005338075520063e-12
-4.978578192422284337e+04 1.628632769971502308e-09
-4.978435917225306184e+04 4.119617918071929804e-10
-4.978367616864169395e+04 2.648484173290354702e-10
-4.978329692560464173e+04 3.694594358139755012e-10
-4.978223777342950780e+04 1.874077758784650453e-11
-4.978188664829549089e+04 1.307652624948791025e-12
-4.978171547061298043e+04 3.821937675965703366e-15
-4.978120805697848118e+04 3.459546858395903170e-14
-4.978009751401671383e+04 2.751193268071454848e-10
-4.977858769976475014e+04 2.585841395353170794e-11
-4.977754819395190862e+04 1.699533959262919399e-10
-4.977650065039297624e+04 3.057815857503163988e-11
-4.977576046747883083e+04 3.132770921976058788e-11
-4.977550349540396564e+04 1.756280136411323426e-12
-4.977520594451215584e+04 1.045411435140191827e-13
-4.977499864320094639e+04 8.183767248641919282e-12
-4.977399009051796020e+04 4.101785332580056710e-12
-4.977233350808947580e+04 1.640409516335246251e-11
-4.977134786149016873e+04 1.231586777323176657e-11
-4.976952907068955392e+04 1.796902867052555345e-13
-4.976929790028432035e+04 9.651059136678756450e-12
-4.976886097401241568e+04 9.347576429982555308e-15
-4.976875210518184758e+04 1.326342282336349753e-12
-4.976837195860948850e+04 2.935869474226440916e-12
-4.976773971758660628e+04 2.692484413585431973e-18
-4.976666769419851335e+04 6.375552846435030749e-13
-4.976462130126231204e+04 1.247590971541469502e-12
-4.976299819843058503e+04 9.609568914841929659e-13
-4.976271346072203596e+04 5.508658729939832092e-15
-4.976230773120652157e+04 2.419318689977992882e-13
-4.976184953998062701e+04 3.640034248903431057e-13
-4.976159312629987107e+04 8.087296510087148547e-16
-4.976087629521371855e+04 3.086390140545261908e-13
-4.975947854617452685e+04 7.167003817131877671e-15
-4.975827668842945423e+04 8.103086567752489055e-15
-4.975685282200010988e+04 6.623643538888538263e-17
-4.975662308803018823e+04 9.362677052838816169e-14
-4.975548240447982243e+04 7.974113900705106562e-15
-4.975472295455477433e+04 1.080211221410119981e-14
-4.975451544008267228e+04 3.585877199502559296e-14
-4.975302399502426852e+04 1.452936762934344142e-14
-4.975272512436137185e+04 5.059447812939125540e-15
-4.975114250576707855e+04 9.410321550409085867e-16
-4.975015613026882056e+04 1.683868296340212394e-18
-4.974927130540263170e+04 2.495761117427764682e-17
-4.974876696335664747e+04 1.106206771108701476e-15
-4.974804150457198557e+04 1.547107479830639126e-15
-4.974702643713915313e+04 3.004908179320993975e-15
-4.974501489251368184e+04 8.882516601449583280e-17
-4.974432191961154604e+04 7.278090878723419075e-18
-4.974335517719296331e+04 2.707962222924810178e-21
-4.974323988361695956e+04 5.064438839131045651e-17
-4.974129797815654456e+04 4.392960663597934690e-18
-4.974066330143348023e+04 2.443986565551909833e-17
-4.974032183792541764e+04 3.392881162719429362e-17
-4.973927431074271590e+04 4.237169063261980719e-17
-4.973874181285375380e+04 6.377703091509721569e-17
-4.973654669500005548e+04 1.935656749571658426e-17
-4.973634897063025710e+04 2.470591200742419024e-19
-4.973495455532977212e+04 1.563545530422001067e-22
-4.973457679810660920e+04 5.798524935362547536e-18
-4.973312073166154732e+04 6.976387526781999423e-20
-4.973228498029683396e+04 1.780902889988630910e-18
-4.973085546145011904e+04 3.914733813849985135e-19
-4.973001062291068229e+04 1.764222813067303806e-18
-4.972890242832759395e+04 1.189350819831571380e-20
-4.972879196618448623e+04 4.466248105772337009e-19
-4.972782359570707922e+04 4.995728581691210062e-18
-4.972637653008936468e+04 3.081061484743833683e-20
-4.972609526800384629e+04 5.923946171872927352e-20
-4.972502443723929173e+04 9.538227438417354341e-20
-4.972351374272941757e+04 2.617320771110714398e-19
-4.972171538680854428e+04 2.129630607615231225e-20
-4.971968604308469367e+04 2.709524781995195783e-20
-4.971951654158048041e+04 4.359095157971864578e-20
-4.971914430857307161e+04 2.302221114424354344e-19
-4.971839499922401592e+04 8.574908249726621208e-20
-4.971694125018518389e+04 3.669462130124389649e-22
-4.971534641525147163e+04 3.177481763379845252e-20
-4.971339295881243015e+04 3.909016244439967090e-22
-4.971333850906111911e+04 1.909155890835690109e-21
-4.971176933034266403e+04 1.997253043843308797e-22
-4.971002378581134690e+04 3.469178748387486538e-24
-4.970996377494663466e+04 5.889448009833586731e-21
-4.970917263838102372e+04 1.041670794272375793e-21
-4.970842693885220069e+04 6.116386248038607815e-22
-4.970685705402668827e+04 1.209453761980503423e-21
-4.970394245557625254e+04 4.367384740234917633e-22
-4.970318640910341492e+04 1.764100674317601388e-23
-4.970198453680715465e+04 2.051630057192362908e-23
-4.970063000372244278e+04 0.000000000000000000e+00
-4.970027542698253819e+04 7.262658899338870156e-24
-4.969885080005416967e+04 8.342610424775411883e-24
-4.969823180591581331e+04 0.000000000000000000e+00
-4.969663871251188539e+04 0.000000000000000000e+00
-4.969501616078487859e+04 4.040289773321199795e-23
-4.969252330028334836e+04 3.063339049250820914e-24
-4.969188389257356903e+04 7.661035469007717451e-24
-4.969053809589504817e+04 4.036860250668454778e-24
-4.969013477362951380e+04 0.000000000000000000e+00
-4.968838229873662931e+04 0.000000000000000000e+00
-4.968628069103381131e+04 0.000000000000000000e+00
-4.968534702229878894e+04 0.000000000000000000e+00
-4.968239262506691011e+04 0.000000000000000000e+00
-4.968192221003006853e+04 0.000000000000000000e+00
-4.968057941719125665e+04 0.000000000000000000e+00
-4.967855989423252322e+04 0.000000000000000000e+00
-4.967852725589036709e+04 0.000000000000000000e+00
-4.967758465557879390e+04 0.000000000000000000e+00
-4.967401770401369140e+04 0.000000000000000000e+00
-4.967315730781709135e+04 0.000000000000000000e+00
-4.967065864719843375e+04 0.000000000000000000e+00
-4.966944436815232621e+04 0.000000000000000000e+00
-4.966835067940859881e+04 0.000000000000000000e+00
-4.966597412531173177e+04 0.000000000000000000e+00
-4.966409140354383271e+04 0.000000000000000000e+00
-4.966142026532266755e+04 0.000000000000000000e+00
-4.966073317884036805e+04 0.000000000000000000e+00
-4.965881999023684330e+04 0.000000000000000000e+00
-4.965846740936872084e+04 0.000000000000000000e+00
-4.965507505693218263e+04 0.000000000000000000e+00
-4.965378394546215713e+04 0.000000000000000000e+00
-4.965084553969937406e+04 0.000000000000000000e+00
-4.964860030055469542e+04 0.000000000000000000e+00
-4.964630707510311186e+04 0.000000000000000000e+00
-4.964532990831586358e+04 0.000000000000000000e+00
-4.964122027567918849e+04 0.000000000000000000e+00
-4.963922713244412444e+04 0.000000000000000000e+00
-4.963780256170650682e+04 0.000000000000000000e+00
-4.963680669191679044e+04 0.000000000000000000e+00
-4.963210731124709855e+04 0.000000000000000000e+00
-4.963034566044350504e+04 0.000000000000000000e+00
-4.962861798853229993e+04 0.000000000000000000e+00
-4.962377038239541434e+04 0.000000000000000000e+00
-4.962156127741772070e+04 0.000000000000000000e+00
-4.961909237298534572e+04 0.000000000000000000e+00
-4.961289902502336918e+04 0.000000000000000000e+00
-4.961225979587046459e+04 0.000000000000000000e+00
-4.960946999935425265e+04 0.000000000000000000e+00
-4.960454349080818793e+04 0.000000000000000000e+00
-4.960018494749635283e+04 0.000000000000000000e+00
-4.959698416205875401e+04 0.000000000000000000e+00
-4.959008500033680320e+04 0.000000000000000000e+00
-4.958732371657424665e+04 0.000000000000000000e+00
-4.958040528527766583e+04 0.000000000000000000e+00
-4.957155667759760399e+04 0.000000000000000000e+00
-4.956080451779218129e+04 0.000000000000000000e+00
-4.955677622437191894e+04 0.000000000000000000e+00
4.972603167796293565e+04 0.000000000000000000e+00
4.972670221864312043e+04 0.000000000000000000e+00
4.974636296529795072e+04 0.000000000000000000e+00
4.974810166288009350e+04 0.000000000000000000e+00
4.976162110196483263e+04 0.000000000000000000e+00
4.976317742418190028e+04 0.000000000000000000e+00
4.976398790731454937e+04 0.000000000000000000e+00
4.976569268534547882e+04 0.000000000000000000e+00
4.977669897191523341e+04 0.000000000000000000e+00
4.977927422518285312e+04 0.000000000000000000e+00
4.978124859386325261e+04 0.000000000000000000e+00
4.978288943787103199e+04 0.000000000000000000e+00
4.978945806138658372e+04 0.000000000000000000e+00
4.979105987718680262e+04 0.000000000000000000e+00
4.979201139441929990e+04 0.000000000000000000e+00
4.979379551835008897e+04 0.000000000000000000e+00
4.979545588616575697e+04 0.000000000000000000e+00
4.979795067998355808e+04 0.000000000000000000e+00
4.980228871366595558e+04 0.000000000000000000e+00
4.980379213171153970e+04 0.000000000000000000e+00
4.980586893294630136e+04 0.000000000000000000e+00
4.980813791474276513e+04 0.000000000000000000e+00
4.980953743538556591e+04 0.000000000000000000e+00
4.981073488025103143e+04 0.000000000000000000e+00
4.981391137931574485e+04 0.000000000000000000e+00
4.981429180828022800e+04 0.000000000000000000e+00
4.981539642893288692e+04 0.000000000000000000e+00
4.981718567733970849e+04 0.000000000000000000e+00
4.981855647775923717e+04 0.000000000000000000e+00
4.981965276205332339e+04 0.000000000000000000e+00
4.982153752489158069e+04 0.000000000000000000e+00
4.982287187842519052e+04 0.000000000000000000e+00
4.982495037759720435e+04 0.000000000000000000e+00
4.982578960160083807e+04 0.000000000000000000e+00
4.982777804474795994e+04 0.000000000000000000e+00
4.982888268697263265e+04 0.000000000000000000e+00
4.982995519666957262e+04 0.000000000000000000e+00
4.983152595067126094e+04 0.000000000000000000e+00
4.983270144477521535e+04 0.000000000000000000e+00
4.983314737712204078e+04 0.000000000000000000e+00
4.983416354751705512e+04 0.000000000000000000e+00
4.983623987880788627e+04 0.000000000000000000e+00
4.983670896534312487e+04 0.000000000000000000e+00
4.983766767610402894e+04 0.000000000000000000e+00
4.983859545286630600e+04 0.000000000000000000e+00
4.983973849223932484e+04 0.000000000000000000e+00
4.984095488908512925e+04 0.000000000000000000e+00
4.984225583969549189e+04 0.000000000000000000e+00
4.984341978260569886e+04 0.000000000000000000e+00
4.984393310811684933e+04 0.000000000000000000e+00
4.984495951055006299e+04 0.000000000000000000e+00
4.984529352222907619e+04 0.000000000000000000e+00
4.984758327472565725e+04 0.000000000000000000e+00
4.984857424409296073e+04 0.000000000000000000e+00
4.984903843828181562e+04 0.000000000000000000e+00
4.984995453241621726e+04 0.000000000000000000e+00
4.985027504845932708e+04 0.000000000000000000e+00
4.985228655687147693e+04 0.000000000000000000e+00
4.985290007582462567e+04 0.000000000000000000e+00
4.985324944486774621e+04 0.000000000000000000e+00
4.985426974215878727e+04 0.000000000000000000e+00
4.985508955239840725e+04 0.000000000000000000e+00
4.985546130384410208e+04 0.000000000000000000e+00
4.985717321098143293e+04 0.000000000000000000e+00
4.985796888759998546e+04 0.000000000000000000e+00
4.985884274134474254e+04 0.000000000000000000e+00
4.985940485714127135e+04 0.000000000000000000e+00
4.986022742763725546e+04 0.000000000000000000e+00
4.986054293899825279e+04 0.000000000000000000e+00
4.986117325671004073e+04 0.000000000000000000e+00
4.986325381937472412e+04 0.000000000000000000e+00
4.986362491355925158e+04 0.000000000000000000e+00
4.986463806420970650e+04 0.000000000000000000e+00
4.986486373588371498e+04 0.000000000000000000e+00
4.986544194023864111e+04 0.000000000000000000e+00
4.986598906530408567e+04 0.000000000000000000e+00
4.986700288393705705e+04 0.000000000000000000e+00
4.986850725809164578e+04 0.000000000000000000e+00
4.986934511415416637e+04 0.000000000000000000e+00
4.986968643296232040e+04 0.000000000000000000e+00
4.987014753356013534e+04 0.000000000000000000e+00
4.987078874741038453e+04 0.000000000000000000e+00
4.987094127280508110e+04 0.000000000000000000e+00
4.987290349935131235e+04 0.000000000000000000e+00
4.987332447634928394e+04 0.000000000000000000e+00
4.987410388127814076e+04 0.000000000000000000e+00
4.987476075610904081e+04 0.000000000000000000e+00
4.987529019653128489e+04 0.000000000000000000e+00
4.987540883642146218e+04 0.000000000000000000e+00
4.987599650225304504e+04 0.000000000000000000e+00
4.987731485571482335e+04 0.000000000000000000e+00
4.987850345624379406e+04 0.000000000000000000e+00
4.987876874574872636e+04 0.000000000000000000e+00
4.987995742280627019e+04 0.000000000000000000e+00
4.988028636925230967e+04 0.000000000000000000e+00
4.988068422716100758e+04 0.000000000000000000e+00
4.988087229069472232e+04 0.000000000000000000e+00
4.988148704562312923e+04 0.000000000000000000e+00
4.988242567408167088e+04 0.000000000000000000e+00
4.988336052357527660e+04 0.000000000000000000e+00
4.988453079233879544e+04 0.000000000000000000e+00
4.988532720776254428e+04 0.000000000000000000e+00
4.988563530757035915e+04 0.000000000000000000e+00
4.988593249637321424e+04 0.000000000000000000e+00
4.988623268809566798e+04 0.000000000000000000e+00
4.988635264366396586e+04 0.000000000000000000e+00
4.988722039397663320e+04 0.000000000000000000e+00
4.988909615538812795e+04 0.000000000000000000e+00
4.988942464292079967e+04 0.000000000000000000e+00
4.989009729255536513e+04 0.000000000000000000e+00
4.989044681773266348e+04 0.000000000000000000e+00
4.989083252466307749e+04 0.000000000000000000e+00
4.989118973070660286e+04 0.000000000000000000e+00
4.989150449885425769e+04 0.000000000000000000e+00
4.989324632858962286e+04 0.000000000000000000e+00
4.989372530626527441e+04 1.064267428582676878e-24
4.989389020558844641e+04 1.291691992462884592e-24
4.989435388286265515e+04 1.006099289708550174e-24
4.989513061480147735e+04 0.000000000000000000e+00
4.989574783697379462e+04 0.000000000000000000e+00
4.989674506330904114e+04 0.000000000000000000e+00
4.989696011676586204e+04 0.000000000000000000e+00
4.989745721951253654e+04 0.000000000000000000e+00
4.989760250202761381e+04 0.000000000000000000e+00
4.989821600212102203e+04 0.000000000000000000e+00
4.989929699352598254e+04 0.000000000000000000e+00
4.990031994840790867e+04 0.000000000000000000e+00
4.990108830223019322e+04 1.307798676545407649e-24
4.990128018095370498e+04 0.000000000000000000e+00
4.990165177200146718e+04 9.530670356144630740e-24
4.990204262243460835e+04 0.000000000000000000e+00
4.990212030655491981e+04 0.000000000000000000e+00
4.990265127006699186e+04 0.000000000000000000e+00
4.990375695193334104e+04 1.164676435228606544e-24
4.990444441507496231e+04 1.567009051497516380e-24
4.990527625972326496e+04 3.393998260516641662e-24
4.990556888899107435e+04 5.503967797624101254e-23
4.990611648527990474e+04 1.531244375734088899e-23
4.990638160074795451e+04 0.000000000000000000e+00
4.990744951187958941e+04 0.000000000000000000e+00
4.990797918521254178e+04 0.000000000000000000e+00
4.990805436055310565e+04 1.499690230867060146e-24
4.990857585611335526e+04 1.144467008997845223e-24
4.990927310206594120e+04 1.309787248566274498e-23
4.990962200705067517e+04 2.495434025939622456e-22
4.991027651191838231e+04 1.882692381404008079e-23
4.991098728934783867e+04 2.732769627295194128e-24
4.991177083455437969e+04 9.677453091085333291e-24
4.991197114519539173e+04 0.000000000000000000e+00
4.991280073754440673e+04 2.911321434888575702e-24
4.991322644366130407e+04 2.819427498966725685e-23
4.991369990535559191e+04 1.253809895948574899e-22
4.991390799028022593e+04 2.849877126827770022e-22
4.991443295300134923e+04 9.904404072669419878e-23
4.991473564105575497e+04 0.000000000000000000e+00
4.991593583783583745e+04 0.000000000000000000e+00
4.991599922609369241e+04 1.279078819588506291e-23
4.991683588227145083e+04 4.925568147033147580e-24
4.991743048363900743e+04 5.892748077316658954e-23
4.991771803528924647e+04 4.605726520191634542e-22
4.991843486589173699e+04 0.000000000000000000e+00
4.991875154997786012e+04 0.000000000000000000e+00
4.991885338635192602e+04 5.528983092056414133e-23
4.991972813917722669e+04 2.285502699227949872e-24
4.992003140802011330e+04 2.301347934073877486e-22
4.992081920689808612e+04 2.219230188725924986e-22
4.992142625275043247e+04 5.694403263046381336e-23
4.992217977592063107e+04 3.254879514063060739e-22
4.992226351887969213e+04 1.187104674716768264e-22
4.992251097190535802e+04 1.287434756885741034e-24
4.992349057396464923e+04 4.009861958990488178e-23
4.992386390188640507e+04 1.159491367843855539e-21
4.992428276520026702e+04 4.317870690280432108e-22
4.992487322225591197e+04 7.677137989173544704e-22
4.992511860093188443e+04 2.992739686701463312e-22
4.992542604176875466e+04 1.673278571955613107e-21
4.992598488159633416e+04 1.133531039851520445e-22
4.992644683738284220e+04 5.837117411297403228e-22
4.992717717528572393e+04 5.595542130204395100e-23
4.992786340927003039e+04 4.504007707293767808e-21
4.992833836772610812e+04 3.949621906104620580e-21
4.992889373424240330e+04 5.177285907914383877e-21
4.992924364155034709e+04 3.425990628732856755e-21
4.992991948698167835e+04 1.807255108033445217e-21
4.993018556757338956e+04 1.634747841488551517e-24
4.993050526463372080e+04 3.203835400019034538e-21
4.993121144017090410e+04 4.724190219403726605e-22
4.993176100543086795e+04 5.772032053471160241e-24
4.993186153671130160e+04 1.002557778930837283e-20
4.993230789016270137e+04 1.130242748221516450e-20
4.993288894294579950e+04 1.891402757051574703e-20
4.993341338899922994e+04 4.383627794262517743e-21
4.993364500874774967e+04 1.071569430030787868e-20
4.993462408360116387e+04 7.191342229914075302e-21
4.993521022443376569e+04 3.079197414619335544e-21
4.993568413489234808e+04 3.804826565096272469e-21
4.993585981135519978e+04 2.423350391819492044e-20
4.993620687051118875e+04 3.554588910081599465e-21
4.993659791181754554e+04 3.839332190146259463e-20
4.993715312815191282e+04 3.592945877109116070e-21
4.993755824778368697e+04 1.851407276195698422e-20
4.993830070766525023e+04 4.178194407659164043e-22
4.993870704058446427e+04 3.838696486264204206e-21
4.993936567285317142e+04 4.074717406764457763e-21
4.993982199198143644e+04 2.545762612622180679e-20
4.994002107965979667e+04 6.586331049189134190e-21
4.994037543912539695e+04 6.104266313003191058e-20
4.994088368456918397e+04 4.443666728147509601e-20
4.994101905754389736e+04 2.771228807142754259e-20
4.994184772568955668e+04 4.265780540264952171e-21
4.994245026841912477e+04 2.317568748995710102e-22
4.994283765537341242e+04 1.737491331488895007e-20
4.994300643381803093e+04 1.147880956234354526e-20
4.994337157892504911e+04 4.662019189754107412e-20
4.994387423679528729e+04 1.167500610028934212e-22
4.994440418787833914e+04 1.058531846129697526e-19
4.994473766256332601e+04 9.345582484802156131e-20
4.994525404694402096e+04 2.930375564288473857e-20
4.994590296445256536e+04 2.602854178339822613e-20
4.994630212515028688e+04 1.710745309064974404e-20
4.994667191478881432e+04 1.803098059056785027e-19
4.994740259125348530e+04 1.120930002836055953e-19
4.994771289058464026e+04 3.938068451971017330e-20
4.994802270510602830e+04 1.666620016851236943e-20
4.994834770355343790e+04 3.516137363883128366e-19
4.994897430828082724e+04 5.457068749781771214e-19
4.994914370405196678e+04 8.631023305191116448e-20
4.994967377146079525e+04 5.198502876318137264e-21
4.994992249476339930e+04 1.541591971804837282e-20
4.995063618917416170e+04 2.343576379645463561e-19
4.995112123249895376e+04 1.084131490575345976e-18
4.995125024849369220e+04 1.915657192098556623e-20
4.995143675118205283e+04 2.341976766223036675e-21
4.995251360848280456e+04 1.471497784547383313e-18
4.995310349061872694e+04 1.051161660526465743e-18
4.995328836747587775e+04 2.976629348747916655e-19
4.995346851007286023e+04 8.084293899295967956e-21
4.995412266865406127e+04 1.651683634439851197e-18
4.995422493894624495e+04 1.177841690216803146e-20
4.995473056553878268e+04 8.069756313612298738e-19
4.995526862540935690e+04 1.094898504908109595e-18
4.995559047712618485e+04 3.299011666126887388e-19
4.995625105413154233e+04 4.714160656302492294e-18
4.995672974865885772e+04 5.028894233390192157e-19
4.995710087807103992e+04 7.537691314198073328e-20
4.995779427737659717e+04 2.811024250474520262e-18
4.995806184756080620e+04 1.666899312233935103e-18
4.995836395779631857e+04 9.863255061770882416e-19
4.995850877363561449e+04 4.278436238878059655e-19
4.995878924401717813e+04 2.652456062934683465e-18
4.996012051742073527e+04 3.983633742705860254e-18
4.996033658983244823e+04 5.276381735083444505e-18
4.996065488928178092e+04 2.688002636475377141e-19
4.996079552668210818e+04 2.502737851906985554e-20
4.996104376948020217e+04 7.042164024547237494e-18
4.996147715429176606e+04 4.384901927846929992e-18
4.996209374071586353e+04 2.706238109622207022e-18
4.996227983274253347e+04 6.467560152356108823e-19
4.996329264885088196e+04 1.760693803828685156e-18
4.996347709431831754e+04 1.283852283968524730e-17
4.996392916755421902e+04 7.095409041844939369e-19
4.996438668067006802e+04 5.949407420204418624e-18
4.996456801358462690e+04 2.485762994402391750e-19
4.996538034514943865e+04 2.065357934351661046e-17
4.996563006309520279e+04 2.263485809550903234e-18
4.996624758633640886e+04 2.885051956450073507e-19
4.996667124401818000e+04 6.827459601721555877e-19
4.996719173826926271e+04 8.417325239847166935e-21
4.996757232544397266e+04 1.639180139605629875e-20
4.996790324596787832e+04 6.051292173168111406e-19
4.996804218748214771e+04 4.563799993242951224e-17
4.996841522283871018e+04 2.125610881788304673e-17
4.996879078459558514e+04 9.941142193414115941e-19
4.996964164209341834e+04 2.166458839994761709e-17
4.996978366717440804e+04 3.457038209183624542e-20
4.997006717777921585e+04 1.620252013483824052e-17
4.997055695586300862e+04 2.593934824669113090e-17
4.997074960766774893e+04 1.064244156230986133e-17
4.997130055586966046e+04 1.713215289863833962e-17
4.997167567667154799e+04 2.628466718341931785e-19
4.997189446529917041e+04 4.948417595673819610e-17
4.997269416379655740e+04 5.703506605302727298e-19
4.997292830364235851e+04 7.316233947639701295e-17
4.997307187463351147e+04 5.573540806550082732e-17
4.997365827685329714e+04 6.595884712512629343e-18
4.997397443411783752e+04 6.132537261994564495e-17
4.997462458454729494e+04 8.735045332417718174e-17
4.997516936914814141e+04 2.478207391695852960e-17
4.997561034669345827e+04 8.121564913276037558e-17
4.997589818330101116e+04 2.123448054016493314e-16
4.997607792108281865e+04 1.618698576335763751e-17
4.997668590637663874e+04 1.701813928337747228e-17
4.997687096610925801e+04 7.846072887181985896e-17
4.997750313080009073e+04 4.216218633669504392e-16
4.997769682982161612e+04 2.916999774609324683e-17
4.997837242582988983e+04 1.809025807815966561e-17
4.997841370480623300e+04 8.525591939797601665e-17
4.997909528089353989e+04 2.011327317324588027e-17
4.997920582227815612e+04 8.266925023573619892e-17
4.997935506522630021e+04 2.475623390676758115e-16
4.997982992317810567e+04 2.774609074355907007e-16
4.998022299074543844e+04 6.924947758693926088e-18
4.998057694450250710e+04 2.052781076600618925e-19
4.998082452887145337e+04 8.091718421092701489e-16
4.998105792338148603e+04 4.454554037385926610e-16
4.998167302752366959e+04 1.075351171080726926e-17
4.998243446305164980e+04 8.325590191199232488e-16
4.998253538874653896e+04 7.071093114694420894e-17
4.998279889037802059e+04 3.891980522892823338e-16
4.998326306691718491e+04 1.705044067111682566e-17
4.998368827428197983e+04 8.242972969912577813e-16
4.998389312908864667e+04 1.442199590055748229e-16
4.998460471989568032e+04 1.059779658215303864e-15
4.998526445254523424e+04 1.409598516189958553e-16
4.998562673049863224e+04 1.927489181541532411e-16
4.998578959760668658e+04 2.136785879068070206e-15
4.998622490787850984e+04 4.855303652020985404e-17
4.998634051866513619e+04 9.039921257217798072e-17
4.998652470476200688e+04 6.573447390408120768e-16
4.998693513820090448e+04 6.577019410908932030e-17
4.998749210030223912e+04 6.988185101561851465e-16
4.998796032304661640e+04 1.359542938676442678e-16
4.998812589125509840e+04 1.576085597053462466e-15
4.998880740276158758e+04 2.937575881262766976e-15
4.998909359345017583e+04 1.636808331499836362e-15
4.998932130346688064e+04 1.592585996404359018e-15
4.998975081217961269e+04 1.133052361455293073e-16
4.998996783271416643e+04 3.735140758037768203e-16
4.999017038460775075e+04 2.746989975229643718e-16
4.999091459822547768e+04 1.975721294834417553e-15
4.999122842850035522e+04 1.730744444128018384e-15
4.999170683039852156e+04 1.569065384109140087e-15
4.999208068567558803e+04 1.494065576004513040e-15
4.999257853560491640e+04 8.447792012852352995e-16
4.999275404354470811e+04 2.161723645329348328e-15
4.999314056579804310e+04 7.163719420780620941e-15
4.999344794193020789e+04 2.414492181099638098e-15
4.999380718474638707e+04 3.488227224547196493e-16
4.999408402945096896e+04 2.216735303112875861e-16
4.999443314179564914e+04 1.781219548140442507e-15
4.999541158827672189e+04 3.121709379615078190e-16
4.999613666197511338e+04 1.849030338817975829e-16
4.999626736541848368e+04 1.860351245522276839e-14
4.999634268605637044e+04 6.665297899607791019e-15
4.999675576643065142e+04 2.225532105148538674e-16
4.999719506749950961e+04 1.234583034411012982e-14
4.999772774933141045e+04 4.982703314772085129e-19
4.999798866383912537e+04 3.102810355273170958e-18
4.999833310021075886e+04 6.989818297848877248e-15
4.999858820712820307e+04 2.039463467706218771e-16
4.999889929324915283e+04 1.144777845205605896e-14
4.999915443518362736e+04 1.114458850532640085e-14
4.999943756461333396e+04 4.966224304822320598e-15
4.999999755499590538e+04 1.487637995267343597e-14
5.000022575875457551e+04 2.093737012078648805e-16
5.000067903236144048e+04 4.573123271959129126e-14
5.000093747344822623e+04 4.296368649325250471e-15
5.000131866259028902e+04 1.222586660315912782e-15
5.000178143464210734e+04 4.791495347055681104e-16
5.000276633169494016e+04 1.853470938380156044e-14
5.000285951443070371e+04 9.943053091792048569e-16
5.000298136359865020e+04 4.547558060768847146e-14
5.000374700374826352e+04 5.569610836503549363e-14
5.000379176448106591e+04 1.336736386864101713e-14
5.000453950193782657e+04 7.748478076804995861e-14
5.000495871188904857e+04 1.998548685811880679e-14
5.000538517270052398e+04 1.347332224805105739e-15
5.000577456107109174e+04 9.641844964030146079e-14
5.000611822689686232e+04 1.854993072211924359e-14
5.000638433017892385e+04 6.161371979355423143e-14
5.000667100978241069e+04 2.035197639574595761e-15
5.000712860171802458e+04 7.475903560776408109e-14
5.000785276120138587e+04 1.875247007490588888e-14
5.000802053886615613e+04 6.700047031759156092e-15
5.000804477568437142e+04 1.905766892127630218e-13
5.000848153759957495e+04 3.507795695648962548e-16
5.000905939045049308e+04 1.411879067636440424e-14
5.000929984244366642e+04 2.558544542178891652e-14
5.000945891820401448e+04 6.369888161374263411e-14
5.000976421508976637e+04 1.246418024113534282e-13
5.001021195696524228e+04 2.241940827014152186e-13
5.001105260329381417e+04 7.606025064582146415e-14
5.001125851644462819e+04 9.452739485112655904e-14
5.001167770559687779e+04 2.807346404335641422e-13
5.001188666733534046e+04 1.363484772363900436e-13
5.001241802389170334e+04 1.377512298132117346e-13
5.001276325045134581e+04 2.127651930277812698e-13
5.001314143441019405e+04 5.897679306098977259e-15
5.001354758806555765e+04 3.403023099528046352e-13
5.001391777487166837e+04 2.487744095182834240e-13
5.001439100673218491e+04 9.083151754906537899e-14
5.001481227611840586e+04 1.700671004525175687e-13
5.001544940188291366e+04 3.364402868332297138e-13
5.001591357830072957e+04 1.341753590697559332e-16
5.001609233006145223e+04 4.665283151359443760e-13
5.001649860002563946e+04 7.218395601924297667e-14
5.001707635998439218e+04 1.383348515967941094e-12
5.001745388699748582e+04 1.583715233244524020e-13
5.001801021702754224e+04 7.145937070763136987e-15
5.001830237690827198e+04 5.562175877880959886e-14
5.001847408415332029e+04 2.579165335849717137e-14
5.001867485972042050e+04 2.897182287065891674e-14
5.001885679896000511e+04 9.655771238355911881e-13
5.001920799337911740e+04 5.954540273083676115e-13
5.001943958482550806e+04 9.852157268994194112e-13
5.001981087041966384e+04 6.797741442634991329e-14
5.002027086312901520e+04 3.542964351257675077e-13
5.002088288387691864e+04 5.458817595961343960e-13
5.002134036837421445e+04 7.127940121234544292e-13
5.002169580217619659e+04 4.833113871048761381e-13
5.002190008701819897e+04 4.589101512437287142e-14
5.002251966667550732e+04 2.580062099405782422e-13
5.002271750775558758e+04 2.207632420328510154e-12
5.002302986460144166e+04 6.825983965256229441e-13
5.002401208567551657e+04 1.806458972105435796e-14
5.002441486104400246e+04 4.340074643001258727e-12
5.002494329010070214e+04 5.376364962126153881e-14
5.002511724245991354e+04 5.466003169316632176e-15
5.002543771631867276e+04 2.795169892357407343e-12
5.002608400638132298e+04 6.230091966897092495e-14
5.002613974265414436e+04 1.182178493566423718e-12
5.002649874583596829e+04 3.422199289839540303e-12
5.002700814505416201e+04 1.918998272478731421e-14
5.002768294255156070e+04 3.941997114449490538e-12
5.002797704968519247e+04 4.580428967299345291e-14
5.002817285216992605e+04 9.958076035833845845e-13
5.002849681215722376e+04 3.342046675241318813e-16
5.002907103524133709e+04 5.053390528674259377e-14
5.002929062981837342e+04 1.879489093354009480e-13
5.002943816623841849e+04 8.737230080163008709e-13
5.002944212687137042e+04 7.437710249186734806e-12
5.002974778873344621e+04 3.941435512652014683e-12
5.003054804418210551e+04 8.235113188553478182e-12
5.003135215496664023e+04 1.352063251715063735e-13
5.003178075911075575e+04 9.242247104442426860e-13
5.003189724625327653e+04 2.393227719374194194e-12
5.003212316147940874e+04 8.205013467947865608e-13
5.003248929413458973e+04 1.780808289867357009e-11
5.003317480359246110e+04 4.407510947145957296e-12
5.003337674634254654e+04 1.557659852420725850e-12
5.003380736557122873e+04 1.364888524065997786e-11
5.003428476026044518e+04 1.144291085320752272e-13
5.003496013321136707e+04 1.075874128540380578e-11
5.003536722497894516e+04 3.884176849393030693e-12
5.003556852117326343e+04 1.725955854716492649e-12
5.003619517512405582e+04 1.948112134086140519e-11
5.003666935295560688e+04 9.884070181375571532e-16
5.003683077325365593e+04 3.023188222481348884e-11
5.003754994275241188e+04 3.527594577299169245e-11
5.003798119245416456e+04 9.293586181022898332e-12
5.003806498270758311e+04 5.423073429493097455e-12
5.003860596057795192e+04 3.538161428697526374e-12
5.003888302450606716e+04 2.840182133292070976e-12
5.003894131290780933e+04 3.372795767705501621e-12
5.003943663840857334e+04 8.716862216734850648e-12
5.003974153234612459e+04 3.383327164859348380e-11
5.004003142544998991e+04 3.501551703809103643e-11
5.004042845518227841e+04 1.773034248652413608e-11
5.004073018665167911e+04 5.614175202694045941e-12
5.004110145570227178e+04 5.614713503851577998e-11
5.004150756139357691e+04 4.503398130734732140e-11
5.004237400287673518e+04 2.048536305437600153e-12
5.004251572354422387e+04 1.859306687213261503e-11
5.004283216616508435e+04 1.592532287923467914e-11
5.004300496737064532e+04 3.616292109793265329e-11
5.004413363406777353e+04 8.222857924886622513e-12
5.004429662427767471e+04 2.589520739994624521e-10
5.004498263365850289e+04 9.504241477245909933e-11
5.004541222558722075e+04 1.887511726963688897e-12
5.004575551342392282e+04 3.001120572184409156e-11
5.004611560505710804e+04 1.684983342485996602e-12
5.004625833920060541e+04 2.287865410137909224e-12
5.004695437335944007e+04 1.590734021345171830e-10
5.004763413859616412e+04 2.054809638367850497e-10
5.004780707913306105e+04 9.992137478993912612e-11
5.004800889898018067e+04 8.230313245659438755e-14
5.004826480872854881e+04 1.447656116272440672e-10
5.004845528338618169e+04 1.750542835822688000e-13
5.004899766759164049e+04 2.060795792158128145e-10
5.004961315521015786e+04 1.161377067571103008e-11
5.004980490557792655e+04 2.243526904417612165e-11
5.004984343712581904e+04 2.491393640126511732e-12
5.005034550556640897e+04 1.705026422198082997e-10
5.005094300941944675e+04 1.000420231522924512e-10
5.005176376854703994e+04 9.875038440871625782e-10
5.005190095795194793e+04 5.769457203758725440e-11
5.005219391995668411e+04 2.577936389909117565e-11
5.005239703085851215e+04 7.074055167287805118e-11
5.005314349612141814e+04 1.367384651111624472e-10
5.005346631103949039e+04 1.213850678404609676e-12
5.005369396793380292e+04 1.882605861580955474e-11
5.005422041107166297e+04 2.261743269937881090e-10
5.005500271909045841e+04 1.444895557297497661e-09
5.005527028722626710e+04 1.462921873878008783e-10
5.005574166782646353e+04 2.112923045378395424e-10
5.005614064832648000e+04 3.185195915056962265e-10
5.005669229884783272e+04 7.103119716280990038e-11
5.005677554294661968e+04 1.521700226761010168e-12
5.005738417273016967e+04 1.540233591236773395e-10
5.005802663857120206e+04 1.829408652054702866e-10
5.005803581575495627e+04 1.061196239163381274e-09
5.005876070214794890e+04 8.084468849284515352e-12
5.005900597339853994e+04 1.483526549991747716e-09
5.005921382107704267e+04 6.898330310254645217e-12
5.005932367655408598e+04 4.702410171300681367e-10
5.005988207610596874e+04 9.575679826902524621e-10
5.006056161771139887e+04 1.287168595181260304e-10
5.006075351095641236e+04 1.479358353787467897e-12
5.006108527616968786e+04 3.130489615667994412e-10
5.006157809055786493e+04 2.291980639981094411e-10
5.006202372518074117e+04 5.186354829234451987e-10
5.006244896526448429e+04 4.305878051991032650e-09
5.006316897336980765e+04 8.895253487675442828e-11
5.006331968915533798e+04 9.247927317175286193e-11
5.006353290776238282e+04 5.583983284071190233e-11
5.006369433760977699e+04 7.716846997841880775e-10
5.006457081741948787e+04 2.587310594266567794e-10
5.006531520839312725e+04 2.452847819094217864e-09
5.006560051489543548e+04 5.608156415281307224e-10
5.006603559702950588e+04 2.024730444854982122e-09
5.006629281568796432e+04 2.552038346885404949e-09
5.006708221286878688e+04 8.399997245115519264e-10
5.006755196834053640e+04 8.719171167054751911e-10
5.006788140247848060e+04 8.115024829811538217e-12
5.006807381389210059e+04 2.213309780683358030e-10
5.006815451547387056e+04 7.107469184257263829e-10
5.006880245936592837e+04 2.414250262013862948e-09
5.006907239980702434e+04 2.547743240504692662e-10
5.006962742532235279e+04 3.128367587363446832e-09
5.007008094124855415e+04 6.683506265011553252e-09
5.007038968640819076e+04 5.281883891216534861e-11
5.007056836867239326e+04 5.653358024442123027e-11
5.007105795407362893e+04 7.397537517168417032e-10
5.007119099035959516e+04 6.315546903942416849e-10
5.007240958707522805e+04 1.057201945608967791e-09
5.007274908376830717e+04 3.403672710729744908e-09
5.007316544924512709e+04 5.155186886968265452e-09
5.007325322743611468e+04 4.626211549491642475e-10
5.007347811930923490e+04 6.218644979273492023e-09
5.007410670093689259e+04 5.950798141261017966e-13
5.007472328730150912e+04 1.509321303490510813e-09
5.007524263859956409e+04 3.959412968420649038e-10
5.007572830246435478e+04 1.608164042005368662e-09
5.007593897548767563e+04 2.328289079403990796e-09
5.007654785021905991e+04 9.029898948247552203e-09
5.007717435435189691e+04 8.805545452773858630e-09
5.007739337792769220e+04 1.829379007144287230e-09
5.007794752694159251e+04 2.540472439066271510e-11
5.007835860214297281e+04 5.496219837619709392e-10
5.007846980525886465e+04 2.481621341926249424e-09
5.007896244410171494e+04 3.445009596551138838e-09
5.007922893008669780e+04 6.763036977525175473e-11
5.007991082365441980e+04 2.459118470549386354e-11
5.008023168876073032e+04 5.218415788055512950e-09
5.008047400447729160e+04 3.732232113567922943e-09
5.008055910770092305e+04 1.449921571308853899e-08
5.008097504760322045e+04 1.439947755586330644e-09
5.008177932841175789e+04 1.990730446189859377e-10
5.008215258404495398e+04 5.128161882635654789e-10
5.008268251968447294e+04 1.194761159686050490e-10
5.008341190789590473e+04 1.265896166126199910e-08
5.008401469514616474e+04 2.361241014935285110e-08
5.008414469394961634e+04 3.622434626006128727e-11
5.008425184712239570e+04 1.144005699029231728e-09
5.008531168980525399e+04 2.914718000012077690e-10
5.008584316009850590e+04 3.277732046925051037e-09
5.008635380453504331e+04 9.060235730049751539e-09
5.008674472856142529e+04 7.903681067761555540e-09
5.008706422064748767e+04 4.354916310961471311e-09
5.008726279465443076e+04 6.618689168597031108e-11
5.008744489016818261e+04 9.893597326359191970e-10
5.008797433332330547e+04 1.569622724344728450e-08
5.008820978294630913e+04 2.620449741736543339e-09
5.008879049057936209e+04 1.213001360116150745e-09
5.008907792863058421e+04 1.802247568839543911e-10
5.008978538023319561e+04 1.850592178528363291e-09
5.009023564654574147e+04 4.861550860020158202e-14
5.009044996945413732e+04 1.104774695531184426e-10
5.009088474265963305e+04 4.110984725800122274e-08
5.009128987894442980e+04 1.480755329510440023e-09
5.009175618355394545e+04 1.367101562566176151e-09
5.009209717671069666e+04 1.444100586369278005e-09
5.009275052556908486e+04 2.323759638867470934e-09
5.009376729013908334e+04 3.155676249282659841e-08
5.009415449111287307e+04 1.031404320727451031e-08
5.009430604424107878e+04 1.630106903991404446e-09
5.009493247707039700e+04 8.190572639266507260e-10
5.009515640223627997e+04 5.093063888824755380e-09
5.009539784941772086e+04 4.143062727927321879e-09
5.009609764218042255e+04 2.051677003747724124e-09
5.009691514541226206e+04 1.138177965640582134e-09
5.009739138002031541e+04 1.821457858602241714e-08
5.009748699673444935e+04 1.030403190822872100e-08
5.009807319187971007e+04 5.206428719414142756e-11
5.009834021022253728e+04 9.693472323566876443e-09
5.009851185606801300e+04 5.046245896183654962e-09
5.009926990935652429e+04 1.127916461783388494e-09
5.009935248350799520e+04 2.174208746982939052e-09
5.009971882342283789e+04 8.678947852430375585e-10
5.010004625249483797e+04 1.100255058041810580e-09
5.010095536291527242e+04 4.666152335619226477e-08
5.010137802105283481e+04 6.972472243055040699e-09
5.010175009037605923e+04 2.766047710251739506e-10
5.010242063619846158e+04 7.180779989112710911e-09
5.010270841458581708e+04 2.205017452755373326e-10
5.010301709264587407e+04 1.069284525528116407e-09
5.010332529840415373e+04 5.221944408590426397e-10
5.010373261274644756e+04 2.745529904377114822e-09
5.010451495270811574e+04 3.847506550444265947e-08
5.010531079616174975e+04 6.948584194496367342e-10
5.010583413683812250e+04 5.958290918700582670e-10
5.010677724913306884e+04 1.377095186504274717e-10
5.010730149598612479e+04 6.006498860322524316e-10
5.010759858962849103e+04 5.413895752312770087e-10
5.010782633237243863e+04 7.054217133533723127e-10
5.010793474251989392e+04 1.907261436268669829e-09
5.010817826885892282e+04 4.541382478312320200e-08
5.010865192035799555e+04 5.101455458817308452e-10
5.010914274144473893e+04 5.280261926629255794e-09
5.010940005280602054e+04 4.939524877329735607e-10
5.010999921985439869e+04 4.361706439235973478e-09
5.011029625194200344e+04 2.082098187896978987e-09
5.011099017444518540e+04 2.875447189799518433e-10
5.011127331739550573e+04 1.052749522484007706e-09
5.011167437736286956e+04 2.709365831318024580e-08
5.011191651871785143e+04 6.075102813405372866e-09
5.011230324632265547e+04 5.154775583114616884e-10
5.011404994948391686e+04 5.468174237852685055e-10
5.011450609077935223e+04 1.537602194521665752e-09
5.011457778255575977e+04 4.695511074668184958e-10
5.011536050495341624e+04 3.430596707652721889e-08
5.011577810214141209e+04 4.039116218652934533e-11
5.011600221308864275e+04 2.074585055952855263e-10
5.011613782773825369e+04 2.609866707087203652e-09
5.011675659028087102e+04 4.702798409734122731e-09
5.011727303983827005e+04 6.269247533698214292e-11
5.011822687527558446e+04 2.891946546219102449e-09
5.011830257116149733e+04 1.014027647007398402e-12
5.011847162299977936e+04 3.222298664879919511e-09
5.011937633807629754e+04 1.850239283610690224e-08
5.011960382788262359e+04 7.125334347207150996e-10
5.011977198370436963e+04 7.407331944947927460e-11
5.012024726008811558e+04 2.504778093878564258e-10
5.012105051374783216e+04 1.189475751886822656e-10
5.012164721061522141e+04 2.286438125150561335e-10
5.012245132790717616e+04 1.132393953297497106e-08
5.012286105037857487e+04 9.858223164132675731e-09
5.012305963927415723e+04 1.455286980724663193e-11
5.012345276618567004e+04 1.108301801986656865e-08
5.012353010989399627e+04 1.637004172371249089e-10
5.012440219522255939e+04 9.449300437224624095e-10
5.012491877196381392e+04 4.850894564443146099e-10
5.012559869116308255e+04 9.749914202472154150e-10
5.012608393678771972e+04 2.733273541747347901e-14
5.012680103123164008e+04 7.145190105556828899e-11
5.012737366613259655e+04 3.475595284051421387e-09
5.012788996422477794e+04 1.287752506635527891e-09
5.012804767440501018e+04 4.010334197923013010e-09
5.012838506841062917e+04 4.970199311564795647e-10
5.012881020844606974e+04 3.606640667877894605e-12
5.012934493489049055e+04 1.325460546300587427e-11
5.013011758248803380e+04 6.029994040252394295e-09
5.013046258883423434e+04 2.209412330426086899e-09
5.013085188442563958e+04 9.098749318634662410e-09
5.013118596876373340e+04 2.932053428552115670e-09
5.013200248867132177e+04 2.742136571643757934e-10
5.013221312740181020e+04 1.821747071061841017e-10
5.013259387436675024e+04 3.239745239664575881e-11
5.013349990499133855e+04 6.444316959443719628e-10
5.013435964256263105e+04 1.281458367465702512e-10
5.013490592553326860e+04 9.849967335462445943e-11
5.013533468608414842e+04 1.056946295878676476e-10
5.013587248764318792e+04 1.771183481142358924e-11
5.013613483735459158e+04 1.230338129821000449e-09
5.013689878954801679e+04 1.551658834145935993e-10
5.013737061920285487e+04 3.832155921647397762e-10
5.013786571485326567e+04 3.037752153656679534e-11
5.013816541069393861e+04 4.335928581515963797e-09
5.013854184784973768e+04 2.453743440035620742e-09
5.013880891167505615e+04 1.467892966812756861e-09
5.013929695142798300e+04 5.843283897055533265e-10
5.013941044127450732e+04 1.950433570238481791e-09
5.014012283054040017e+04 4.835572501138116747e-11
5.014144802486314438e+04 1.775623568323106526e-11
5.014163847576107219e+04 1.143801633581886380e-10
5.014193906498722936e+04 2.815801363515354263e-13
5.014230940952773381e+04 2.024902368940276860e-10
5.014377415209874016e+04 6.020039354061480771e-11
5.014444767407977633e+04 1.902885919345128454e-10
5.014479411817798973e+04 2.984151557694663762e-10
5.014522676554697682e+04 8.611707066395079794e-11
5.014554289109646925e+04 2.547957721787274194e-10
5.014648639276764879e+04 5.988443874929330273e-12
5.014655619445151387e+04 1.299506215605982783e-09
5.014719964977327618e+04 1.397698963669373778e-09
5.014783295246199850e+04 1.276207430093071424e-10
5.014805556948389858e+04 6.689950145817728179e-10
5.014852741426345892e+04 2.013299121079836907e-10
5.014904683283351187e+04 6.529214061558598555e-11
5.014913232094567502e+04 3.656989020856220216e-11
5.015025053399099124e+04 6.684766317449432259e-12
5.015072208703625802e+04 1.655107364386148759e-11
5.015116535413558449e+04 9.242868834991933524e-11
5.015153229518666922e+04 8.917607053613973017e-12
5.015231820184938260e+04 2.107072883530738892e-11
5.015273146195946174e+04 3.749161950598687787e-13
5.015364118712615891e+04 4.031890540601812306e-10
5.015429707688576309e+04 2.119486244884726144e-12
5.015510561069269897e+04 2.310424933622674997e-11
5.015550646490930376e+04 9.983473308927295503e-11
5.015593308831826289e+04 5.409232055383092257e-10
5.015641358605483401e+04 1.663978412105055262e-11
5.015671265955091803e+04 1.168763773680999806e-11
5.015769675103668123e+04 1.643241683017808294e-10
5.015800514724704408e+04 9.665922215296503921e-11
5.015836737740872923e+04 3.683699142454949550e-13
5.015914128715242259e+04 1.555694092284683582e-11
5.015976432647852198e+04 2.488092668428067888e-12
5.016018128209469432e+04 1.957985346001789998e-11
5.016045096462030051e+04 3.745686076486204901e-11
5.016119183211422933e+04 1.384065995824083581e-14
5.016231443871177908e+04 4.854309797869309998e-11
5.016261823797944089e+04 8.041682974629292447e-12
5.016321183654833294e+04 2.959740370267246909e-11
5.016352531653003825e+04 2.907896643636392519e-11
5.016416333453966945e+04 7.216791788609475596e-11
5.016500262441296945e+04 1.697010328492810833e-14
5.016601138717169670e+04 5.026180775388900034e-12
5.016619886588844383e+04 1.218041481915668322e-12
5.016632334362288384e+04 1.007802741935934053e-10
5.016677390240099339e+04 6.738431533582569427e-13
5.016780770086228586e+04 2.234384659798812511e-12
5.016858637223679398e+04 1.440754717132743957e-11
5.016891193168141763e+04 1.193444825681662751e-11
5.016947068760313414e+04 9.099080406088219215e-12
5.016965927043485863e+04 2.374583394822517117e-12
5.017057836710918491e+04 7.187937961250951217e-13
5.017164325270364498e+04 6.313638919186325784e-12
5.017205004395589640e+04 5.234935925093335273e-12
5.017228012749474874e+04 1.307433652871627836e-11
5.017325776960403164e+04 8.780964450293389787e-16
5.017400724152443581e+04 3.985725900330628572e-12
5.017433927862792916e+04 1.320442908455772986e-11
5.017506332062320871e+04 2.289478040253866147e-12
5.017604157947903150e+04 2.828464579116002424e-13
5.017642124054503074e+04 6.881145487316106438e-12
5.017667032337012643e+04 1.182191781449236480e-12
5.017702071636992332e+04 2.236217064850871997e-13
5.017747706790753000e+04 6.010819247210500597e-12
5.017861262171105045e+04 2.769315515466541087e-12
5.017926608097917779e+04 7.510183154155415848e-15
5.018032906019932852e+04 1.290560560305845494e-12
5.018086235625988775e+04 6.059505992174299901e-14
5.018100800799929129e+04 3.287872479721832915e-12
5.018125949149879307e+04 8.807020077880546231e-13
5.018226440812352666e+04 1.105561215117464407e-14
5.018293386040613404e+04 1.886990064661684053e-14
5.018418072839245724e+04 3.061908674784764483e-12
5.018455204640275770e+04 1.940547997039705020e-13
5.018494087260615925e+04 4.904417995106586575e-13
5.018508889377446758e+04 2.494447811606569499e-13
5.018685458385218226e+04 2.662990203557868067e-16
5.018695710324402171e+04 3.198536671323400604e-13
5.018798392002915352e+04 1.347667238189546798e-12
5.018841710854027042e+04 9.229953742419477166e-16
5.018916050359577639e+04 8.000724465952537587e-14
5.018939425102056703e+04 3.965500682090397112e-15
5.018994857823124039e+04 2.175211859940794963e-13
5.019050788419593300e+04 3.806000699926777188e-13
5.019110246606711735e+04 3.840066824443457091e-14
5.019192230694996397e+04 1.299311282236199165e-15
5.019246278366482875e+04 8.333218252545477899e-14
5.019365752795179287e+04 3.158013824904805847e-13
5.019411073000194301e+04 1.076559375252503725e-13
5.019545210562331340e+04 8.340053906243719278e-15
5.019588656106062263e+04 1.452011852804239752e-15
5.019675509707902529e+04 1.810030717172597948e-13
5.019691888950109569e+04 6.330144030645170693e-15
5.019726594441527413e+04 1.632756366622787419e-17
5.019803068801717745e+04 6.740198572886599915e-14
5.019879713095535408e+04 2.417449698969561251e-14
5.019934653124776378e+04 1.180016902739473833e-14
5.020034593389875226e+04 5.687395078520468673e-16
5.020150871350647503e+04 6.979284161760919730e-14
5.020191449661400839e+04 5.619363625322283998e-16
5.020223777600395260e+04 2.918973867092159970e-15
5.020300301123051759e+04 1.934853888680936731e-14
5.020418520580606855e+04 1.562822407148305359e-14
5.020545666315770359e+04 4.323702356820886606e-15
5.020555556451945449e+04 4.185063244176720419e-16
5.020612250193911314e+04 1.804404526512605551e-15
5.020678201411313785e+04 1.809561839418930409e-15
5.020709502986001462e+04 8.442976631191216646e-15
5.020791279794024740e+04 4.127803485306667217e-15
5.020810285235304036e+04 1.536141111572835554e-15
5.020978378885758138e+04 9.680850006261054424e-15
5.021088775546549005e+04 3.809647547557951533e-16
5.021128359747929790e+04 1.882813580334536254e-15
5.021202657394968992e+04 1.835518073842887235e-15
5.021233557641357766e+04 1.358667623783377722e-17
5.021329102336987125e+04 5.987062012513649469e-19
5.021382246550520358e+04 1.010017546490274788e-18
5.021471386588062160e+04 1.798684569981736527e-15
5.021617391429438430e+04 8.147204917848735920e-16
5.021678457438216719e+04 1.514826469729407939e-16
5.021723515644398867e+04 1.295094600609842597e-15
5.021833633602185728e+04 2.334318354847464411e-16
5.021863769006606162e+04 3.288661210971259460e-20
5.021886205974010227e+04 3.249117402491311340e-20
5.021938642767239799e+04 7.482330600200716917e-20
5.022038710491952224e+04 2.302459196469344444e-16
5.022190986575187708e+04 3.609560387340260848e-17
5.022298105548787862e+04 2.815101696502788623e-16
5.022406383326809009e+04 8.038958228934143702e-17
5.022480707162406179e+04 1.450611909237398913e-16
5.022510855937557790e+04 2.692239130772280688e-17
5.022539010658331244e+04 3.357650451063690660e-18
5.022552030486775766e+04 1.859396314463389735e-19
5.022656236849898414e+04 7.455515360646818857e-19
5.022817349557451234e+04 1.802028884997237183e-17
5.022921018539468059e+04 1.848120160566318968e-17
5.023112086782542610e+04 1.441972380634547558e-18
5.023128686660792300e+04 2.529620828426337270e-17
5.023172258134996082e+04 1.739817149998689023e-19
5.023183834397987084e+04 3.685566384927854460e-18
5.023223628671021288e+04 2.374362306616864208e-17
5.023287579961566371e+04 8.784962000629146306e-23
5.023384957802099234e+04 1.104324247964982568e-19
5.023591861890298605e+04 1.406743521638468056e-18
5.023758030542384222e+04 2.204341237748560832e-18
5.023794371926922031e+04 3.407264021323426450e-21
5.023824134183781280e+04 5.488205127816400798e-19
5.023877102886339708e+04 9.351971476399028584e-19
5.023901391684289410e+04 1.624253853171253829e-21
5.023974059585512441e+04 3.444228171661678057e-18
5.024113563410807546e+04 1.687300154771205256e-19
5.024231740644099045e+04 4.606437813291769290e-21
5.024387062654815236e+04 5.732983811715026742e-22
5.024397413294052967e+04 1.658833347193645779e-19
5.024516099084295274e+04 2.779690744336193892e-20
5.024590110119422025e+04 2.794655925997252717e-20
5.024611783989085961e+04 1.161901522664804071e-19
5.024761511889067333e+04 3.348245703991721902e-19
5.024790831122958480e+04 1.623323084285844239e-20
5.024954625269164535e+04 7.879055898632599631e-23
5.025051380422108923e+04 5.109825897603550356e-21
5.025143751803632767e+04 1.119606960824786424e-24
5.025183868329806864e+04 2.079319389463789247e-22
5.025260472199672222e+04 4.206043071327130777e-21
5.025362861287260603e+04 1.376517945699452121e-20
5.025563491655030521e+04 1.621295782021629484e-20
5.025631823867328785e+04 3.146785891189453022e-21
5.025741128999094508e+04 1.070714683961641057e-21
5.025744542070399621e+04 3.132864260625656404e-23
5.025938440622272901e+04 5.160935691910791856e-24
5.026000535959178524e+04 2.706029925715086153e-22
5.026039215978066932e+04 3.952403212086472500e-23
5.026142371612843272e+04 4.960268637623221600e-22
5.026199936282314593e+04 2.689118840322824331e-22
5.026414415147602267e+04 5.581040331594638591e-22
5.026430624630311650e+04 1.947896063608603192e-22
5.026581206373221357e+04 0.000000000000000000e+00
5.026606201177043113e+04 0.000000000000000000e+00
5.026756401539190119e+04 1.587163111594356443e-23
5.026842640928215405e+04 1.174457675951393710e-23
5.026982458590994065e+04 3.096546403324760335e-23
5.027074657264801499e+04 5.033927470799663242e-24
5.027196660406560113e+04 0.000000000000000000e+00
5.027198731222197966e+04 0.000000000000000000e+00
5.027293696146144066e+04 9.999370733695026033e-24
5.027435449530919868e+04 0.000000000000000000e+00
5.027463953014172876e+04 0.000000000000000000e+00
5.027567903138064867e+04 0.000000000000000000e+00
5.027718961058830610e+04 0.000000000000000000e+00
5.027903036701539531e+04 0.000000000000000000e+00
5.028111717149521428e+04 0.000000000000000000e+00
5.028126621333030926e+04 0.000000000000000000e+00
5.028160681143309921e+04 0.000000000000000000e+00
5.028249685593233153e+04 0.000000000000000000e+00
5.028380674497430300e+04 0.000000000000000000e+00
5.028535480355466279e+04 0.000000000000000000e+00
5.028743362499693467e+04 0.000000000000000000e+00
5.028759857787634246e+04 0.000000000000000000e+00
5.028909778190092038e+04 0.000000000000000000e+00
5.029072643881262047e+04 0.000000000000000000e+00
5.029087014980393724e+04 0.000000000000000000e+00
5.029160908300422307e+04 0.000000000000000000e+00
5.029253090151875949e+04 0.000000000000000000e+00
5.029385033337969071e+04 0.000000000000000000e+00
5.029683179963491420e+04 0.000000000000000000e+00
5.029769429196623969e+04 0.000000000000000000e+00
5.029894053303412511e+04 0.000000000000000000e+00
5.030023890586123161e+04 0.000000000000000000e+00
5.030052128823129897e+04 0.000000000000000000e+00
5.030197077189349511e+04 0.000000000000000000e+00
5.030268983679279336e+04 0.000000000000000000e+00
5.030442189514766505e+04 0.000000000000000000e+00
5.030573716097384022e+04 0.000000000000000000e+00
5.030837897593506932e+04 0.000000000000000000e+00
5.030900151272669609e+04 0.000000000000000000e+00
5.031043399282985774e+04 0.000000000000000000e+00
5.031066213881103613e+04 0.000000000000000000e+00
5.031262990500526939e+04 0.000000000000000000e+00
5.031447037545836793e+04 0.000000000000000000e+00
5.031562631743492966e+04 0.000000000000000000e+00
5.031848769868870295e+04 0.000000000000000000e+00
5.031888159512037237e+04 0.000000000000000000e+00
5.032048840587124141e+04 0.000000000000000000e+00
5.032243653418999747e+04 0.000000000000000000e+00
5.032260219032036548e+04 0.000000000000000000e+00
5.032323825192889490e+04 0.000000000000000000e+00
5.032693805027881172e+04 0.000000000000000000e+00
5.032773838059467380e+04 0.000000000000000000e+00
5.033043243039052322e+04 0.000000000000000000e+00
5.033134515114146052e+04 0.000000000000000000e+00
5.033268064613857860e+04 0.000000000000000000e+00
5.033515148445503291e+04 0.000000000000000000e+00
5.033677216693059745e+04 0.000000000000000000e+00
5.033935597034233797e+04 0.000000000000000000e+00
5.034037571610019222e+04 0.000000000000000000e+00
5.034240123582325759e+04 0.000000000000000000e+00
5.034258677304233424e+04 0.000000000000000000e+00
5.034584299910045956e+04 0.000000000000000000e+00
5.034706722989285481e+04 0.000000000000000000e+00
5.035027245553965622e+04 0.000000000000000000e+00
5.035245842691608414e+04 0.000000000000000000e+00
5.035461890981108445e+04 0.000000000000000000e+00
5.035587565760589496e+04 0.000000000000000000e+00
5.035991215739196923e+04 0.000000000000000000e+00
5.036180443405898404e+04 0.000000000000000000e+00
5.036305836221278150e+04 0.000000000000000000e+00
5.036460295069203130e+04 0.000000000000000000e+00
5.036893303176068002e+04 0.000000000000000000e+00
5.037066684691760020e+04 0.000000000000000000e+00
5.037239051189729071e+04 0.000000000000000000e+00
5.037749814166336728e+04 0.000000000000000000e+00
5.037945307243303250e+04 0.000000000000000000e+00
5.038195303536180290e+04 0.000000000000000000e+00
5.038870827404311422e+04 0.000000000000000000e+00
5.038876653986779274e+04 0.000000000000000000e+00
5.039166310686272482e+04 0.000000000000000000e+00
5.039676314199756598e+04 0.000000000000000000e+00
5.040091236208862392e+04 0.000000000000000000e+00
5.040406739881273825e+04 0.000000000000000000e+00
5.041102026039240445e+04 0.000000000000000000e+00
5.041438880886542756e+04 0.000000000000000000e+00
5.042086311529800878e+04 0.000000000000000000e+00
5.042953633996423014e+04 0.000000000000000000e+00
5.044095446494933276e+04 0.000000000000000000e+00
5.044489557511355815e+04 0.000000000000000000e+00
