-5.007174231048666115e+04 4.174965618016947369e-24
-5.007166028636711417e+04 1.069162152999063319e-24
-5.006141531673892314e+04 3.568293313227322104e-20
-5.006131834662354231e+04 3.513985663841944643e-20
-5.005354950579761498e+04 1.739529026930995519e-17
-5.005343709355316241e+04 5.986426014962844709e-17
-5.004714883931403892e+04 6.044806490231432804e-16
-5.004702078398439335e+04 1.678340382099393144e-14
-5.004188992572612915e+04 3.249076386455236515e-14
-5.004174994355253875e+04 1.030581035946286249e-12
-5.003782669292011997e+04 3.825397940125809990e-12
-5.003754925717892911e+04 1.555936497837177084e-11
-5.003537969034790876e+04 1.462590427755269932e-11
-5.003394625670117966e+04 1.996923972797380122e-11
-5.003164838625226548e+04 9.518699305509723299e-11
-5.002902300722932705e+04 1.241812786108985950e-11
-5.002800469392078958e+04 1.331847540165008635e-16
-5.002796508710505441e+04 5.991889095938382972e-15
-5.002618712201290327e+04 6.101940961183648420e-11
-5.002487112976749631e+04 2.003207620998242596e-10
-5.002411324763659650e+04 2.064173217476055139e-12
-5.002407657792211830e+04 4.046921502622173967e-16
-5.002333007560106489e+04 6.266410210806470677e-10
-5.002277075053643784e+04 7.963248489480940520e-10
-5.002184613367875136e+04 8.045944412220590994e-10
-5.002138379218090995e+04 2.831154475742769798e-10
-5.002077079802394292e+04 2.058430660208673719e-10
-5.001996563366361806e+04 5.626402385837912252e-11
-5.001928957628944045e+04 3.827286195731183337e-10
-5.001830682536810491e+04 7.282999686121312720e-10
-5.001717829735751002e+04 1.820210793581767809e-09
-5.001639362152544345e+04 7.563195958794198447e-10
-5.001545978440759791e+04 5.325421981775093334e-10
-5.001401713324262528e+04 4.629021763628766915e-11
-5.001381289820525853e+04 1.348359534881794217e-09
-5.001314438267951482e+04 6.959210206913132049e-10
-5.001203653460251371e+04 1.245895379634412582e-08
-5.001164483620644023e+04 3.781669939129252894e-10
-5.001047410379188659e+04 1.551948507691365610e-08
-5.001005685384134995e+04 4.841194748523777593e-08
-5.000899882151535712e+04 3.960571760782056862e-10
-5.000831186203726247e+04 4.876620286650614166e-08
-5.000748717210425093e+04 6.722146133451980539e-09
-5.000647059631846059e+04 4.199476496565178988e-11
-5.000599649374884029e+04 3.274681499578634837e-11
-5.000460524743678980e+04 3.432122521791511690e-10
-5.000447993466677144e+04 1.964898932493333564e-08
-5.000356348987435922e+04 6.218724585789955835e-07
-5.000323154997037636e+04 2.905785975686943835e-09
-5.000255569732064760e+04 3.313313020708646270e-09
-5.000167186373993900e+04 1.216227579926906869e-07
-5.000144891786717926e+04 7.431509266429496807e-07
-5.000077529368982505e+04 1.544930941207137403e-11
-5.000023912286340783e+04 9.730807867301799757e-09
-4.999941186871197715e+04 3.402550699289698826e-08
-4.999915460003940098e+04 1.174845434306947596e-08
-4.999827308011804416e+04 3.506060820958081243e-08
-4.999743639952002559e+04 2.254951954240210285e-08
-4.999719053660698410e+04 5.448490455914434968e-07
-4.999708148635363614e+04 6.379788929436195618e-08
-4.999575798313810810e+04 1.544861682818040748e-07
-4.999512614737349941e+04 7.807784591860217786e-07
-4.999470804266599589e+04 3.664899582259838388e-07
-4.999433611855834897e+04 2.504251262454916031e-08
-4.999354939911784459e+04 1.335119242727175274e-08
-4.999347640012339252e+04 8.075588089867265509e-07
-4.999283251215448399e+04 1.188106481268854937e-07
-4.999234006899513042e+04 5.399666039236437814e-09
-4.999133126655105298e+04 2.033001750835743638e-09
-4.999125482822149934e+04 2.005610675009783003e-06
-4.999117391948215663e+04 1.640321740386535898e-05
-4.999045243075310282e+04 1.121601633920765133e-06
-4.999009659351204027e+04 1.262671060126704043e-08
-4.998883500593534700e+04 1.179779457626020318e-05
-4.998880133768806263e+04 3.792647699332273145e-05
-4.998855264574292960e+04 2.726436007603758330e-07
-4.998824221889661567e+04 3.281815380011733906e-06
-4.998747553845848597e+04 1.937741303295793753e-07
-4.998649543073010864e+04 2.926654992581994774e-09
-4.998639046366261027e+04 3.077801650307244351e-05
-4.998612542908851901e+04 6.893957490223984667e-07
-4.998590903315118339e+04 9.517190328038131282e-07
-4.998476526291856862e+04 2.719151705043370400e-07
-4.998410322602180531e+04 4.102775811635732373e-08
-4.998392950746417046e+04 5.132654890526519196e-09
-4.998386846001884260e+04 6.871712156051254511e-11
-4.998348104418916046e+04 1.226660919425691918e-06
-4.998275490962309414e+04 2.863449023951364879e-04
-4.998234599932008859e+04 4.512671101865321023e-07
-4.998167261296598735e+04 3.182686954100434432e-07
-4.998156383708366775e+04 1.357764600298838076e-05
-4.998136749569248786e+04 2.040457254901644060e-05
-4.998104911192447616e+04 4.733097970317110176e-06
-4.998014463468692702e+04 3.669070489757331123e-04
-4.997996541338578390e+04 7.300685632700728559e-07
-4.997946474294225482e+04 3.364716310465570420e-07
-4.997903877594233927e+04 2.886408496533152013e-05
-4.997886037891763408e+04 9.285289746466762300e-06
-4.997864177889280836e+04 6.542017099732184263e-06
-4.997767118720444705e+04 3.247372852109918751e-09
-4.997750735512622487e+04 3.136037492464913867e-05
-4.997704296831550164e+04 1.906641368117389996e-08
-4.997664013400478871e+04 5.522911869658098547e-08
-4.997643712803976086e+04 2.337884149528586341e-06
-4.997594136936415453e+04 2.781976093423041641e-08
-4.997574889992052340e+04 3.159734566986198903e-07
-4.997485641797811695e+04 2.894235579229573153e-04
-4.997441573848600819e+04 7.027888874866261614e-06
-4.997414216796142136e+04 3.050130626508348574e-07
-4.997408987624150905e+04 7.969172214405166856e-07
-4.997385777215851704e+04 2.489936684969546097e-05
-4.997322474511294422e+04 9.780730592977892573e-07
-4.997260890989042673e+04 5.870560141455393767e-03
-4.997229212818190717e+04 1.085076417518856243e-04
-4.997218759183827933e+04 1.682903850411676975e-03
-4.997180312467172189e+04 3.026384415631495937e-06
-4.997164033744123299e+04 5.189769044105645026e-10
-4.997135148359002051e+04 4.034464140754282689e-05
-4.997095083771385544e+04 7.335550644076361520e-06
-4.997023340094310697e+04 1.438902376921158538e-06
-4.996963570608040754e+04 4.018226223843402215e-04
-4.996959609151820769e+04 9.056178970744722251e-03
-4.996939854399101023e+04 3.378959776987784658e-02
-4.996920398180956545e+04 3.138968404297305266e-06
-4.996895337026879861e+04 7.755051043446244962e-06
-4.996837772595428396e+04 1.549223790885354976e-07
-4.996805868784056656e+04 1.352078262624477121e-07
-4.996738137261251541e+04 4.275643662499741470e-07
-4.996690939147232712e+04 9.272851135031076955e-03
-4.996686247119530890e+04 1.055072729508313754e-04
-4.996641562002166756e+04 9.599660670460778700e-02
-4.996636446154053556e+04 1.254393166920510574e-02
-4.996601342115439184e+04 4.662121661612475042e-07
-4.996531266221144324e+04 1.204551136490170478e-04
-4.996480841594216326e+04 2.241705143645448704e-05
-4.996465806823392631e+04 4.606342026117631737e-06
-4.996425234672000079e+04 1.789407118808707467e-02
-4.996392895162662899e+04 9.470272718797854202e-04
-4.996347412759286817e+04 1.550829379126521246e-01
-4.996345325261625112e+04 1.905923503562359164e-02
-4.996245416935529647e+04 1.069328530785788675e-06
-4.996233989552457206e+04 9.256314865268499778e-05
-4.996199050917268323e+04 7.922431755543069421e-05
-4.996160291450181103e+04 2.548172080898546826e-02
-4.996131018180317915e+04 1.123503157894262857e-03
-4.996058205816057307e+04 1.883451534842548736e-01
-4.996051936308039876e+04 9.824674756053500767e-06
-4.995999884141615621e+04 1.260255938056419056e-03
-4.995960676179265283e+04 2.724874903725060444e-05
-4.995902311113322503e+04 1.119236493290239401e-02
-4.995885361696859763e+04 1.533503587815225264e-02
-4.995857212646787957e+04 2.701111381833240662e-05
-4.995821576986651780e+04 2.113628325936245039e-05
-4.995771882088291750e+04 1.527297729823261230e-01
-4.995730205507360370e+04 1.132309127744640567e-03
-4.995665628120211477e+04 2.364227083078524524e-03
-4.995627660379275767e+04 1.250923076970657417e-02
-4.995606776135567634e+04 4.274191424947640545e-03
-4.995547216323040630e+04 1.370877606236744562e-03
-4.995534878442608169e+04 2.283056495131915390e-03
-4.995486818605571898e+04 9.661464850806471272e-02
-4.995457572215235268e+04 8.280236479737186238e-04
-4.995371006342322653e+04 4.729204714708445077e-03
-4.995343675979367981e+04 7.421900453392415130e-03
-4.995329813353320787e+04 6.284422287253540844e-04
-4.995280790832907951e+04 6.580673563028325342e-04
-4.995245507697322319e+04 1.285628182880505909e-03
-4.995202372713187651e+04 5.182103623095832279e-02
-4.995119495644271228e+04 5.511477467623998421e-04
-4.995086874727080431e+04 6.109583260614137069e-03
-4.995051620029404876e+04 6.938750260371073049e-05
-4.995016974444434163e+04 4.411460809500026902e-05
-4.995003810980364506e+04 1.299665577622522708e-03
-4.994943808191442804e+04 2.761463868252034964e-04
-4.994917611256147939e+04 2.406883516762544153e-02
-4.994825098101683398e+04 1.224067064802748361e-03
-4.994815072242644965e+04 1.740840127592977642e-03
-4.994771241777035902e+04 1.124451254692179943e-04
-4.994735115833501186e+04 1.043312875397212552e-04
-4.994688532064761966e+04 2.224696646880948349e-04
-4.994633062583654828e+04 1.029429663305489462e-02
-4.994614366271153267e+04 2.295653514831553200e-05
-4.994545938928733085e+04 5.329193625528938190e-04
-4.994542869449142745e+04 4.700843806627594051e-04
-4.994437735351072479e+04 4.521448849913474303e-06
-4.994418567304305179e+04 9.986381991364346529e-05
-4.994347568349179346e+04 2.869367827720277139e-03
-4.994343740765131952e+04 9.388594046625570481e-04
-4.994291411293257988e+04 2.774768617747959645e-05
-4.994276080037255451e+04 1.867713587909671695e-04
-4.994221512647277996e+04 8.289625612040441287e-05
-4.994127347277061926e+04 1.357620623938987826e-05
-4.994089962032760377e+04 1.631636299864772609e-05
-4.994081243271049607e+04 1.397681073618221989e-04
-4.994056728993765864e+04 1.034785963417334496e-03
-4.994024203526287602e+04 4.829501193221152336e-05
-4.993996066421175783e+04 4.995316392987779090e-05
-4.993882079711591359e+04 1.832640117094485445e-06
-4.993838835450319311e+04 1.118887138220748568e-06
-4.993775673585436016e+04 3.415414798670927325e-04
-4.993744817683110887e+04 2.707343015498691468e-07
-4.993727517534786602e+04 1.906613647342381086e-08
-4.993698213871207554e+04 1.207612823493021330e-05
-4.993646104794160055e+04 5.491851330274080532e-06
-4.993555202714044572e+04 9.136287446271127068e-08
-4.993526260297562112e+04 1.235544963860600312e-06
-4.993487142610806040e+04 8.179000808827331138e-05
-4.993468347979168175e+04 8.227945482372994681e-09
-4.993454181793189491e+04 5.036173436973925756e-08
-4.993392731756791181e+04 6.001616640382303521e-07
-4.993322580601544178e+04 2.157831403158247037e-07
-4.993246935353147273e+04 3.636804279678047034e-07
-4.993202888139755669e+04 1.339047661513081782e-05
-4.993189531057568820e+04 2.782215815909070170e-06
-4.993168761815030302e+04 2.666107568003139642e-07
-4.993083950883813668e+04 2.834255136040547170e-08
-4.993009890029933013e+04 9.406468541881354594e-08
-4.992969111228820111e+04 3.015843597364026236e-07
-4.992909374732071592e+04 5.218834306801300417e-07
-4.992899942624595860e+04 1.391402547214199975e-06
-4.992892120093038830e+04 2.948867396709435243e-07
-4.992811015438358299e+04 4.137004970645866237e-10
-4.992780039436843072e+04 1.673501229673003551e-08
-4.992716145744716778e+04 3.353319516187645003e-09
-4.992638197213153762e+04 1.021546594486061166e-07
-4.992631676908150257e+04 1.982585873779436074e-09
-4.992587659117110161e+04 1.295150316964300247e-07
-4.992508203223681630e+04 3.668895790003901789e-10
-4.992425246074340248e+04 8.263342459474780763e-10
-4.992368005565850035e+04 2.840496649432670661e-10
-4.992350145502703526e+04 4.163318283459889646e-10
-4.992335210408928106e+04 1.189039650923717546e-08
-4.992279118962978100e+04 1.179256291352976196e-10
-4.992203433416208281e+04 1.464706276523180981e-09
-4.992190859536673815e+04 1.264883582593389223e-10
-4.992088225755513849e+04 1.225254122912093517e-09
-4.992074045191815094e+04 2.394118512712761753e-09
-4.992014483255921368e+04 1.328607602170576817e-09
-4.991912321945826989e+04 2.082078469951749023e-10
-4.991898302038379916e+04 3.073008667137708260e-10
-4.991887104074475064e+04 2.231831828921199906e-10
-4.991763592360023176e+04 2.606630173667974286e-09
-4.991753267999107629e+04 4.009836669406843500e-10
-4.991667598707788420e+04 4.063804260649371131e-10
-4.991580227414848923e+04 3.602826445494324623e-10
-4.991538292926886788e+04 2.006602331282301141e-10
-4.991494192505200044e+04 6.041485658130126060e-10
-4.991421876866486127e+04 1.964055519340193581e-11
-4.991406808572650334e+04 1.941744463692856154e-11
-4.991357808687826036e+04 6.854355248525469734e-10
-4.991248961238800257e+04 9.330362146035106540e-11
-4.991193805194667948e+04 7.088946284388556367e-11
-4.991156968972003961e+04 2.839139269670140506e-11
-4.991113920460298687e+04 5.518772216542455711e-11
-4.991017021241407929e+04 3.105323343023714552e-11
-4.990966532211174490e+04 3.968538175525171688e-11
-4.990901705850050348e+04 4.181537922750113714e-11
-4.990801064464366937e+04 5.999112859049611468e-12
-4.990770265583039145e+04 1.474959281451667236e-11
-4.990713099526939186e+04 2.656860038678498993e-12
-4.990639377272676938e+04 3.282856953458201686e-13
-4.990555328458968143e+04 2.789474394347894608e-13
-4.990459258166028303e+04 2.664453149870200319e-12
-4.990364971639421128e+04 6.188031469515553009e-14
-4.990358283753572323e+04 8.871455257137380502e-14
-4.990287781782011734e+04 2.304008398435589698e-14
-4.990240417235517089e+04 3.547168975214591203e-13
-4.990225712848111289e+04 2.847129771075498537e-18
-4.990169162532089831e+04 6.441349889824231196e-15
-4.990067780959537049e+04 7.457221658577947870e-14
-4.990014830534857902e+04 8.812334864565796039e-14
-4.989977036917696387e+04 2.540910037929838729e-14
-4.989810852800486464e+04 1.339712109081863178e-15
-4.989755810001087229e+04 1.499998553070814362e-13
-4.989710259841276275e+04 2.680598703327457158e-15
-4.989627014070298901e+04 7.382204929304815528e-14
-4.989555411849798838e+04 1.904590564082588085e-14
-4.989482348268759233e+04 7.212584755974627471e-15
-4.989432609937371308e+04 2.237423777428810912e-15
-4.989353130316044553e+04 7.042589808619210170e-15
-4.989240628911781823e+04 3.098173844651991951e-16
-4.989169992266418558e+04 2.151393470582507795e-14
-4.989134980193230876e+04 2.465917167129162958e-15
-4.988974812971297069e+04 3.795694906560270490e-16
-4.988933224362270266e+04 2.991340825035874395e-16
-4.988820134752197191e+04 2.189007161791426759e-16
-4.988744739580550959e+04 6.710322501533125225e-16
-4.988625972540783550e+04 7.396124736803436316e-17
-4.988526216682235827e+04 5.192243303604657811e-17
-4.988482804143687827e+04 4.398022237148606652e-19
-4.988373689016487333e+04 2.911843640595266437e-17
-4.988288021503289201e+04 3.517943063670264990e-18
-4.988204036835453735e+04 4.361089387047613842e-21
-4.988131189940926561e+04 1.062070647572380125e-19
-4.988086942154417193e+04 2.715731136506218912e-17
-4.987973322032362194e+04 4.409449786468724556e-19
-4.987821513967135979e+04 6.790227712180258900e-18
-4.987794581752191152e+04 1.599876787529391466e-17
-4.987745526321867510e+04 2.503292890426866518e-19
-4.987693617596801050e+04 3.158290704250463981e-19
-4.987479383405201224e+04 3.909876103447221321e-19
-4.987346453646576265e+04 2.825796683525254222e-18
-4.987300969308426284e+04 1.361305578080401808e-20
-4.987104982042332995e+04 1.305994490934956342e-21
-4.986985505788388400e+04 7.140137218681709877e-20
-4.986830340271656314e+04 2.706727032823489238e-20
-4.986820120367051277e+04 1.267153377251259960e-22
-4.986734704282216990e+04 1.064032755415471821e-20
-4.986527476148041751e+04 6.895741415158607239e-22
-4.986348796290621976e+04 5.878998315911646824e-21
-4.986193207453507785e+04 2.889968278777219499e-21
-4.986150168449607736e+04 6.167629865377410796e-22
-4.986052455465179810e+04 1.302949380914242612e-22
-4.985942819833804970e+04 5.982815126153295615e-22
-4.985895195231990510e+04 1.626291733530941623e-21
-4.985700747659486660e+04 1.129934454850324566e-22
-4.985485317613555526e+04 1.679123625783674926e-22
-4.985405948984855786e+04 2.083598409710369423e-23
-4.985278347533093620e+04 0.000000000000000000e+00
-4.984988273058184132e+04 1.808529032068370690e-24
-4.984936856491513754e+04 0.000000000000000000e+00
-4.984853415130705253e+04 2.695106353487871146e-24
-4.984509052589487692e+04 0.000000000000000000e+00
-4.984316591905281530e+04 1.556178259722736109e-24
-4.984068715137331310e+04 0.000000000000000000e+00
-4.983968888707751466e+04 0.000000000000000000e+00
-4.983716639216562180e+04 0.000000000000000000e+00
-4.983653908753060387e+04 0.000000000000000000e+00
-4.983424285478026286e+04 0.000000000000000000e+00
-4.983236319421379449e+04 0.000000000000000000e+00
-4.982899407508205331e+04 0.000000000000000000e+00
-4.982879222549986298e+04 0.000000000000000000e+00
-4.982429051137001807e+04 0.000000000000000000e+00
-4.982236605010327185e+04 0.000000000000000000e+00
-4.982065461142557615e+04 0.000000000000000000e+00
-4.981814084589670529e+04 0.000000000000000000e+00
-4.981624383408296126e+04 0.000000000000000000e+00
-4.981385682317105966e+04 0.000000000000000000e+00
-4.981221698679136171e+04 0.000000000000000000e+00
-4.980725297052308451e+04 0.000000000000000000e+00
-4.980458261952578323e+04 0.000000000000000000e+00
-4.980106867873292504e+04 0.000000000000000000e+00
-4.979724486185538262e+04 0.000000000000000000e+00
-4.979499436830082414e+04 0.000000000000000000e+00
-4.979257983870073804e+04 0.000000000000000000e+00
-4.978829506926712202e+04 0.000000000000000000e+00
-4.978087924237778498e+04 0.000000000000000000e+00
-4.977579682083405351e+04 0.000000000000000000e+00
-4.977078800456467434e+04 0.000000000000000000e+00
-4.976947566612041555e+04 0.000000000000000000e+00
4.992846229381834564e+04 0.000000000000000000e+00
4.992854828100671875e+04 0.000000000000000000e+00
4.993876568480885908e+04 0.000000000000000000e+00
4.993886698744536261e+04 0.000000000000000000e+00
4.994661251788253867e+04 3.307883369013527350e-22
4.994672955386525427e+04 4.497059414507016836e-23
4.995299575020440534e+04 7.926311091735306862e-20
4.995312857816551696e+04 5.466199973574974483e-23
4.995823683069598337e+04 4.189233135254504814e-18
4.995838134125563374e+04 6.746172820553471981e-19
4.996227826609313342e+04 3.625092757026038020e-17
4.996256221827906847e+04 3.994396969711730712e-17
4.996471021636127261e+04 2.270766357421985485e-16
4.996613540275178093e+04 3.724880821860517148e-16
4.996842379776576126e+04 1.679527569338019060e-20
4.997104655487037235e+04 3.328891228921390403e-16
4.997250027658906038e+04 2.059063575339096523e-19
4.997253852434318833e+04 1.063725188627531546e-18
4.997388922819753498e+04 8.349443028168336362e-17
4.997531963658793393e+04 2.811401898759035851e-16
4.997628859659364389e+04 1.067703978903318978e-18
4.997632242744827090e+04 4.789823191184645903e-18
4.997679912771242380e+04 1.577533372369574276e-16
4.997737418296776741e+04 3.526881523103852072e-17
4.997840002867251314e+04 3.010698399540805728e-15
4.997891581204081012e+04 2.093253995314984976e-15
4.997946786243424867e+04 6.025081798870429428e-15
4.998018424862078973e+04 4.427079242766230974e-15
4.998091370700849802e+04 5.399614309138441821e-15
4.998193365895262104e+04 2.605531291105400931e-15
4.998303147990084108e+04 3.849048030272130864e-17
4.998374888402150827e+04 4.595802293937787707e-17
4.998475463880084135e+04 4.875019895197310779e-15
4.998616626384021947e+04 6.039366803223407877e-15
4.998640335286888148e+04 9.618690339892636710e-14
4.998697726559654984e+04 1.227139288885611556e-17
4.998818028634222719e+04 1.086173904091179683e-13
4.998850609723087837e+04 1.730705181912192675e-14
4.998967820289545489e+04 7.501892289954979600e-17
4.999013795535322424e+04 9.005019573512978870e-15
4.999111962397865864e+04 2.576223725240331603e-15
4.999190511638479802e+04 7.219081903676189368e-14
4.999263649857466226e+04 7.083356185770741447e-15
4.999373756832671643e+04 1.175977806550862208e-13
4.999413099663783214e+04 6.414539935484334082e-14
4.999551224717697914e+04 5.885261006779125417e-15
4.999575841048424627e+04 3.723852093457680110e-14
4.999666518159367115e+04 9.905243933979547444e-14
4.999688852394717833e+04 3.341831312381030972e-15
4.999768529325573036e+04 1.522834395016591849e-15
4.999848143983185582e+04 7.908146211938129105e-14
4.999877495036911569e+04 2.629223173996920515e-12
4.999942029583600379e+04 9.071322350813329421e-15
4.999990512920818583e+04 2.242747011876447711e-16
5.000082210930434667e+04 4.752324864771146015e-12
5.000108859077752277e+04 7.277878149216868801e-13
5.000187359526490036e+04 2.416480637761636140e-13
5.000269381982962659e+04 1.458869941126971948e-13
5.000303208238381194e+04 2.535993062680050049e-12
5.000315346599482291e+04 2.510184882210948984e-14
5.000444354630758608e+04 6.566060227638591426e-15
5.000512680948490743e+04 2.527462175686903647e-14
5.000546811430584785e+04 6.272345850953941299e-14
5.000577744836730562e+04 2.320975628922356303e-14
5.000670359405982163e+04 1.061726442499040914e-12
5.000674923926414340e+04 2.302642958343515311e-11
5.000738658316500369e+04 1.466939780972005803e-12
5.000787393233596231e+04 6.103528728658471231e-13
5.000883508337481180e+04 2.522278594592333334e-13
5.000893086420764303e+04 8.177073503262626128e-13
5.000905701955097175e+04 2.839488123340141597e-11
5.000979975497337000e+04 1.904261140720683510e-12
5.001012857932061888e+04 1.984319282968673288e-18
5.001134882442657545e+04 6.916068710629938705e-14
5.001144257923073746e+04 1.539788374873503482e-12
5.001163311068535404e+04 8.666919513686207498e-17
5.001203456944874779e+04 1.973749021067963082e-14
5.001272458175835345e+04 2.383799608611618724e-14
5.001369433337442752e+04 3.511252523226528050e-13
5.001386465627825964e+04 1.716067712178388734e-11
5.001412214026611036e+04 1.662958234591300768e-12
5.001432798455288139e+04 3.197059296829758924e-12
5.001547811429241847e+04 1.712667457888159506e-14
5.001604449945170199e+04 1.388069744841943855e-12
5.001632878951614111e+04 3.831848447466674464e-11
5.001645607380056026e+04 1.206334986349528711e-12
5.001670043757434905e+04 6.357021518312818260e-12
5.001746494521862041e+04 3.463848667604995685e-10
5.001792050742625725e+04 2.711105172921154653e-13
5.001858715925746219e+04 2.089803503804169550e-12
5.001866815956206119e+04 1.596030160889612137e-12
5.001887490475302911e+04 6.202822874048433377e-12
5.001914350074783579e+04 8.935695408577870578e-14
5.002007531115355232e+04 1.400942419788327531e-09
5.002030974833729124e+04 4.161954349570530632e-12
5.002074311272333580e+04 1.439712731781481447e-14
5.002122675931821141e+04 7.743750429372158286e-12
5.002142965046368045e+04 1.367829819281070083e-12
5.002153171029355872e+04 1.060018217734972146e-11
5.002253725936791307e+04 5.546351554896315676e-13
5.002271504691647715e+04 2.509767197347561041e-09
5.002318058810418006e+04 2.089262944577638438e-12
5.002364469857768563e+04 3.059383074964682370e-11
5.002385523461079720e+04 5.550143539685961891e-11
5.002426477811496443e+04 2.050624144493312828e-12
5.002439258069144125e+04 1.231756379029725870e-11
5.002537054769202223e+04 2.332212701022386744e-09
5.002582647564879153e+04 1.257960072274432517e-11
5.002608928034231212e+04 3.782803391871696827e-13
5.002614921222678822e+04 4.519177841050592100e-12
5.002641648559795431e+04 6.931386960574350470e-11
5.002692650937021972e+04 2.113397097382051519e-12
5.002754506207216764e+04 1.378602005108540690e-10
5.002789250987139530e+04 2.277323951374303247e-11
5.002804372567841347e+04 9.805300074266055118e-10
5.002842156058210821e+04 3.328806577210670643e-15
5.002859384137936286e+04 1.288614891525609750e-13
5.002891723037665361e+04 2.333143660296755553e-12
5.002922693792334030e+04 3.554735110193952287e-13
5.002995270268426248e+04 4.130262443551195854e-13
5.003054137033005827e+04 2.883379510790237848e-11
5.003061135925408598e+04 1.064273115457320251e-09
5.003080419858250389e+04 1.147672060179322937e-09
5.003101405088401953e+04 1.133322178368286548e-11
5.003133968108790577e+04 2.879749130726552097e-11
5.003182685637873510e+04 7.245503452941716697e-11
5.003211794562417344e+04 2.142125947080484331e-11
5.003275685515689838e+04 1.483174619846939912e-12
5.003333393240459554e+04 3.136884562268038326e-09
5.003338989764545113e+04 8.597617116809714815e-13
5.003378197031046875e+04 4.968287440373605414e-09
5.003394256245486031e+04 3.915889286170541867e-10
5.003417492885434331e+04 1.371760701096579326e-11
5.003487802830257715e+04 3.061320959583014911e-10
5.003536877149535576e+04 1.883044844674624620e-11
5.003554012612152292e+04 7.763725943031755641e-11
5.003600805724084057e+04 5.900765943611233352e-09
5.003638735173553141e+04 2.392650575386360147e-11
5.003672114980764309e+04 1.552114263992042378e-09
5.003674009034642950e+04 8.009187864596083602e-09
5.003774492775137333e+04 7.098860759070358266e-13
5.003785760448002839e+04 6.843201786364847024e-11
5.003822988901272038e+04 3.635443142639866418e-10
5.003867049364994455e+04 7.076398317861434591e-09
5.003900546775592375e+04 7.804639998775686245e-16
5.003963737336713530e+04 9.164016594879598682e-09
5.003967714005414746e+04 2.154296369985679855e-10
5.004017254315799801e+04 5.788428872454899972e-10
5.004062750898292870e+04 7.375199202095821076e-12
5.004126617093479581e+04 1.995408992776301949e-09
5.004138868297070439e+04 3.844246533084663093e-09
5.004166884046022460e+04 4.326927810946920307e-12
5.004195949246965756e+04 1.952788205998823474e-11
5.004251513154658460e+04 6.641037325669335142e-09
5.004290039020890981e+04 5.877837898994796051e-10
5.004357108545120718e+04 2.956191930672823560e-10
5.004397996743014664e+04 2.102206891421360911e-09
5.004420587082437123e+04 8.012570675146452306e-10
5.004477618004487886e+04 1.869977611566455906e-10
5.004484187279349135e+04 5.341253921751860203e-10
5.004538074009624688e+04 3.489723535493142697e-09
5.004559268236006756e+04 2.034095178135973998e-10
5.004656495828437619e+04 5.845193471907581172e-10
5.004684326466648054e+04 1.236220262667651496e-09
5.004694931416576583e+04 5.208890572603920259e-11
5.004735704298727069e+04 3.957119487073137759e-11
5.004776237522705196e+04 2.215072556381617434e-10
5.004823995063410985e+04 1.612630830579629670e-09
5.004900724199840624e+04 1.246157327130581451e-10
5.004942704859263176e+04 7.736602747986584269e-10
5.004973589511222963e+04 2.002663050514674377e-12
5.005008629840649519e+04 7.286466830980129638e-12
5.005016179832391936e+04 1.792233425337980600e-10
5.005075624282658100e+04 8.528478286743342641e-13
5.005110199560268666e+04 7.080532188339419190e-10
5.005196658315965760e+04 1.718670372777223612e-10
5.005217608557988569e+04 2.001416482778931762e-10
5.005249470813784865e+04 3.071801080879514685e-11
5.005289263197551918e+04 1.693286078847817890e-11
5.005333546719278092e+04 4.799276652668636974e-11
5.005396335669644031e+04 3.303004137106111010e-10
5.005405307737817202e+04 4.064375728259102974e-12
5.005478351874536020e+04 4.768052065271443725e-11
5.005488416762880661e+04 7.899993823044800953e-11
5.005589158795197727e+04 4.082164453097361839e-12
5.005601209151785588e+04 1.763170204188971387e-11
5.005676461701229709e+04 1.812718282043026446e-11
5.005683726639025554e+04 1.478294351720966440e-10
5.005738023094547680e+04 5.734901408901282423e-13
5.005758775760417484e+04 2.506647380479623280e-11
5.005798680683536804e+04 1.639120099987296602e-11
5.005899310561629682e+04 5.055464066909501200e-13
5.005933611559098063e+04 9.277204447719952407e-13
5.005943070377577533e+04 9.115408795775482735e-12
5.005974085515226761e+04 5.460322060455867838e-11
5.006000485652530915e+04 1.207396294825077803e-11
5.006035830811277265e+04 7.822525911642826672e-12
5.006147575371836137e+04 8.464960953454409084e-13
5.006181417017475178e+04 3.004208797028232777e-12
5.006257905832891993e+04 2.683559849017819637e-11
5.006290448088306584e+04 5.140165025596810866e-13
5.006300838082021073e+04 5.798548505643614120e-13
5.006322575480498199e+04 3.325090584388142352e-12
5.006379233115485113e+04 1.254276198684806667e-12
5.006473041976006061e+04 1.091842971368315317e-13
5.006493387460903614e+04 3.493024908953934574e-13
5.006547202181590546e+04 1.110686702710091699e-11
5.006568354610144161e+04 1.215616150121989966e-15
5.006576917385957495e+04 4.126983920835052916e-13
5.006633451551787584e+04 5.336742017124537884e-13
5.006703030534118443e+04 3.009684189050948754e-13
5.006785051373930037e+04 6.370251351261533854e-14
5.006833458248741954e+04 3.971665363080311555e-12
5.006844365750432917e+04 3.822002920045026919e-13
5.006861666052828514e+04 1.614491262746387708e-14
5.006941265045966429e+04 1.994747113597416402e-15
5.007017368068061478e+04 5.454856272882088974e-14
5.007058323933361680e+04 2.540268795495943356e-13
5.007128395474638091e+04 8.149662456469556308e-13
5.007131554012788547e+04 2.572152350767653239e-13
5.007139335602749634e+04 1.946667461141734773e-13
5.007218162413685059e+04 7.936879350493433109e-15
5.007243603460605664e+04 2.383402284449820024e-16
5.007313358294135833e+04 1.176146480672703025e-14
5.007397057316314022e+04 2.564980089630726676e-13
5.007410489593645616e+04 2.969622874903820302e-14
5.007439854837142775e+04 1.302146013316431132e-13
5.007522563805683603e+04 1.166173609639535291e-14
5.007601249509597255e+04 2.037284970810172827e-14
5.007666343369650713e+04 4.881060056723980239e-15
5.007686943245150178e+04 3.568180658793023459e-14
5.007698629591331701e+04 8.681847951957189969e-15
5.007747645846966770e+04 3.866987239468075996e-14
5.007822987492272659e+04 4.489289032737256032e-15
5.007839007322305406e+04 4.113980682680299012e-15
5.007954521467545419e+04 3.996256492039547627e-15
5.007955698599619063e+04 9.458428061455259142e-16
5.008020702126804827e+04 1.185052442281054725e-14
5.008109647005730221e+04 2.994228655062714825e-15
5.008128846602928388e+04 1.983362979174017227e-17
5.008149173137627804e+04 5.352786598855312413e-17
5.008263087338994956e+04 7.541995307970777732e-16
5.008290731871558819e+04 1.532489662421186328e-15
5.008360684092211159e+04 8.061690235422382171e-16
5.008449983424708626e+04 1.585541826468135414e-16
5.008498857991149998e+04 6.402208847598376245e-17
5.008534238912503497e+04 1.778847305260066144e-19
5.008622075123503600e+04 4.726018743894834258e-18
5.008624691102190263e+04 4.530709918035319536e-18
5.008666376076578308e+04 1.970138898037966951e-16
5.008777523661679152e+04 8.831773405249652537e-18
5.008843148784507503e+04 2.033549451952533098e-18
5.008873683606515260e+04 3.893778812783177181e-17
5.008915857170535310e+04 1.095675665052540440e-19
5.009013081049064203e+04 4.553018988535610352e-18
5.009072187011552160e+04 3.968680941008555829e-18
5.009127598573272553e+04 1.347793594116433654e-18
5.009235962211476726e+04 1.375586743261903185e-20
5.009256428126143874e+04 1.196216966285858278e-19
5.009325841945724096e+04 2.290750433731974301e-18
5.009381992066805105e+04 9.249604381365843706e-18
5.009478979095635441e+04 3.915934640614077725e-19
5.009567041441775655e+04 6.719984761881157159e-18
5.009670302213423565e+04 2.707974301216177355e-21
5.009675045423708798e+04 6.896252835900203626e-21
5.009742869636309479e+04 1.075958010808126242e-18
5.009795232377829961e+04 3.611404939376857873e-20
5.009811394470546657e+04 1.107662496100458225e-19
5.009864118194034381e+04 2.980238475636474024e-19
5.009959078262167168e+04 1.829153241002934257e-18
5.010010328572044818e+04 8.994535569308878318e-20
5.010056798832959612e+04 1.039722605599511785e-19
5.010226266264167498e+04 4.999025386605970953e-21
5.010268662800922175e+04 1.102403713657229185e-19
5.010327892941622849e+04 2.595666699170025235e-20
5.010403752349162096e+04 1.610530006143171063e-19
5.010480024731731828e+04 6.607455282012303292e-21
5.010549354976065661e+04 1.040103012943102688e-20
5.010595160469762050e+04 3.895871349813789367e-22
5.010669839975851937e+04 1.002542398673685441e-21
5.010798860265026451e+04 2.137457379830399807e-22
5.010853928592574812e+04 2.931452038551747298e-21
5.010899959332523576e+04 1.966646006689972669e-22
5.011058797989870072e+04 6.964742820715129118e-24
5.011104079461417859e+04 5.818780183053057292e-22
5.011216226003176416e+04 5.612385055468160964e-22
5.011282245921366848e+04 9.437573442153897611e-22
5.011410933465068229e+04 3.866087168096855491e-22
5.011515979739218892e+04 1.122153968528752526e-23
5.011547994497374020e+04 1.399721522715189689e-22
5.011657349583488394e+04 9.454894122521170652e-24
5.011739165025921102e+04 3.365707843212147262e-22
5.011828295906355197e+04 3.635367506261141327e-24
5.011900625889634830e+04 0.000000000000000000e+00
5.011940034732694767e+04 7.004489749610635929e-23
5.012058082821066637e+04 1.233617495188907466e-23
5.012217229361520003e+04 3.485038208520000320e-23
5.012246417930465395e+04 0.000000000000000000e+00
5.012303814934016555e+04 0.000000000000000000e+00
5.012342144855992956e+04 0.000000000000000000e+00
5.012556648239689821e+04 1.034001036423726955e-24
5.012677190600366885e+04 0.000000000000000000e+00
5.012728831464784162e+04 0.000000000000000000e+00
5.012945663937071367e+04 0.000000000000000000e+00
5.013054904964833986e+04 0.000000000000000000e+00
5.013206113004530198e+04 0.000000000000000000e+00
5.013235802766721463e+04 0.000000000000000000e+00
5.013304484442724788e+04 0.000000000000000000e+00
5.013524445372354967e+04 0.000000000000000000e+00
5.013687133118617203e+04 0.000000000000000000e+00
5.013835222832416912e+04 0.000000000000000000e+00
5.013889697829650686e+04 0.000000000000000000e+00
5.013989025349938311e+04 0.000000000000000000e+00
5.014114467929985403e+04 0.000000000000000000e+00
5.014142498355913267e+04 0.000000000000000000e+00
5.014345231167400925e+04 0.000000000000000000e+00
5.014554688006205834e+04 0.000000000000000000e+00
5.014643871397813928e+04 0.000000000000000000e+00
5.014770101269925362e+04 0.000000000000000000e+00
5.015085765996784176e+04 0.000000000000000000e+00
5.015129654890528764e+04 0.000000000000000000e+00
5.015190231384206709e+04 0.000000000000000000e+00
5.015543779198951233e+04 0.000000000000000000e+00
5.015733371027406974e+04 0.000000000000000000e+00
5.015999598360244272e+04 0.000000000000000000e+00
5.016105652490176726e+04 0.000000000000000000e+00
5.016336855151384225e+04 0.000000000000000000e+00
5.016408813987267058e+04 0.000000000000000000e+00
5.016628007451513986e+04 0.000000000000000000e+00
5.016848098060369375e+04 0.000000000000000000e+00
5.017156871702763601e+04 0.000000000000000000e+00
5.017187877965647931e+04 0.000000000000000000e+00
5.017652299969828891e+04 0.000000000000000000e+00
5.017845970818357455e+04 0.000000000000000000e+00
5.018014538698513934e+04 0.000000000000000000e+00
5.018245862291189405e+04 0.000000000000000000e+00
5.018445593860145891e+04 0.000000000000000000e+00
5.018684492136057816e+04 0.000000000000000000e+00
5.018865984780931467e+04 0.000000000000000000e+00
5.019345601569969585e+04 0.000000000000000000e+00
5.019625251572906564e+04 0.000000000000000000e+00
5.019963901518884086e+04 0.000000000000000000e+00
5.020361258579804417e+04 0.000000000000000000e+00
5.020566528024826403e+04 0.000000000000000000e+00
5.020865397295486764e+04 0.000000000000000000e+00
5.021262175451841176e+04 0.000000000000000000e+00
5.022010559991537593e+04 0.000000000000000000e+00
5.022563502292433986e+04 0.000000000000000000e+00
5.022983804107006290e+04 0.000000000000000000e+00
5.023130884875984339e+04 0.000000000000000000e+00
