-5.001006447763634060e+04 6.339242955774966647e-09
-5.000818471269198926e+04 1.355298109658034561e-09
-5.000649934219762508e+04 9.626452053277520181e-08
-5.000599528500129236e+04 2.240218583064548901e-15
-5.000597827270404377e+04 5.403992441771144540e-13
-5.000502395521571452e+04 8.401252086411872194e-09
-5.000377582624783099e+04 4.144403134493195005e-08
-5.000305036646974622e+04 4.015539113043167113e-10
-5.000303157470128644e+04 1.937013736496282182e-11
-5.000286188057379331e+04 8.043544845585183643e-09
-5.000266041056191898e+04 1.995548019360942251e-09
-5.000249818061651604e+04 2.109961092458307283e-09
-5.000184100648845197e+04 9.508397582182639315e-08
-5.000123413133432041e+04 3.671475037535766227e-08
-5.000071941173815867e+04 2.697157481913131283e-08
-5.000043361459275184e+04 2.231954309998908349e-08
-5.000019971791107673e+04 3.724477989164625797e-08
-4.999995236423515598e+04 1.816292279206650458e-08
-4.999975416125259653e+04 8.506668991230680555e-10
-4.999937204936156922e+04 1.415027156991984366e-09
-4.999867136975910398e+04 5.244630481631620356e-09
-4.999826739066821756e+04 1.041322694856210538e-07
-4.999785124921373790e+04 3.002106915021040761e-08
-4.999745112719225290e+04 9.936852698387324646e-09
-4.999700894065783359e+04 4.510500789999470283e-09
-4.999607323913874279e+04 3.142916301660133083e-09
-4.999577894594387908e+04 2.501693583408042694e-06
-4.999551773981474980e+04 2.612793690251262944e-08
-4.999450207723703352e+04 1.309122597911444571e-07
-4.999387545550727373e+04 1.303246775307219872e-09
-4.999371618469148234e+04 1.011701188373859863e-07
-4.999271762896914151e+04 5.532576623860197096e-07
-4.999196107106507407e+04 1.874244031276001600e-06
-4.999170578877927619e+04 1.185413536458222302e-05
-4.999071666752474994e+04 3.782124738972910498e-10
-4.998996818211450591e+04 2.101325266155906648e-06
-4.998994488452225050e+04 3.097089349897780566e-06
-4.998965217909235798e+04 1.772152303522864584e-07
-4.998840815450390801e+04 1.027008065930613961e-08
-4.998807584377563035e+04 8.943968804121374064e-06
-4.998781275366635236e+04 1.491695632120853265e-06
-4.998719589511948288e+04 1.568101567811630079e-06
-4.998638051026263565e+04 3.640681709867112041e-07
-4.998568720166274579e+04 1.368622732951354831e-04
-4.998566205916457693e+04 2.120137353486349759e-07
-4.998491984358655463e+04 4.622933588488970524e-07
-4.998413652068894589e+04 2.742173688641250575e-08
-4.998357123600014893e+04 1.558052598550050910e-05
-4.998331883697398007e+04 9.448784420460240522e-08
-4.998244353484486055e+04 1.341848887533896408e-07
-4.998175768885841535e+04 1.410264736622598284e-06
-4.998147374103131006e+04 4.157448141253214748e-04
-4.998077131114368967e+04 6.005567788593517024e-06
-4.998020372914589825e+04 5.573939544464373308e-07
-4.997994179278874071e+04 8.725162352411495098e-06
-4.997943858395666757e+04 1.292350364429271691e-05
-4.997909201849607052e+04 4.872038763572389511e-06
-4.997853935358727176e+04 4.274592691730820766e-08
-4.997779285797417106e+04 9.330686992390120203e-05
-4.997749840306825354e+04 6.331751637020321053e-06
-4.997711606354932883e+04 1.454663036711874420e-05
-4.997692291976015258e+04 2.874768741037524399e-06
-4.997571396232888219e+04 4.318867977656861815e-06
-4.997561878979323228e+04 1.683687725043902031e-02
-4.997542716561350971e+04 2.623836237749956437e-05
-4.997499770809453912e+04 6.487679995501678039e-07
-4.997397991517730406e+04 6.225504051804153306e-07
-4.997341230124597496e+04 2.871005665119637901e-04
-4.997337504196588998e+04 9.492540165212450337e-06
-4.997289447382604703e+04 5.452985143394362583e-06
-4.997241859755410405e+04 1.763364591867839689e-07
-4.997165152842446696e+04 1.855698601563696110e-09
-4.997116689053109440e+04 9.934976503280912969e-05
-4.997109819666801195e+04 8.012437773587930281e-07
-4.997067178150493419e+04 3.100017214673071802e-06
-4.996990770660639100e+04 9.764876269513740326e-01
-4.996957755614016787e+04 5.525048417890606248e-05
-4.996888316519607906e+04 5.293737549853746077e-06
-4.996881619763236085e+04 2.758658695120334557e-05
-4.996853929285549384e+04 7.077045572403102024e-06
-4.996791281233627524e+04 3.795100766140674294e-06
-4.996770772810286144e+04 5.188246834705533515e-03
-4.996690142879589985e+04 2.336588497549490060e-06
-4.996662781879100658e+04 3.010767182455452624e-05
-4.996652841388237721e+04 5.902691852888182744e-05
-4.996628326870269666e+04 2.167652765394724218e-06
-4.996538336049183272e+04 1.614238020340695793e-05
-4.996503118278709007e+04 1.727235702603176370e-07
-4.996450653025397332e+04 2.110383829338548794e-08
-4.996421053394438059e+04 1.371421702350166664e-06
-4.996416007255435397e+04 2.072285563963802244e-06
-4.996307612682250328e+04 4.267072480552630469e-08
-4.996295751399578876e+04 3.763819726546351552e-06
-4.996232005790200492e+04 2.741518036842959536e-09
-4.996197816391041852e+04 2.425683811459880717e-07
-4.996175063483291888e+04 4.710349571918904290e-07
-4.996149366018699948e+04 2.421639758873560424e-08
-4.996046508056953462e+04 6.903098959360564983e-05
-4.996030865182816342e+04 5.800086777320594724e-06
-4.995986044931805372e+04 1.465695136139616403e-09
-4.995980412977572996e+04 2.732054060098756173e-07
-4.995930385466509324e+04 1.965931435693941767e-08
-4.995852476862521144e+04 4.305976665063288814e-09
-4.995792755729294731e+04 8.196233728482266609e-07
-4.995781329403436393e+04 7.474901017424564870e-07
-4.995723379246372497e+04 8.976797633498896649e-11
-4.995688006412737013e+04 1.321114232002959323e-07
-4.995633597703915439e+04 1.180369012439928722e-09
-4.995548794515150075e+04 3.164197929966681138e-09
-4.995524493685638299e+04 7.263168641095352148e-09
-4.995494093949913804e+04 1.194969526370347432e-09
-4.995445680099773745e+04 9.686770328530315182e-09
-4.995370614154977375e+04 1.286765852163988249e-10
-4.995355921107729955e+04 6.318452577332377781e-11
-4.995306100271808828e+04 7.034978438751064517e-12
-4.995259896454887348e+04 2.905719186167126678e-10
-4.995217338753312652e+04 1.857905786219638717e-09
-4.995178341990732588e+04 1.405007360116499773e-10
-4.995167440529790474e+04 3.813527680326615643e-10
-4.995099543143203482e+04 3.281734214023388081e-11
-4.995019336377950094e+04 1.385183577752659455e-09
-4.994989801240955421e+04 2.760129615933604452e-08
-4.994964855663370690e+04 1.442888050022465467e-10
-4.994894049758344772e+04 3.294174794539273393e-11
-4.994863594421980088e+04 5.946736234990162378e-12
-4.994775549684213183e+04 1.825242867878550109e-10
-4.994721178631752264e+04 1.134168946530723964e-09
-4.994709315226114995e+04 4.582949652699933044e-13
-4.994660410633745778e+04 2.573524964332356580e-13
-4.994634126127726631e+04 9.689795994818668075e-11
-4.994518589706344937e+04 4.051580205418523447e-12
-4.994494713785129716e+04 1.521718426334648448e-12
-4.994444917112248368e+04 5.610678046344874993e-11
-4.994426716676569777e+04 3.257254214120000603e-12
-4.994363395428317017e+04 7.735088374269314956e-12
-4.994301862056851678e+04 1.125698281468539166e-15
-4.994232814647648775e+04 3.394011199355856807e-12
-4.994177981628167618e+04 1.084252515121179645e-12
-4.994157544365129434e+04 9.435395370847898373e-13
-4.994105279771526693e+04 2.154482425617531233e-12
-4.994008284064471081e+04 3.570570343710025355e-15
-4.993987268527640845e+04 7.315780764436002582e-14
-4.993952581505182025e+04 7.893373036043097709e-13
-4.993893268442417320e+04 1.469249411239265684e-11
-4.993856093123050232e+04 2.214186306711232247e-15
-4.993776019056185032e+04 5.020352479267835063e-13
-4.993767622557510913e+04 1.373266534109312993e-13
-4.993709475123514130e+04 4.056236198159287078e-13
-4.993618585697149683e+04 5.066595484359017560e-13
-4.993599088936313638e+04 3.232291674291654819e-13
-4.993509188719102531e+04 7.996882849534671000e-14
-4.993450051412764878e+04 2.158208471440296618e-15
-4.993360169983706146e+04 7.389839188218227818e-15
-4.993341459656253573e+04 8.434178964047277052e-14
-4.993267446113715414e+04 1.591830208176504744e-14
-4.993248479808049160e+04 8.296072672185477843e-15
-4.993173960653890390e+04 1.363382332830576869e-14
-4.993083909636175667e+04 1.644787556280816749e-15
-4.993046663900124258e+04 7.923443153298665509e-15
-4.993029471850254049e+04 1.808232068472902866e-16
-4.992949069571543077e+04 8.580257939882719154e-16
-4.992818440104900219e+04 2.858195934152838450e-15
-4.992797632873451221e+04 4.357932779607184827e-15
-4.992750137092197838e+04 2.663488700197111545e-15
-4.992638116127892863e+04 1.610635653753858980e-15
-4.992555585768855235e+04 2.222183740933623456e-16
-4.992513051976954739e+04 2.258546795594502808e-16
-4.992431255917118688e+04 8.732872350103907443e-17
-4.992417794950962707e+04 1.446746116221998347e-16
-4.992346983301386354e+04 1.068773398062667529e-16
-4.992208102617572877e+04 6.796349530221724564e-17
-4.992175666980377719e+04 2.224696332353242241e-19
-4.992159483362307947e+04 4.304528723769890260e-18
-4.992137636127824953e+04 7.185709474260536442e-17
-4.992003875675961899e+04 3.387024250508564634e-17
-4.991926642540704051e+04 2.639754057612617456e-18
-4.991884443044126965e+04 1.638775042581748895e-21
-4.991802949244204501e+04 1.159289614145955575e-17
-4.991723975239480205e+04 4.702260790241906444e-20
-4.991721534389528824e+04 1.464761033958038940e-20
-4.991578222031756013e+04 5.061819820399957361e-18
-4.991521064009485417e+04 7.805950471624271780e-20
-4.991461418827640591e+04 9.138418354792151049e-20
-4.991353372979124833e+04 9.898774038388849262e-21
-4.991277680546759802e+04 4.674982132670365010e-19
-4.991183787744103756e+04 3.727543948047857650e-20
-4.991089751451461052e+04 2.608911168873387077e-21
-4.990985841248171346e+04 1.311342823837640858e-19
-4.990935466728372558e+04 7.219333200638348863e-20
-4.990872991596754582e+04 4.948048177669363220e-21
-4.990835941299656406e+04 2.226509673872865442e-20
-4.990748405011305294e+04 4.437312047430573670e-21
-4.990685785570886219e+04 1.129846875805049722e-20
-4.990595279096682498e+04 2.502006845157321648e-21
-4.990562498084887920e+04 3.771266733861584731e-22
-4.990464755433883693e+04 2.581527274432910410e-21
-4.990433487735508243e+04 1.794791339370259268e-21
-4.990233967080173898e+04 2.333682556045016590e-24
-4.990152543523845088e+04 5.269126145665835718e-22
-4.990071311911295925e+04 1.898662109176375406e-23
-4.989967298707347072e+04 3.690578939593155856e-24
-4.989944678933057730e+04 0.000000000000000000e+00
-4.989839522460810258e+04 3.183810565855853928e-22
-4.989754984599802992e+04 8.183727088693026631e-24
-4.989687753878498916e+04 3.812765378667148184e-23
-4.989634122945911076e+04 7.215150480785774549e-24
-4.989541427907934121e+04 2.255871634395256448e-23
-4.989381903754855739e+04 4.917010573605271210e-24
-4.989319732889116858e+04 2.508988665955936821e-24
-4.989112467184786510e+04 0.000000000000000000e+00
-4.989035528367901861e+04 0.000000000000000000e+00
-4.988918526662643126e+04 0.000000000000000000e+00
-4.988827904920034780e+04 0.000000000000000000e+00
-4.988798263532330748e+04 0.000000000000000000e+00
-4.988694753546293941e+04 0.000000000000000000e+00
-4.988598199782436131e+04 0.000000000000000000e+00
-4.988556707449204987e+04 0.000000000000000000e+00
-4.988477152475657931e+04 0.000000000000000000e+00
-4.988371181575143419e+04 0.000000000000000000e+00
-4.988236984078575915e+04 0.000000000000000000e+00
-4.988209378708219447e+04 0.000000000000000000e+00
-4.987921122740565625e+04 0.000000000000000000e+00
-4.987842728730269300e+04 0.000000000000000000e+00
-4.987773428928769135e+04 0.000000000000000000e+00
-4.987555661103779858e+04 0.000000000000000000e+00
-4.987482229606904730e+04 0.000000000000000000e+00
-4.987421233738731826e+04 0.000000000000000000e+00
-4.987337869580667757e+04 0.000000000000000000e+00
-4.987120949332865712e+04 0.000000000000000000e+00
-4.987112527947322815e+04 0.000000000000000000e+00
-4.986971178160682030e+04 0.000000000000000000e+00
-4.986724574108721572e+04 0.000000000000000000e+00
-4.986650076796022768e+04 0.000000000000000000e+00
-4.986388395785421017e+04 0.000000000000000000e+00
-4.986243673895260144e+04 0.000000000000000000e+00
-4.986021265070824302e+04 0.000000000000000000e+00
-4.985896783461628365e+04 0.000000000000000000e+00
-4.985634967161796521e+04 0.000000000000000000e+00
-4.985550506213662447e+04 0.000000000000000000e+00
-4.985502001535093586e+04 0.000000000000000000e+00
-4.985197575876246265e+04 0.000000000000000000e+00
-4.985096880680861068e+04 0.000000000000000000e+00
-4.984893785341639887e+04 0.000000000000000000e+00
-4.984843689051672118e+04 0.000000000000000000e+00
-4.984462650648021372e+04 0.000000000000000000e+00
-4.984421365469404554e+04 0.000000000000000000e+00
-4.983360630111217324e+04 0.000000000000000000e+00
-4.983320952888234024e+04 0.000000000000000000e+00
-4.982935669042932568e+04 0.000000000000000000e+00
-4.982894089634646662e+04 0.000000000000000000e+00
4.998993919454239222e+04 9.566879202420233401e-17
4.999182585119479336e+04 4.603678498283116982e-15
4.999351752815784857e+04 2.625922070053285801e-14
4.999419710404209764e+04 8.752745448817846156e-20
4.999421521083580592e+04 8.792035841292770769e-18
4.999499930140697688e+04 8.555896743965062176e-13
4.999625525324051705e+04 8.072184883323246820e-16
4.999712341018771258e+04 4.223246108358865975e-14
4.999715287224535132e+04 6.253113222049507934e-16
4.999721502118249919e+04 2.521378733531620685e-13
4.999746533587946760e+04 2.053104699893356689e-14
4.999761070075166936e+04 2.006010495290822491e-13
4.999822433540014754e+04 1.261975170799911712e-13
4.999884064750553807e+04 2.093463362838770328e-14
4.999936336613413732e+04 5.997964746717686479e-14
4.999967019789257756e+04 2.778783782953856718e-14
4.999991703030096687e+04 1.802305010688148774e-14
5.000005637859852868e+04 4.693505815624700984e-14
5.000035170506814029e+04 2.050003968284729263e-14
5.000072781969436619e+04 7.121759925201326765e-15
5.000143117071541928e+04 1.827333380381297872e-13
5.000183643449732335e+04 5.186486686157693880e-17
5.000217219597668009e+04 7.583768121604017502e-12
5.000265180433723435e+04 2.420620225660932827e-13
5.000309613302387152e+04 1.489057042396552711e-13
5.000403306370182690e+04 3.006093477568317551e-14
5.000426221926999278e+04 1.398675064418262120e-14
5.000458640019805171e+04 1.310235052383748328e-13
5.000560444681247463e+04 9.204874547799312359e-15
5.000622398210017855e+04 2.037096078048588718e-12
5.000633997400687804e+04 3.976064522949376560e-12
5.000739236536384124e+04 1.016622093449479019e-13
5.000814192844623176e+04 1.919756915613077096e-13
5.000836111525252636e+04 1.893902910741444616e-12
5.000939347678772901e+04 4.509220261662742461e-13
5.001006305044546025e+04 1.896418199365421678e-14
5.001011443038325524e+04 2.146450537107276612e-11
5.001044329998696776e+04 1.132199566389319424e-11
5.001170379017399682e+04 1.357173666266949870e-12
5.001200750776677160e+04 1.526980789722603279e-12
5.001221094741323031e+04 2.757491104754052575e-12
5.001291103716848738e+04 9.781011393426952840e-14
5.001371603250424960e+04 4.897677874602800606e-13
5.001435175477169832e+04 1.003661977666329661e-11
5.001443955063578323e+04 1.163865465797180139e-14
5.001518803852384008e+04 2.187208739263212322e-14
5.001596323393764760e+04 1.406495154653629210e-12
5.001648206073499023e+04 8.825929970806003148e-10
5.001679683564909647e+04 6.777408776639011216e-16
5.001766302821636054e+04 7.854226026506305866e-13
5.001835928062316088e+04 8.037205737717641868e-15
5.001859398157973919e+04 2.404527071161658585e-11
5.001933888611660950e+04 1.252680300141289346e-13
5.001991706862677529e+04 3.434471330872171893e-13
5.002006639194680611e+04 8.925993802539045136e-11
5.002064937097660004e+04 1.654023341052588828e-12
5.002101680665608001e+04 1.649573471081913822e-12
5.002159223934979673e+04 7.107986995924649570e-14
5.002223148117041274e+04 1.596094758904558722e-08
5.002261193021856889e+04 6.232522342137743725e-13
5.002299364611742203e+04 2.008084281313834937e-13
5.002321035682829825e+04 7.877174008325200407e-14
5.002441405468427547e+04 9.073025128501196611e-13
5.002442214296108432e+04 1.917727886900698240e-10
5.002471642621725914e+04 1.481044043967719026e-14
5.002511144958573277e+04 5.087489891769532414e-13
5.002618139896115463e+04 8.545811819626795020e-15
5.002664518714186852e+04 1.516635435996852560e-12
5.002674567709455005e+04 7.318859019344605198e-14
5.002721950574552466e+04 6.962930816282846446e-14
5.002775628096085711e+04 1.802973786636159971e-17
5.002847191853800177e+04 7.190311729441456705e-14
5.002890639791949798e+04 3.033610558533057925e-13
5.002905911213746003e+04 1.517396135043292078e-13
5.002948091972523252e+04 2.201709885894944830e-13
5.003009675574736320e+04 5.433779108413955924e-11
5.003060785443857458e+04 1.149372048134510807e-15
5.003120704223984649e+04 1.697427946360203272e-11
5.003132822245915304e+04 1.021517464228758682e-13
5.003162921053704486e+04 2.509686120015566938e-14
5.003226789102767361e+04 6.534233464709976682e-13
5.003230638704700687e+04 3.222067930622558180e-11
5.003324937308325752e+04 5.637793119343882179e-15
5.003351914495113306e+04 2.978954829330626753e-13
5.003360521927952504e+04 1.530192890039483271e-13
5.003389915731184010e+04 5.969528014151625214e-15
5.003464103573848115e+04 4.030007198526353212e-12
5.003517197438874427e+04 3.787387155713022103e-15
5.003567078903011861e+04 9.531767147296929050e-16
5.003593085257923667e+04 2.640480072962036206e-13
5.003601177136320621e+04 3.014615035608737151e-14
5.003707481270989229e+04 1.124390513886859302e-10
5.003716201767628809e+04 3.710135508928545536e-12
5.003784823603054247e+04 2.655498000298440849e-13
5.003818522671886603e+04 8.505871342451932791e-14
5.003838922272189666e+04 4.032328186887196796e-15
5.003874256311515637e+04 7.252651666160042760e-16
5.003958985820067755e+04 1.687861654818007568e-12
5.003987548199318553e+04 1.752365174758067834e-14
5.004034571337207308e+04 1.337756616064046361e-14
5.004039905822613946e+04 5.576106969100425341e-14
5.004085030179740716e+04 2.089734493266464456e-13
5.004173681209212373e+04 8.235148150002132494e-19
5.004216337605127046e+04 1.501884931647210123e-14
5.004236004506654717e+04 6.905797214954709945e-15
5.004303178077913617e+04 1.365472929777098717e-16
5.004329135917308304e+04 1.204041211025699664e-14
5.004393188429915608e+04 6.492518957144446513e-17
5.004472917919427709e+04 2.201757647200920482e-15
5.004486837566502072e+04 5.705967551393983832e-15
5.004530555839180306e+04 7.235855378778361025e-17
5.004573317320291972e+04 2.687793667130821742e-15
5.004651947248488432e+04 1.155161171847723020e-17
5.004669855028028542e+04 5.124557222685978640e-17
5.004716506434263283e+04 2.859164576914791883e-15
5.004750163314234669e+04 1.099156669062220750e-13
5.004805304212360352e+04 6.776669196157345009e-16
5.004841702207168419e+04 1.606567817189983919e-19
5.004858253571599926e+04 1.649721005542970291e-17
5.004927116985448083e+04 3.298231894084824080e-17
5.005007770454578713e+04 1.640621546573124074e-15
5.005023020983295282e+04 2.072849235243413571e-15
5.005060843004471826e+04 4.376994355636174962e-16
5.005133434033618687e+04 2.549580837855836964e-16
5.005165697642543819e+04 2.467121349004464055e-17
5.005253445579477557e+04 2.790986626231803798e-17
5.005292680781766103e+04 6.358319296927429870e-18
5.005317329169662116e+04 2.433533182534745901e-17
5.005373255943452386e+04 1.242820855051227941e-17
5.005389663223563548e+04 1.671000328115072125e-17
5.005512017830894183e+04 4.870705009734542491e-18
5.005535988245366025e+04 3.755961644638132743e-20
5.005570894010563643e+04 5.241164721380677326e-18
5.005604406160512735e+04 5.270691377218827081e-18
5.005663849809643580e+04 3.865039497548626888e-18
5.005733643937388115e+04 2.567857326006019927e-19
5.005796135944908019e+04 5.888449310557261404e-19
5.005842550426996604e+04 9.601341662793609326e-17
5.005872553601195250e+04 1.129087784274886206e-17
5.005919987868172757e+04 8.333959661752405551e-19
5.006018375187742640e+04 7.626906722872731320e-19
5.006044650542518502e+04 2.310034019562279808e-18
5.006079206908093329e+04 1.307073759482847704e-18
5.006126181782981439e+04 4.092991928431614114e-18
5.006169189815095888e+04 4.146436368752322553e-19
5.006256024574540061e+04 1.729477927081726174e-19
5.006260492709828395e+04 2.307630432137927463e-19
5.006325541635547415e+04 4.959927095535660377e-20
5.006403331966011319e+04 1.922354227568752262e-19
5.006427933199763356e+04 5.139198730761410229e-20
5.006525365127372061e+04 5.214510969985245586e-20
5.006579948820065329e+04 6.058400184096243422e-21
5.006666302052415267e+04 3.758490924424396294e-20
5.006682938366864983e+04 8.638707773533094409e-21
5.006767383565946511e+04 1.387117270487755102e-21
5.006783856552485668e+04 2.226715425862591555e-21
5.006857178550989920e+04 9.613578332687156330e-21
5.006946295901583653e+04 4.583032208369071307e-20
5.006984014040060720e+04 3.838563125934901238e-20
5.007003762834791269e+04 9.295177389602955004e-21
5.007083206722210889e+04 1.306247808577504389e-20
5.007214431578929361e+04 1.493392690866523333e-21
5.007233704195440077e+04 5.324204822384242761e-21
5.007282948059102637e+04 9.083883805421548779e-22
5.007391596353375644e+04 1.369798890117604210e-21
5.007480346482645837e+04 9.289164719499723110e-23
5.007519656517443946e+04 2.131115309856491186e-22
5.007599327257717960e+04 8.916519743770289900e-24
5.007614239511323831e+04 2.393024641144942915e-22
5.007683635670866352e+04 2.617718693245163368e-22
5.007823215286662162e+04 2.338609612741427091e-23
5.007858686384474277e+04 1.690428264397587727e-24
5.007871144147800078e+04 4.274213553073184926e-23
5.007899897041582153e+04 1.799625621910439873e-24
5.008024435033126792e+04 1.663434938330455489e-23
5.008106611414966756e+04 7.950125570464882605e-23
5.008152580453556584e+04 6.306602251614733726e-24
5.008232076486440201e+04 2.390838628772692990e-23
5.008308318182866060e+04 0.000000000000000000e+00
5.008314744691386295e+04 0.000000000000000000e+00
5.008456022555928939e+04 4.832346605655358562e-24
5.008513996585066343e+04 1.612285095324307311e-24
5.008577941199240013e+04 0.000000000000000000e+00
5.008685290367221751e+04 0.000000000000000000e+00
5.008756782208964432e+04 1.429920836743179638e-24
5.008852158733116812e+04 0.000000000000000000e+00
5.008949380235039280e+04 0.000000000000000000e+00
5.009051409587322269e+04 0.000000000000000000e+00
5.009101618329230405e+04 0.000000000000000000e+00
5.009171319052913896e+04 0.000000000000000000e+00
5.009199213079157926e+04 0.000000000000000000e+00
5.009296251685352036e+04 0.000000000000000000e+00
5.009351319844333193e+04 0.000000000000000000e+00
5.009442987982761406e+04 0.000000000000000000e+00
5.009480919565704244e+04 0.000000000000000000e+00
5.009579935467582254e+04 0.000000000000000000e+00
5.009605201656832651e+04 0.000000000000000000e+00
5.009806290740718396e+04 0.000000000000000000e+00
5.009886115739513480e+04 0.000000000000000000e+00
5.009964260053879843e+04 0.000000000000000000e+00
5.010077497846398182e+04 0.000000000000000000e+00
5.010097726598188456e+04 0.000000000000000000e+00
5.010202357282755111e+04 0.000000000000000000e+00
5.010282233148186788e+04 0.000000000000000000e+00
5.010360302282862540e+04 0.000000000000000000e+00
5.010416713072651328e+04 0.000000000000000000e+00
5.010501269129279535e+04 0.000000000000000000e+00
5.010674339354954282e+04 0.000000000000000000e+00
5.010725673794995964e+04 0.000000000000000000e+00
5.010937004467137012e+04 0.000000000000000000e+00
5.011010730130191951e+04 0.000000000000000000e+00
5.011123998098100856e+04 0.000000000000000000e+00
5.011219645750682685e+04 0.000000000000000000e+00
5.011257058544713800e+04 0.000000000000000000e+00
5.011358671921828500e+04 0.000000000000000000e+00
5.011446622521607787e+04 0.000000000000000000e+00
5.011503464746004465e+04 0.000000000000000000e+00
5.011573702449571283e+04 0.000000000000000000e+00
5.011683349310623453e+04 0.000000000000000000e+00
5.011828735652608884e+04 0.000000000000000000e+00
5.011851582149697060e+04 0.000000000000000000e+00
5.012140984719651169e+04 0.000000000000000000e+00
5.012213576148063294e+04 0.000000000000000000e+00
5.012287839667280787e+04 0.000000000000000000e+00
5.012506158687730203e+04 0.000000000000000000e+00
5.012575704722465161e+04 0.000000000000000000e+00
5.012640438720982638e+04 0.000000000000000000e+00
5.012716414249139052e+04 0.000000000000000000e+00
5.012946700427024189e+04 0.000000000000000000e+00
5.012957278851667797e+04 0.000000000000000000e+00
5.013091997793930932e+04 0.000000000000000000e+00
5.013349883190050605e+04 0.000000000000000000e+00
5.013420640573785204e+04 0.000000000000000000e+00
5.013677156844513956e+04 0.000000000000000000e+00
5.013821731919333251e+04 0.000000000000000000e+00
5.014068547800067608e+04 0.000000000000000000e+00
5.014174206324813713e+04 0.000000000000000000e+00
5.014418609271630703e+04 0.000000000000000000e+00
5.014521635485952720e+04 0.000000000000000000e+00
5.014561329842891428e+04 0.000000000000000000e+00
5.014841479317042831e+04 0.000000000000000000e+00
5.014961621775521780e+04 0.000000000000000000e+00
5.015183026212322875e+04 0.000000000000000000e+00
5.015228648222262564e+04 0.000000000000000000e+00
5.015611912773711083e+04 0.000000000000000000e+00
5.015648379857499094e+04 0.000000000000000000e+00
5.016669983576885716e+04 0.000000000000000000e+00
5.016712932791149069e+04 0.000000000000000000e+00
5.017094207282439311e+04 0.000000000000000000e+00
5.017138424316990859e+04 0.000000000000000000e+00
