-5.007354555525034812e+04 0.000000000000000000e+00
-5.007349746560503263e+04 0.000000000000000000e+00
-5.006459991905320203e+04 1.581602922857935913e-22
-5.006454806924855802e+04 6.092866413196279960e-23
-5.005804914387123426e+04 9.003669632842663678e-20
-5.005799559257956571e+04 1.165089133971509414e-20
-5.005297782787797041e+04 8.158572538732897309e-18
-5.005292571325764584e+04 1.369674119858721575e-19
-5.004916988549432426e+04 1.269499055954400400e-16
-5.004911898296365689e+04 4.005014834232075298e-18
-5.004719242274574935e+04 1.342458058715605575e-18
-5.004661932658415026e+04 1.556313690672698244e-16
-5.004551091660060047e+04 1.406297021375112428e-17
-5.004416028741661285e+04 2.699136695131504733e-17
-5.004263485474435583e+04 7.323944453481184253e-18
-5.004084735047849244e+04 2.996526758140641946e-17
-5.003893563432172959e+04 4.427095657308153649e-18
-5.003750709567106242e+04 1.365135982605544731e-20
-5.003749583406985039e+04 3.006476701006079244e-19
-5.003692456272745767e+04 3.838330405963205205e-19
-5.003623432343623426e+04 1.679597230196923174e-15
-5.003479208387422841e+04 5.909195762285815524e-18
-5.003430192562679440e+04 1.114816589669267760e-15
-5.003263719024951570e+04 6.646836936862153013e-15
-5.003232969715643412e+04 2.086025226280450395e-15
-5.003206272982953669e+04 9.580182356291540793e-20
-5.003202554782274819e+04 3.431636068538513100e-18
-5.003104463937667606e+04 1.066662893827202516e-14
-5.003003904583663098e+04 9.247729743941250196e-15
-5.002980099686374888e+04 1.056186485804732345e-15
-5.002925368542230717e+04 1.711061442845171490e-16
-5.002846568494636449e+04 1.028915479671225295e-16
-5.002747034134965361e+04 6.209877277138057936e-15
-5.002729457498670672e+04 5.836381475883607951e-15
-5.002620941718135873e+04 2.506115814660093789e-15
-5.002601070331704250e+04 7.850852037105120676e-16
-5.002527299066333217e+04 1.315712652308779082e-15
-5.002445413786087738e+04 1.438966998370993492e-15
-5.002399797893945652e+04 1.254653691469296618e-13
-5.002366359472608747e+04 2.294424872889059816e-16
-5.002225462662927021e+04 2.443397711994951371e-15
-5.002208147304573504e+04 4.740385372249449086e-14
-5.002190716393647017e+04 1.802612447675495535e-13
-5.002051515343661595e+04 3.811711520590477030e-14
-5.002001678122701560e+04 3.095615762812401357e-14
-5.001977337861550768e+04 1.919450343623184493e-15
-5.001877448887874925e+04 3.656568715091929520e-15
-5.001813581893626542e+04 5.130239089735513400e-13
-5.001745312572616240e+04 3.776318691923413159e-14
-5.001696091519090260e+04 4.782437668546011585e-14
-5.001626306021643541e+04 1.064205735938804085e-14
-5.001598004779469193e+04 1.660540020402072667e-12
-5.001529377802355157e+04 2.326470039320127751e-14
-5.001492199490983330e+04 1.368089202573993354e-14
-5.001446880836147466e+04 5.815213534898281542e-13
-5.001387650026437041e+04 1.797749837560707298e-12
-5.001338954974697117e+04 5.303191585016394706e-14
-5.001282397466387920e+04 2.615674552042133820e-14
-5.001251362259354937e+04 8.725875232232040097e-16
-5.001179710928440181e+04 2.631629659630239413e-12
-5.001163577303549391e+04 5.976981306022969487e-16
-5.001130039123710594e+04 1.650336619638277757e-13
-5.001035685238920996e+04 2.209685599962454495e-13
-5.001010038112164330e+04 9.318233737753522533e-14
-5.000975739162908576e+04 9.675477669281424319e-12
-5.000963804448524024e+04 1.102400309465123615e-12
-5.000926419183841790e+04 1.469661378210955655e-13
-5.000876181305453792e+04 3.889510022763780063e-16
-5.000871236878091440e+04 2.223175211015921936e-14
-5.000795390348976798e+04 2.803171740307097864e-15
-5.000771406340259273e+04 1.316876570104473747e-13
-5.000747987624730740e+04 4.984374819015056766e-15
-5.000729265249136370e+04 1.108201843094297495e-13
-5.000664062524953624e+04 2.645591517490796148e-13
-5.000641306818315206e+04 5.656129305081982956e-16
-5.000607684607656847e+04 5.645203441746774732e-13
-5.000596958747949975e+04 6.673394396765409793e-12
-5.000573375420820230e+04 9.795037885802767379e-12
-5.000556419995940814e+04 2.739495545911560106e-12
-5.000494164782090957e+04 1.278963778979038784e-13
-5.000463568754898733e+04 1.673208334312059698e-13
-5.000407828721701662e+04 1.024864015586077228e-15
-5.000387982914753957e+04 2.373306726103363960e-13
-5.000384260175244708e+04 9.449250703726529550e-11
-5.000368345975478587e+04 1.772725236005258216e-13
-5.000323580053256592e+04 3.045117978574156748e-14
-5.000234285797560733e+04 4.632159148273389757e-13
-5.000197612960793776e+04 8.569368088389613335e-12
-5.000176158157198370e+04 1.064247071260814982e-11
-5.000171686213256908e+04 1.388212249408956654e-10
-5.000135362054219877e+04 1.121422573049163141e-12
-5.000094236622966127e+04 1.041635482184616137e-14
-5.000038538996149146e+04 1.459247552612996979e-12
-4.999992885275819572e+04 7.718954470921963545e-15
-4.999962895445358299e+04 7.475440703878365097e-14
-4.999962105553307629e+04 3.683042929334230377e-11
-4.999869632909195934e+04 1.612469245541907732e-12
-4.999854742555036501e+04 2.126283926246176620e-12
-4.999785809089785471e+04 5.040453070938581313e-12
-4.999755921449389280e+04 1.322512615268833474e-10
-4.999749687564653141e+04 1.138872237588497554e-10
-4.999681744055059971e+04 4.676281498558514190e-12
-4.999630404078291758e+04 3.265928409410767852e-14
-4.999604089545601892e+04 2.632809139925971571e-12
-4.999596755335186026e+04 1.813979383801526575e-09
-4.999572731302800821e+04 7.209958190748597096e-15
-4.999545983103650360e+04 5.868900040904370242e-12
-4.999435349040944857e+04 2.008962825129019546e-12
-4.999424138291908457e+04 5.735212440874313216e-12
-4.999384046007508732e+04 1.883022071049179082e-10
-4.999383202363188320e+04 1.116349734677023954e-09
-4.999365105275895621e+04 6.753333064254317110e-14
-4.999339856412052177e+04 2.076956478381898616e-10
-4.999251442275379668e+04 2.633915244991523005e-12
-4.999230989794727793e+04 7.957859855107479698e-12
-4.999172008367107628e+04 6.768163459433417915e-10
-4.999169583013920055e+04 1.700511078845986065e-09
-4.999137093504989753e+04 5.802362232220466432e-12
-4.999094964528366108e+04 1.059347092751476136e-12
-4.999037015165063349e+04 1.356377807366125007e-13
-4.999002455199838005e+04 9.253922547816475293e-14
-4.998958503419782210e+04 2.724796743512666203e-09
-4.998954660014718684e+04 9.652935382718045657e-10
-4.998935491823613847e+04 1.356634868926077645e-10
-4.998891432508710568e+04 3.325658209553203365e-11
-4.998794432285878429e+04 3.210309239619436904e-12
-4.998781699620304425e+04 1.424536452359801745e-14
-4.998746519072911906e+04 1.080028814561378833e-09
-4.998738362868813419e+04 9.185256994235128406e-11
-4.998729729220449371e+04 4.429330020744259796e-11
-4.998629943275913683e+04 4.501017343349073085e-15
-4.998612407417648501e+04 6.448156668694322381e-13
-4.998596695644446299e+04 1.427230983772880442e-08
-4.998594397496814054e+04 1.744098426555289696e-12
-4.998534911380479753e+04 3.268606664770764138e-09
-4.998528869440800190e+04 2.105893447939666768e-11
-4.998504121273726196e+04 3.165155162321977333e-11
-4.998416645014918322e+04 1.252261417838254678e-13
-4.998395652253085427e+04 5.707318902367336196e-11
-4.998383045905504696e+04 8.257712164290336815e-08
-4.998333616045389499e+04 2.742415982765439331e-10
-4.998322357266988547e+04 9.970317758245199514e-10
-4.998300329456054169e+04 2.391225397638110737e-13
-4.998254794086549373e+04 7.189317574059608249e-13
-4.998178288608450384e+04 7.776620454342398014e-12
-4.998169265101902420e+04 3.785584269551748125e-08
-4.998156351802031713e+04 2.206750871502212160e-10
-4.998143457190579647e+04 9.895317539536170992e-12
-4.998118746694910078e+04 3.386450770854305770e-10
-4.998109163806364813e+04 1.572143692484552371e-09
-4.998024872604972188e+04 5.360272841250685376e-11
-4.997957528883747727e+04 7.178789279877890872e-12
-4.997955092535730364e+04 5.962600634476761136e-08
-4.997940896361231717e+04 6.285852353034338045e-10
-4.997909954366965394e+04 5.587040575876917690e-10
-4.997895616030818928e+04 1.028458836142059180e-09
-4.997874549438192480e+04 2.313818107209184364e-10
-4.997778149918348936e+04 1.280156592126104227e-11
-4.997743972259234579e+04 7.357565658253670588e-13
-4.997740099721749721e+04 3.359872950289852037e-08
-4.997734561427849985e+04 2.949856652680095742e-10
-4.997700828382831241e+04 3.326114648642328958e-10
-4.997676253676869965e+04 1.384665425770871121e-11
-4.997649767631886789e+04 4.441592840121953103e-13
-4.997596397074955894e+04 1.601682005051580813e-06
-4.997593760068059055e+04 8.183748856925855923e-11
-4.997525363952107728e+04 3.819079443376445543e-08
-4.997522916371909378e+04 3.149126027795486489e-08
-4.997492448237245844e+04 5.319462737663056734e-10
-4.997466209109874762e+04 5.213318995839630317e-11
-4.997430776223971043e+04 3.678568238570021244e-14
-4.997422653316301876e+04 2.864018405774871007e-11
-4.997383012661132670e+04 1.191685258746421767e-10
-4.997381606866416405e+04 4.587745789011171737e-07
-4.997307300900112023e+04 4.217363945408217871e-09
-4.997297587980663957e+04 1.350814926958411860e-09
-4.997270560838005622e+04 5.880580422215590639e-10
-4.997253231759075425e+04 2.627911968339478103e-09
-4.997208286955273798e+04 2.968554875626235233e-10
-4.997165520761313383e+04 1.965518014646756225e-06
-4.997157184436863463e+04 6.042070598253355494e-11
-4.997139389894355554e+04 4.849193290325947270e-10
-4.997090334732115298e+04 2.439862912792030850e-08
-4.997084919409506256e+04 1.759154196685799551e-08
-4.997072228437953891e+04 9.240630426578726620e-10
-4.997041703529225197e+04 9.012568420849370998e-09
-4.996950026689911465e+04 6.767056784508824078e-11
-4.996947700354695553e+04 1.416145764306620816e-07
-4.996930151594573545e+04 1.012564423160832854e-10
-4.996924723031541362e+04 1.099231621027168811e-09
-4.996867392005025613e+04 2.791633403234409013e-09
-4.996848413868910575e+04 1.999704133949689430e-09
-4.996820399259489932e+04 5.457279741170253438e-09
-4.996814268159528001e+04 1.502736384381698052e-09
-4.996744818029545422e+04 3.031653293062672763e-11
-4.996727772579471639e+04 1.876367592229825992e-06
-4.996710315931701189e+04 9.751394755874374529e-10
-4.996658452861984551e+04 1.014169915747105391e-08
-4.996642761478071770e+04 9.206792156078593715e-08
-4.996607815700393257e+04 1.271458350556003266e-09
-4.996595680961121980e+04 2.318922145844030505e-05
-4.996561169048969896e+04 5.072757940660921255e-11
-4.996527201294330007e+04 7.348029470302355516e-12
-4.996505438190073619e+04 5.303898378588628122e-08
-4.996494450583124853e+04 4.449626161087278172e-10
-4.996442537508757232e+04 1.549097359044180666e-08
-4.996419091256902902e+04 2.652596861091194033e-08
-4.996392761482494825e+04 2.082359485852457509e-10
-4.996378324548534874e+04 5.897003971540865498e-05
-4.996358928440041927e+04 8.355595059034759108e-09
-4.996321474648732692e+04 1.192425824204076991e-09
-4.996280708072732523e+04 1.452646053107508125e-06
-4.996250494511455327e+04 1.174801642484990583e-08
-4.996218093911115284e+04 1.844945738543611809e-09
-4.996190261260016996e+04 3.973110845758004412e-09
-4.996185139135826466e+04 4.243958670139280717e-08
-4.996155941979308409e+04 4.577223604474631899e-07
-4.996133256783889374e+04 1.564603661210088311e-08
-4.996112080245413381e+04 2.045145447858866468e-08
-4.996053589065435517e+04 1.629121607254396524e-06
-4.996028597003202594e+04 1.997713553628123371e-09
-4.996000960180001857e+04 8.917494032274219302e-10
-4.995977699308002775e+04 6.344186049269648707e-10
-4.995953532667256513e+04 1.098415303409451617e-07
-4.995928458325606334e+04 6.943685593365587897e-05
-4.995884426168461505e+04 1.940950716233642672e-09
-4.995863588392888778e+04 6.926515927066085129e-09
-4.995838392194183689e+04 1.807330986425397245e-08
-4.995823910710813652e+04 1.590989152233908548e-07
-4.995769612641727144e+04 8.137049294925933009e-09
-4.995746991191406414e+04 2.108162278041417956e-07
-4.995716055830215191e+04 1.238987587177872195e-07
-4.995696586201851460e+04 2.644861691839022139e-05
-4.995652736554205330e+04 1.431457119222651570e-08
-4.995630022039828327e+04 2.541790991966092338e-09
-4.995593887480364356e+04 6.107344283485216655e-06
-4.995575886361859739e+04 1.201033281237553433e-03
-4.995572987625875976e+04 8.933862224853646900e-07
-4.995511451456010400e+04 7.474813960379039853e-07
-4.995491628018204938e+04 5.305825349077537854e-07
-4.995477676109433378e+04 5.466778361846031950e-09
-4.995461223132946907e+04 1.769738345694709663e-05
-4.995432455771294917e+04 1.409574507256943930e-08
-4.995386954308814165e+04 2.009394651979645067e-07
-4.995362190593112609e+04 1.147152242905318110e-05
-4.995345555914594297e+04 2.221338146682645778e-06
-4.995339137474785821e+04 1.070065099076664971e-05
-4.995304765047403635e+04 5.379148698887807768e-07
-4.995261300548048894e+04 1.537809757306106745e-06
-4.995223206816133461e+04 1.051703054479299947e-04
-4.995214501030918473e+04 1.619495943710530957e-06
-4.995180523638409068e+04 3.354614560480781213e-07
-4.995140904463318293e+04 4.360615623349039267e-08
-4.995124428216196247e+04 6.973144311208100436e-06
-4.995100520180249441e+04 3.311287044874369001e-07
-4.995098251809647627e+04 1.156316704115939063e-03
-4.995045812844933971e+04 5.064624070084486704e-07
-4.995016212664392515e+04 2.497289116501492844e-08
-4.995009672535766731e+04 4.255134579505137647e-09
-4.994982854672573740e+04 5.017553944082034806e-05
-4.994920419414835487e+04 9.947365989416484331e-09
-4.994889690921329020e+04 2.519613080312886238e-07
-4.994856361407096847e+04 5.453564695019850339e-07
-4.994853953076935431e+04 6.463868729997293517e-04
-4.994839509728479607e+04 3.291116022009910995e-08
-4.994815660747222137e+04 2.511732989073804359e-07
-4.994782177754583245e+04 1.137286327490855122e-07
-4.994744204591604648e+04 8.718085029380979242e-08
-4.994740890618845151e+04 1.826556593858106881e-05
-4.994665469840214064e+04 2.670939453027069043e-06
-4.994656340697467385e+04 1.047382298156110832e-05
-4.994640176916024211e+04 6.332720123495684310e-06
-4.994623021865936607e+04 1.759995326903386760e-06
-4.994607863965908473e+04 3.131283400872364713e-03
-4.994570001916750334e+04 3.080466502175324022e-05
-4.994562984451192460e+04 8.422119720451730351e-02
-4.994504425487016124e+04 6.253525679555119992e-06
-4.994497650799656549e+04 2.737389005983058244e-04
-4.994464729329880356e+04 5.560887938131398168e-06
-4.994419695917443460e+04 3.685261476338436962e-05
-4.994397590168956231e+04 1.035575257071854029e-05
-4.994388063564222102e+04 4.113756800510838262e-06
-4.994359803468783502e+04 2.006748326513478273e-02
-4.994353641911717568e+04 1.813198385133962668e-04
-4.994313968976378965e+04 2.499420471601532375e-05
-4.994291824257576081e+04 2.337879224590943827e-01
-4.994254746902637999e+04 5.383516904236485467e-04
-4.994247726560607407e+04 1.910736627946175279e-05
-4.994222085473936750e+04 3.393323031853638687e-05
-4.994177809434976371e+04 4.315622625200287587e-05
-4.994165172470141260e+04 2.059010034172751224e-05
-4.994113756662957894e+04 1.764046084844488873e-03
-4.994109989549711463e+04 3.463299430047148825e-02
-4.994083994732158317e+04 3.418136915447961964e-06
-4.994024188632969162e+04 2.606811152209232429e-01
-4.994015322581836517e+04 8.099690573836119918e-06
-4.994008991076071106e+04 3.072481406967743096e-04
-4.993988110243863048e+04 2.177851574435244057e-08
-4.993949514315424312e+04 8.120954787181683062e-05
-4.993916110183954879e+04 8.996745929169631728e-06
-4.993888405735269043e+04 1.347872818513028021e-07
-4.993859383759005868e+04 3.484511593019998243e-02
-4.993848959506622487e+04 5.024358596651428603e-04
-4.993800682175373367e+04 3.123731503302128225e-05
-4.993767470448594395e+04 2.752228004138916866e-03
-4.993757116413191397e+04 1.647752601693139030e-01
-4.993738827548031986e+04 8.214493546431715209e-05
-4.993697320110673172e+04 3.446223550006931161e-05
-4.993672199713658483e+04 4.951802223300073155e-06
-4.993631483111508715e+04 1.180277795917553242e-05
-4.993607132648539118e+04 2.249995938595706138e-02
-4.993599604264883237e+04 2.412890767159153044e-04
-4.993585505941835436e+04 5.105219075304760074e-04
-4.993529185248054273e+04 4.278842009100759683e-04
-4.993507920643551915e+04 9.438354385224840236e-04
-4.993489164026673097e+04 7.416347714820011039e-02
-4.993462448627772392e+04 7.234017552350989954e-06
-4.993434709318610112e+04 6.357985128611444491e-06
-4.993377829304781335e+04 1.043147933293398476e-04
-4.993353414970826270e+04 6.435973743095283438e-03
-4.993351127861317946e+04 4.911029006076718904e-03
-4.993306546137460100e+04 4.299732887587466210e-05
-4.993282344423186441e+04 3.676065360562690118e-04
-4.993262623268069729e+04 1.057728528981328054e-04
-4.993249194744497800e+04 2.198879736310854944e-04
-4.993219667573460174e+04 2.608604785311346985e-02
-4.993192028769494209e+04 2.696114339865313543e-06
-4.993143827424919436e+04 1.206188708382807119e-06
-4.993097599066302064e+04 4.325386645166088596e-03
-4.993086259376403905e+04 8.130929367467236608e-05
-4.993045862908002164e+04 3.243364291737031876e-04
-4.993002172038221033e+04 8.962537589811162835e-06
-4.992990819743778411e+04 1.081750201113797113e-04
-4.992958746200289897e+04 3.366164395852708164e-05
-4.992948527641361579e+04 7.409606074344560027e-03
-4.992914902195014292e+04 1.531356181090781049e-05
-4.992884559490778338e+04 1.267327165325761813e-05
-4.992846647026617575e+04 6.985897862040539022e-04
-4.992828814589475951e+04 7.876445969441207579e-04
-4.992786050952335790e+04 7.813714830299355046e-06
-4.992756211390667886e+04 6.522112164088912482e-05
-4.992728918561809405e+04 5.103075343567691355e-07
-4.992688157440358918e+04 7.528934324184980928e-05
-4.992675655079498392e+04 1.653196053910488709e-03
-4.992608822293771664e+04 4.928058734800175322e-05
-4.992586359539561818e+04 1.755504237194301326e-04
-4.992564754942643049e+04 1.727812146349442016e-04
-4.992539140596584184e+04 4.297926393543268606e-06
-4.992525981739302370e+04 2.214426741449630504e-05
-4.992475166822476604e+04 2.246116658283883567e-06
-4.992454840406119911e+04 3.900547307286458015e-06
-4.992402740258807171e+04 3.125164584327575087e-04
-4.992382240762422589e+04 1.628916094239589327e-06
-4.992336580871544720e+04 2.656718317307660556e-08
-4.992322999227840774e+04 7.236141045833502546e-05
-4.992307961421915388e+04 4.956517478114880517e-06
-4.992272153462227288e+04 1.396414029963133222e-05
-4.992206925699891872e+04 2.644137835651337995e-07
-4.992178060014290531e+04 4.401783375133210814e-08
-4.992151354078545410e+04 2.009940644710925411e-06
-4.992127250576212100e+04 4.218529413501100842e-05
-4.992092698832620954e+04 5.921163383235861750e-08
-4.992051215793311712e+04 1.226736522803511304e-05
-4.992043521804730699e+04 1.051770010412452831e-07
-4.991992156180310849e+04 7.482131234792532009e-07
-4.991938073551436537e+04 3.149489232387053132e-09
-4.991906722198171337e+04 1.784359251992802946e-10
-4.991872762133093056e+04 5.927865445893930133e-07
-4.991850636755226878e+04 3.533917867012580419e-06
-4.991809312662163575e+04 2.778553791868792849e-07
-4.991795689939111617e+04 1.107976502526511990e-07
-4.991781848028888635e+04 4.326439346576061699e-07
-4.991752776412111416e+04 1.606293877105133677e-07
-4.991739427361722483e+04 1.026827739234389793e-08
-4.991686671679231949e+04 2.711494740633734947e-10
-4.991678179663896299e+04 1.815412119622550263e-08
-4.991618919546650432e+04 1.499744797159006076e-08
-4.991588489299455250e+04 1.198515923207613806e-07
-4.991562987402221188e+04 6.075174150493879994e-08
-4.991519286205725803e+04 5.755618934721045472e-10
-4.991489162511908944e+04 4.384562241143116101e-09
-4.991425601918404573e+04 3.086917328454025970e-08
-4.991368925129719719e+04 1.316377810207595577e-09
-4.991361779797365307e+04 1.676635990291683102e-10
-4.991323951487986051e+04 8.937936125379335058e-11
-4.991299441675528215e+04 7.432011431234565744e-11
-4.991287755766683404e+04 5.069225894475370512e-09
-4.991217351744085317e+04 4.887292532213603608e-08
-4.991184253187313880e+04 1.903347421825010046e-08
-4.991151805998590135e+04 1.381623211024808762e-11
-4.991133335933017224e+04 2.291362521043197064e-09
-4.991118784168426646e+04 2.359441916566547961e-09
-4.991066691907391214e+04 1.702369929239449907e-09
-4.991040403776658059e+04 1.255995433214830333e-10
-4.990985966250508500e+04 1.461426912450850868e-08
-4.990973570698377443e+04 7.030497390597383867e-09
-4.990922411955728603e+04 2.551764461593940294e-08
-4.990888574327036622e+04 2.387698822261354270e-09
-4.990818184457263851e+04 7.451473909164672496e-11
-4.990786874622182950e+04 1.787662452964386562e-09
-4.990739186225318554e+04 1.220479081277787194e-09
-4.990674923611410486e+04 6.715545396120398249e-09
-4.990663109747613635e+04 4.208599900574784330e-09
-4.990621478799777833e+04 2.362489040799182245e-09
-4.990567449263142771e+04 2.974117771739531383e-13
-4.990541037064384000e+04 1.021523760509449738e-10
-4.990497355745844834e+04 4.050373588001736999e-10
-4.990467852387016319e+04 6.961189095390575070e-10
-4.990417889413416560e+04 4.429264165747953787e-12
-4.990378199504571239e+04 1.599098840312849625e-09
-4.990344761895629927e+04 2.283796135481267030e-10
-4.990318058749700140e+04 1.502511238382720514e-11
-4.990292354066767439e+04 7.638706941296937253e-13
-4.990261649295986717e+04 3.985348208375379829e-11
-4.990211468935039011e+04 5.651869023203756394e-14
-4.990200377798769478e+04 9.726720515005066595e-11
-4.990145614320754976e+04 1.684247681627650379e-10
-4.990123457317578141e+04 5.864764954348333962e-12
-4.990073471657814662e+04 4.374265780627825407e-11
-4.990042674400898250e+04 6.264099311031741430e-13
-4.989986010306813841e+04 5.523131224913739374e-12
-4.989940101747192966e+04 1.748613094139483956e-13
-4.989905593630143994e+04 1.447507696893321225e-11
-4.989853063889881741e+04 4.151440547873654933e-12
-4.989790413842556882e+04 2.288677449123632878e-12
-4.989736584348494216e+04 3.131076221263425108e-12
-4.989728674187294382e+04 1.196165467060703471e-13
-4.989675422433819767e+04 1.477388684120407362e-14
-4.989608145681431779e+04 1.556213849195038005e-14
-4.989579134979937953e+04 8.641672631243331741e-14
-4.989527628872114292e+04 1.465266674835052769e-13
-4.989499698954611085e+04 8.607437819348050854e-12
-4.989458690936958737e+04 1.947136824010900960e-13
-4.989430423520129989e+04 7.087100523818721254e-15
-4.989373154358693137e+04 2.848183517107765673e-13
-4.989293121045282169e+04 7.248076979897402657e-17
-4.989280972982882668e+04 8.726447274430090564e-14
-4.989235666091475287e+04 1.208599278752133572e-12
-4.989208249970971519e+04 2.868602342109358396e-12
-4.989134353829298198e+04 2.206513263245420969e-13
-4.989084134599944082e+04 5.814573594695297386e-14
-4.989050045691758714e+04 3.386247994328699160e-13
-4.988986842673800857e+04 5.681458236955672318e-14
-4.988928392224388517e+04 4.853460085955623757e-13
-4.988918017975693510e+04 1.985651312315519110e-13
-4.988875457047540840e+04 4.909832129542986807e-15
-4.988793424441426760e+04 1.375151271351529395e-14
-4.988726785391941667e+04 8.270107248632657589e-14
-4.988694596290234767e+04 1.087656668423090061e-13
-4.988691593290533638e+04 5.189363611282241060e-15
-4.988627909791172715e+04 2.129100853115050304e-14
-4.988614650984098262e+04 4.845316948789432761e-16
-4.988547960663843696e+04 8.131066298739112619e-16
-4.988480123373179958e+04 9.234436547687432620e-16
-4.988420120229422901e+04 9.569182607715604900e-15
-4.988344883742849197e+04 1.490920716567692673e-16
-4.988322904578402813e+04 1.161810623896750143e-15
-4.988280183352741733e+04 3.903250014438999761e-16
-4.988215911915986362e+04 2.047080415151632526e-16
-4.988164863456920284e+04 1.599294379512873264e-16
-4.988111081617923628e+04 7.228368758212714160e-20
-4.988065067636141612e+04 1.731009735905010169e-15
-4.988025072245211777e+04 8.681397515756032136e-16
-4.987958952581319318e+04 8.913909616208353020e-17
-4.987899536518627428e+04 3.896915991936295731e-18
-4.987840912300811760e+04 3.613121515156559407e-17
-4.987788657609778602e+04 2.319832808556854859e-16
-4.987782549832356017e+04 5.405958621874966019e-16
-4.987696550615594606e+04 6.527007076791275397e-16
-4.987659287062846852e+04 1.079331865580669752e-16
-4.987558361939566385e+04 3.029032427416869733e-16
-4.987500307621018146e+04 5.514187825645006371e-17
-4.987461944870446314e+04 9.187237333426859556e-17
-4.987360551875547389e+04 3.322494079135927550e-17
-4.987297753894219932e+04 4.181259855340625963e-18
-4.987237305028083210e+04 6.757564645569481599e-17
-4.987189858381483646e+04 1.356633316217425992e-17
-4.987150719457189552e+04 1.817356078599812168e-18
-4.987055553891822638e+04 1.252815257183426893e-17
-4.987021816773794126e+04 1.935859648789079073e-18
-4.986977658553760557e+04 2.088940001107790749e-19
-4.986886251802436163e+04 5.759007932324549681e-20
-4.986852051916609344e+04 1.417589107552135876e-19
-4.986797453599944856e+04 5.157744456467335860e-19
-4.986741849154904048e+04 3.303090676750672632e-21
-4.986622067817501375e+04 4.896407605302653312e-19
-4.986595070098974975e+04 2.103799268587780654e-20
-4.986481784589806193e+04 8.459387345364234973e-21
-4.986429926853328652e+04 8.140489888095092636e-19
-4.986389068652918650e+04 1.198022497280853557e-19
-4.986345338699578133e+04 5.200229037309730063e-21
-4.986293737446313025e+04 9.251345868599056539e-20
-4.986223329083003773e+04 7.120790589693068298e-20
-4.986150589830119861e+04 8.667634866159674445e-20
-4.986018096524984867e+04 1.109386025853842176e-21
-4.986003459352421487e+04 2.413602469350094835e-19
-4.985899693258199841e+04 5.067316522298668430e-21
-4.985811349170144240e+04 6.425818538300242490e-21
-4.985719716881067143e+04 1.656140192606616350e-20
-4.985666280380398530e+04 3.616698153396867188e-21
-4.985558686752022186e+04 1.324756369908574411e-21
-4.985521053359790676e+04 2.125418796907657704e-21
-4.985247913063237502e+04 5.431963935441223186e-23
-4.985186799149616127e+04 2.636699685416991379e-22
-4.985140168472334335e+04 1.216534108877765788e-22
-4.985114758988750691e+04 1.240207257788927663e-23
-4.985044943844660884e+04 7.283021072402516927e-23
-4.985013080055074533e+04 2.381044771076205715e-22
-4.984916624729918840e+04 5.691893522346184625e-24
-4.984847194573844172e+04 1.633462890108282369e-24
-4.984702352124244499e+04 2.409025321986496595e-22
-4.984667931574460090e+04 9.283410965063313831e-23
-4.984607780842054490e+04 2.322817941257363052e-23
-4.984413522931157058e+04 2.273924104325665907e-23
-4.984365967527545581e+04 0.000000000000000000e+00
-4.984307425786160456e+04 1.170933643725292745e-24
-4.984169979716767557e+04 5.883972489602168854e-24
-4.984013171291755134e+04 0.000000000000000000e+00
-4.983904220716995769e+04 0.000000000000000000e+00
-4.983671284711905901e+04 0.000000000000000000e+00
-4.983618962227192969e+04 0.000000000000000000e+00
-4.983452543080827309e+04 0.000000000000000000e+00
-4.983312510902555368e+04 0.000000000000000000e+00
-4.983212433305097511e+04 0.000000000000000000e+00
-4.983053953003809147e+04 0.000000000000000000e+00
-4.982998123250815115e+04 0.000000000000000000e+00
-4.982915419102810120e+04 0.000000000000000000e+00
-4.982838941443499789e+04 0.000000000000000000e+00
-4.982748947581581888e+04 0.000000000000000000e+00
-4.982395168177824235e+04 0.000000000000000000e+00
-4.982319541919937910e+04 0.000000000000000000e+00
-4.982218412858638476e+04 0.000000000000000000e+00
-4.982041786970193061e+04 0.000000000000000000e+00
-4.981652661127719330e+04 0.000000000000000000e+00
-4.981583490681694821e+04 0.000000000000000000e+00
-4.981397167840409384e+04 0.000000000000000000e+00
-4.981297676460592629e+04 0.000000000000000000e+00
-4.980951592314139998e+04 0.000000000000000000e+00
-4.980895395324815763e+04 0.000000000000000000e+00
-4.980373983626550034e+04 0.000000000000000000e+00
-4.980208899151379592e+04 0.000000000000000000e+00
-4.979854439882396400e+04 0.000000000000000000e+00
-4.979487106480910006e+04 0.000000000000000000e+00
-4.979205152972764336e+04 0.000000000000000000e+00
-4.979143274940276751e+04 0.000000000000000000e+00
-4.978652892602759675e+04 0.000000000000000000e+00
-4.977980601396300335e+04 0.000000000000000000e+00
-4.977714441153651569e+04 0.000000000000000000e+00
-4.976882280983809324e+04 0.000000000000000000e+00
-4.976794924494761653e+04 0.000000000000000000e+00
4.992662537509440153e+04 0.000000000000000000e+00
4.992667585943279119e+04 0.000000000000000000e+00
4.993555462965711195e+04 0.000000000000000000e+00
4.993560888913217786e+04 0.000000000000000000e+00
4.994209000072180788e+04 0.000000000000000000e+00
4.994214586820527620e+04 0.000000000000000000e+00
4.994714490273339470e+04 0.000000000000000000e+00
4.994719907892354240e+04 8.053403688457761521e-23
4.995093232369650650e+04 1.832028484394027819e-22
4.995098425037105335e+04 1.143185987010440728e-21
4.995287398228581151e+04 8.414958641310572640e-22
4.995345711719436804e+04 2.977394208709597935e-22
4.995456147856921598e+04 6.683505782051822852e-22
4.995591130339834490e+04 3.143840549174496204e-23
4.995742959762857208e+04 1.821442055780142401e-22
4.995921416750643402e+04 1.066842157814107424e-22
4.996112853793214890e+04 3.806558862394665524e-22
4.996282858887025941e+04 0.000000000000000000e+00
4.996283878164242924e+04 0.000000000000000000e+00
4.996315590933396743e+04 5.691346196174918388e-24
4.996386267784048687e+04 8.766610888810567040e-22
4.996526291148606106e+04 1.303125955078746294e-21
4.996579518920760893e+04 3.577403655550934952e-20
4.996746072427812032e+04 4.471841540263879707e-20
4.996773973436762753e+04 3.483797133281567646e-20
4.996822920291088667e+04 3.156175821478708023e-21
4.996826631282478775e+04 1.210968389645140553e-21
4.996908967020689306e+04 4.109408712518319081e-20
4.997008637370714860e+04 2.227160710605446590e-20
4.997029993385826674e+04 5.151442108743929156e-20
4.997095067688765266e+04 2.433856110777731330e-20
4.997172840470954543e+04 5.847370837085857355e-20
4.997265499833277136e+04 2.157185971826798976e-21
4.997282667270828097e+04 3.010758301812655187e-21
4.997395364487447659e+04 8.852811817914877338e-21
4.997410073377232766e+04 3.954060978717619663e-19
4.997485769816439279e+04 2.647736349482290968e-20
4.997563511875395488e+04 4.511042235721280115e-20
4.997612440366414376e+04 6.255947774115194145e-19
4.997649034997764102e+04 1.148382967162678560e-19
4.997786092463421664e+04 6.963515363293951584e-20
4.997801923647410877e+04 2.922398435778718639e-19
4.997822863279470766e+04 5.535730257988629146e-20
4.997963353180127160e+04 9.437572654046000455e-20
4.998012509229365241e+04 2.945394257044089788e-18
4.998029715290424792e+04 1.244726060638588369e-19
4.998136306979323854e+04 2.642813491142107928e-19
4.998201189640873054e+04 3.057579556243450676e-20
4.998262750172145752e+04 6.213438132344212766e-20
4.998315925613558647e+04 7.216975728162465309e-20
4.998389143167559814e+04 3.729628830612893177e-18
4.998412747621574090e+04 2.586255465914577167e-18
4.998478839352805517e+04 9.211220416722740244e-20
4.998518550114712707e+04 9.058528306558255830e-20
4.998569688784112077e+04 2.153086813060858521e-20
4.998624521737683972e+04 1.464361894492303160e-17
4.998669844508718961e+04 1.266711182590671728e-19
4.998735004978642246e+04 2.323248183783002933e-18
4.998758686639935331e+04 9.956289570969947470e-20
4.998833686506241065e+04 4.929725302959676715e-17
4.998847374688136188e+04 1.496264488947694217e-18
4.998888899952181964e+04 2.496344257020076205e-19
4.998976779145260662e+04 4.604888678913666939e-22
4.999013340049856924e+04 1.301114864596778862e-19
4.999038524129137659e+04 9.543614672337783676e-20
4.999050826353270531e+04 2.065556860870483693e-19
4.999101945393111237e+04 7.979373450396645372e-19
4.999137499081487476e+04 3.161505782846864528e-20
4.999163015559437918e+04 1.000481706237905117e-18
4.999234431038488401e+04 1.953060904027749075e-17
4.999246200038187089e+04 4.687773398085152024e-17
4.999265061469379725e+04 1.666025170705319428e-18
4.999293250863694266e+04 2.006177451124189628e-19
4.999351575102626521e+04 3.569939922744501909e-19
4.999374081541170017e+04 7.871503281846083696e-20
4.999413738904948696e+04 2.889864526864797030e-16
4.999416467245567037e+04 5.414796681390793687e-18
4.999445270387471101e+04 1.986983182497386881e-18
4.999459041555236763e+04 1.441424609630224708e-18
4.999519453533544583e+04 1.434266781643395686e-18
4.999563448468303250e+04 9.325589285611813905e-20
4.999606002463372715e+04 1.363800493795947908e-18
4.999625054264280334e+04 2.648954005015111602e-18
4.999628074837534950e+04 5.049341069076767415e-16
4.999647603156483819e+04 4.221514517289255306e-17
4.999702041550620197e+04 2.792389870966949006e-18
4.999783490873620758e+04 1.319761473266216960e-20
4.999821430397313088e+04 3.240900203297493074e-19
4.999840302368879929e+04 1.322900607257024233e-16
4.999844219928600069e+04 3.575824804853602864e-17
4.999878009117897454e+04 2.781371606123757884e-18
4.999922129700643563e+04 2.672010242993374051e-19
4.999984696387443546e+04 2.507014947733762864e-17
5.000021711964035057e+04 8.215411708297067255e-18
5.000053049293426739e+04 1.132944074390543697e-15
5.000056166640560696e+04 6.921910581562521243e-17
5.000149021884295507e+04 7.041473636022072248e-18
5.000160397400020884e+04 7.402560955789802009e-18
5.000235594582309568e+04 1.073064508042181061e-18
5.000260113770634780e+04 9.274763141894750353e-19
5.000265270666154538e+04 1.112827334690858075e-22
5.000334785363338597e+04 7.698642978346506750e-18
5.000384198847166408e+04 7.123200761667337902e-19
5.000414038834339590e+04 3.827549183686294741e-15
5.000418863936445268e+04 1.294644917570305555e-17
5.000440803434512782e+04 3.688145880543827274e-18
5.000471658120391658e+04 9.265820607396785682e-16
5.000579260987863381e+04 3.572190092581810939e-18
5.000599389379125205e+04 2.324869129951971432e-17
5.000628980240428791e+04 9.020492816476108104e-15
5.000631763594543008e+04 1.037271939922620917e-16
5.000648475507603143e+04 2.848003074805430216e-19
5.000678938127687434e+04 1.156141522975523903e-18
5.000767430234224594e+04 2.817762895888559296e-19
5.000789618166687433e+04 8.395255694357817726e-18
5.000843387469371373e+04 1.472767464123599329e-14
5.000847863501170650e+04 1.274991404096286449e-15
5.000883117520310770e+04 7.229850196622433356e-16
5.000925160621380201e+04 1.308701056204390947e-19
5.000979868831647764e+04 3.971918697869829719e-18
5.001013183009094791e+04 8.842167889388523925e-18
5.001057490223813511e+04 2.859781336394526471e-15
5.001069666791526834e+04 6.528903734528891741e-17
5.001085871229080658e+04 1.436172296277538178e-17
5.001125814472717320e+04 1.936233340129938486e-18
5.001224891940714588e+04 1.638377897202519018e-19
5.001241963262385252e+04 5.104198989529454011e-17
5.001270990707449528e+04 1.355867165653131745e-14
5.001281501387372555e+04 3.854233453407921990e-16
5.001290417270956823e+04 3.407675424164019567e-16
5.001386459816643764e+04 5.929530654905417810e-19
5.001405185672763764e+04 5.995499061408701578e-17
5.001414108664991363e+04 1.891426158468872969e-13
5.001430657880364015e+04 3.206251464258808396e-18
5.001483356994322094e+04 1.739914011995791637e-15
5.001493138477743196e+04 9.802082569595832193e-17
5.001517015266604722e+04 2.056895793620207009e-18
5.001601128745112510e+04 5.174574657396261396e-18
5.001629306248094508e+04 1.676691533247120125e-13
5.001629962366351538e+04 6.008935490971531311e-15
5.001688563610972778e+04 1.441953775537819138e-15
5.001697645622528216e+04 8.329081731367808023e-15
5.001728053427253326e+04 2.201836729015976937e-17
5.001761910618967522e+04 2.351390729855741710e-17
5.001841335235806037e+04 4.745660985860186461e-16
5.001844688997561025e+04 1.583223214389393539e-13
5.001865083912637056e+04 6.189400374027231445e-16
5.001879499352732819e+04 4.757675068367316976e-17
5.001906645576801384e+04 1.381849649771717484e-15
5.001912885733138683e+04 3.324607850132338312e-15
5.001999211431000003e+04 7.701594239841069776e-17
5.002060401590618858e+04 1.581895775587499011e-13
5.002064683869924193e+04 5.324115353076803332e-16
5.002083502764876175e+04 1.265149229427670171e-15
5.002113458024995634e+04 9.439962066004479553e-16
5.002126496336035780e+04 8.390609180447091916e-18
5.002154894542742841e+04 2.776899986213307291e-17
5.002242895288876753e+04 2.487483662144155667e-16
5.002276882384643250e+04 1.373642366890103018e-13
5.002280144370152266e+04 3.707169261265765625e-19
5.002288488321206387e+04 2.785644565082452143e-15
5.002322579030127963e+04 7.567586057056481584e-16
5.002349249137665174e+04 7.625046143173854921e-17
5.002369629187167448e+04 2.882875303612140814e-16
5.002414403103823133e+04 3.775097406370715718e-12
5.002435168885241001e+04 9.807040548757170109e-17
5.002494339411838155e+04 4.173751846229743680e-14
5.002500363060309610e+04 3.025870829086735976e-15
5.002531483387023763e+04 1.961784953471082642e-15
5.002560360953809140e+04 2.683621585536887808e-15
5.002591796606670687e+04 1.254507035743074815e-16
5.002609861791071307e+04 4.447231221076415757e-16
5.002630757815710240e+04 5.498525140501410330e-12
5.002637793645131023e+04 1.428854677317917573e-16
5.002712871885098139e+04 1.093539094244101006e-13
5.002725683059373114e+04 1.283904516408077019e-16
5.002756648747876170e+04 9.652411472204050869e-16
5.002774698881649238e+04 4.712662072536242996e-15
5.002815818781343842e+04 1.129542222259560031e-17
5.002848360692773713e+04 1.123242072749873807e-12
5.002865387287023623e+04 6.884348278017065044e-16
5.002882998632120871e+04 9.321823643595298081e-16
5.002931580534073146e+04 8.391376230982087040e-16
5.002939178464925499e+04 7.064047419957321588e-15
5.002954285765537497e+04 9.516935736819388917e-16
5.002985136900110956e+04 5.038778842198369780e-16
5.003067617389315274e+04 3.722710024038167482e-12
5.003074965723118657e+04 5.716422953845871418e-15
5.003090167718033626e+04 1.876794237443084376e-15
5.003101351013701060e+04 4.847172944383427792e-16
5.003155754971614078e+04 7.207331910438984174e-14
5.003176265178890753e+04 8.947669033866318410e-16
5.003206236193498626e+04 2.997688612513873556e-14
5.003210699251761253e+04 1.559721279555219313e-15
5.003280970807775157e+04 2.743756596588776004e-17
5.003288957647862117e+04 1.090003124705751447e-16
5.003313873373351089e+04 4.933393566323579651e-15
5.003367543773997022e+04 4.293747594202319280e-15
5.003380763679896336e+04 1.099279583811229907e-14
5.003415013040170015e+04 6.909309624581358031e-11
5.003418393080644455e+04 9.477811390431214389e-14
5.003461727660232282e+04 3.133658174083700880e-14
5.003498313868593686e+04 8.185514123622008313e-15
5.003512660781337763e+04 1.679148829582108940e-12
5.003529940514940245e+04 1.301935403987584936e-16
5.003584304357361543e+04 1.042643181739289731e-15
5.003606133095907717e+04 3.734726943789843341e-13
5.003630936801069038e+04 4.719965643943064016e-14
5.003633795763304079e+04 1.593872888603965508e-11
5.003666707058956672e+04 1.257950592410763888e-13
5.003705261467302626e+04 2.285551859723429048e-14
5.003738744915359712e+04 1.957846004502079215e-13
5.003775014898841619e+04 3.032972455267337476e-15
5.003810352283161774e+04 8.577951982109361644e-14
5.003836596986019140e+04 5.742118531807494371e-14
5.003839893881818716e+04 4.595737957456745034e-13
5.003857622212747083e+04 7.674936066340518319e-11
5.003890728980272979e+04 6.677796601668869386e-14
5.003912029997924401e+04 7.818727322534971500e-14
5.003967233298081555e+04 3.077706334553059335e-12
5.003996901304656785e+04 1.993901937848657157e-15
5.004028645682928618e+04 1.744228106061427860e-13
5.004052594608692743e+04 4.752945315823931717e-14
5.004073601311788661e+04 5.592780218663714369e-13
5.004086616126043373e+04 3.421315207582479385e-12
5.004141117149057391e+04 6.758949835984724063e-17
5.004161830891025602e+04 4.722515601540534190e-14
5.004183024431980448e+04 8.196063775838702297e-14
5.004198180175114976e+04 1.038145493727790602e-11
5.004258699602524575e+04 1.779380244007636420e-14
5.004282567453970842e+04 5.945791853634610518e-13
5.004312087494064326e+04 1.882435392232198469e-12
5.004320102062026126e+04 4.789348428565238473e-11
5.004372907055215910e+04 1.118699969112171899e-14
5.004398614548437763e+04 5.509851595286655580e-16
5.004430057691275579e+04 9.958876902499151634e-12
5.004434637069700693e+04 2.901297026123836307e-09
5.004454235321761371e+04 1.854096868057075997e-13
5.004518049793809769e+04 1.810408903908851555e-13
5.004535629171832989e+04 2.638066392773499075e-13
5.004547184016961546e+04 3.881711059009949436e-14
5.004556956011438888e+04 7.559703076371267977e-11
5.004594139373400685e+04 6.601611353698931071e-14
5.004642522031364206e+04 1.040565030807156850e-14
5.004663365700537543e+04 8.411523298029842507e-14
5.004672506919429725e+04 3.103857810072423009e-09
5.004682543072703265e+04 2.108608153517294326e-13
5.004721460670150555e+04 8.240760039054077731e-14
5.004768273256163957e+04 5.019201929254375037e-13
5.004796710729356710e+04 2.201703779278098517e-12
5.004814493255893467e+04 2.627177799135287778e-16
5.004846680272438243e+04 4.151579451135226179e-13
5.004886114830738370e+04 3.824491165328005264e-13
5.004901704530848656e+04 1.451213084229250631e-11
5.004914393414353981e+04 5.921176914301979326e-10
5.004924430099930032e+04 1.573049790343453273e-13
5.004982664579968696e+04 4.311891584406916654e-12
5.005017240126503748e+04 1.760132648636946713e-12
5.005024299831117969e+04 1.285438721924233193e-12
5.005038581758023065e+04 1.028532474368355994e-10
5.005106262934619735e+04 2.983149759039114819e-12
5.005137626955373707e+04 5.121855427451753897e-11
5.005159695082101098e+04 3.686321428707184434e-10
5.005175701296685293e+04 4.380473022328058334e-12
5.005193359425402741e+04 3.252513947429423660e-12
5.005215468650180264e+04 5.508463140906725511e-12
5.005243758574569802e+04 5.080408919348613545e-12
5.005281920031166374e+04 3.331374531033775652e-10
5.005282849474561954e+04 7.030127959357670433e-11
5.005363227976173221e+04 1.186584208248102453e-11
5.005371888532071171e+04 4.928317366289798011e-11
5.005390995286288671e+04 2.327819096624712650e-11
5.005406608290057193e+04 3.334016720672306242e-09
5.005408104463320342e+04 1.593465714140062576e-11
5.005443936241146730e+04 1.147133231034184488e-09
5.005459305379253055e+04 1.832953381805480532e-11
5.005526867501895322e+04 5.669538326149555159e-10
5.005532650112950068e+04 1.566182080321918182e-11
5.005567286369386420e+04 5.443813287071378154e-12
5.005609734319699783e+04 6.076364901783454242e-11
5.005633243682458851e+04 1.149189620599116231e-11
5.005645775575798325e+04 6.991831978214251028e-12
5.005655782147933496e+04 5.764788127841690203e-09
5.005679981416394730e+04 1.619812590152578333e-11
5.005716400864601746e+04 4.987486397213906598e-09
5.005716892529589677e+04 3.915115576031971643e-11
5.005772115265708271e+04 4.959584086993048724e-10
5.005782678092967399e+04 7.972430426520275804e-13
5.005808808548979141e+04 2.458250647012723493e-11
5.005855821597906470e+04 3.665303136483794417e-11
5.005864326106781664e+04 1.648252381670565292e-11
5.005906458026713517e+04 5.065116696168397827e-09
5.005917085116700764e+04 8.876247668100130010e-11
5.005948102737993031e+04 1.553781872786212994e-13
5.005985429753281642e+04 5.687459014326868934e-09
5.006013416758522362e+04 5.130883478862513035e-11
5.006019506175754941e+04 2.664715127383441085e-10
5.006040556517316872e+04 2.256121764631660333e-13
5.006081586944664741e+04 3.682022132478343332e-11
5.006115148394694552e+04 8.194037642765288477e-12
5.006144435897065705e+04 3.256153707507391381e-14
5.006158780079811550e+04 2.919500268044511803e-09
5.006187274317246920e+04 6.860104297395006181e-12
5.006232563413462776e+04 4.022719048276653513e-12
5.006253896660833561e+04 2.874254927952397852e-09
5.006262743769236113e+04 1.066487448492191469e-10
5.006289342842987389e+04 3.190680214213845622e-11
5.006333995245633560e+04 1.449808053016032370e-11
5.006361502480847412e+04 5.820283893546758271e-12
5.006404803961235302e+04 2.180692651416860208e-12
5.006412567766120628e+04 1.225765004735296183e-09
5.006437491127887915e+04 1.212098294070785256e-13
5.006445269855951483e+04 1.668404907894365753e-11
5.006501024276881799e+04 2.781735176936623221e-11
5.006522692185030610e+04 5.182349372276327926e-10
5.006523678936236684e+04 4.315119798620213338e-10
5.006571287749015028e+04 2.297833380595098175e-12
5.006598754254726373e+04 7.593551648647501370e-12
5.006652605043494987e+04 6.362640148390572417e-12
5.006668758236429130e+04 4.490995355259755898e-10
5.006682453710021218e+04 2.896800525992310012e-12
5.006727776379301213e+04 1.927602633958695903e-12
5.006745609783891268e+04 1.596551793307054358e-11
5.006771380869986024e+04 8.988584955724973651e-12
5.006781228023203585e+04 2.422518838596113061e-11
5.006794534126763756e+04 2.522723717031164489e-10
5.006844778533370118e+04 2.829845863656800513e-12
5.006888817412802746e+04 1.159573129982376878e-13
5.006925678211609193e+04 1.625253721669308352e-10
5.006950381043321977e+04 2.475309321746890396e-12
5.006990112259968009e+04 1.255157945696212416e-11
5.007028990460719069e+04 3.012751296021662227e-13
5.007042742910880042e+04 1.033674714214904900e-11
5.007067347185921244e+04 8.885816664555602759e-11
5.007071763191003993e+04 1.684796503257043780e-14
5.007118517332577176e+04 2.355062277670079205e-13
5.007147347068845556e+04 4.195098415092354312e-13
5.007183475386640202e+04 5.145614376185881774e-11
5.007205541084492870e+04 1.394067387079941814e-11
5.007251013612835959e+04 4.418250817794121866e-13
5.007278632984513388e+04 5.595385972212714911e-12
5.007303276910355635e+04 3.618517161057480661e-14
5.007340775252574531e+04 3.508841043732562542e-11
5.007348225393735629e+04 1.477331933553624932e-12
5.007428621686455881e+04 4.404656218025858680e-12
5.007444963123543857e+04 1.112801107835745923e-11
5.007463178607068403e+04 1.095412379425742537e-11
5.007493726494010480e+04 1.503024005803786478e-13
5.007510523458897660e+04 1.815153920505946755e-12
5.007559739582787006e+04 6.061062946182617727e-13
5.007584722670825431e+04 1.313976484997250565e-12
5.007617492680707073e+04 1.380630294343475667e-11
5.007651223901900084e+04 7.362752338541103866e-16
5.007702103450735740e+04 3.610460688895108603e-13
5.007707799957342650e+04 8.925900963468867921e-12
5.007725252062454820e+04 1.360178151125445824e-13
5.007760063771911518e+04 2.504637379329407404e-12
5.007829083588831418e+04 2.218677779022725803e-13
5.007857384862873005e+04 2.111666184340296932e-13
5.007880195629371156e+04 7.588728000613414982e-13
5.007896098625269951e+04 4.644519390684982748e-12
5.007943643698631786e+04 6.092725456209036901e-17
5.007979368566261837e+04 4.004693022115441574e-12
5.007990766221254307e+04 2.073935910374575000e-16
5.008043461886531441e+04 6.333183582041947412e-13
5.008100009031709487e+04 1.483420313986567598e-16
5.008130152547786565e+04 9.549459182528389326e-14
5.008164875652679621e+04 9.140084776788312680e-13
5.008181536983171100e+04 8.165082830355064489e-13
5.008229199802145013e+04 2.878028462717155032e-13
5.008244698988871824e+04 1.578605836295166046e-13
5.008255440949818876e+04 6.939160735712555099e-13
5.008280951380048646e+04 3.593877747308039796e-13
5.008300743429645081e+04 3.590463860897101600e-14
5.008354578022522765e+04 2.223955784560257142e-14
5.008359114997744473e+04 1.696483377699764757e-14
5.008412521474470122e+04 4.562279245398224304e-18
5.008443967869014887e+04 3.558579989587048844e-13
5.008471944508013257e+04 1.426180783320907838e-13
5.008514617703740805e+04 1.341565135381936972e-13
5.008541706980639719e+04 2.631745310906401198e-13
5.008612673984145658e+04 8.610025520391228489e-15
5.008664941026442830e+04 1.502958273675551436e-15
5.008676838404242153e+04 8.013761897346778299e-15
5.008712648460781929e+04 1.593033909287613511e-17
5.008733833355391107e+04 8.143218773776839496e-14
5.008748307892047160e+04 2.906742563036872688e-14
5.008815013358956639e+04 7.061901108234655304e-14
5.008864397773982637e+04 1.599946696497001518e-15
5.008885944858125004e+04 2.430238895447945495e-17
5.008915237590428296e+04 1.103436252702955569e-16
5.008928054070908547e+04 1.387667221807571949e-16
5.008969081210772856e+04 5.049118341830485264e-15
5.008997958188629855e+04 3.432633934051733192e-15
5.009048471666139085e+04 1.597755119890260065e-14
5.009070162450063799e+04 5.123450945567600889e-16
5.009110524950638501e+04 3.839684618599185831e-15
5.009157748263722169e+04 2.840563376731476593e-18
5.009219111974222324e+04 1.701115371188155933e-16
5.009247958814853337e+04 1.108947840567473796e-15
5.009294855420456588e+04 6.532265009867062396e-16
5.009361415419584955e+04 8.003616786133546445e-16
5.009376534760700451e+04 1.356273294600172718e-17
5.009413765233637969e+04 5.368993497648176637e-17
5.009476921679096267e+04 2.293612939022715721e-17
5.009497137633312377e+04 6.140363538183637021e-17
5.009537974293039588e+04 3.225223511668583830e-17
5.009568771977051074e+04 7.579072897636788859e-17
5.009623441877680307e+04 5.844747001393085184e-19
5.009657094334001158e+04 4.654839323913007156e-17
5.009696078306311392e+04 1.066552689505490072e-16
5.009724136057753640e+04 2.471754615464919521e-19
5.009752894468608429e+04 7.780950821443466190e-18
5.009776828137841221e+04 1.667329378088507432e-18
5.009828599015624786e+04 1.689443441351870404e-18
5.009840814914756629e+04 7.155003375902317104e-20
5.009890531569640007e+04 1.038288856894491381e-17
5.009917776797740953e+04 4.943020389674310900e-18
5.009960865447636752e+04 1.625583682222204957e-16
5.009997867030306952e+04 3.265164057815480944e-18
5.010055283176414378e+04 1.755757945471057371e-20
5.010103287326080317e+04 2.648231405648163477e-18
5.010141174647184380e+04 9.063219666153871459e-18
5.010188732555103343e+04 8.511579735059967173e-18
5.010245478193660529e+04 6.810031207834627078e-17
5.010304070317325386e+04 1.383665409269445320e-19
5.010313076899079897e+04 8.185101204935352857e-19
5.010365544655610574e+04 7.123851421679386419e-20
5.010430962961784826e+04 4.371017082006266195e-19
5.010462848552391370e+04 9.806328873442719554e-18
5.010515267925698572e+04 7.081753716104958006e-19
5.010537952712598781e+04 1.255191772825695853e-17
5.010586106714830385e+04 3.196715041957788034e-19
5.010608720075153542e+04 4.388791049771347317e-19
5.010670050931525475e+04 1.205231432305077949e-18
5.010752237002748734e+04 3.601080388263271602e-20
5.010778604728600476e+04 1.645182668890763536e-19
5.010804091981329111e+04 1.514924145554583526e-18
5.010829692041514500e+04 7.192039529546743330e-19
5.010908313370182441e+04 3.486651609134818537e-19
5.010969242997561378e+04 7.618089643985793210e-20
5.010993689651718159e+04 2.762191939184125792e-19
5.011057523268668592e+04 1.636264500564017403e-20
5.011114543629676336e+04 1.693794540623161175e-20
5.011122643921053532e+04 2.294761854150559021e-21
5.011171210402026190e+04 5.402627439851358583e-22
5.011248529652627622e+04 1.145370823313730659e-20
5.011310554681673239e+04 1.289129367181000952e-20
5.011343668082348449e+04 2.226031572087779031e-21
5.011357484589723026e+04 7.542255409483346581e-22
5.011411518733108824e+04 3.583015599094720980e-20
5.011431805933066062e+04 4.156668279664306264e-22
5.011499747267458588e+04 9.589131841439008144e-22
5.011571870141758700e+04 2.771536655715426673e-22
5.011629124896389112e+04 7.725253751247480842e-21
5.011698250792242470e+04 2.310920342211804787e-20
5.011726264428292052e+04 3.074010785818291948e-23
5.011763720127232227e+04 5.106098491754900366e-21
5.011833454571012408e+04 2.094338357167245897e-22
5.011893996018078906e+04 1.266983539038877749e-22
5.011930539665912511e+04 1.944078090585377152e-21
5.011976858447191626e+04 3.778605411532608170e-21
5.012015424309129594e+04 6.988799409453808871e-21
5.012091037688678625e+04 3.624809655385668988e-22
5.012148973131218372e+04 1.198476853557305076e-22
5.012214297104512661e+04 4.758914168371676886e-22
5.012262389229379914e+04 1.226702946201630659e-22
5.012266553968459630e+04 6.541252624880418454e-22
5.012353769401141471e+04 9.058529034528250194e-22
5.012392507508177368e+04 2.716223725735012950e-23
5.012489107878309733e+04 3.156646427831783470e-22
5.012548754722157901e+04 2.845245828052666940e-24
5.012591558917444490e+04 1.077404422864686959e-23
5.012703813133770018e+04 2.267750696790561747e-23
5.012759643814724404e+04 0.000000000000000000e+00
5.012808859650272643e+04 1.632990564010235632e-24
5.012851221664492914e+04 6.127028929284866740e-24
5.012917129228758131e+04 1.099532640484991109e-24
5.012987672419686714e+04 0.000000000000000000e+00
5.013020596600321005e+04 2.174462143980118997e-24
5.013061593852831720e+04 0.000000000000000000e+00
5.013159655106067657e+04 1.292977780644437741e-23
5.013209364157712844e+04 0.000000000000000000e+00
5.013252692955212115e+04 0.000000000000000000e+00
5.013313783406536822e+04 6.202700248948798050e-24
5.013421071401319932e+04 0.000000000000000000e+00
5.013460775709297741e+04 0.000000000000000000e+00
5.013569387580925104e+04 0.000000000000000000e+00
5.013610708972646535e+04 3.729984412458891968e-24
5.013669425560462696e+04 0.000000000000000000e+00
5.013707209415706893e+04 0.000000000000000000e+00
5.013744909298451239e+04 0.000000000000000000e+00
5.013840057140202407e+04 0.000000000000000000e+00
5.013909226390482218e+04 0.000000000000000000e+00
5.014033631822917232e+04 0.000000000000000000e+00
5.014066268442376168e+04 0.000000000000000000e+00
5.014158707803416473e+04 0.000000000000000000e+00
5.014235905199239642e+04 0.000000000000000000e+00
5.014334903987510188e+04 0.000000000000000000e+00
5.014394294452299073e+04 0.000000000000000000e+00
5.014475649794514175e+04 0.000000000000000000e+00
5.014535054118989501e+04 0.000000000000000000e+00
5.014810603035800887e+04 0.000000000000000000e+00
5.014858705305078183e+04 0.000000000000000000e+00
5.014904731512629223e+04 0.000000000000000000e+00
5.014969359507779882e+04 0.000000000000000000e+00
5.014990226997578429e+04 0.000000000000000000e+00
5.015035503168511059e+04 0.000000000000000000e+00
5.015129706356953830e+04 0.000000000000000000e+00
5.015209162609399209e+04 0.000000000000000000e+00
5.015343093655787379e+04 0.000000000000000000e+00
5.015370989806048601e+04 0.000000000000000000e+00
5.015446352364189806e+04 0.000000000000000000e+00
5.015638521482448414e+04 0.000000000000000000e+00
5.015713797970286396e+04 0.000000000000000000e+00
5.015749171899748762e+04 0.000000000000000000e+00
5.015888714484970114e+04 0.000000000000000000e+00
5.016057342780017643e+04 0.000000000000000000e+00
5.016170042317343905e+04 0.000000000000000000e+00
5.016389571024062752e+04 0.000000000000000000e+00
5.016455408271039050e+04 0.000000000000000000e+00
5.016606967473104305e+04 0.000000000000000000e+00
5.016747869002631342e+04 0.000000000000000000e+00
5.016838176782833762e+04 0.000000000000000000e+00
5.016988375587960036e+04 0.000000000000000000e+00
5.017064966783988348e+04 0.000000000000000000e+00
5.017115143886642909e+04 0.000000000000000000e+00
5.017241303863238136e+04 0.000000000000000000e+00
5.017304164071457490e+04 0.000000000000000000e+00
5.017684826165567210e+04 0.000000000000000000e+00
5.017762528840769664e+04 0.000000000000000000e+00
5.017874547044584324e+04 0.000000000000000000e+00
5.018031051598263730e+04 0.000000000000000000e+00
5.018426538521195471e+04 0.000000000000000000e+00
5.018501840434366750e+04 0.000000000000000000e+00
5.018659669234121247e+04 0.000000000000000000e+00
5.018763240278870217e+04 0.000000000000000000e+00
5.019122053997897456e+04 0.000000000000000000e+00
5.019193103129261726e+04 0.000000000000000000e+00
5.019695929980983783e+04 0.000000000000000000e+00
5.019886032963946491e+04 0.000000000000000000e+00
5.020236036365424661e+04 0.000000000000000000e+00
5.020596280262668006e+04 0.000000000000000000e+00
5.020859309051051241e+04 0.000000000000000000e+00
5.020949532573456236e+04 0.000000000000000000e+00
5.021444142858781561e+04 0.000000000000000000e+00
5.022120963566393766e+04 0.000000000000000000e+00
5.022423013658563286e+04 0.000000000000000000e+00
5.023164970894828730e+04 0.000000000000000000e+00
5.023265200585804996e+04 0.000000000000000000e+00
