-5.008230902291578241e+04 0.000000000000000000e+00
-5.008223512027029938e+04 0.000000000000000000e+00
-5.007172279025118041e+04 3.165260329303140016e-22
-5.007163458410764724e+04 7.046782415648665584e-22
-5.006372425900126109e+04 7.576191946196998571e-20
-5.006362131567923643e+04 7.358898455659974476e-19
-5.005725228676056577e+04 4.021925718372702393e-20
-5.005713432637416554e+04 1.268547961693782968e-16
-5.005195342746967799e+04 5.580148625949596063e-16
-5.005182365158067842e+04 4.560491072873622157e-15
-5.004785936901004607e+04 1.753495717392384875e-14
-5.004760272751484445e+04 4.025986997909894254e-14
-5.004541145609030355e+04 2.015438620010776826e-14
-5.004428475092254666e+04 4.137735227237969035e-16
-5.004422356039095030e+04 1.594803494942833037e-16
-5.004397067238866293e+04 5.729310274976619382e-14
-5.004167786944372347e+04 8.672579296534203997e-14
-5.003906449925336346e+04 5.189208126863641397e-15
-5.003765495960597764e+04 4.084175618533695656e-16
-5.003761040902414970e+04 1.078801501378105315e-15
-5.003622849179905461e+04 6.319305851574074913e-14
-5.003487709170414746e+04 1.983921325563727373e-13
-5.003340380828545312e+04 6.487636213433631089e-13
-5.003322993801761186e+04 6.616701917428253244e-14
-5.003313370695323101e+04 2.874718928619806609e-14
-5.003267505343264202e+04 2.493915805271894208e-12
-5.003152545308795379e+04 1.811604713188789792e-12
-5.003062746853943827e+04 2.871106933781161609e-14
-5.002991980537031486e+04 6.684660354698412045e-13
-5.002940542646911490e+04 8.557186190827277703e-13
-5.002825478733261116e+04 4.814560195632269624e-12
-5.002707237045065995e+04 2.129661497101862554e-12
-5.002641280985060439e+04 3.426892734857827419e-13
-5.002490006128774257e+04 2.087998531680736178e-13
-5.002382208150017686e+04 1.095758332032696283e-11
-5.002379164705018775e+04 5.168221905603587487e-12
-5.002238277391678275e+04 6.795904505433639104e-12
-5.002202447716379538e+04 1.051732206559025735e-11
-5.002111707226561703e+04 1.208011675112215105e-11
-5.002021976043147151e+04 1.080812637681909529e-10
-5.001956675973422534e+04 5.145702209288391139e-12
-5.001854769876913633e+04 4.633515318822437186e-11
-5.001810747787687433e+04 1.407746329631406942e-11
-5.001698960878748767e+04 1.139867101132642349e-11
-5.001639763433888584e+04 1.006636910098975546e-11
-5.001539262967999821e+04 3.856004845670840344e-11
-5.001502941936463321e+04 6.209991238624264089e-11
-5.001393126334725093e+04 8.077192764461363470e-11
-5.001365775409928028e+04 4.447428445088063112e-10
-5.001356750485926750e+04 5.393464541659559915e-10
-5.001284849752998707e+04 6.925072998758952625e-11
-5.001216821156421793e+04 4.520457000192114425e-11
-5.001160246090538567e+04 1.610942193201079221e-09
-5.001152791428298224e+04 1.595138760568619157e-11
-5.001095174707408296e+04 3.489700492758822800e-11
-5.001071748734551511e+04 7.813003073627464953e-11
-5.000981393298582407e+04 3.102024581157710961e-11
-5.000963702097356872e+04 4.040656006956966453e-14
-5.000894002989540604e+04 1.435659971802732461e-10
-5.000820274697447894e+04 8.586230903780176274e-11
-5.000807378625429556e+04 8.802360787064253488e-11
-5.000764283295752830e+04 2.230371300840066869e-09
-5.000730778726362041e+04 9.136674688632132744e-12
-5.000620157080444915e+04 1.263669244861132699e-10
-5.000582624757095618e+04 1.532647173071343621e-09
-5.000527584591067716e+04 1.462935212793499077e-10
-5.000494400157579366e+04 2.582650481358921210e-11
-5.000429350148948288e+04 4.478132975382883129e-11
-5.000378626233460091e+04 6.767924586918215851e-11
-5.000353600003795873e+04 8.162609281419298725e-10
-5.000296326783947734e+04 1.185781644281340470e-10
-5.000214290477924078e+04 6.949601193346810185e-10
-5.000194338220446662e+04 5.039126595136071810e-10
-5.000161458671372384e+04 1.278645599611075773e-10
-5.000144106891065894e+04 2.991771947277868235e-08
-5.000049445962301979e+04 9.916295643395444311e-11
-5.000000163583712128e+04 4.748513184150376319e-10
-4.999937024360257055e+04 7.634112219795336100e-08
-4.999931288715274422e+04 1.354552467408057347e-09
-4.999893486624562502e+04 3.930100190331114736e-09
-4.999810333628647641e+04 9.101509455617289982e-11
-4.999768834845499077e+04 1.449455870523023286e-09
-4.999725959215359035e+04 1.841457746997166866e-08
-4.999672125418722862e+04 1.595658909239725222e-10
-4.999635262240498560e+04 6.795791803573433549e-11
-4.999577142157647904e+04 3.844241293717492373e-10
-4.999516552066468284e+04 8.294953432118798695e-09
-4.999505667900388653e+04 9.640900671904130436e-09
-4.999420951927862916e+04 6.802076868578920108e-10
-4.999391606520032656e+04 3.887042938938050632e-11
-4.999348377268425247e+04 6.447877666722672213e-07
-4.999308829418302776e+04 1.450013248898856840e-08
-4.999296145971152873e+04 3.459052977483565783e-08
-4.999264105372204358e+04 8.295146645409032217e-09
-4.999174440558054630e+04 4.294479905481101693e-11
-4.999134952211956988e+04 2.170179078198302111e-08
-4.999129225164397212e+04 8.126127474411995908e-07
-4.999077212059943849e+04 5.623720418711776525e-09
-4.999032394912446034e+04 3.317221810456661648e-10
-4.999021852263593610e+04 1.340403815306757996e-10
-4.998931759896777658e+04 4.967637834604941015e-10
-4.998908034007476817e+04 6.638489436053909538e-09
-4.998882505485002912e+04 2.309001217016280788e-09
-4.998851910192391369e+04 3.432225024289359450e-08
-4.998777749990898883e+04 1.284876359584253007e-10
-4.998753265206965443e+04 5.283448627504289683e-09
-4.998710894171991822e+04 2.602605306216482873e-09
-4.998683329291433620e+04 8.342866292459346288e-07
-4.998638307414280280e+04 1.048346481525829723e-07
-4.998602902022909984e+04 1.654875945158473420e-08
-4.998557557524785807e+04 2.384012364548230769e-09
-4.998498669963680004e+04 8.092172875208850564e-10
-4.998457328097681602e+04 9.919908838266773205e-07
-4.998442977883878484e+04 7.057742018541499483e-08
-4.998408773174028465e+04 4.533691869841325895e-08
-4.998386134992472216e+04 1.003958841123938189e-09
-4.998345451819082518e+04 9.067348492035042524e-07
-4.998333751934020984e+04 2.424672504612833105e-10
-4.998258039911695960e+04 7.848977951495203650e-12
-4.998226131210642779e+04 3.629006077403598421e-10
-4.998207243088783434e+04 2.914247815310361132e-08
-4.998153349571424769e+04 1.682153568500285079e-08
-4.998145874543362879e+04 3.143498220657984543e-08
-4.998126146185681864e+04 2.415752571019327358e-08
-4.998112391075150663e+04 1.927891075620397467e-05
-4.998060146070767951e+04 8.341826390074355861e-09
-4.997993916661217372e+04 1.754564515633834148e-06
-4.997979411809959856e+04 1.127158310284140352e-07
-4.997956741208585299e+04 5.651478935314407348e-07
-4.997889790565559088e+04 3.627322619853933727e-08
-4.997870657749574457e+04 5.074573001174710667e-05
-4.997857056240536622e+04 3.691620141873152532e-07
-4.997830679544302257e+04 2.162045125260412020e-08
-4.997769582489113236e+04 6.667844576526784718e-08
-4.997758032656346040e+04 2.598522438629576780e-06
-4.997727026566454151e+04 5.947846128312091912e-07
-4.997666959090981254e+04 6.314700258251256889e-10
-4.997623567798023578e+04 2.896557728619327270e-05
-4.997615278203304479e+04 5.050217426214851443e-07
-4.997574480239857076e+04 9.228552959994432967e-09
-4.997522837527295633e+04 1.975189886350554211e-09
-4.997518318085229839e+04 1.794420515221815971e-07
-4.997478247281981749e+04 3.448407125136354437e-08
-4.997393934942560736e+04 1.856496482212183690e-08
-4.997381089392457943e+04 1.156133329749043407e-07
-4.997372574964449450e+04 4.787129958127654766e-07
-4.997306336194012692e+04 2.904039580814086782e-08
-4.997288343588921271e+04 1.169026294913287901e-06
-4.997275328555786837e+04 2.854714104610937483e-04
-4.997271100283147825e+04 2.401081592875527886e-06
-4.997210021214999870e+04 8.962531709615364028e-07
-4.997167041033904388e+04 4.613981095907186185e-08
-4.997119930589407159e+04 3.911531431775372366e-05
-4.997075243387148657e+04 3.312435929095453555e-07
-4.997063466126765707e+04 3.888323210355434318e-07
-4.997042591097104741e+04 4.819713421575570824e-06
-4.997014008892428683e+04 3.641336801852604831e-04
-4.997007028938418807e+04 1.854839551964660006e-06
-4.996931330043250637e+04 1.465489010808330514e-07
-4.996887788819632988e+04 4.902675961714241922e-07
-4.996865472053387930e+04 3.893077535001840324e-05
-4.996839630418158777e+04 1.866983212761265684e-07
-4.996798586777050514e+04 2.058100678031478667e-06
-4.996767941154320579e+04 5.782249746011609386e-10
-4.996749892211738916e+04 2.986900406709873382e-05
-4.996711467463302688e+04 1.503932454579920157e-07
-4.996696846015925985e+04 1.711148693189332977e-07
-4.996609923948041978e+04 8.251326314605973451e-09
-4.996607228710596974e+04 4.087672596528964732e-07
-4.996557260032976046e+04 1.289128466960251180e-06
-4.996534710243197333e+04 5.790951311818411229e-08
-4.996484273232478154e+04 2.881441662939756036e-04
-4.996476110553955368e+04 2.931190152585797240e-06
-4.996460900902056164e+04 2.541281707569017200e-06
-4.996385631071350508e+04 1.064094845904915308e-06
-4.996353417065625399e+04 3.735266586892173205e-05
-4.996314998542606190e+04 4.722698885640468494e-06
-4.996313185946465092e+04 1.165315548156544812e-05
-4.996260851418887614e+04 5.898067351054911596e-03
-4.996256097494584537e+04 7.351956999448488332e-06
-4.996216985815767839e+04 1.738640254792724309e-03
-4.996187867614046991e+04 9.064887761712509069e-06
-4.996143624655863823e+04 9.314659722216565731e-07
-4.996097418253772776e+04 3.394997488158136873e-05
-4.996088619537772320e+04 1.410708947780239246e-05
-4.996075861842681479e+04 9.446195629247045207e-06
-4.996025536983464553e+04 7.617279011588142719e-07
-4.995973098145418044e+04 2.266710496432322386e-07
-4.995958344954543281e+04 1.199656972744457192e-02
-4.995938461083597940e+04 3.128601683172166359e-02
-4.995894495361756708e+04 5.741248565597053902e-07
-4.995851616858350462e+04 3.865142471882363423e-08
-4.995840788705062732e+04 3.282987183643205841e-06
-4.995825950812344672e+04 1.338012791769259085e-06
-4.995784221709730627e+04 3.352413953798477505e-08
-4.995689418018819561e+04 1.103226770490133485e-04
-4.995687550677201216e+04 1.121811486475123541e-02
-4.995671560365390178e+04 4.224322481520798278e-05
-4.995640187090934342e+04 1.064224654934698006e-01
-4.995607217198126455e+04 4.274293978476398393e-07
-4.995584415622751840e+04 2.435777050385770832e-04
-4.995558832567620993e+04 1.394727575455890795e-04
-4.995523356783709460e+04 2.204167812716291088e-05
-4.995480594588150416e+04 4.161479673572815165e-05
-4.995420080384027096e+04 2.085834035586964924e-02
-4.995406038748517312e+04 1.259225214121126963e-04
-4.995346484762484761e+04 1.576128405173947700e-01
-4.995345137302775402e+04 1.255350320776248835e-02
-4.995326059621069726e+04 1.829463126326950993e-03
-4.995309037728136900e+04 1.767907481055974012e-04
-4.995252392022734421e+04 1.312697740054196186e-04
-4.995235747857699607e+04 3.466851629048359478e-04
-4.995195862022631627e+04 5.282538815418948462e-05
-4.995153014501535654e+04 2.888170753772800053e-02
-4.995134403971886059e+04 1.347253565076648605e-07
-4.995074561314799939e+04 1.127030834612400027e-04
-4.995056932237816363e+04 1.792423282905337423e-01
-4.995053481291226490e+04 6.960534912515816373e-03
-4.995019030976659997e+04 3.317619645749272797e-04
-4.994957677522778977e+04 2.751770615154571008e-04
-4.994925380935025896e+04 1.101929060257350514e-03
-4.994885474810806045e+04 2.786426530714998170e-02
-4.994853994037344091e+04 4.479561030025611839e-04
-4.994813830440405582e+04 8.429119860538793706e-05
-4.994782670405266254e+04 1.364053063153905661e-04
-4.994770152164019237e+04 1.495318458406350859e-01
-4.994745255314696988e+04 6.793287966004066085e-04
-4.994715795665778569e+04 6.397085626958826272e-04
-4.994668350683683821e+04 5.176639113624862580e-04
-4.994618896181246237e+04 2.096120650753359460e-02
-4.994597961601930729e+04 4.582131767399842052e-04
-4.994563888968489482e+04 2.668567153610326118e-04
-4.994534123665872175e+04 3.245928435260268721e-04
-4.994524000814680767e+04 9.849261334051217023e-04
-4.994484718613764562e+04 9.564112847939228168e-02
-4.994462252708912274e+04 6.764411020641072306e-04
-4.994424143966981501e+04 1.970821179758378472e-04
-4.994381783858685958e+04 2.033928094696537889e-03
-4.994348207931603974e+04 1.130688919082773781e-02
-4.994311073067796679e+04 2.414107565944969679e-04
-4.994265050036299363e+04 1.245444686501658536e-03
-4.994218312344427977e+04 6.783129872597852420e-04
-4.994199556470510288e+04 5.112974459786801679e-02
-4.994147986427017895e+04 9.560915150926247537e-04
-4.994116252956056269e+04 7.988872010385049928e-07
-4.994085420438444271e+04 6.220320578105870094e-06
-4.994081154596915439e+04 5.131510391149616754e-03
-4.994066795544102933e+04 1.264821871525359433e-03
-4.993985293813555472e+04 6.711915930234100191e-04
-4.993978506625645241e+04 2.011687646186782915e-04
-4.993914890775596723e+04 2.383905802100408020e-02
-4.993908084942845016e+04 6.029142934917512551e-05
-4.993893415616136917e+04 4.546174953778958638e-04
-4.993811654778726370e+04 2.442239877083343148e-03
-4.993799273855768115e+04 4.368605709692202155e-04
-4.993737800685682305e+04 1.674974653381230819e-04
-4.993712785398388951e+04 2.242165026019899842e-04
-4.993663065926946001e+04 7.273672061499997980e-05
-4.993642978920040332e+04 1.659978829139264892e-04
-4.993628831902781531e+04 9.861678792607488780e-03
-4.993589827245148626e+04 6.905729095510399175e-06
-4.993535429032321554e+04 9.538681572827280427e-04
-4.993519437227843446e+04 1.940358255755016385e-07
-4.993475478760458645e+04 1.544185253331963482e-04
-4.993428553061546700e+04 1.271044592715761274e-04
-4.993407619252951554e+04 1.884195795824616677e-05
-4.993342444251728739e+04 3.558341173832817953e-03
-4.993328900603955844e+04 8.310641904890108875e-06
-4.993273062981107068e+04 1.618788650878330310e-04
-4.993261635490674234e+04 1.230621607019226165e-04
-4.993186907830293057e+04 3.853250416835036146e-05
-4.993162952960700204e+04 9.447990659529989131e-05
-4.993144602484200732e+04 1.253116772782663376e-05
-4.993108939731941791e+04 1.635184167266688466e-07
-4.993055422670607368e+04 1.113559525873210505e-03
-4.993004716153162008e+04 1.681432952589339059e-05
-4.992986441793114500e+04 6.155831576310729400e-05
-4.992930586593750195e+04 2.131762507561403732e-05
-4.992890231470267463e+04 5.404459797291698930e-06
-4.992829064271262905e+04 1.613888474029029756e-05
-4.992789520561556128e+04 7.942672147513194463e-06
-4.992773616178440716e+04 1.660956521013975940e-04
-4.992759817727308109e+04 1.313025718795754037e-04
-4.992720936599437846e+04 2.454082658430560232e-05
-4.992675014055413340e+04 2.185931801052899492e-07
-4.992615316012819676e+04 7.096517207986201943e-07
-4.992608425078639993e+04 1.155537026397019636e-06
-4.992543236838952726e+04 3.671737960968982385e-06
-4.992483828510677995e+04 6.258351679797422723e-05
-4.992471294376504375e+04 1.133755139157589013e-05
-4.992442349971576914e+04 2.205475456011474551e-06
-4.992391216608073591e+04 2.249737924255960824e-06
-4.992341931712438964e+04 4.710940965034438265e-08
-4.992324887713854696e+04 2.821315307032071669e-07
-4.992311617914129602e+04 6.006975146242002913e-07
-4.992199461228882865e+04 1.149833107883210226e-05
-4.992184778280441969e+04 1.034656886691182387e-06
-4.992177805108987377e+04 2.360341898146412425e-06
-4.992134688216853101e+04 2.996834751172497417e-07
-4.992070920280289283e+04 1.616554949077980512e-07
-4.991992475561770698e+04 3.487695476880282038e-07
-4.991930054746526002e+04 4.909201644326213538e-07
-4.991904944994017569e+04 7.677734665911813236e-07
-4.991884482589049003e+04 6.697571799435110793e-07
-4.991862697843784554e+04 2.815232408634387010e-07
-4.991825250751199928e+04 1.980316234936976950e-11
-4.991791900215126225e+04 2.954189163007977459e-09
-4.991734003615038819e+04 3.092168581630975802e-08
-4.991644608230603626e+04 2.246826322777656047e-08
-4.991621561176868272e+04 1.098380882126053712e-07
-4.991614764542297053e+04 4.774425276935363337e-09
-4.991583650893085724e+04 5.833575424250528933e-08
-4.991474209654806327e+04 1.090595299928526476e-08
-4.991470814689107647e+04 2.814777605755319767e-09
-4.991405628950908431e+04 3.062441420750325341e-09
-4.991358723030803958e+04 7.683664579722175518e-10
-4.991312048431344738e+04 1.216241722564160963e-11
-4.991304047575144796e+04 1.186118926635455292e-08
-4.991182040076990961e+04 1.353391183850095308e-09
-4.991154026026837528e+04 7.484081157162022176e-11
-4.991095328755996889e+04 4.343686634716963633e-10
-4.991067682263175084e+04 9.489370796470456800e-11
-4.991015630094493099e+04 8.152179249504247535e-10
-4.990994250992977322e+04 1.167997666351200088e-09
-4.990944224942546134e+04 5.763693140897556628e-10
-4.990880583867226960e+04 1.268052579536573401e-09
-4.990834618799608143e+04 1.332382749107068703e-11
-4.990796749013955559e+04 5.133838472915873242e-11
-4.990768726965677342e+04 5.286991920964611431e-11
-4.990739435240637249e+04 2.227848255232092918e-09
-4.990701345176866744e+04 2.776382943375236506e-10
-4.990655407319305232e+04 6.292339490758567852e-10
-4.990603539748236653e+04 2.088828323145878376e-10
-4.990527041512157302e+04 6.790994794510972626e-11
-4.990476892831776058e+04 1.991655616811738224e-12
-4.990455289386714139e+04 6.385062084725848105e-10
-4.990355719746890827e+04 5.732846220325610366e-10
-4.990339335806410963e+04 6.831368230918173458e-11
-4.990258174701409735e+04 1.784493842502849572e-11
-4.990190135583373194e+04 2.090021220861499875e-11
-4.990182184968980437e+04 1.871864859449081453e-10
-4.990129489114121679e+04 7.627202513953704384e-12
-4.990051894373687537e+04 3.991066822547740742e-12
-4.989997194992758159e+04 2.204572647379094305e-11
-4.989967670951975015e+04 7.141934943543680828e-11
-4.989865957586308650e+04 1.007036765302381935e-13
-4.989820016559524811e+04 1.819311728499211357e-11
-4.989806695635212236e+04 1.521145471213773939e-11
-4.989742124395547580e+04 4.593517029761829076e-12
-4.989659024323970516e+04 3.130796294906169441e-14
-4.989623286817436019e+04 3.741814322849076214e-12
-4.989607573747382412e+04 2.543328304669592160e-14
-4.989484180186789308e+04 3.755941142711706681e-13
-4.989437124134219630e+04 1.330951864364066619e-12
-4.989327798414386052e+04 6.084371360760285654e-17
-4.989267964799820038e+04 1.701991715560330149e-13
-4.989222938232660817e+04 1.273313031946483462e-14
-4.989192573144390190e+04 3.388889758212079858e-13
-4.989119418668529397e+04 2.117009149123751268e-15
-4.989072326264746516e+04 3.404179387407045266e-14
-4.989027978150883428e+04 8.314887197127006978e-14
-4.988958120671231882e+04 5.975779414867615604e-14
-4.988923653725413169e+04 3.088049232815063056e-15
-4.988858602434985369e+04 8.855823847128628641e-16
-4.988776798267005506e+04 2.673338379730826918e-16
-4.988736991063134337e+04 1.271317275682873261e-13
-4.988662710089347820e+04 4.883422835798657555e-14
-4.988589211913092004e+04 2.100843901882228473e-14
-4.988546982936642598e+04 3.522508863841984779e-14
-4.988450079285210813e+04 2.613598347069249367e-17
-4.988390640967740183e+04 9.247999574337497773e-17
-4.988347875566724542e+04 9.259552061277583882e-15
-4.988237347409363429e+04 1.699442184740668744e-15
-4.988161556496106641e+04 2.012530992797626772e-14
-4.988116890709011204e+04 1.713063312579929426e-15
-4.988084126829297020e+04 1.253876225351625678e-17
-4.987887443317507132e+04 2.081181841264232225e-16
-4.987831396752406727e+04 5.450086418495442505e-16
-4.987765508061511355e+04 4.510111525103135632e-16
-4.987702717170576943e+04 1.623134614319246730e-16
-4.987624333791366371e+04 1.869637167164872141e-17
-4.987575214346635039e+04 4.735879675001853737e-17
-4.987443328529566497e+04 1.323432907691236539e-17
-4.987371580615732819e+04 3.083620163430585952e-17
-4.987309981978706492e+04 7.331872283508159952e-18
-4.987269598413266795e+04 6.157084669902998256e-18
-4.987197540623354871e+04 3.212620589624978208e-18
-4.987128949890573858e+04 1.812308092127165038e-18
-4.987023683241540857e+04 1.838895906263401179e-17
-4.986926413028984098e+04 1.097136628611055238e-18
-4.986877809623130452e+04 4.141166805528620274e-19
-4.986801537297866889e+04 2.195905767521374204e-17
-4.986722783123503905e+04 4.776273805681223616e-20
-4.986649471745052142e+04 3.845396667124528865e-19
-4.986497464031048730e+04 2.087007567578912385e-19
-4.986356526912849949e+04 4.863092672909527586e-20
-4.986331122909305850e+04 2.280468703238309402e-18
-4.986188336590887047e+04 1.297021153137429301e-19
-4.986126947448115970e+04 1.679831236714914027e-19
-4.985990819806250511e+04 7.933522420670545931e-21
-4.985947585586298374e+04 2.785635381880399361e-20
-4.985764895596240240e+04 4.195427597222363016e-22
-4.985715649621952616e+04 7.432812133278048945e-21
-4.985587685840680933e+04 3.465280770009945600e-21
-4.985459543766550632e+04 1.089281053766117648e-21
-4.985374209782493563e+04 3.940058235823289104e-21
-4.985217800221473590e+04 3.961186925702862214e-21
-4.985113603630562284e+04 7.542218879192262976e-22
-4.985047582842940756e+04 0.000000000000000000e+00
-4.984927184876769024e+04 1.795684719693374018e-21
-4.984881727215282444e+04 2.349649410793445470e-22
-4.984760457003474585e+04 5.035858519418019190e-22
-4.984560124441212974e+04 1.141640033476381441e-23
-4.984419308530845592e+04 6.058585586461567918e-23
-4.984313495836039510e+04 1.071628272868747054e-23
-4.984242767019328312e+04 7.594853383838933324e-24
-4.984182051743989723e+04 3.519067630633821952e-24
-4.983996824400225887e+04 1.880470464395980983e-24
-4.983742334875478991e+04 3.225509332065347949e-24
-4.983646374356351589e+04 0.000000000000000000e+00
-4.983350913978344033e+04 0.000000000000000000e+00
-4.983248422632414440e+04 0.000000000000000000e+00
-4.983164974679215084e+04 0.000000000000000000e+00
-4.983029401860869257e+04 0.000000000000000000e+00
-4.982677426357549120e+04 0.000000000000000000e+00
-4.982614367313282128e+04 0.000000000000000000e+00
-4.982535830609637924e+04 0.000000000000000000e+00
-4.982369260141286213e+04 0.000000000000000000e+00
-4.982191623372775211e+04 0.000000000000000000e+00
-4.981773206527811271e+04 0.000000000000000000e+00
-4.981761493248241459e+04 0.000000000000000000e+00
-4.981502189281934989e+04 0.000000000000000000e+00
-4.981311346643009892e+04 0.000000000000000000e+00
-4.981020972256061941e+04 0.000000000000000000e+00
-4.980871306124442344e+04 0.000000000000000000e+00
-4.980736596299677331e+04 0.000000000000000000e+00
-4.980562945108339045e+04 0.000000000000000000e+00
-4.980311172517399245e+04 0.000000000000000000e+00
-4.980120397193949611e+04 0.000000000000000000e+00
-4.979691728226922714e+04 0.000000000000000000e+00
-4.979385639789792913e+04 0.000000000000000000e+00
-4.979083393744820205e+04 0.000000000000000000e+00
-4.978684360117570031e+04 0.000000000000000000e+00
-4.978475750374900963e+04 0.000000000000000000e+00
-4.978252847630706674e+04 0.000000000000000000e+00
-4.977804958043908846e+04 0.000000000000000000e+00
-4.977072451686604472e+04 0.000000000000000000e+00
-4.976573186887640622e+04 0.000000000000000000e+00
-4.976078130968242476e+04 0.000000000000000000e+00
-4.975946644350174756e+04 0.000000000000000000e+00
4.991787956639179174e+04 0.000000000000000000e+00
4.991795689550980751e+04 0.000000000000000000e+00
4.992844859013413225e+04 0.000000000000000000e+00
4.992854056697664055e+04 0.000000000000000000e+00
4.993643195302622189e+04 5.222457039538894850e-24
4.993653893417721702e+04 0.000000000000000000e+00
4.994288881402779225e+04 7.993610525648900787e-22
4.994301095427979453e+04 2.126453104448734335e-23
4.994817128569290799e+04 2.560857866609849736e-20
4.994830505468891351e+04 8.868753553574049246e-21
4.995224466819666122e+04 1.397035190259738657e-19
4.995250734527788154e+04 1.927232406217366716e-19
4.995467809531182138e+04 5.752038518623548600e-19
4.995608547263569199e+04 3.704254257085341418e-19
4.995615727197057276e+04 1.118975895679153265e-19
4.995620237603310670e+04 1.258044195369599586e-20
4.995839385601248068e+04 1.627731012297080074e-19
4.996100471976746485e+04 4.184497385333283883e-19
4.996270514915372769e+04 3.544228105362100998e-24
4.996274809148291388e+04 1.669005862987124196e-21
4.996384918676746020e+04 5.537926744157719455e-21
4.996531302398668777e+04 2.784643155134116160e-18
4.996671518255260889e+04 1.184141908468760824e-21
4.996704544324331073e+04 3.896071432214160078e-19
4.996717422558878025e+04 5.514424955506478272e-21
4.996749383934318757e+04 4.183870222186994438e-19
4.996866671541272808e+04 1.855916516869958935e-17
4.996957556155267230e+04 2.131102600813316797e-17
4.997022018756513717e+04 4.622432263042250639e-18
4.997078647621478740e+04 9.847185611128533258e-18
4.997195058354653156e+04 5.373339213416655704e-20
4.997307088253372785e+04 3.796067218838580968e-18
4.997371901651730150e+04 1.929203243013999645e-17
4.997524200179290347e+04 2.014283772197619250e-17
4.997631450809502712e+04 1.325823904806500712e-17
4.997640068855693971e+04 2.206568677882410156e-16
4.997772933907285187e+04 1.388358179843229080e-17
4.997819713465269160e+04 3.540892470039501504e-16
4.997899862590585690e+04 3.279192000814264334e-20
4.997999843050140771e+04 1.076152288099735807e-19
4.998054119354946306e+04 3.123043077668791309e-17
4.998163017010934709e+04 3.404116503556002461e-16
4.998203531858968927e+04 1.199659819095456376e-16
4.998319251296003495e+04 2.912787909496126562e-16
4.998375587432262546e+04 2.312800609004524513e-16
4.998479065285642719e+04 4.561995113155747647e-18
4.998514953105412133e+04 6.268247861235082066e-20
4.998626887687706039e+04 2.575890999411980371e-17
4.998654317590056598e+04 1.167421751580113256e-17
4.998665586640928814e+04 2.342842000173067364e-16
4.998745295501424698e+04 2.875712895473130780e-16
4.998807280287973117e+04 6.170192244220039145e-17
4.998862299696708214e+04 6.017226948093340464e-15
4.998878591042833432e+04 1.143638410721482197e-15
4.998917059875588166e+04 3.086223255431985745e-16
4.998963855033509026e+04 5.528204085514033705e-17
4.999048856835039624e+04 6.462394567242989950e-15
4.999066655347757478e+04 6.909628988018900880e-15
4.999133991248772509e+04 3.027526665321122418e-16
4.999202124586952414e+04 5.598254249673263700e-16
4.999213207246703678e+04 1.834785648168374310e-16
4.999257822181403026e+04 1.013017301072918017e-15
4.999304805821367336e+04 1.739953018805453965e-16
4.999408898331470118e+04 3.102661620663768536e-17
4.999444568716084177e+04 3.888397330038983459e-15
4.999495672099248623e+04 3.174136643619184631e-16
4.999517378044686484e+04 7.728023819986203413e-16
4.999596938606419280e+04 2.689612140905142400e-16
4.999646961207216373e+04 8.409981130237455842e-15
4.999669555876721279e+04 1.254817344616669884e-13
4.999725689531445823e+04 3.211362739779166625e-18
4.999805031485637301e+04 8.917557039569948371e-16
4.999823208064296341e+04 1.675307102251981039e-17
4.999859066534438898e+04 3.634051043463713172e-16
4.999880095438339777e+04 1.074936744632130644e-13
4.999971538853710081e+04 8.635597722092390995e-16
5.000024337554942758e+04 1.872024295225776737e-15
5.000082952303835191e+04 6.693563984105945201e-16
5.000088963829850400e+04 8.166187928452150629e-15
5.000123324142896308e+04 1.649585002265087834e-15
5.000216579708876088e+04 9.738085555466709488e-16
5.000248417197195522e+04 4.268154847732815985e-16
5.000299959569599014e+04 1.725648343543840354e-13
5.000340216208417405e+04 4.138729796168794600e-15
5.000390272929709317e+04 4.563348794304798685e-15
5.000444061172674265e+04 6.053903738069115554e-15
5.000502268155217462e+04 6.682278906187080639e-15
5.000517971208690142e+04 9.438036086047347962e-14
5.000594963272473979e+04 4.385287091774980564e-16
5.000631084300822840e+04 8.800719250313020688e-16
5.000674816320843820e+04 1.317908357380908465e-13
5.000708972367917158e+04 1.141510440328191187e-15
5.000728314430143655e+04 7.085800206149396419e-15
5.000756263878322352e+04 5.843443145058754730e-15
5.000843245299718546e+04 3.543463546788755068e-15
5.000881575317578245e+04 1.808497055204503354e-14
5.000895087475812034e+04 3.105504486172727527e-12
5.000949889931723737e+04 1.631476243253722464e-13
5.000984674192870443e+04 2.829325953278820387e-15
5.000999109263479477e+04 3.263793434593784737e-14
5.001083520977331500e+04 4.779907096150313157e-16
5.001117282772968611e+04 5.596162382118688901e-12
5.001136740537684091e+04 4.481218936477751586e-14
5.001175066473059269e+04 1.548739006507282104e-13
5.001240716014883219e+04 2.528817445298946341e-15
5.001263366056193627e+04 9.646081123819229588e-15
5.001307246890546958e+04 2.924397736116561184e-15
5.001342665106278582e+04 2.062908698504362333e-12
5.001391426276651327e+04 4.575233079608262160e-15
5.001417414471627853e+04 1.296164494081247351e-16
5.001454567476103693e+04 3.997136868186772321e-15
5.001523206029420544e+04 1.508336962366338639e-16
5.001568859729723772e+04 1.525752430711374030e-13
5.001575459564723133e+04 2.381090694426882530e-14
5.001616686286464392e+04 1.394917366044701185e-13
5.001633952037783456e+04 4.928492627346724939e-14
5.001677244810056436e+04 2.436828987252479257e-11
5.001685042296613392e+04 2.355101371799967691e-15
5.001763010569138714e+04 1.832899319423091168e-16
5.001800616740330588e+04 2.305101619194740713e-12
5.001813484255073126e+04 7.900128795024747618e-13
5.001864644867795869e+04 7.580903810729893285e-14
5.001877436838144786e+04 1.098343357600441125e-13
5.001890076614099962e+04 3.122728389755445837e-14
5.001911439313455048e+04 2.855419428382677603e-11
5.001963937262168474e+04 4.235136978964598307e-14
5.002033661573928839e+04 5.564535574154163502e-13
5.002036098822377244e+04 7.973943480115060579e-13
5.002067227886342152e+04 1.319206481962080509e-13
5.002134378260627273e+04 1.890636132023843200e-14
5.002154360969671689e+04 1.017046935380217245e-12
5.002164121391037770e+04 1.279343761570776631e-14
5.002187072918464401e+04 8.217115183982825172e-15
5.002248905668760563e+04 8.070090450439578608e-15
5.002269820491800783e+04 2.617556664369845610e-13
5.002293721877772623e+04 2.214148140775011959e-13
5.002355538395396434e+04 1.835543028032183816e-13
5.002402733755671943e+04 2.128263069554905074e-11
5.002408132419692265e+04 5.720060274111260995e-13
5.002449791613273555e+04 5.073802017978959504e-14
5.002499069982902438e+04 1.306427178499127525e-13
5.002509453246958583e+04 3.490395613166545250e-12
5.002540322200463561e+04 1.011612332101447439e-12
5.002624901298605982e+04 3.642953190122557820e-13
5.002643988866528525e+04 6.660391033258063177e-13
5.002654942639511137e+04 4.146040534384496318e-11
5.002715157844230998e+04 2.056272768740085968e-16
5.002738087029146845e+04 7.850043454951193271e-13
5.002746665571734047e+04 3.489295467008302088e-10
5.002756365859327343e+04 1.314149653708784445e-12
5.002811541848279012e+04 2.656547164551892320e-14
5.002858465421906294e+04 2.687270160918976648e-13
5.002908954717677989e+04 5.002206579018761272e-12
5.002945988552121707e+04 1.069854268707280461e-15
5.002959473920395249e+04 8.296696102133733139e-13
5.002987063288172067e+04 6.179231438316733497e-16
5.003008011864725268e+04 1.405157793000285012e-09
5.003014139033055108e+04 2.257301345770043973e-12
5.003093655569913972e+04 1.617674750464627742e-12
5.003129286070624221e+04 2.927557338138624303e-13
5.003164626139817847e+04 2.772928926091066985e-11
5.003185845532690291e+04 2.071385693890649643e-12
5.003234892710341228e+04 5.587852634859401360e-12
5.003254444397803309e+04 4.865863925024012747e-12
5.003272393283680867e+04 2.498574226937185535e-09
5.003310319714239449e+04 3.088206081461250422e-13
5.003327603607186029e+04 3.927652303486722838e-12
5.003412082070916949e+04 3.785307168563262699e-12
5.003421919416428864e+04 1.143808570976193650e-10
5.003476941361119680e+04 1.579969931523686784e-11
5.003487723619829194e+04 1.360929984098550453e-12
5.003538480014100060e+04 2.291558525880432681e-09
5.003545223205125512e+04 4.447691749026683275e-12
5.003560995343459945e+04 6.577761677868388716e-12
5.003633930037779646e+04 1.251478281554482086e-12
5.003679692117105878e+04 8.700576721259910250e-11
5.003707235777839378e+04 8.849313389586398225e-13
5.003720797958753974e+04 9.520797811851273439e-12
5.003754549243787187e+04 1.409989315968302905e-10
5.003766040847647673e+04 1.614908741046153286e-12
5.003806362348771654e+04 9.709121032027717371e-10
5.003833684227343474e+04 9.481036078385951468e-13
5.003878114851085411e+04 5.102091092407555839e-14
5.003934969007023756e+04 6.176095977900264719e-14
5.003938409014976787e+04 7.046572483719179922e-13
5.003954965114064544e+04 6.391399270017014507e-13
5.003994595467494219e+04 7.932450519509364209e-13
5.004049912546153064e+04 6.037587619408727748e-12
5.004062098385203717e+04 1.238590234921714255e-09
5.004082351326475327e+04 1.000417695658275826e-09
5.004125219832911534e+04 3.221616042634113358e-13
5.004168750507396908e+04 1.694627194884359359e-11
5.004195100692940468e+04 5.493331768403521739e-11
5.004204670241798158e+04 1.117520789142814509e-10
5.004235012870273204e+04 1.310029444170198447e-14
5.004332899458628526e+04 1.249357138395093841e-12
5.004336691470424557e+04 3.356700821039814557e-09
5.004351451859566441e+04 1.149301868405701447e-13
5.004379343042857363e+04 4.863128031016729929e-09
5.004416533129008894e+04 1.166609774782715986e-13
5.004452388804533985e+04 2.670632028009556073e-10
5.004467812514380057e+04 3.814487220196310484e-10
5.004494050156639423e+04 2.694001387361209943e-11
5.004542588183556654e+04 8.472238071560182868e-11
5.004605463304119621e+04 5.993720015011251748e-09
5.004619841110156267e+04 1.927325959959579196e-10
5.004674326912686229e+04 8.494230391407016666e-09
5.004680597038314590e+04 6.303355505434531852e-11
5.004709506289540877e+04 3.555242148396594529e-10
5.004715801388317777e+04 5.008810159312212229e-10
5.004770111619593081e+04 1.201433698152218147e-10
5.004785475086381484e+04 2.356806255377661941e-10
5.004825369221597794e+04 1.048345151775031401e-10
5.004873751139875094e+04 6.956843425501748728e-09
5.004884194183202635e+04 4.618770464224981348e-13
5.004962485393053066e+04 5.331196178945491437e-10
5.004965274092798791e+04 7.697761871649444004e-09
5.004975216168111365e+04 1.527515804471219976e-09
5.005006361604094127e+04 1.363938438290754592e-10
5.005067581116634392e+04 1.540348647832185998e-10
5.005095395941306924e+04 2.485167818360422063e-10
5.005142349061150162e+04 5.332751563053493118e-09
5.005167544161244587e+04 2.077529872885915595e-10
5.005225854950751091e+04 8.781985922487638065e-11
5.005243554692848556e+04 1.582317355740130478e-10
5.005253465041572781e+04 6.419148603533906319e-09
5.005275044658804109e+04 3.152860044523188488e-10
5.005312927609834878e+04 2.222663621427011203e-10
5.005355098997793539e+04 5.003955941869512856e-11
5.005410214365414868e+04 3.291550036177452438e-09
5.005426107905898971e+04 4.557823674138763862e-11
5.005461806522114057e+04 9.562344700615416673e-11
5.005495463995170576e+04 1.289341035601046022e-11
5.005505453898447740e+04 4.236834871001363984e-10
5.005540374028865335e+04 3.417514002861660438e-09
5.005563420313698589e+04 1.619582448972691217e-10
5.005598388922629965e+04 4.955650437104290086e-11
5.005644651434116531e+04 2.421897154400706224e-10
5.005681624367523182e+04 1.476496349586972066e-09
5.005722446882142685e+04 5.442984513013427126e-11
5.005762876533735835e+04 3.154935001398758201e-10
5.005805760963354987e+04 3.815122734578889265e-11
5.005827014432521537e+04 1.588941970763624999e-09
5.005879449868595839e+04 1.708948331735442071e-10
5.005906589218723821e+04 2.722013184969111116e-12
5.005935294599126792e+04 3.014859312686066066e-11
5.005949910683467169e+04 5.447001767733689869e-10
5.005965562124492862e+04 1.678118329496884760e-10
5.006039889738846978e+04 4.356658025263708378e-11
5.006048889432279248e+04 1.185595771160698643e-10
5.006113342073324020e+04 7.017642781076656374e-10
5.006118203214507957e+04 4.778421639338271673e-13
5.006132215614790039e+04 6.315973282346428904e-11
5.006221100219544314e+04 2.659694993367677311e-10
5.006235099691976211e+04 4.291541318929504920e-11
5.006286342033722030e+04 3.933894019199623806e-11
5.006309904862778785e+04 3.793833289975906186e-11
5.006368816468553268e+04 1.732193193607940150e-12
5.006384232242722646e+04 3.200258121808761900e-11
5.006400988517104997e+04 3.093660624336295856e-10
5.006430360010729055e+04 4.627138735804491881e-13
5.006497122905617289e+04 1.099720143631012005e-10
5.006504862642775697e+04 8.817516300984649527e-12
5.006557404451097682e+04 1.682175034208068640e-11
5.006605486712048150e+04 1.688105272345212233e-11
5.006616587049311784e+04 1.009613941980623422e-11
5.006688938229816995e+04 1.294912980660697039e-10
5.006695148471392167e+04 3.591032944759996999e-12
5.006751627517033194e+04 1.471585985376957330e-11
5.006772183151374338e+04 2.659700927404296532e-11
5.006836845500847267e+04 8.654142641106896450e-12
5.006867598791572527e+04 1.278818665713142814e-11
5.006883740089456114e+04 2.534585582646478461e-12
5.006916860071722476e+04 4.489993275957036870e-13
5.006977483778709575e+04 5.387637081940447883e-11
5.007026227073140763e+04 9.524957748999065163e-13
5.007047997243233840e+04 1.238838197650767651e-11
5.007096569371855003e+04 7.842336608560086990e-12
5.007137280648454180e+04 1.004639251968693917e-12
5.007199009771009150e+04 1.489032567451616876e-12
5.007239929162032058e+04 5.942760958658817961e-13
5.007260560917588009e+04 8.399567120904482859e-12
5.007271543584398751e+04 1.424819310588225084e-11
5.007317173980706866e+04 5.864315976668169543e-12
5.007350540493021253e+04 1.995249716903849745e-13
5.007410927264823113e+04 6.344011021400055379e-13
5.007426304108946351e+04 4.093450725032129793e-13
5.007480629449897242e+04 1.130307221212363473e-12
5.007549722569761070e+04 4.437537466748168033e-12
5.007560642559561529e+04 4.773104175646992882e-12
5.007594286709359585e+04 1.485965991229792000e-12
5.007635163678987738e+04 3.038560756338631778e-13
5.007684684335268685e+04 2.313091308318042649e-13
5.007705410666856915e+04 2.081244113566199536e-13
5.007719198051131389e+04 1.732235149659971138e-13
5.007836124949446821e+04 2.161290715492016865e-12
5.007847622044107266e+04 1.250560646897029282e-12
5.007857171746988752e+04 1.507846494444070548e-13
5.007895662851986708e+04 4.540515377742734294e-13
5.007957701682138577e+04 1.795241428647786325e-13
5.008031606833182013e+04 8.958378547058828534e-14
5.008107552132009005e+04 4.126156305077209300e-13
5.008136326255171298e+04 1.552489133915498430e-13
5.008146913898080675e+04 6.309704112962823925e-13
5.008163323327356920e+04 8.528990432608134780e-14
5.008205260827572056e+04 8.874731950130740078e-16
5.008234817964284593e+04 7.378072208193544653e-14
5.008301951577020372e+04 1.214571947653940582e-14
5.008383963662562019e+04 5.257005608349489012e-15
5.008413375305067893e+04 1.855646409711854332e-13
5.008427505266846129e+04 1.028558502403394680e-14
5.008445493872202496e+04 1.748780776945561758e-13
5.008549730417936371e+04 1.409849594441518405e-14
5.008564264508349152e+04 1.555487777422661383e-14
5.008626877118736593e+04 4.656864097395116363e-15
5.008682004863260227e+04 9.567273751740000626e-15
5.008724622593529057e+04 5.498152083684032840e-14
5.008729769262759510e+04 1.317225187188606453e-14
5.008846096084536839e+04 8.299988255128082334e-15
5.008878017924733285e+04 1.888548919716345033e-15
5.008943059048350551e+04 4.284682876171378290e-15
5.008969419535810448e+04 1.843972777871980810e-15
5.009021633626710536e+04 1.095929333009140614e-14
5.009037565541038202e+04 2.836903846999710632e-16
5.009084303368198744e+04 1.037021530754943591e-15
5.009145922777294618e+04 2.113272004139057083e-15
5.009203926496450731e+04 1.265925431608152652e-17
5.009242723840785038e+04 5.691742509303568261e-17
5.009270778673265886e+04 5.631216513999732221e-17
5.009296062652925320e+04 1.252210965153905493e-15
5.009330676095077797e+04 3.925152977277806034e-16
5.009378994639329176e+04 9.892215095756372591e-16
5.009431698582360696e+04 6.134564856791796866e-17
5.009505700470100419e+04 2.702255905600524292e-18
5.009565459814766655e+04 5.223855571242719288e-17
5.009579776874518575e+04 3.478493643016472517e-17
5.009672733279890963e+04 1.432457802020198143e-16
5.009709126403169648e+04 8.485501582473190627e-20
5.009773072205844073e+04 1.280382464011737921e-17
5.009840890831677098e+04 1.066812680134851701e-17
5.009851192303325661e+04 2.406868848284337644e-19
5.009904693924099411e+04 2.998815389929126174e-17
5.009983878963549068e+04 4.252080346088512771e-19
5.010037866351111006e+04 2.855755666108568049e-18
5.010067135623691138e+04 6.215007581022500589e-18
5.010177205614673585e+04 1.946995887435316936e-19
5.010212301278494124e+04 2.070349720058960421e-18
5.010229590812946117e+04 3.836890085950763074e-20
5.010287201660034043e+04 3.937735193191964049e-19
5.010374676051844290e+04 4.409762059183067113e-18
5.010414326097215962e+04 5.107231826622228022e-18
5.010424696579601004e+04 8.021718433330185251e-19
5.010556871703791694e+04 4.818853131616543487e-19
5.010589826316401013e+04 6.162646072684023456e-18
5.010711011189396959e+04 2.766675998406954959e-19
5.010771708473611216e+04 1.854305091273246333e-19
5.010810168704839452e+04 9.729707880058153189e-20
5.010837325385642907e+04 3.817547257867195553e-19
5.010914758940020693e+04 3.861250872676867343e-19
5.010958663286998490e+04 1.380289231676284712e-18
5.011002040225488599e+04 2.677340350296042706e-19
5.011079975775691128e+04 2.608698364806474939e-21
5.011110584754341107e+04 1.306188551699186770e-19
5.011180711901078757e+04 1.186015676287398438e-20
5.011259306335373549e+04 1.356797376256374628e-21
5.011292932730051689e+04 9.867007240883108694e-20
5.011369992540895328e+04 8.169632609412753219e-20
5.011446586656215368e+04 7.920001683971877650e-20
5.011497244718561706e+04 1.462683530798533685e-20
5.011599461447957583e+04 1.208334885165182493e-21
5.011644383905787981e+04 3.268846457707623010e-21
5.011674502722957550e+04 4.775936559847625378e-22
5.011803262634900602e+04 1.387975684871054075e-22
5.011865907127394894e+04 1.775696905073773904e-21
5.011921414719476888e+04 5.916481326237617551e-23
5.011955333754964522e+04 5.868259605482731643e-22
5.012151351993012941e+04 1.422336559615712659e-22
5.012199105872736982e+04 6.854441390475802199e-22
5.012263722288811550e+04 6.139674879610012263e-22
5.012337564889912028e+04 6.890130699339754387e-22
5.012422599386667571e+04 3.370733708207878977e-24
5.012473447798794223e+04 2.506041904428503765e-22
5.012598455377645587e+04 3.727715026445302932e-23
5.012660015419249248e+04 9.652339788274976396e-24
5.012725235186205828e+04 4.313110952410900501e-23
5.012756586726301612e+04 2.991914890714051100e-22
5.012843300375658146e+04 5.841284058988903451e-23
5.012915497105176473e+04 1.753267865397930835e-24
5.013001620242284844e+04 1.051486093192331962e-23
5.013127847489069245e+04 3.025017408395906977e-24
5.013172048322771298e+04 0.000000000000000000e+00
5.013222577032919799e+04 4.316872854077599621e-23
5.013321186398369900e+04 0.000000000000000000e+00
5.013389545036917116e+04 0.000000000000000000e+00
5.013541573672829691e+04 0.000000000000000000e+00
5.013690228830214619e+04 0.000000000000000000e+00
5.013698533671350742e+04 0.000000000000000000e+00
5.013861213573927671e+04 0.000000000000000000e+00
5.013924347330322053e+04 0.000000000000000000e+00
5.014063335273410485e+04 0.000000000000000000e+00
5.014105294971396506e+04 0.000000000000000000e+00
5.014274412283609854e+04 0.000000000000000000e+00
5.014335495000171068e+04 0.000000000000000000e+00
5.014460900763857353e+04 0.000000000000000000e+00
5.014591275910039258e+04 0.000000000000000000e+00
5.014683339940440783e+04 0.000000000000000000e+00
5.014814494668556290e+04 0.000000000000000000e+00
5.014921904355571314e+04 0.000000000000000000e+00
5.015006524993380299e+04 0.000000000000000000e+00
5.015110023011283192e+04 0.000000000000000000e+00
5.015166178090211906e+04 0.000000000000000000e+00
5.015300698158391606e+04 0.000000000000000000e+00
5.015502578829370032e+04 0.000000000000000000e+00
5.015638689613431779e+04 0.000000000000000000e+00
5.015744494671981374e+04 0.000000000000000000e+00
5.015819397197835497e+04 0.000000000000000000e+00
5.015875634190228448e+04 0.000000000000000000e+00
5.016060756879443943e+04 0.000000000000000000e+00
5.016312073212512769e+04 0.000000000000000000e+00
5.016411278383340687e+04 0.000000000000000000e+00
5.016728994141567091e+04 0.000000000000000000e+00
5.016819508463423699e+04 0.000000000000000000e+00
5.016906664975869353e+04 0.000000000000000000e+00
5.017034330817047157e+04 0.000000000000000000e+00
5.017392306697477034e+04 0.000000000000000000e+00
5.017455094130799262e+04 0.000000000000000000e+00
5.017527500361800048e+04 0.000000000000000000e+00
5.017690730813893606e+04 0.000000000000000000e+00
5.017890460239397362e+04 0.000000000000000000e+00
5.018295562361933844e+04 0.000000000000000000e+00
5.018310255443593633e+04 0.000000000000000000e+00
5.018578509146295255e+04 0.000000000000000000e+00
5.018782609960989066e+04 0.000000000000000000e+00
5.019058182585173199e+04 0.000000000000000000e+00
5.019203853832525783e+04 0.000000000000000000e+00
5.019336812233139790e+04 0.000000000000000000e+00
5.019523679263039230e+04 0.000000000000000000e+00
5.019765177435190708e+04 0.000000000000000000e+00
5.019967949561696150e+04 0.000000000000000000e+00
5.020382380197056773e+04 0.000000000000000000e+00
5.020706913052948221e+04 0.000000000000000000e+00
5.020990571775962599e+04 0.000000000000000000e+00
5.021402741079914995e+04 0.000000000000000000e+00
5.021596510918606509e+04 0.000000000000000000e+00
5.021871402300751652e+04 0.000000000000000000e+00
5.022289400900204055e+04 0.000000000000000000e+00
5.023029142837168183e+04 0.000000000000000000e+00
5.023571637097463099e+04 0.000000000000000000e+00
5.023984648615873448e+04 0.000000000000000000e+00
5.024132333594445663e+04 0.000000000000000000e+00
