-5.008005096627645980e+04 0.000000000000000000e+00
-5.007816791201176238e+04 0.000000000000000000e+00
-5.007803834415803431e+04 0.000000000000000000e+00
-5.007802123087954533e+04 0.000000000000000000e+00
-5.007748722286058182e+04 0.000000000000000000e+00
-5.007746996145816956e+04 0.000000000000000000e+00
-5.007647694834035792e+04 0.000000000000000000e+00
-5.007499173598797643e+04 0.000000000000000000e+00
-5.007372362719686498e+04 0.000000000000000000e+00
-5.007308579364021716e+04 0.000000000000000000e+00
-5.007306998428804218e+04 0.000000000000000000e+00
-5.007270172395049303e+04 0.000000000000000000e+00
-5.007267691083587852e+04 0.000000000000000000e+00
-5.007263494431993604e+04 0.000000000000000000e+00
-5.007182755295505922e+04 0.000000000000000000e+00
-5.007129120144582703e+04 0.000000000000000000e+00
-5.007080463100788620e+04 0.000000000000000000e+00
-5.007055430377991433e+04 0.000000000000000000e+00
-5.007004299054284638e+04 0.000000000000000000e+00
-5.006993593323515233e+04 0.000000000000000000e+00
-5.006974425384237111e+04 0.000000000000000000e+00
-5.006898725907320477e+04 0.000000000000000000e+00
-5.006858710140915355e+04 0.000000000000000000e+00
-5.006783948074429645e+04 0.000000000000000000e+00
-5.006770445131177985e+04 0.000000000000000000e+00
-5.006725198884093697e+04 0.000000000000000000e+00
-5.006623832583965850e+04 0.000000000000000000e+00
-5.006574588222788589e+04 0.000000000000000000e+00
-5.006571412057755515e+04 0.000000000000000000e+00
-5.006454980381149653e+04 0.000000000000000000e+00
-5.006400599823189987e+04 0.000000000000000000e+00
-5.006372299541784741e+04 0.000000000000000000e+00
-5.006260153179473855e+04 0.000000000000000000e+00
-5.006198898193976493e+04 0.000000000000000000e+00
-5.006176764452279895e+04 0.000000000000000000e+00
-5.006041274253040319e+04 0.000000000000000000e+00
-5.006010059458306205e+04 0.000000000000000000e+00
-5.005993297492557758e+04 0.000000000000000000e+00
-5.005951974588738085e+04 0.000000000000000000e+00
-5.005831400201621000e+04 0.000000000000000000e+00
-5.005780131281180365e+04 0.000000000000000000e+00
-5.005761718538807327e+04 0.000000000000000000e+00
-5.005736783709479641e+04 0.000000000000000000e+00
-5.005610701869904005e+04 0.000000000000000000e+00
-5.005567758352934470e+04 0.000000000000000000e+00
-5.005541087345417327e+04 0.000000000000000000e+00
-5.005455849135759490e+04 0.000000000000000000e+00
-5.005433137439660641e+04 0.000000000000000000e+00
-5.005356618712134514e+04 0.000000000000000000e+00
-5.005287211848251172e+04 0.000000000000000000e+00
-5.005228510883294075e+04 0.000000000000000000e+00
-5.005149703605992545e+04 0.000000000000000000e+00
-5.005134512527996412e+04 0.000000000000000000e+00
-5.005115539377899404e+04 0.000000000000000000e+00
-5.004997118992760079e+04 0.000000000000000000e+00
-5.004993218416622403e+04 0.000000000000000000e+00
-5.004937323240956175e+04 0.000000000000000000e+00
-5.004922887773110415e+04 0.000000000000000000e+00
-5.004816680156051734e+04 0.000000000000000000e+00
-5.004805386564656510e+04 0.000000000000000000e+00
-5.004779658882878721e+04 0.000000000000000000e+00
-5.004731956318653101e+04 0.000000000000000000e+00
-5.004707320422345219e+04 0.000000000000000000e+00
-5.004678492585665663e+04 0.000000000000000000e+00
-5.004591530376463197e+04 0.000000000000000000e+00
-5.004566246615240379e+04 0.000000000000000000e+00
-5.004530209015888977e+04 0.000000000000000000e+00
-5.004504837356400094e+04 0.000000000000000000e+00
-5.004450091133009846e+04 0.000000000000000000e+00
-5.004438446304546960e+04 0.000000000000000000e+00
-5.004394187466424773e+04 0.000000000000000000e+00
-5.004385132425885968e+04 0.000000000000000000e+00
-5.004353112189097737e+04 0.000000000000000000e+00
-5.004343305939595302e+04 0.000000000000000000e+00
-5.004330484070639795e+04 0.000000000000000000e+00
-5.004322001681007532e+04 0.000000000000000000e+00
-5.004304010967703653e+04 0.000000000000000000e+00
-5.004231058819634200e+04 0.000000000000000000e+00
-5.004186245781455364e+04 0.000000000000000000e+00
-5.004141373445659701e+04 0.000000000000000000e+00
-5.004138518022270728e+04 0.000000000000000000e+00
-5.004129160771615716e+04 0.000000000000000000e+00
-5.004073212682541634e+04 0.000000000000000000e+00
-5.003993210226319934e+04 0.000000000000000000e+00
-5.003977172376605449e+04 1.510474000633261274e-24
-5.003958553065265733e+04 0.000000000000000000e+00
-5.003929070747718652e+04 0.000000000000000000e+00
-5.003905013650800538e+04 0.000000000000000000e+00
-5.003888765282424720e+04 0.000000000000000000e+00
-5.003822715443981724e+04 0.000000000000000000e+00
-5.003779605762093706e+04 0.000000000000000000e+00
-5.003772802556519309e+04 0.000000000000000000e+00
-5.003754986847112013e+04 0.000000000000000000e+00
-5.003717439526504313e+04 6.750230311524614146e-24
-5.003665730414578138e+04 0.000000000000000000e+00
-5.003615340007204213e+04 1.141857479722443881e-23
-5.003578510695916339e+04 1.735165288998060937e-23
-5.003566019727510866e+04 0.000000000000000000e+00
-5.003529487460463133e+04 0.000000000000000000e+00
-5.003506878153833532e+04 0.000000000000000000e+00
-5.003420101172316936e+04 0.000000000000000000e+00
-5.003359491278074711e+04 1.130060169351251290e-23
-5.003352495993857156e+04 0.000000000000000000e+00
-5.003320442627868033e+04 1.643397543016226058e-24
-5.003300124912775209e+04 2.180642113240233782e-24
-5.003269783375869883e+04 0.000000000000000000e+00
-5.003223277755500021e+04 5.344891459582946099e-23
-5.003211305027760682e+04 3.226507344873127465e-24
-5.003139084482172620e+04 5.466869811861324355e-24
-5.003098471923820762e+04 0.000000000000000000e+00
-5.003068967923519813e+04 0.000000000000000000e+00
-5.003066472005953983e+04 0.000000000000000000e+00
-5.002993209348928940e+04 0.000000000000000000e+00
-5.002965789555128140e+04 0.000000000000000000e+00
-5.002928474830900814e+04 7.264701399234467107e-24
-5.002925853884394019e+04 0.000000000000000000e+00
-5.002898281012226653e+04 4.151142375284744668e-22
-5.002829897696078842e+04 1.025312846385980526e-22
-5.002801332621071197e+04 0.000000000000000000e+00
-5.002779598588332010e+04 0.000000000000000000e+00
-5.002736926460199902e+04 0.000000000000000000e+00
-5.002713009242418775e+04 1.121185660080911630e-22
-5.002683823418814427e+04 0.000000000000000000e+00
-5.002658175077819760e+04 9.502833264088316981e-24
-5.002565991308077355e+04 0.000000000000000000e+00
-5.002531174651548645e+04 3.004135892242604359e-24
-5.002523443626178050e+04 0.000000000000000000e+00
-5.002505860872135963e+04 2.665620130909516635e-22
-5.002500743716773286e+04 1.330653934846547918e-24
-5.002426862631220865e+04 0.000000000000000000e+00
-5.002387119484709547e+04 4.760671627839773472e-23
-5.002353750140830380e+04 3.701023474965373103e-23
-5.002352394102855033e+04 0.000000000000000000e+00
-5.002328421494122449e+04 0.000000000000000000e+00
-5.002288954790827120e+04 2.862734585977982042e-21
-5.002266733749228297e+04 1.253716513106569349e-24
-5.002223860880409484e+04 2.155429525063883402e-24
-5.002199636600782833e+04 3.481602300649883006e-23
-5.002138821950717829e+04 8.529668461381830386e-22
-5.002109560850508569e+04 2.833213740035637802e-21
-5.002094355599849951e+04 2.591049945257760564e-23
-5.002078389838962903e+04 0.000000000000000000e+00
-5.002014648822372692e+04 2.764547483012014936e-22
-5.001993209260743606e+04 6.765098125002566038e-24
-5.001969994925187348e+04 1.911352757519821783e-22
-5.001932811163294537e+04 0.000000000000000000e+00
-5.001925302048814046e+04 1.831370319611844452e-24
-5.001907635716426739e+04 1.479429910144720346e-24
-5.001872898357501253e+04 8.475384655148172675e-24
-5.001868854281192762e+04 3.550648307662933680e-23
-5.001787823109859164e+04 7.220251991199003904e-22
-5.001779597706597997e+04 0.000000000000000000e+00
-5.001775050813961570e+04 3.651922043926081918e-22
-5.001715070625171938e+04 1.488328211289058287e-21
-5.001711801914279931e+04 8.005345388231525576e-21
-5.001701499043907825e+04 5.403971393915609744e-23
-5.001662594941744464e+04 2.124741837489111960e-23
-5.001643373162114585e+04 8.779117644234285376e-24
-5.001632497779772530e+04 5.951890736188515190e-22
-5.001601053288855474e+04 5.502612414645700676e-24
-5.001565986638825416e+04 1.700687017316318082e-21
-5.001515851747808483e+04 1.361986402020326365e-24
-5.001498621672800800e+04 1.043680644013434864e-23
-5.001484671506353334e+04 1.938441121797731769e-21
-5.001454520991382742e+04 4.689843765790583117e-20
-5.001397301987636456e+04 1.120738559275604964e-23
-5.001393599548662314e+04 7.764811270903678479e-21
-5.001352377254168096e+04 1.258191688169451580e-24
-5.001334008817528957e+04 4.783834451066074377e-22
-5.001285613534064032e+04 1.057055754603343996e-20
-5.001253485145579180e+04 0.000000000000000000e+00
-5.001248580446121923e+04 5.349315400547446953e-24
-5.001228246045279229e+04 4.280807601370073773e-22
-5.001219530721966294e+04 1.911943104919500574e-22
-5.001138772710977355e+04 6.662941986644869058e-21
-5.001120749894216715e+04 1.296601046367687841e-23
-5.001089130586927058e+04 2.234367233966370978e-21
-5.001072964257730200e+04 1.996516992822619284e-22
-5.001062418608678854e+04 4.663574443708960098e-21
-5.001032393668973964e+04 9.151908054713704778e-21
-5.000993209251564986e+04 2.214317525141092915e-22
-5.000961802044949582e+04 6.102790435606614400e-22
-5.000958678245594638e+04 8.674076913095856327e-22
-5.000925180015055957e+04 9.535744431512386320e-23
-5.000909267856970109e+04 9.108209069218034163e-24
-5.000861580746380787e+04 4.951977414084690930e-19
-5.000848458758212655e+04 1.779905822764469287e-20
-5.000843260918885062e+04 1.588112980920099161e-21
-5.000835471491138014e+04 2.598641695895917303e-22
-5.000779597603377624e+04 0.000000000000000000e+00
-5.000736831350241118e+04 4.490532786757288608e-23
-5.000711622529974557e+04 2.769657512245645786e-19
-5.000705042224997305e+04 1.596618513991323502e-20
-5.000649320570530108e+04 4.591255171920223091e-22
-5.000647170620365796e+04 1.732228904366262763e-19
-5.000565986022065772e+04 6.153806761226745299e-21
-5.000554721474416874e+04 9.786837818185356739e-23
-5.000549109798637801e+04 0.000000000000000000e+00
-5.000498085041245940e+04 7.847032982272324927e-22
-5.000462559557205532e+04 3.872055439521555028e-22
-5.000439773548949597e+04 2.253800377896970120e-20
-5.000435746034740441e+04 2.145614999469839995e-22
-5.000410199704565457e+04 2.139446695860921835e-20
-5.000352374702508678e+04 4.251434804943676227e-22
-5.000350326788373786e+04 1.090595047391033648e-21
-5.000284639151426381e+04 3.301302012472476102e-18
-5.000281844827470195e+04 1.510135376286715789e-21
-5.000264394972995069e+04 1.764699038496947265e-22
-5.000240675566816935e+04 1.023999308228527559e-21
-5.000217549381637218e+04 1.726513330197315986e-21
-5.000205451817208086e+04 3.720622173543506807e-21
-5.000138764231532696e+04 2.178122587123402847e-18
-5.000108215667318291e+04 2.600199260088898784e-22
-5.000086264272656263e+04 5.454727856340133562e-22
-5.000080430866820825e+04 6.318895757511535612e-22
-5.000071302582912176e+04 2.346389457494432075e-21
-5.000020894701708312e+04 3.206724676359197690e-18
-4.999993209250626387e+04 3.274261007670375888e-20
-4.999940606754883629e+04 1.614137521019819808e-20
-4.999936494986483740e+04 1.477363753539070820e-19
-4.999925156022235024e+04 1.735241902644664121e-21
-4.999871194396695500e+04 1.191766899253065133e-19
-4.999858240629242937e+04 4.941385238638672737e-19
-4.999815228311429382e+04 1.269074268434106342e-21
-4.999799714774024324e+04 1.133994821215508275e-22
-4.999796076110767899e+04 6.671639683224982118e-21
-4.999779597591354104e+04 5.916571717292429352e-22
-4.999766330525537342e+04 2.305289500423954643e-20
-4.999724930734113150e+04 3.045043348321590716e-22
-4.999711552954167564e+04 1.070013894573097963e-17
-4.999666397000019060e+04 9.548708368557041440e-22
-4.999645149927568855e+04 1.974131827155794288e-20
-4.999632639522098907e+04 3.192041915301135009e-22
-4.999610815960088075e+04 7.725028018266390853e-20
-4.999589125751260872e+04 2.819169100382352991e-22
-4.999565985940281826e+04 4.823777834981758345e-18
-4.999510664548313798e+04 7.006702773487010538e-20
-4.999497961271049280e+04 2.778417543742925433e-20
-4.999466812820819905e+04 1.956792158991313973e-19
-4.999457123053417308e+04 6.412718028804853866e-19
-4.999432376224440668e+04 4.266560595847393268e-17
-4.999407341849346994e+04 1.054938333189421998e-20
-4.999380630889672466e+04 3.068137319680234629e-21
-4.999352374328224687e+04 6.734916420723691159e-22
-4.999352023966988781e+04 2.613631956506684810e-23
-4.999332741872830229e+04 1.596879346044661079e-24
-4.999284390345896099e+04 3.596527663691678863e-17
-4.999268054974495317e+04 7.677693945576510488e-21
-4.999230289495627221e+04 1.091145768607270008e-18
-4.999220648160803103e+04 4.361477780912031168e-20
-4.999206212277030863e+04 3.264403373439132221e-18
-4.999143175763840554e+04 8.329521475509180485e-19
-4.999138762845558085e+04 5.430642199533022638e-18
-4.999097378597626812e+04 9.748011338496003217e-22
-4.999070858696975483e+04 1.107630612329594782e-19
-4.999037916995761043e+04 8.599263366950678531e-21
-4.999023806339014118e+04 4.909395059145376254e-21
-4.999009344081646123e+04 8.751971880705755337e-21
-4.998993209250530344e+04 6.472930001677033004e-19
-4.998981903628506552e+04 7.594657879454128169e-21
-4.998925151850513794e+04 2.085541236694567556e-19
-4.998924026072173729e+04 4.482643816603051394e-21
-4.998909227348412969e+04 7.969625992810094296e-21
-4.998857386698910705e+04 4.279927403197157387e-16
-4.998835262582597352e+04 2.857587092763111518e-19
-4.998811443145106750e+04 7.326345423592488681e-19
-4.998800326236776164e+04 7.554827652125864727e-20
-4.998786534010683681e+04 7.720814905853897419e-21
-4.998779597590005142e+04 2.856372451138124295e-21
-4.998711541791797208e+04 6.395862880056615003e-16
-4.998678632369980915e+04 2.506021891658706781e-20
-4.998672296335296414e+04 9.453347243275210433e-22
-4.998644023071380070e+04 4.408292582779979667e-19
-4.998627763940537989e+04 1.214377538172827939e-21
-4.998589132358252391e+04 9.825997304940907823e-17
-4.998578258509104489e+04 1.652261766215957130e-18
-4.998565985930176248e+04 3.861790367091195581e-17
-4.998539259078664327e+04 7.980270970436557722e-22
-4.998513470379596401e+04 7.877869610577846352e-20
-4.998497934323077061e+04 4.033969396552081097e-19
-4.998446333241712273e+04 2.270693145235498676e-20
-4.998431388269793388e+04 8.540006288632290039e-18
-4.998430661168570805e+04 5.107596201614939258e-17
-4.998380925769393798e+04 1.821653486423743568e-19
-4.998364249997592560e+04 4.702345971698124675e-21
-4.998353378494758363e+04 7.640390991422183247e-22
-4.998352374275439070e+04 9.231515632713174965e-19
-4.998297329755331157e+04 8.232820050428068259e-20
-4.998284331590252987e+04 2.820758169537554789e-15
-4.998255574830740807e+04 1.002177075090433757e-20
-4.998224609728749056e+04 9.114963690631504882e-20
-4.998216727038821409e+04 5.642097900017639970e-19
-4.998176121546152717e+04 1.299938477355310448e-17
-4.998153099034519983e+04 5.106242860077845387e-19
-4.998142725235754915e+04 1.347344799354057301e-20
-4.998138762641742505e+04 4.952458597752405385e-15
-4.998070739223189594e+04 5.282156704443897698e-18
-4.998063182511476771e+04 3.486364031734388210e-18
-4.998017311648167379e+04 2.763974702024119046e-17
-4.998004778650798835e+04 1.462534815668698697e-15
-4.998002510760341102e+04 8.624040354460538155e-17
-4.997993209250520886e+04 1.583825954888367140e-16
-4.997965129063553468e+04 1.148663321858492701e-21
-4.997925151078749332e+04 6.307028226989239114e-19
-4.997915521032286779e+04 3.624835630448471973e-22
-4.997857165651884861e+04 3.160836178290712165e-15
-4.997848681668071367e+04 3.971001268129459667e-21
-4.997800586931650469e+04 7.356990624978392395e-19
-4.997792569093027123e+04 2.869590553731313967e-18
-4.997779597589847253e+04 1.551844079476213167e-18
-4.997762259897588956e+04 2.037109946691667782e-17
-4.997725547428672144e+04 2.256777183115573938e-18
-4.997711539708861528e+04 8.841002755455701463e-15
-4.997650558450858080e+04 5.835895714066292458e-20
-4.997644835848550429e+04 2.278125148585508365e-19
-4.997643617571165669e+04 3.930374358882102885e-18
-4.997595977314114862e+04 3.924551438037418827e-19
-4.997580665451948153e+04 2.999694633628566688e-16
-4.997565985928936425e+04 1.283984597605915040e-14
-4.997557920955817826e+04 1.410691533515175403e-19
-4.997539001531308895e+04 2.486552642647881699e-19
-4.997497928852512268e+04 4.925486539849853268e-17
-4.997483485085635766e+04 6.660624605914501540e-21
-4.997430143328519625e+04 2.014652493835808595e-14
-4.997419056180254847e+04 3.942335199305039853e-17
-4.997401353105859016e+04 1.007641504417152392e-18
-4.997369167155684408e+04 9.266079564268817157e-20
-4.997367317202767299e+04 2.505115553147685415e-17
-4.997352374268377753e+04 4.603987741336672753e-20
-4.997317458560923114e+04 5.687292987168145188e-18
-4.997284319125956245e+04 7.805048793880579385e-14
-4.997276271690149588e+04 4.561749489580203596e-21
-4.997264961041221250e+04 2.370971675989136760e-18
-4.997217815959729342e+04 2.172897460888495877e-20
-4.997216717644399614e+04 3.970757600378377351e-17
-4.997196506774056616e+04 3.491644553646093774e-20
-4.997158521425566141e+04 6.071197002030873564e-16
-4.997149793876863987e+04 5.621693971800922210e-20
-4.997138762610484991e+04 7.546823017887122721e-16
-4.997097685914874455e+04 4.804219327026489834e-20
-4.997076852630270150e+04 4.769410137973799655e-20
-4.997070711076504085e+04 1.427035339304953676e-17
-4.997040858597384795e+04 6.214240726063193124e-18
-4.997003422052221140e+04 8.806561042258038488e-15
-4.996993209250516520e+04 1.764208995289319184e-15
-4.996971038052939548e+04 2.060408405778229381e-17
-4.996948745585362485e+04 2.838848197793669283e-18
-4.996925150962937187e+04 3.439554762267929428e-16
-4.996910341057645564e+04 4.126673534112502968e-18
-4.996899203191482229e+04 1.878631139827339233e-18
-4.996857109845196828e+04 2.000542540509259518e-13
-4.996836599798810494e+04 3.203922843306514110e-18
-4.996791700007602776e+04 3.443744656640926493e-21
-4.996790319881942560e+04 4.696748283248356904e-23
-4.996779597589842888e+04 1.619313565174999624e-17
-4.996754391894027503e+04 3.163070443490072508e-19
-4.996740014502785925e+04 7.056142810345124476e-16
-4.996711539347658254e+04 1.151959254148936047e-12
-4.996689261071575311e+04 2.646995265817057818e-20
-4.996643514632050210e+04 5.090549550269094791e-16
-4.996635192478297540e+04 5.164422603140070522e-19
-4.996585883266566816e+04 1.295967914288850685e-16
-4.996577487330004078e+04 1.118463952477981584e-14
-4.996565985928721784e+04 1.887553442134838107e-13
-4.996547542210920801e+04 1.374194373244720886e-16
-4.996532733128529799e+04 4.310222930892010584e-18
-4.996497927819832694e+04 1.081245225177834734e-17
-4.996479722446356027e+04 2.540629451778794304e-19
-4.996429936533817818e+04 2.366215278194829098e-13
-4.996417255075692810e+04 5.404558523519051996e-19
-4.996404643334665161e+04 1.352810723361548033e-17
-4.996379578142296668e+04 2.040990405517047181e-18
-4.996364039341031457e+04 4.619214533404400131e-17
-4.996352374266977858e+04 1.641963064301461107e-15
-4.996327078700504353e+04 3.040100809882090330e-16
-4.996284316502166621e+04 1.299556297802764796e-12
-4.996266545916580799e+04 1.239634071202902215e-18
-4.996258783542976744e+04 5.115339948755918039e-20
-4.996232678161482909e+04 1.774679446762174244e-17
-4.996216383259425493e+04 1.068634773066039784e-17
-4.996152219063869416e+04 1.422504179825805567e-14
-4.996138762603109353e+04 9.646849220683372305e-12
-4.996132854145118472e+04 3.812113242770747703e-18
-4.996125878032986657e+04 2.761162035727544010e-20
-4.996108503292535170e+04 6.250871018878395469e-19
-4.996070705657379585e+04 5.608024187951271428e-15
-4.996066544589738623e+04 2.401573447930659162e-18
-4.996044621425207879e+04 4.007988800531917980e-17
-4.996002871268791932e+04 1.728010264679449788e-13
-4.995993209250506334e+04 7.430945298248746431e-13
-4.995968849725931068e+04 1.599185611610351488e-19
-4.995940616743070132e+04 3.930910028481762572e-17
-4.995925150930518430e+04 1.495731225229109490e-16
-4.995914607085303578e+04 1.137256081924339779e-16
-4.995893123343434127e+04 6.858246301039829979e-21
-4.995859032708544692e+04 5.270892251142952273e-17
-4.995857095781885437e+04 5.389598511310373648e-12
-4.995837063728251087e+04 2.008225371884403915e-17
-4.995789419892729347e+04 7.841427684911807049e-16
-4.995779597589564219e+04 3.681178750303818558e-15
-4.995729108839151013e+04 3.892564759329435315e-15
-4.995719175328530400e+04 5.437291115507076134e-19
-4.995711539225233719e+04 2.949797266803312067e-12
-4.995692065095982980e+04 7.641466762532441130e-20
-4.995672291218477039e+04 3.018165253879576878e-19
-4.995654486272265785e+04 1.226769413295155980e-18
-4.995643487341032596e+04 6.513406922274894033e-16
-4.995627603233607806e+04 4.949830799788037722e-17
-4.995576052079098736e+04 3.083528535716798783e-13
-4.995565985926473513e+04 3.145151490813141559e-11
-4.995518430932916090e+04 1.389042663290685528e-17
-4.995507430037007725e+04 1.918840560637648629e-17
-4.995497927414467995e+04 5.109431275521446018e-14
-4.995491428515070584e+04 4.244916701441327966e-19
-4.995480616265745630e+04 2.165405755281561739e-19
-4.995429882547428133e+04 2.110218256220409585e-12
-4.995426683316022536e+04 1.586872168884286847e-16
-4.995362821771756717e+04 7.157475727710920382e-16
-4.995355499135676655e+04 1.037602714891569730e-16
-4.995352374253799644e+04 6.355876492223499214e-15
-4.995310947130774730e+04 5.858916842724037370e-19
-4.995308483571474062e+04 1.044017722516748669e-15
-4.995284315302261530e+04 1.012704891314903823e-10
-4.995278680963517400e+04 1.489326355279174890e-20
-4.995220692538166622e+04 4.009357266747160734e-17
-4.995216283422343986e+04 1.149874078114683752e-14
-4.995194353023469012e+04 4.433504258548383528e-18
-4.995149794867033779e+04 6.844117986354902406e-14
-4.995138762543709163e+04 7.318313995812383236e-12
-4.995123351760426158e+04 5.680251766805711173e-17
-4.995099550716521480e+04 3.814598771165144962e-18
-4.995074070747129736e+04 7.633457434191266740e-18
-4.995070702411767707e+04 1.878225573304285977e-14
-4.995062139028711681e+04 7.206642896768880947e-21
-4.995002687464049086e+04 6.712564170068453204e-12
-4.994993209250334621e+04 3.919361457719278559e-12
-4.994939707219574484e+04 7.883853371801913063e-17
-4.994935025265126023e+04 9.845959754754007382e-17
-4.994925150702478277e+04 3.701233682045916353e-13
-4.994915464150546177e+04 5.645584073294557605e-20
-4.994899806785270630e+04 8.403128170330197806e-18
-4.994890849845534103e+04 2.366814706631461714e-16
-4.994857087659217359e+04 1.809767015721762750e-11
-4.994847204475700710e+04 2.996999012109930700e-21
-4.994789103412783152e+04 1.326864489501837740e-14
-4.994779597586459568e+04 7.315293513029552891e-14
-4.994764103677366074e+04 7.259436975705984286e-18
-4.994756493477887125e+04 5.691178621389621101e-17
-4.994724254973059578e+04 1.352598617270681233e-14
-4.994711538436702540e+04 1.480542223549162866e-09
-4.994694980292092077e+04 9.310341865986212751e-17
-4.994691043258546415e+04 8.486463338660362269e-18
-4.994681073587219726e+04 1.059190678871869995e-18
-4.994643468714511255e+04 1.538892092285513799e-13
-4.994578706225328642e+04 3.248046189154830708e-18
-4.994575532019749517e+04 1.405167412985165340e-12
-4.994565985895844642e+04 8.042481599907656263e-10
-4.994534577668317797e+04 3.878480312462359904e-18
-4.994518599248100509e+04 1.407674240220364096e-17
-4.994510372361982445e+04 2.466218125607509325e-17
-4.994497924910689471e+04 3.538326874184952490e-13
-4.994479461769227055e+04 7.814262625982369140e-17
-4.994459601132974058e+04 1.190503149846653090e-18
-4.994429840924998280e+04 1.447014947060501431e-10
-4.994366802134925820e+04 1.858603133856235535e-19
-4.994361971349152009e+04 3.076092455878859096e-15
-4.994352374046742625e+04 2.024980858697050274e-12
-4.994305132606470579e+04 1.647511475038468362e-16
-4.994300391596616100e+04 1.746530456725492142e-15
-4.994296695853189885e+04 5.025513777863906267e-16
-4.994284308004261402e+04 5.850110511650408824e-11
-4.994269517643407744e+04 2.533783696162826362e-19
-4.994233221048593987e+04 1.116945606992418335e-16
-4.994216195596643956e+04 2.476441772952964276e-13
-4.994148435600370431e+04 2.450219471740854299e-13
-4.994138761518574029e+04 1.463744127033514002e-08
-4.994134700977365719e+04 2.143000580288507857e-18
-4.994088887314627937e+04 7.065596493471554854e-18
-4.994070818939505989e+04 1.276968707208947125e-19
-4.994070682918460807e+04 1.828062888454840510e-12
-4.994061024425282085e+04 4.748836276796874887e-20
-4.994045416391068284e+04 9.347495684272438541e-17
-4.994002516819773882e+04 3.069977871280793489e-11
-4.993993209238312556e+04 4.923858797157350422e-09
-4.993955178705782600e+04 3.542306678534173386e-18
-4.993934923742346291e+04 4.957057410842516466e-16
-4.993925146756607137e+04 4.552368714334207559e-12
-4.993887134936956136e+04 6.230428809758764092e-18
-4.993876441757343127e+04 2.410255942842916833e-15
-4.993867080383388384e+04 2.286266623492633796e-18
-4.993857039852656453e+04 3.037078103367506284e-09
-4.993788779699713632e+04 5.757317861140366273e-14
-4.993779597444896353e+04 6.453319153483012925e-12
-4.993773194947141747e+04 1.561468905031387419e-18
-4.993736267319817125e+04 1.014894005012284614e-15
-4.993720964651875693e+04 3.535506078875144905e-14
-4.993713837865077949e+04 1.618918511811639883e-17
-4.993711525935161626e+04 3.072516088276132245e-10
-4.993665629287376942e+04 7.364175804542068291e-18
-4.993664648822058371e+04 2.661780240578907206e-17
-4.993643360501372081e+04 4.500284456784052353e-12
-4.993625514299475617e+04 1.635817954543253960e-19
-4.993574943943563267e+04 4.831949933240915879e-12
-4.993567809102004685e+04 3.925047878016393251e-19
-4.993565985065256245e+04 6.499898294408330835e-08
-4.993534642190470186e+04 2.059097652527437875e-19
-4.993507504506772966e+04 1.285209096064329307e-16
-4.993497890709398780e+04 1.878727570985486002e-11
-4.993481728760044643e+04 2.014391348700849184e-19
-4.993474518832426838e+04 1.964819303394410912e-16
-4.993446200218931335e+04 1.363139757777453270e-16
-4.993436918993888685e+04 1.787973525997160710e-15
-4.993429613310945570e+04 7.138532693965785250e-10
-4.993360951003302034e+04 8.283726735984846301e-15
-4.993352370606619661e+04 3.861822266471842987e-11
-4.993351060368602339e+04 4.440405185258347150e-17
-4.993294847296841181e+04 8.311126912353244442e-17
-4.993293773103498097e+04 1.228447695377878382e-13
-4.993284224308092962e+04 6.041834577990968857e-08
-4.993237844661939744e+04 1.937445370613352253e-19
-4.993215747781416576e+04 1.119168287526810454e-12
-4.993178915819342365e+04 5.016390264765444020e-17
-4.993172692777579505e+04 1.100763837935692106e-16
-4.993153224007743120e+04 8.065573576382286625e-16
-4.993146714089075977e+04 6.758699790413646719e-13
-4.993138749456390360e+04 7.246004686135335918e-08
-4.993079841119749472e+04 1.745138760749293240e-16
-4.993070495390520955e+04 7.784365485809505542e-11
-4.993030466349350172e+04 5.083177816729072092e-17
-4.993001688585715601e+04 9.429970390913191925e-11
-4.992994968845597032e+04 3.118362839420915681e-15
-4.992993209081180248e+04 1.219985215902554145e-08
-4.992982520952342020e+04 4.184314643569285376e-16
-4.992972784636166034e+04 1.760510201898409889e-17
-4.992932142310362542e+04 2.022889170556211400e-15
-4.992925108282836300e+04 1.674754020938373540e-10
-4.992867074124654755e+04 1.691187318844652722e-14
-4.992856649618056690e+04 1.781332567483644945e-08
-4.992829217676044209e+04 2.117994515795795144e-16
-4.992828252245990006e+04 1.025200638654164303e-15
-4.992806220754457900e+04 8.689521729922976160e-19
-4.992787329426492215e+04 1.425616396240929688e-13
-4.992779595168193191e+04 2.356939614063858682e-10
-4.992717132526369824e+04 4.651407468010495505e-12
-4.992711414700705791e+04 1.087767022953248764e-06
-4.992684582145292370e+04 6.298426633061531395e-16
-4.992657333935859060e+04 1.226925671423643955e-16
-4.992642599846378289e+04 2.214594134277050972e-11
-4.992637123005236208e+04 6.909092050518591879e-17
-4.992620643753549666e+04 4.123881194480272607e-18
-4.992590827874618117e+04 5.088548985224626179e-15
-4.992572533543019381e+04 2.433588029999572200e-11
-4.992565968717965734e+04 2.278724545457941887e-06
-4.992534219397418201e+04 3.955742009806665619e-17
-4.992503303730624611e+04 7.064838777253046758e-16
-4.992499559055967984e+04 1.124097576303141956e-14
-4.992497603287753009e+04 1.240436690956251858e-09
-4.992435483098494296e+04 6.476627530836522915e-14
-4.992434180917639605e+04 6.870162797759841597e-16
-4.992428217202880478e+04 1.742123910438118924e-09
-4.992388387386410614e+04 6.678890311051553696e-18
-4.992378962848520314e+04 1.477385704330811840e-18
-4.992357135837842361e+04 1.580576982038491254e-14
-4.992352348144566349e+04 4.387945183641657047e-17
-4.992352296960532112e+04 1.488505029501199388e-09
-4.992285087014873716e+04 1.185267612443093298e-11
-4.992283560501238389e+04 4.827658468670291125e-07
-4.992269620539220341e+04 8.787092206234335553e-14
-4.992222042918177613e+04 1.186872536812928414e-15
-4.992213326410729496e+04 2.474314561883395412e-12
-4.992188147716917592e+04 2.189746113539301508e-17
-4.992140962428983767e+04 7.130004601287214790e-11
-4.992138511273098993e+04 1.610988229230520232e-05
-4.992114573764317902e+04 9.940595496238931169e-16
-4.992087909122451674e+04 1.102324611828267994e-16
-4.992069113931914762e+04 4.623877204020999609e-10
-4.992067527195333241e+04 2.504214033473895165e-13
-4.992044834221579367e+04 3.988209560941409343e-14
-4.991997713107992604e+04 6.969803588714335021e-10
-4.991993201561423484e+04 3.217803175075748996e-06
-4.991977796608367498e+04 1.157689242411461034e-15
-4.991943249798843317e+04 7.061855551554725083e-16
-4.991924497513536335e+04 1.688839963917973768e-08
-4.991924353425823210e+04 3.165075654012492733e-10
-4.991923257348641346e+04 4.651685069759208940e-12
-4.991854025442025159e+04 3.501075376831265551e-08
-4.991848983236598724e+04 1.093018439139636308e-11
-4.991848122944214265e+04 2.947169312137288328e-13
-4.991781124575693684e+04 8.523833678730697987e-15
-4.991779546169931564e+04 1.911566719786129512e-08
-4.991768425716890488e+04 4.451642977704465006e-16
-4.991744823057470057e+04 2.543176344123178410e-14
-4.991736525714643358e+04 6.923930253589977697e-13
-4.991710060746241652e+04 1.412923922798568066e-05
-4.991705251220118225e+04 3.132180634931570521e-09
-4.991638004763940262e+04 4.918662877145967678e-11
-4.991629277764203289e+04 2.637024369994326912e-15
-4.991625678478742338e+04 5.625269095607705941e-14
-4.991565790431646747e+04 1.442134216168756316e-04
-4.991565183708762925e+04 2.095417296006086786e-09
-4.991563282265740418e+04 1.226657981480563794e-08
-4.991539227348769782e+04 1.129218999048045030e-16
-4.991509184088781331e+04 2.224398771445324445e-13
-4.991494933702845447e+04 9.422538228185225900e-09
-4.991485549565323890e+04 1.718109136370289331e-12
-4.991454988232024334e+04 4.966498140568265658e-14
-4.991435153193466249e+04 1.899160515874180340e-15
-4.991420726503188052e+04 1.988251168877745364e-08
-4.991406203774968162e+04 2.958500171276153310e-12
-4.991369478904456628e+04 4.245840610048614215e-16
-4.991351732812119008e+04 1.865514423084364360e-07
-4.991343987745175400e+04 1.089979258593009463e-11
-4.991306157034848002e+04 4.053027272243050326e-13
-4.991289802621900162e+04 2.338854087749981132e-15
-4.991278749807000713e+04 6.253560867595845502e-07
-4.991267167795600108e+04 6.169559174896273394e-12
-4.991263796013895626e+04 7.795302024347199069e-11
-4.991201868224230566e+04 2.447466333159051644e-12
-4.991188950984778057e+04 6.877684728004153614e-14
-4.991183364391040232e+04 4.028251290591389787e-15
-4.991136888248729520e+04 4.532256076576130551e-04
-4.991122935297179356e+04 3.382928287720125844e-08
-4.991107008360759937e+04 1.866589365822706025e-13
-4.991061084104683687e+04 6.502175831456567464e-10
-4.991042766114169353e+04 1.672013622278208626e-14
-4.991040918037257507e+04 7.995371742530666646e-14
-4.990993898376632569e+04 1.328621100579234391e-11
-4.990992976609186735e+04 7.072197510364171962e-06
-4.990982240224917769e+04 5.626962483750224787e-09
-4.990980837993074238e+04 2.230252317831746348e-08
-4.990930222841040086e+04 2.026623378996168691e-13
-4.990920544998697005e+04 2.053810680635802912e-07
-4.990900032085831481e+04 1.935859696328657989e-11
-4.990878663268878881e+04 7.508975218615555327e-14
-4.990844840540059522e+04 2.475651228465939433e-12
-4.990841502406336804e+04 2.421840955565617324e-07
-4.990816675444793509e+04 4.220783302749099709e-11
-4.990781648830198537e+04 1.301050992658648740e-13
-4.990778080375568243e+04 1.160240819285328843e-06
-4.990758249498147052e+04 5.810339841801426393e-11
-4.990719746215281339e+04 9.332395506471277305e-14
-4.990701908139342413e+04 2.103598233526887519e-05
-4.990675381906503026e+04 1.117681125338150564e-09
-4.990661051752483763e+04 2.076565525904651876e-14
-4.990642263291796553e+04 2.004448259318921669e-11
-4.990619621126836864e+04 7.832409357814668166e-11
-4.990590341334346886e+04 1.166135006680434602e-11
-4.990560555697903328e+04 1.722405607925385149e-02
-4.990533207209497050e+04 3.609918598977534113e-07
-4.990529718071396928e+04 1.210999532360310155e-08
-4.990485596335173614e+04 2.094453353753977357e-10
-4.990480269756561029e+04 1.940895228857076769e-08
-4.990448848749071476e+04 3.114152486391774834e-11
-4.990432480906527780e+04 3.639873677918961872e-13
-4.990428536667056323e+04 4.310422275700616955e-11
-4.990395148317415442e+04 5.215579180393689642e-07
-4.990360512794365786e+04 1.836561381998011611e-09
-4.990352600378850184e+04 3.867022829863908749e-11
-4.990339608239565132e+04 3.681879159890979722e-06
-4.990328783790414309e+04 6.756777932271951385e-13
-4.990305563129640359e+04 2.813866724178747288e-10
-4.990278886760046589e+04 8.846922917324108139e-13
-4.990255126838309661e+04 1.099629187996020157e-05
-4.990221832817561517e+04 1.392943923795088229e-08
-4.990210654035275365e+04 5.399253573036884766e-09
-4.990201250796696695e+04 1.098554111647376102e-11
-4.990167906203087477e+04 1.816288418686653013e-09
-4.990155817035822110e+04 8.353093432913018213e-13
-4.990128480226091051e+04 9.828558884455190615e-12
-4.990114386599606223e+04 1.267617354459949310e-04
-4.990092626626319543e+04 8.609843756581448144e-10
-4.990075409885438421e+04 5.662834034037066183e-07
-4.990026207598494511e+04 3.091382141127831323e-07
-4.990013440476107644e+04 1.123856858847230662e-10
-4.989989598688724072e+04 9.816991632090196207e-01
-4.989986862804089469e+04 1.010204687361186987e-07
-4.989937815866505844e+04 9.038843259112653769e-06
-4.989931911074589880e+04 5.239105043299127513e-10
-4.989911608753143810e+04 1.664805132768929799e-08
-4.989885672214038641e+04 3.317361108425773645e-10
-4.989884322655586584e+04 1.328507735695024168e-07
-4.989855667422551051e+04 5.134343194166698188e-10
-4.989842983212771651e+04 7.142652836322209439e-11
-4.989793429046979145e+04 1.330051642225994386e-05
-4.989782475861587591e+04 9.288661248278289979e-10
-4.989769705262527714e+04 6.433184758453678112e-05
-4.989754363209148869e+04 5.616528990753795309e-09
-4.989720517443725839e+04 5.895696133176022604e-13
-4.989704851662426518e+04 4.947324278815865179e-09
-4.989698621518690197e+04 2.189196257918524089e-11
-4.989649206158783636e+04 9.960422683715258101e-05
-4.989644455298878165e+04 2.673963067292417129e-11
-4.989608106875304657e+04 2.781334731947922794e-09
-4.989556842393789702e+04 6.828656235524919047e-09
-4.989553763202090340e+04 2.100744353283104852e-11
-4.989537255973888387e+04 6.560928791717849076e-07
-4.989527884424829244e+04 3.567076023024265123e-11
-4.989519562346686871e+04 1.297537074441080674e-11
-4.989469067046650162e+04 5.433008590693022012e-09
-4.989409128334483103e+04 4.143348919553013594e-08
-4.989396210794958461e+04 1.993205167645471463e-10
-4.989370762274345907e+04 5.377027837984773403e-13
-4.989351849002311064e+04 3.302617584271243113e-11
-4.989316574681155907e+04 1.266010303352154192e-07
-4.989308871229401120e+04 1.712278582419746638e-11
-4.989300086407366325e+04 6.811319275973707990e-13
-4.989294696613263659e+04 4.323390584584290042e-08
-4.989280386888451903e+04 4.504959668203538452e-10
-4.989230540170027234e+04 5.401785685668905743e-13
-4.989211267788190889e+04 1.771297369536481984e-12
-4.989174261031900824e+04 2.344733989161657748e-12
-4.989164395697036525e+04 8.256351403977698213e-07
-4.989135995697027829e+04 1.820682628428274054e-12
-4.989131317163802305e+04 4.946935201381270442e-09
-4.989094007213853911e+04 1.186839136996211999e-09
-4.989073039844031155e+04 2.525954513892304141e-09
-4.989069510208356223e+04 3.276822086460661939e-10
-4.989044107246274507e+04 7.908467989999152180e-05
-4.989039192127307615e+04 3.998829943535924434e-10
-4.988998397320145159e+04 9.510857267980472306e-11
-4.988989326961564802e+04 1.376804958623793264e-07
-4.988957784400449600e+04 1.322695427420225557e-10
-4.988915448088356061e+04 1.687521496885842507e-11
-4.988895644405187340e+04 3.846900138304928601e-13
-4.988888684823648509e+04 1.460642192635018598e-14
-4.988826215350719576e+04 8.570414054487878783e-08
-4.988809149143903051e+04 1.369731610980213700e-09
-4.988787190432980424e+04 1.901639876882916876e-08
-4.988780102043421357e+04 1.397387359510664039e-12
-4.988745685076502559e+04 1.265840983922928784e-10
-4.988741179636456218e+04 2.102254464427389397e-12
-4.988715004611808399e+04 1.105180570744385678e-11
-4.988662892042438034e+04 1.339934580077338554e-07
-4.988649683610293141e+04 4.246032502424558233e-09
-4.988637765997502720e+04 8.746002665268066667e-10
-4.988580796043295413e+04 1.546036724000307752e-11
-4.988572580120744533e+04 2.031885861286357387e-11
-4.988553121420949901e+04 5.909483083679518799e-16
-4.988525442431220290e+04 3.332432243536685951e-08
-4.988501113108533900e+04 1.692169158283615949e-11
-4.988499044274768676e+04 6.753050783246872421e-10
-4.988409702779513464e+04 1.436091731376156052e-11
-4.988407127188743470e+04 6.609048446404317598e-11
-4.988396868996103876e+04 2.007993292098146219e-11
-4.988392912632945081e+04 8.078064025767787504e-12
-4.988322785603196826e+04 6.799675649627310563e-10
-4.988261407877807505e+04 2.866030279950708090e-12
-4.988250334484647465e+04 2.408941310530575033e-12
-4.988248630924113968e+04 7.748841288457458191e-13
-4.988166015325472108e+04 5.067063207643448594e-15
-4.988151364677842503e+04 1.236335168046950353e-09
-4.988142433668389276e+04 1.084459257365579270e-09
-4.988133035808529530e+04 1.566413683674276838e-12
-4.988096724888877361e+04 1.111953234566165613e-14
-4.988067750879263622e+04 5.623464889385095084e-13
-4.988031280620071630e+04 3.669828739928258242e-11
-4.988008084097950632e+04 1.214404761955152365e-11
-4.988003036193265871e+04 4.909167554474727781e-09
-4.987985766621707444e+04 2.567011663007651374e-08
-4.987945582026605553e+04 1.428926088094788959e-11
-4.987909527832121239e+04 1.508033115677654793e-14
-4.987894888394987356e+04 9.659309564696475164e-15
-4.987881969913082139e+04 1.278967085684079341e-13
-4.987859969572351838e+04 1.532819961612219422e-15
-4.987810121619368874e+04 3.193099917406955789e-10
-4.987801861701787129e+04 1.299952471023401042e-12
-4.987761220989276626e+04 1.364144149614465227e-12
-4.987751939801008120e+04 4.869484101560253589e-13
-4.987737170137687644e+04 1.494587456543406519e-13
-4.987714484714467835e+04 1.214645611995346651e-11
-4.987649267375109048e+04 5.010947871482020398e-12
-4.987618311342279048e+04 1.379875981084738574e-10
-4.987560676229363889e+04 1.312723843258138972e-13
-4.987551541060503223e+04 1.866720572692921505e-13
-4.987526506119878468e+04 1.699849165091975062e-14
-4.987497305816532025e+04 5.164417474646673191e-12
-4.987484271842354792e+04 9.897066908856916837e-14
-4.987440561845573393e+04 8.858131145586358483e-11
-4.987428868356640305e+04 2.092971605047909908e-12
-4.987401112915919657e+04 2.204746032250763840e-15
-4.987352047298959224e+04 1.399168670385097291e-13
-4.987324426697953459e+04 3.182449290133610557e-15
-4.987290471663612698e+04 4.982005962381488793e-12
-4.987256192513678980e+04 4.485554186362397219e-15
-4.987240261337655102e+04 2.147478572738528464e-15
-4.987219473666670820e+04 6.720495779587534823e-15
-4.987188492438819958e+04 1.945417730273532224e-18
-4.987163806752827077e+04 3.180367163293044792e-15
-4.987085099381217879e+04 5.580415560399869636e-12
-4.987041764748842252e+04 8.230991146410176603e-14
-4.987030165380388644e+04 7.171143650054957318e-16
-4.986979729466191930e+04 2.768465757298720260e-14
-4.986978967585528153e+04 3.225726522122382908e-14
-4.986887064848105365e+04 1.485047677731342758e-11
-4.986844212905586028e+04 4.083459358961047180e-13
-4.986822072191793995e+04 1.018653196663879929e-14
-4.986816338672365237e+04 4.976607115234153588e-15
-4.986791719937154994e+04 1.497324252933791332e-13
-4.986786517615766934e+04 6.218377405646531768e-17
-4.986755398314326158e+04 7.055069413041102754e-13
-4.986726067473898001e+04 8.810680984975115029e-14
-4.986718114773182606e+04 1.910260695246430805e-17
-4.986612291533481039e+04 5.431189820112494561e-15
-4.986600542113595293e+04 3.806466199921965483e-15
-4.986572578054758924e+04 5.617153195222085832e-17
-4.986550915739985066e+04 6.047512386401696043e-19
-4.986542943808597920e+04 1.024705381976622726e-13
-4.986508810417912173e+04 2.735436630542772736e-17
-4.986490172705127770e+04 1.054516699842948116e-14
-4.986477800981759356e+04 1.176805345366656027e-16
-4.986437616112084652e+04 5.614104132034341619e-15
-4.986330055397457909e+04 1.296099759538425436e-13
-4.986272177239532903e+04 1.833530157825370125e-16
-4.986246940846652433e+04 7.817559317620880699e-17
-4.986237942384541384e+04 9.272443878712809100e-15
-4.986233708238819963e+04 2.144771785828661320e-14
-4.986184743839797011e+04 5.010857034313310859e-15
-4.986173707016828121e+04 3.207076816779874243e-17
-4.986137490117690322e+04 1.063456120186758344e-16
-4.986052423212595022e+04 1.777225607997641541e-17
-4.986012268257032702e+04 2.390349028407389285e-15
-4.986006271353460033e+04 3.702346931021853006e-15
-4.985971458158582391e+04 4.055092946549578952e-16
-4.985969740681102849e+04 4.973776063919366319e-15
-4.985926094225038105e+04 6.992555851050047558e-19
-4.985901956698973663e+04 3.975698433581023242e-21
-4.985805057553591178e+04 6.718100660137351753e-17
-4.985773011209962715e+04 6.493329389107647107e-15
-4.985748954829227296e+04 2.300070664526894460e-19
-4.985700868188482127e+04 1.773485002362239902e-17
-4.985677715197810903e+04 2.680334449990380135e-15
-4.985534231915829878e+04 4.130089426789799711e-18
-4.985530271223108139e+04 1.316673047745330950e-18
-4.985496927998706815e+04 3.513514657520752888e-18
-4.985467245200483740e+04 1.319453908072210380e-17
-4.985428129169267049e+04 4.126485469428333976e-17
-4.985424211503536208e+04 1.995470358324235344e-18
-4.985414944088703487e+04 6.173287265084187413e-18
-4.985402824080420396e+04 3.912676761025966048e-18
-4.985274142124158971e+04 3.048332902054159166e-22
-4.985217772648004757e+04 5.447265627699708044e-18
-4.985207167171731999e+04 1.150102690286898112e-16
-4.985196824438156909e+04 2.092308427399309311e-17
-4.985170290533860680e+04 5.279166092634742272e-21
-4.985164480268624175e+04 5.836333717193793399e-21
-4.985148320676093863e+04 8.341466943285260399e-20
-4.985098242541582295e+04 9.300610741368735588e-17
-4.984933291053652647e+04 1.483663098636428045e-20
-4.984914554927071731e+04 1.051325771357628316e-21
-4.984886784230510239e+04 2.073988551111840459e-17
-4.984818874540067191e+04 1.020813235068548517e-18
-4.984817104771806771e+04 6.639108705727209451e-19
-4.984802398072791402e+04 6.860934051226758853e-21
-4.984698458270685660e+04 6.105040350465628317e-19
-4.984666627317903476e+04 1.605610420557577630e-19
-4.984610496201370552e+04 1.774738416850946061e-20
-4.984568355641930975e+04 3.909262042941919684e-18
-4.984551972596791165e+04 1.080079868291366048e-20
-4.984543072612990363e+04 2.085957697726919446e-21
-4.984454030270507064e+04 5.228406181174577201e-21
-4.984448080568735168e+04 7.128607303522033160e-20
-4.984395796173880808e+04 1.374534211050308542e-22
-4.984317028806494636e+04 3.508918270435438243e-21
-4.984287837520873290e+04 5.963391944156558339e-21
-4.984178567832147382e+04 0.000000000000000000e+00
-4.984159177530357556e+04 2.004236684168851871e-20
-4.984090664843297418e+04 2.625558243528917821e-21
-4.984036568768390134e+04 3.323421968125166025e-23
-4.983992850073081354e+04 2.699731323334972848e-19
-4.983949314978431357e+04 6.444130975380623518e-22
-4.983936602861712163e+04 9.958581950528638208e-22
-4.983888379139418248e+04 7.647041795859732204e-23
-4.983819007625199447e+04 9.406786812746868601e-23
-4.983762399597723561e+04 4.999069547880456702e-21
-4.983736657181246846e+04 3.166534385614827273e-20
-4.983705390843624627e+04 1.203475072708893048e-22
-4.983681982403698930e+04 0.000000000000000000e+00
-4.983668107582543598e+04 1.070652751449869100e-24
-4.983480788223462878e+04 1.732281424672957113e-21
-4.983476299161637871e+04 3.893065312540537387e-22
-4.983450961254919821e+04 4.482195987586175753e-23
-4.983395438133519201e+04 6.216133609202892474e-22
-4.983299662438382074e+04 1.669509896054241675e-23
-4.983202378685604344e+04 4.801051670064615108e-24
-4.983193907598096121e+04 4.105547586977822746e-24
-4.983120321877046081e+04 1.958156652787535561e-24
-4.983076438074679754e+04 1.638004843332807132e-23
-4.983022130107416888e+04 0.000000000000000000e+00
-4.982986350278578902e+04 1.948742087434028998e-23
-4.982924037209140079e+04 0.000000000000000000e+00
-4.982829703063584020e+04 2.957111673754972889e-22
-4.982781312187692674e+04 0.000000000000000000e+00
-4.982716808945092635e+04 0.000000000000000000e+00
-4.982633904871029517e+04 7.624895116160467768e-23
-4.982575103789663262e+04 3.244550942555382418e-24
-4.982545498572132055e+04 0.000000000000000000e+00
-4.982368593601840257e+04 0.000000000000000000e+00
-4.982349086079889094e+04 0.000000000000000000e+00
-4.982320253337723261e+04 0.000000000000000000e+00
-4.982290946790610178e+04 0.000000000000000000e+00
-4.982276323058007983e+04 0.000000000000000000e+00
-4.982189933846647182e+04 0.000000000000000000e+00
-4.982071513769526791e+04 0.000000000000000000e+00
-4.982036245191630587e+04 0.000000000000000000e+00
-4.981992854289530078e+04 0.000000000000000000e+00
-4.981898103522771271e+04 0.000000000000000000e+00
-4.981867401657161099e+04 0.000000000000000000e+00
-4.981771788401168305e+04 0.000000000000000000e+00
-4.981584481069890899e+04 0.000000000000000000e+00
-4.981569844779550476e+04 0.000000000000000000e+00
-4.981545474201183242e+04 0.000000000000000000e+00
-4.981483031982195098e+04 0.000000000000000000e+00
-4.981295382014436473e+04 0.000000000000000000e+00
-4.981248316128696024e+04 0.000000000000000000e+00
-4.981195939059805823e+04 0.000000000000000000e+00
-4.981105920904684899e+04 0.000000000000000000e+00
-4.980899390576640144e+04 0.000000000000000000e+00
-4.980808894132926071e+04 0.000000000000000000e+00
-4.980762147259680205e+04 0.000000000000000000e+00
-4.980636008631998266e+04 0.000000000000000000e+00
-4.980553959005030629e+04 0.000000000000000000e+00
-4.980475675639056863e+04 0.000000000000000000e+00
-4.980449666171603167e+04 0.000000000000000000e+00
-4.980330720660947554e+04 0.000000000000000000e+00
-4.980267958138617541e+04 0.000000000000000000e+00
-4.980256732832404668e+04 0.000000000000000000e+00
-4.980149114351485332e+04 0.000000000000000000e+00
-4.979964854862579523e+04 0.000000000000000000e+00
-4.979887751976716390e+04 0.000000000000000000e+00
-4.979706389917479100e+04 0.000000000000000000e+00
-4.979579498274696380e+04 0.000000000000000000e+00
-4.979509014384449256e+04 0.000000000000000000e+00
-4.979400804842517391e+04 0.000000000000000000e+00
-4.979198828245970071e+04 0.000000000000000000e+00
-4.979067782144299417e+04 0.000000000000000000e+00
-4.978754315846979443e+04 0.000000000000000000e+00
-4.978727822494551219e+04 0.000000000000000000e+00
-4.978510724988025322e+04 0.000000000000000000e+00
-4.978421876226732275e+04 0.000000000000000000e+00
-4.978407906011283194e+04 0.000000000000000000e+00
-4.978195847609269549e+04 0.000000000000000000e+00
-4.978095742357578274e+04 0.000000000000000000e+00
-4.977804522322066623e+04 0.000000000000000000e+00
-4.977727364910163305e+04 0.000000000000000000e+00
-4.977487131731314730e+04 0.000000000000000000e+00
-4.977406483724864665e+04 0.000000000000000000e+00
-4.976314997931229300e+04 0.000000000000000000e+00
-4.976266675548157218e+04 0.000000000000000000e+00
-4.975983112294408056e+04 0.000000000000000000e+00
-4.975935217743850080e+04 0.000000000000000000e+00
4.991995259021241509e+04 0.000000000000000000e+00
4.992184251729993412e+04 0.000000000000000000e+00
4.992210667192331312e+04 0.000000000000000000e+00
4.992212505024844722e+04 0.000000000000000000e+00
4.992265728166090412e+04 0.000000000000000000e+00
4.992267525245281286e+04 0.000000000000000000e+00
4.992353971934509173e+04 0.000000000000000000e+00
4.992503111278717552e+04 0.000000000000000000e+00
4.992630619674614718e+04 0.000000000000000000e+00
4.992703177114835125e+04 0.000000000000000000e+00
4.992704979169415310e+04 0.000000000000000000e+00
4.992737010925518553e+04 0.000000000000000000e+00
4.992743135748982604e+04 0.000000000000000000e+00
4.992746226871335239e+04 0.000000000000000000e+00
4.992822410283162753e+04 0.000000000000000000e+00
4.992877300613317493e+04 0.000000000000000000e+00
4.992927099328940676e+04 0.000000000000000000e+00
4.992952919140285667e+04 0.000000000000000000e+00
4.993003131896981358e+04 0.000000000000000000e+00
4.993008245662538684e+04 0.000000000000000000e+00
4.993034062156357686e+04 0.000000000000000000e+00
4.993109713949595607e+04 0.000000000000000000e+00
4.993149679548361019e+04 0.000000000000000000e+00
4.993218327510411473e+04 0.000000000000000000e+00
4.993237954359885043e+04 0.000000000000000000e+00
4.993283194793611619e+04 0.000000000000000000e+00
4.993384553758969560e+04 0.000000000000000000e+00
4.993430215393340768e+04 0.000000000000000000e+00
4.993436248195299413e+04 0.000000000000000000e+00
4.993553705253760563e+04 0.000000000000000000e+00
4.993608084289707040e+04 0.000000000000000000e+00
4.993632385189126944e+04 0.000000000000000000e+00
4.993748807578202832e+04 0.000000000000000000e+00
4.993810023273275146e+04 0.000000000000000000e+00
4.993829001083446201e+04 0.000000000000000000e+00
4.993967565086624381e+04 0.000000000000000000e+00
4.993997770767491602e+04 0.000000000000000000e+00
4.994007491981260682e+04 0.000000000000000000e+00
4.994055694225976913e+04 0.000000000000000000e+00
4.994177069955119805e+04 0.000000000000000000e+00
4.994222222285776661e+04 0.000000000000000000e+00
4.994246490722291492e+04 0.000000000000000000e+00
4.994272405856198748e+04 0.000000000000000000e+00
4.994397671652182180e+04 0.000000000000000000e+00
4.994436120270779065e+04 0.000000000000000000e+00
4.994468358527338569e+04 0.000000000000000000e+00
4.994553377700111741e+04 0.000000000000000000e+00
4.994575946248217952e+04 0.000000000000000000e+00
4.994648709414120094e+04 0.000000000000000000e+00
4.994722730472265539e+04 0.000000000000000000e+00
4.994781545476495376e+04 0.000000000000000000e+00
4.994857267780974507e+04 0.000000000000000000e+00
4.994875354902355321e+04 0.000000000000000000e+00
4.994894423093572550e+04 0.000000000000000000e+00
4.995007576905603491e+04 0.000000000000000000e+00
4.995014150354125013e+04 0.000000000000000000e+00
4.995070736545776890e+04 0.000000000000000000e+00
4.995089384409687773e+04 0.000000000000000000e+00
4.995195652837959642e+04 0.000000000000000000e+00
4.995205324752482557e+04 0.000000000000000000e+00
4.995222724616454798e+04 0.000000000000000000e+00
4.995277169689667789e+04 0.000000000000000000e+00
4.995303886284065811e+04 0.000000000000000000e+00
4.995336403670326399e+04 0.000000000000000000e+00
4.995424238086491096e+04 0.000000000000000000e+00
4.995437713424298272e+04 0.000000000000000000e+00
4.995480588504421758e+04 0.000000000000000000e+00
4.995513290515407425e+04 0.000000000000000000e+00
4.995569120277745242e+04 0.000000000000000000e+00
4.995577997723535373e+04 0.000000000000000000e+00
4.995626437314345822e+04 0.000000000000000000e+00
4.995635178479355818e+04 0.000000000000000000e+00
4.995652452264917520e+04 0.000000000000000000e+00
4.995676567279475421e+04 0.000000000000000000e+00
4.995686622350194375e+04 0.000000000000000000e+00
4.995693741958555620e+04 0.000000000000000000e+00
4.995717247726987989e+04 0.000000000000000000e+00
4.995789848497880303e+04 0.000000000000000000e+00
4.995832833761991787e+04 0.000000000000000000e+00
4.995866489874609397e+04 0.000000000000000000e+00
4.995877655109115585e+04 0.000000000000000000e+00
4.995888634074010042e+04 0.000000000000000000e+00
4.995947495006328973e+04 0.000000000000000000e+00
4.996007585774817562e+04 0.000000000000000000e+00
4.996039307595300488e+04 0.000000000000000000e+00
4.996058857561080367e+04 0.000000000000000000e+00
4.996079614211249282e+04 0.000000000000000000e+00
4.996115027890641795e+04 0.000000000000000000e+00
4.996127415641071275e+04 0.000000000000000000e+00
4.996191228120205051e+04 0.000000000000000000e+00
4.996222781147797650e+04 0.000000000000000000e+00
4.996243983210161241e+04 0.000000000000000000e+00
4.996262622533481044e+04 0.000000000000000000e+00
4.996292669795899565e+04 0.000000000000000000e+00
4.996350319715259684e+04 0.000000000000000000e+00
4.996403713598964532e+04 0.000000000000000000e+00
4.996437852383466088e+04 0.000000000000000000e+00
4.996438424208875222e+04 0.000000000000000000e+00
4.996490460944882216e+04 0.000000000000000000e+00
4.996505515476170694e+04 0.000000000000000000e+00
4.996595348776319588e+04 0.000000000000000000e+00
4.996653062904160470e+04 0.000000000000000000e+00
4.996661732634489454e+04 0.000000000000000000e+00
4.996692860373603617e+04 0.000000000000000000e+00
4.996712462350755959e+04 0.000000000000000000e+00
4.996751773160528683e+04 0.000000000000000000e+00
4.996791803587019967e+04 0.000000000000000000e+00
4.996801669107867929e+04 0.000000000000000000e+00
4.996868048222071957e+04 0.000000000000000000e+00
4.996915587343299558e+04 0.000000000000000000e+00
4.996947127373507828e+04 0.000000000000000000e+00
4.996953886260840954e+04 0.000000000000000000e+00
4.997007586728819297e+04 0.000000000000000000e+00
4.997053857711562887e+04 0.000000000000000000e+00
4.997082837311086041e+04 0.000000000000000000e+00
4.997090069036807836e+04 0.000000000000000000e+00
4.997116892742436175e+04 0.000000000000000000e+00
4.997189466271829588e+04 0.000000000000000000e+00
4.997217744025008142e+04 0.000000000000000000e+00
4.997222789073776948e+04 0.000000000000000000e+00
4.997282289544195373e+04 0.000000000000000000e+00
4.997297202144538460e+04 0.000000000000000000e+00
4.997332905180696980e+04 0.000000000000000000e+00
4.997361952570698486e+04 0.000000000000000000e+00
4.997437987532097759e+04 0.000000000000000000e+00
4.997488576100514911e+04 0.000000000000000000e+00
4.997497505703578645e+04 0.000000000000000000e+00
4.997510923877710593e+04 0.000000000000000000e+00
4.997511081888742046e+04 0.000000000000000000e+00
4.997592644763903081e+04 0.000000000000000000e+00
4.997629362926251633e+04 0.000000000000000000e+00
4.997653174626434338e+04 0.000000000000000000e+00
4.997668324753380148e+04 0.000000000000000000e+00
4.997689771445351653e+04 0.000000000000000000e+00
4.997724172428399470e+04 0.000000000000000000e+00
4.997750348532860517e+04 0.000000000000000000e+00
4.997798220360517735e+04 0.000000000000000000e+00
4.997824358513653715e+04 0.000000000000000000e+00
4.997868334467527893e+04 0.000000000000000000e+00
4.997908493582197116e+04 0.000000000000000000e+00
4.997930526633132104e+04 0.000000000000000000e+00
4.997936275805040350e+04 0.000000000000000000e+00
4.998006298013158084e+04 0.000000000000000000e+00
4.998007586827641353e+04 0.000000000000000000e+00
4.998057183678587171e+04 0.000000000000000000e+00
4.998083411511561280e+04 0.000000000000000000e+00
4.998084938407270238e+04 0.000000000000000000e+00
4.998115607947290118e+04 0.000000000000000000e+00
4.998147015188616933e+04 0.000000000000000000e+00
4.998154977937394870e+04 0.000000000000000000e+00
4.998222790045442525e+04 0.000000000000000000e+00
4.998240016208893940e+04 0.000000000000000000e+00
4.998246987388623529e+04 0.000000000000000000e+00
4.998298402027253178e+04 0.000000000000000000e+00
4.998311361541426595e+04 0.000000000000000000e+00
4.998326796604811534e+04 0.000000000000000000e+00
4.998355350897865719e+04 0.000000000000000000e+00
4.998378644537430228e+04 0.000000000000000000e+00
4.998396297412829881e+04 0.000000000000000000e+00
4.998427468055567442e+04 0.000000000000000000e+00
4.998437992709453101e+04 0.000000000000000000e+00
4.998509619613466930e+04 0.000000000000000000e+00
4.998513274556229590e+04 0.000000000000000000e+00
4.998545376756743644e+04 0.000000000000000000e+00
4.998563742910908331e+04 0.000000000000000000e+00
4.998629684227514372e+04 0.000000000000000000e+00
4.998633491512478940e+04 0.000000000000000000e+00
4.998653193506412208e+04 0.000000000000000000e+00
4.998693954489361204e+04 0.000000000000000000e+00
4.998727813128184789e+04 0.000000000000000000e+00
4.998766645097846049e+04 0.000000000000000000e+00
4.998775303250124853e+04 0.000000000000000000e+00
4.998797915884285612e+04 0.000000000000000000e+00
4.998807513194327476e+04 0.000000000000000000e+00
4.998868388729808794e+04 0.000000000000000000e+00
4.998905543749932986e+04 0.000000000000000000e+00
4.998930322644814441e+04 0.000000000000000000e+00
4.998941965026629623e+04 2.002840734736488097e-24
4.998960435487399809e+04 0.000000000000000000e+00
4.998990565455990873e+04 0.000000000000000000e+00
4.999007586838040152e+04 0.000000000000000000e+00
4.999058596626069630e+04 0.000000000000000000e+00
4.999064910643574694e+04 0.000000000000000000e+00
4.999083570636458899e+04 2.560805675981162746e-24
4.999116486061328033e+04 0.000000000000000000e+00
4.999155114975434117e+04 0.000000000000000000e+00
4.999177449428953696e+04 1.287702324789543384e-24
4.999180160398293083e+04 0.000000000000000000e+00
4.999187899372407992e+04 0.000000000000000000e+00
4.999222790162925958e+04 0.000000000000000000e+00
4.999291833354446862e+04 0.000000000000000000e+00
4.999298722406307206e+04 0.000000000000000000e+00
4.999320295526031987e+04 0.000000000000000000e+00
4.999368442867758858e+04 2.147041821584518955e-24
4.999375967982242582e+04 0.000000000000000000e+00
4.999437993410489435e+04 0.000000000000000000e+00
4.999471838797702367e+04 0.000000000000000000e+00
4.999480050773655239e+04 0.000000000000000000e+00
4.999513834291332751e+04 4.378105595260365065e-24
4.999561405776553147e+04 0.000000000000000000e+00
4.999579432269564859e+04 0.000000000000000000e+00
4.999592687787081377e+04 0.000000000000000000e+00
4.999614976943810325e+04 0.000000000000000000e+00
4.999653196353113890e+04 5.483239985330558954e-24
4.999682923195493640e+04 0.000000000000000000e+00
4.999728864883021015e+04 0.000000000000000000e+00
4.999743290818924288e+04 0.000000000000000000e+00
4.999761596362855198e+04 0.000000000000000000e+00
4.999784043736157037e+04 1.821567366191145352e-23
4.999810988974140491e+04 6.222415677990459154e-24
4.999823215674457606e+04 0.000000000000000000e+00
4.999868398317127867e+04 0.000000000000000000e+00
4.999916852485216077e+04 1.772063456671091070e-24
4.999938428291142191e+04 0.000000000000000000e+00
4.999943735127300897e+04 4.989179064507974822e-23
4.999948113067878876e+04 0.000000000000000000e+00
5.000000845253129955e+04 0.000000000000000000e+00
5.000007586839120631e+04 0.000000000000000000e+00
5.000083597392576485e+04 0.000000000000000000e+00
5.000085313291612692e+04 0.000000000000000000e+00
5.000092070511268685e+04 0.000000000000000000e+00
5.000158222087963077e+04 0.000000000000000000e+00
5.000159142091756075e+04 0.000000000000000000e+00
5.000207800977248553e+04 3.612986467436854469e-24
5.000222790176772833e+04 1.039701504159777212e-24
5.000231662172655342e+04 0.000000000000000000e+00
5.000234588454679033e+04 0.000000000000000000e+00
5.000259539909658633e+04 0.000000000000000000e+00
5.000298791166338196e+04 0.000000000000000000e+00
5.000303256907224568e+04 0.000000000000000000e+00
5.000363088515042182e+04 1.452177723115274151e-23
5.000373347321918845e+04 1.933976084782554721e-22
5.000394678164081415e+04 0.000000000000000000e+00
5.000413538082046580e+04 0.000000000000000000e+00
5.000437217355960456e+04 0.000000000000000000e+00
5.000437993505616760e+04 0.000000000000000000e+00
5.000513971523012151e+04 6.052494837052698007e-22
5.000518466817970329e+04 0.000000000000000000e+00
5.000561722617399209e+04 1.261896450402790148e-24
5.000574081301639671e+04 0.000000000000000000e+00
5.000587745397721301e+04 0.000000000000000000e+00
5.000617723773831676e+04 3.500600440533211201e-23
5.000653196784936154e+04 9.784925815056839750e-23
5.000656393155126716e+04 0.000000000000000000e+00
5.000680943385415594e+04 0.000000000000000000e+00
5.000697407251028199e+04 3.249739811901163829e-24
5.000729128474643949e+04 0.000000000000000000e+00
5.000768930320267100e+04 1.088110651943916367e-24
5.000799626642942894e+04 1.750262289922225462e-23
5.000800569168452057e+04 1.154756577886526660e-22
5.000822057745890197e+04 0.000000000000000000e+00
5.000868399901725934e+04 0.000000000000000000e+00
5.000888765136193979e+04 0.000000000000000000e+00
5.000934263505752460e+04 2.368958356721322524e-24
5.000944240350864129e+04 1.016099164361799262e-21
5.000998677707512252e+04 0.000000000000000000e+00
5.001005171899572451e+04 6.964411174604197309e-24
5.001007586839231226e+04 0.000000000000000000e+00
5.001013093811710132e+04 0.000000000000000000e+00
5.001050134380481177e+04 9.380619224957074163e-24
5.001083602542166045e+04 3.834500440785069938e-21
5.001111069306885474e+04 0.000000000000000000e+00
5.001127677705865062e+04 0.000000000000000000e+00
5.001159289748355513e+04 4.059566858911136567e-24
5.001192678846234048e+04 0.000000000000000000e+00
5.001217767373896640e+04 1.432911038318477647e-24
5.001222790178398282e+04 4.230689407277393263e-22
5.001224411908167531e+04 6.113643746164870860e-22
5.001249242010770831e+04 1.197713515422751602e-23
5.001298803931830480e+04 0.000000000000000000e+00
5.001352694624970172e+04 0.000000000000000000e+00
5.001357402701289539e+04 0.000000000000000000e+00
5.001374210291622148e+04 3.363828135742682656e-21
5.001401642576426093e+04 2.343230002789336024e-24
5.001435764319521695e+04 1.603979175246501042e-24
5.001437993515896233e+04 1.362656629702879343e-24
5.001458308192127151e+04 0.000000000000000000e+00
5.001493386639744131e+04 1.588460099426314922e-24
5.001514002407679800e+04 1.460818287112369905e-21
5.001518991271184495e+04 0.000000000000000000e+00
5.001588946253080940e+04 0.000000000000000000e+00
5.001590361689012934e+04 0.000000000000000000e+00
5.001599923927261989e+04 0.000000000000000000e+00
5.001645133296038694e+04 2.953045785043004409e-22
5.001653196846532228e+04 9.217558349998689383e-21
5.001666400320666435e+04 1.201673207464578322e-23
5.001682617533759185e+04 0.000000000000000000e+00
5.001729195205109136e+04 3.222471204666262724e-23
5.001732641281154793e+04 0.000000000000000000e+00
5.001776388189643330e+04 2.041470468797187461e-23
5.001802590860532655e+04 6.200650821201905056e-21
5.001812086637653556e+04 7.451729618122597089e-22
5.001851159205394652e+04 0.000000000000000000e+00
5.001868400151102833e+04 3.943088972415815548e-24
5.001878278954947018e+04 7.935975415673169190e-24
5.001889545060777891e+04 2.921638955917098005e-24
5.001944376214117801e+04 5.762300753962355325e-20
5.001971277063449816e+04 0.000000000000000000e+00
5.002007586839242867e+04 0.000000000000000000e+00
5.002015656440837483e+04 1.042690865114483560e-23
5.002019677635595872e+04 9.329546750798949865e-24
5.002030938289023470e+04 4.422693474789176166e-24
5.002064708831414464e+04 9.510525978054248098e-23
5.002083603371695790e+04 4.901880957263311197e-21
5.002121580167625507e+04 9.063536552651888149e-24
5.002159535433185374e+04 0.000000000000000000e+00
5.002183338754244323e+04 5.006842897447905941e-24
5.002222790178575815e+04 1.436077590285386033e-21
5.002231684377786587e+04 6.335986538941299980e-21
5.002232735858944943e+04 2.101901112222590398e-22
5.002270135476208088e+04 0.000000000000000000e+00
5.002298806351111853e+04 1.921937540083820726e-22
5.002314473845087923e+04 0.000000000000000000e+00
5.002374657703145931e+04 5.198176373669344554e-20
5.002384377321854117e+04 0.000000000000000000e+00
5.002391458996217261e+04 0.000000000000000000e+00
5.002437993517391442e+04 4.071631947254752339e-23
5.002443163439202908e+04 3.092289875602134239e-23
5.002445097593735409e+04 4.991366036802754221e-24
5.002475593321085762e+04 2.037232592326878281e-22
5.002499350405654695e+04 0.000000000000000000e+00
5.002514008741252474e+04 6.615931881600845258e-19
5.002551423138272366e+04 7.056399566279719372e-24
5.002589717668913363e+04 2.279074430391859847e-22
5.002621931974976906e+04 0.000000000000000000e+00
5.002636373674176139e+04 7.196219087905843909e-24
5.002653196854984708e+04 2.659767627809446558e-19
5.002658015225177223e+04 2.391933720349439192e-21
5.002666963456078520e+04 0.000000000000000000e+00
5.002713603580629569e+04 0.000000000000000000e+00
5.002729209822768462e+04 4.875747363346473602e-23
5.002764111228031106e+04 2.294936225943122214e-24
5.002770886705115117e+04 0.000000000000000000e+00
5.002804705482977442e+04 1.389502911608617805e-19
5.002821966975447140e+04 3.132462328895041334e-24
5.002835629976355995e+04 4.228008748979684475e-23
5.002868400188487431e+04 7.838685357209456900e-22
5.002869818432794273e+04 1.319878336615965938e-23
5.002882950962859468e+04 5.830034645319029114e-23
5.002937643156466220e+04 3.347831957155283743e-23
5.002944408004948491e+04 1.873318814927019113e-19
5.002961524556489167e+04 1.008043127212876236e-23
5.002995784875709796e+04 0.000000000000000000e+00
5.003007586839239957e+04 7.820538743003433409e-23
5.003019562703336851e+04 3.969755852945257071e-23
5.003063051864239969e+04 0.000000000000000000e+00
5.003080854387981526e+04 4.808012827490742410e-21
5.003083603508552187e+04 4.537655382032757522e-18
5.003128461910640908e+04 1.474026326297611533e-24
5.003138702666938480e+04 0.000000000000000000e+00
5.003159600335982395e+04 2.151890752628264342e-21
5.003206334971723118e+04 0.000000000000000000e+00
5.003222790178610740e+04 1.231541451345001585e-18
5.003234164802524901e+04 3.139519529057702466e-20
5.003245662236233329e+04 0.000000000000000000e+00
5.003284361584018916e+04 0.000000000000000000e+00
5.003290892817573331e+04 1.530481683052348503e-23
5.003298806788371439e+04 1.173285675255747002e-21
5.003351064985444100e+04 4.690215904528011456e-22
5.003374784399507189e+04 2.570117948999132112e-18
5.003408985992956877e+04 0.000000000000000000e+00
5.003437993517640280e+04 1.621652959664768497e-21
5.003448215539642842e+04 1.881626320076396401e-22
5.003453196968793782e+04 1.431391380521978977e-23
5.003487379317318118e+04 5.995603982911471764e-24
5.003499337946312153e+04 1.634990559228716973e-21
5.003514009960670228e+04 7.409927514472469433e-22
5.003564436240108625e+04 9.203469284050776052e-24
5.003589947754982859e+04 9.682490008054703515e-22
5.003621890884000459e+04 4.475796639994003567e-22
5.003644202279927413e+04 1.236660131913603887e-22
5.003653196856597060e+04 1.273378122565444389e-17
5.003654162918457587e+04 8.377343907568588182e-21
5.003663868266697682e+04 8.588563247319355760e-20
5.003705998192648985e+04 4.846258430878170182e-24
5.003729212877173995e+04 1.646365626573258478e-20
5.003772573533673858e+04 0.000000000000000000e+00
5.003785541801953514e+04 3.476072228227835889e-23
5.003805082745882100e+04 2.437572545695402795e-19
5.003805822756146517e+04 0.000000000000000000e+00
5.003868400196942093e+04 1.342631875758646905e-20
5.003876755714246246e+04 2.310089288483001086e-22
5.003902513217067462e+04 4.732238063771022765e-22
5.003910427704414178e+04 1.669546717107069285e-22
5.003930514724181558e+04 2.783840285095222302e-24
5.003944415223624674e+04 3.933233669247571893e-17
5.003972286717921088e+04 5.120286160112801529e-23
5.003995893859883654e+04 3.460955067774567277e-24
5.004007586839254509e+04 2.310055559130509698e-22
5.004020170342963684e+04 2.537703051614719109e-21
5.004068198494709941e+04 1.279980875843014053e-24
5.004083603545488586e+04 2.370612196477895583e-17
5.004089824454627524e+04 1.998313537950085670e-20
5.004121053369298170e+04 0.000000000000000000e+00
5.004145703623944428e+04 1.775446065708684265e-22
5.004159616378828650e+04 1.824211361473513614e-20
5.004182784697948955e+04 0.000000000000000000e+00
5.004204477338980359e+04 0.000000000000000000e+00
5.004222790178886498e+04 1.223584745621228514e-18
5.004235187641651282e+04 1.860566850983995770e-18
5.004298806926870020e+04 9.718025402107741500e-20
5.004302593477410846e+04 6.221847998752535017e-23
5.004316978497550735e+04 1.906545952473706322e-22
5.004350777380875661e+04 0.000000000000000000e+00
5.004368146408693428e+04 1.909347892273471749e-23
5.004374816163833020e+04 5.494289597396488482e-19
5.004386115906024497e+04 8.353760239412554164e-24
5.004419731227003649e+04 3.441162332488153380e-24
5.004437993520018790e+04 8.975027066637495846e-20
5.004450120686005539e+04 3.792121704758819409e-21
5.004514010415658413e+04 4.645564248332461959e-16
5.004514604560945736e+04 6.125312173766856489e-21
5.004530050267620391e+04 1.619997853623256747e-24
5.004549267620305909e+04 3.610152053921902949e-23
5.004564202385800309e+04 8.906236065063576768e-23
5.004590010773359973e+04 2.695179146389311119e-20
5.004619301928008645e+04 6.196408504213234997e-24
5.004653196870341344e+04 5.832432202641603285e-16
5.004664882361559285e+04 3.474431123882446504e-19
5.004694652798713651e+04 5.075136460067054655e-24
5.004726023522624746e+04 1.647562602117323731e-23
5.004727202014101931e+04 3.555751461161514061e-23
5.004729214212549414e+04 2.662862402021431691e-19
5.004764996529629570e+04 4.013363875480941287e-24
5.004805199505621567e+04 3.499510267913491864e-17
5.004823446352079191e+04 8.988894393767400244e-23
5.004852706087009574e+04 1.238447495920552292e-21
5.004868400258429756e+04 4.168744984966304965e-19
5.004879454225464724e+04 7.824838078230070974e-22
5.004914933449733508e+04 0.000000000000000000e+00
5.004936114031986654e+04 7.104961844457911392e-22
5.004944418802404834e+04 8.712532487007298324e-18
5.004969137887407123e+04 0.000000000000000000e+00
5.004980448709787743e+04 1.528292195141305189e-23
5.005007586839447322e+04 2.144459716791482359e-19
5.005020381597813684e+04 6.307725768082539010e-20
5.005083603780290287e+04 3.659875983133074441e-15
5.005093058629977895e+04 4.676050168583664535e-20
5.005101719430895173e+04 3.315851065372357634e-21
5.005133068730460946e+04 2.713980990787815733e-24
5.005142085739730101e+04 1.584850175851660248e-23
5.005146236011166184e+04 7.773661122477251643e-24
5.005159625292667624e+04 2.339380882673112172e-19
5.005198693351117254e+04 0.000000000000000000e+00
5.005222790182007157e+04 3.287410018986735682e-15
5.005235549391545646e+04 6.930471575906878998e-18
5.005279713928770798e+04 8.387811976651379950e-24
5.005284337644667539e+04 3.227805935718467883e-23
5.005298807738247706e+04 2.960500442540004821e-18
5.005308026164094190e+04 1.188835326882294867e-22
5.005348054568080261e+04 5.254174710545776137e-22
5.005352394226881734e+04 3.688316402251719267e-23
5.005360942213645467e+04 6.294110922284730906e-23
5.005374836049358419e+04 6.181099191239803327e-16
5.005437993551554246e+04 1.095121030436694268e-18
5.005450699707619060e+04 1.267928352322639361e-20
5.005458118238558382e+04 1.912223292004166974e-22
5.005513019074067415e+04 3.330393299127955142e-23
5.005514012998338148e+04 1.303734703515648877e-15
5.005521053106021282e+04 7.255304243367336344e-21
5.005529963213599694e+04 7.248018139859107101e-22
5.005561396884341957e+04 0.000000000000000000e+00
5.005590055511127866e+04 1.003746354264895868e-18
5.005590834415636346e+04 4.100049863713136573e-22
5.005653197086086584e+04 1.267616507551051720e-14
5.005665832746954402e+04 7.198429932336849410e-19
5.005678229803767317e+04 5.836195210653734993e-24
5.005729221763589885e+04 1.517852251816112876e-18
5.005734660571700806e+04 3.485789603306030642e-24
5.005742769428579049e+04 4.624358071649106798e-23
5.005749986331076798e+04 3.939657301042487340e-23
5.005772212377261894e+04 1.660295597694733095e-24
5.005805293488348252e+04 1.476455274501186829e-16
5.005815170292318362e+04 2.178379996609547196e-24
5.005868401330531924e+04 2.416229398716601531e-17
5.005880937214398000e+04 1.426891658032313966e-21
5.005909861751059361e+04 5.536758361400758164e-23
5.005944439017803961e+04 9.877713504616110590e-15
5.005947870034422522e+04 4.402455723045004498e-20
5.005969980952309561e+04 2.994394360789569267e-23
5.005983704481284076e+04 2.299764554795838597e-22
5.006000580573330080e+04 0.000000000000000000e+00
5.006007586851921224e+04 1.493037990660545892e-19
5.006020565679354331e+04 2.206892215622389318e-19
5.006083607902277436e+04 4.887981083451932735e-14
5.006096000872732839e+04 1.164287604711332083e-19
5.006096127444003650e+04 1.061501194796865577e-20
5.006155058841895516e+04 1.536814907079440507e-24
5.006159674922547856e+04 1.483892350280429165e-17
5.006161600576209457e+04 4.635850586134551575e-22
5.006176312366095226e+04 1.612651417856518551e-23
5.006222790327674011e+04 1.768527224359206878e-16
5.006235896840717032e+04 1.046261270516616861e-17
5.006275579988879326e+04 3.853603783695669533e-23
5.006298820749572769e+04 6.355334051025473120e-18
5.006309983182803262e+04 6.205645637699677454e-23
5.006315072291264369e+04 2.284251894340209420e-23
5.006328607966238633e+04 0.000000000000000000e+00
5.006373644321183383e+04 4.256381472426097482e-19
5.006374948752207274e+04 3.309834475987935444e-15
5.006380217746343988e+04 3.621407240102271949e-23
5.006422475164301432e+04 0.000000000000000000e+00
5.006437994395459828e+04 1.418513549183614063e-16
5.006451329058874398e+04 1.900429070084887775e-20
5.006480853342886985e+04 1.142391034185419988e-22
5.006506474972143042e+04 6.337749740451918958e-22
5.006514048431254196e+04 1.336870150736363384e-13
5.006526609691398335e+04 3.453190324476412267e-20
5.006565256241714087e+04 1.260324379575042400e-23
5.006569674296306766e+04 0.000000000000000000e+00
5.006590292445166415e+04 3.940645928103890720e-18
5.006599246607637906e+04 7.418357409113176985e-24
5.006612404261664051e+04 2.064124454918165730e-24
5.006653200542544801e+04 9.461373840892917458e-13
5.006666921981523046e+04 2.434795065087819432e-18
5.006703050790441193e+04 0.000000000000000000e+00
5.006729308095246961e+04 1.961993980487482346e-16
5.006741791812978045e+04 1.433464300358472733e-22
5.006750298019824550e+04 3.384221382158444144e-23
5.006805758611650526e+04 1.432973638787150692e-16
5.006807563319830660e+04 3.178532500546959882e-22
5.006868413405541651e+04 1.526171359774324789e-17
5.006870570775414672e+04 1.547147362038434532e-23
5.006878243017271598e+04 4.384056401428129349e-23
5.006882778652824345e+04 9.450892298982942442e-22
5.006898257322559220e+04 5.675206702549681518e-24
5.006944631774393201e+04 7.704658959409879581e-14
5.006957224167610548e+04 6.902753663955606865e-20
5.007007587009797135e+04 5.036856330259025077e-16
5.007014460275330202e+04 1.930317407165472845e-24
5.007021424600295722e+04 2.482746713002614586e-19
5.007049835950525448e+04 8.281266186646564702e-23
5.007062661830249272e+04 9.120298657332936753e-23
5.007078441982295044e+04 4.317247779239674335e-22
5.007083646579750348e+04 1.330826602712092131e-12
5.007098950555393094e+04 1.519099735857482436e-19
5.007160075046964630e+04 7.026026828025897654e-17
5.007171960681648488e+04 9.404075641766663360e-23
5.007215634258135833e+04 0.000000000000000000e+00
5.007222792660750565e+04 7.531191764914557727e-12
5.007227748000824795e+04 1.835882383374154213e-22
5.007237389295221510e+04 4.244137732174106807e-17
5.007238444629513106e+04 3.656790295271685527e-19
5.007298933345904516e+04 2.197681821322279099e-15
5.007315589222696144e+04 8.512590235700274131e-22
5.007360669333007536e+04 1.477296175005327871e-23
5.007375727010890841e+04 1.755984066159867559e-15
5.007385215208018781e+04 3.835587331973550272e-21
5.007413665309581120e+04 1.082911702623684474e-22
5.007420549778656277e+04 0.000000000000000000e+00
5.007438011283601372e+04 5.655762852144988388e-17
5.007453816179553542e+04 6.235393542196572255e-21
5.007464572248650802e+04 1.817532080104774218e-23
5.007514341039353894e+04 1.822454681899486476e-12
5.007517522557867778e+04 5.396501062013498413e-22
5.007532539637418813e+04 2.711761576882501888e-19
5.007542786753015389e+04 2.218176736031026394e-20
5.007591719264387211e+04 3.119836897668844155e-18
5.007606757547141024e+04 3.926129443789448768e-24
5.007607422157927067e+04 8.170888937886302626e-23
5.007653276663061843e+04 6.214219210244392470e-12
5.007667724142897350e+04 9.626879372886660256e-20
5.007670887580581621e+04 4.561189518700155535e-18
5.007672000522573217e+04 1.735503523321746272e-20
5.007695248695727059e+04 1.653433185195784309e-24
5.007729986282430036e+04 1.239431750289395779e-15
5.007750970859029621e+04 3.149506077924398562e-22
5.007788840511174203e+04 2.406969342080452540e-23
5.007808230072467268e+04 6.727963046297459466e-16
5.007821574225035874e+04 1.576991043385755578e-20
5.007860904361275607e+04 3.581483816532035771e-24
5.007868658678624342e+04 1.921725594401896641e-14
5.007888699268229539e+04 3.721276875232330412e-21
5.007934344193121797e+04 5.709519383690681379e-22
5.007946046695740370e+04 2.071625366540619460e-14
5.007966504089922819e+04 1.289504511173279525e-21
5.007970487934118864e+04 6.211434597974184550e-22
5.008004891732610849e+04 3.912292301351369290e-23
5.008007594526345929e+04 5.377357858467335045e-18
5.008025485546822165e+04 1.042093163584201772e-20
5.008076237094701355e+04 1.277995676132329359e-20
5.008084275269399222e+04 4.237562841260429053e-11
5.008105147224603570e+04 3.689063878129584057e-19
5.008107549233244208e+04 7.084328407151656551e-17
5.008122606669449306e+04 1.190148754537374419e-20
5.008162763974030531e+04 4.403440866201523596e-17
5.008190460071309644e+04 3.911166799015879212e-21
5.008201393109659693e+04 1.552894501756439321e-19
5.008222840744591667e+04 2.141333555586504575e-12
5.008243735191214364e+04 1.665707724934790015e-16
5.008276934198336676e+04 1.708746763922935540e-20
5.008300313780611032e+04 2.015548676057078293e-14
5.008310421165853040e+04 7.804955259342307434e-20
5.008319958796587889e+04 7.110484698695591117e-21
5.008328177011696243e+04 4.847515504832770345e-20
5.008380434085029992e+04 1.180017613010707119e-14
5.008411866791271314e+04 3.974613190688032581e-20
5.008421785681867914e+04 3.892966363206297734e-23
5.008438183734451013e+04 1.220947977706249919e-13
5.008463243274350680e+04 1.660461003895284376e-19
5.008475855681143003e+04 5.766000080971022592e-23
5.008515716373938631e+04 2.234876605703241293e-17
5.008517050543623918e+04 1.781426633921713243e-13
5.008546626435244252e+04 1.566964544100966785e-21
5.008549274081568728e+04 6.293503712478120475e-18
5.008599361402328941e+04 1.399925400887665159e-18
5.008599894855003367e+04 7.187665067635478140e-20
5.008610974793789501e+04 8.048287580981618829e-21
5.008638708738513378e+04 2.761840973840534168e-21
5.008653824774412351e+04 9.176295069378381218e-10
5.008671423142441199e+04 1.045027817174783856e-17
5.008684275008136319e+04 3.350507881230468862e-15
5.008734851538903604e+04 2.439257364994747272e-16
5.008745836835427326e+04 4.079083426387471377e-21
5.008763302822217520e+04 8.140101756783663019e-19
5.008772817208182096e+04 1.241988051484049119e-19
5.008786489852482191e+04 2.640985524934866980e-19
5.008819944408397714e+04 1.017909741034731391e-14
5.008862443079501827e+04 1.907935572863258725e-19
5.008870258554283646e+04 2.816553511023956032e-13
5.008870307176302595e+04 2.563377479935222207e-15
5.008907090482065541e+04 2.052112525321644760e-18
5.008943494849179115e+04 1.746853631420707218e-19
5.008954146837745066e+04 9.060647405295953527e-14
5.008997197516596498e+04 2.025608013480639259e-18
5.009007822501218470e+04 1.108256761681608903e-12
5.009010217407688469e+04 1.293817807730715502e-20
5.009042394790471008e+04 6.470560667965765486e-18
5.009060435160942870e+04 9.988335235739707697e-23
5.009067947343697597e+04 6.794368867841913027e-21
5.009088212998702511e+04 2.607943167836157985e-12
5.009123362787994120e+04 1.344596677978859996e-21
5.009131753658368689e+04 2.711065954797941298e-16
5.009175046844413009e+04 1.157084539979416412e-19
5.009175394329666597e+04 4.703494221897834590e-18
5.009204952957374189e+04 5.743038055151486598e-19
5.009223488969785103e+04 2.924967030275884006e-15
5.009224337844859838e+04 1.623036062585483985e-08
5.009266717026656988e+04 4.764042907890338030e-14
5.009268466703942977e+04 1.079870733426452327e-14
5.009308494575523218e+04 5.120388264052648144e-15
5.009327106266452029e+04 9.837829805068371308e-18
5.009358292850597354e+04 8.861739810313007861e-19
5.009395540719193377e+04 1.264824863748783155e-16
5.009398927695641032e+04 8.194022973220726785e-14
5.009414116467543499e+04 2.388916712575577731e-19
5.009443519918943639e+04 2.398057163483317375e-12
5.009451772125395655e+04 7.732214264503779761e-17
5.009493933048699546e+04 3.695003090601871412e-17
5.009519714233021659e+04 6.230711103384150403e-21
5.009531817839972064e+04 9.562919648633798944e-13
5.009558817304132390e+04 6.952839197504806504e-20
5.009586898883413232e+04 5.628147459905078555e-16
5.009622087857538281e+04 7.335375842991690198e-18
5.009625032969565655e+04 1.032595124325058642e-16
5.009627280718763359e+04 2.854121208871607457e-18
5.009666127682932711e+04 1.046890384799867751e-13
5.009685296220239979e+04 1.652330426972341175e-19
5.009704581264760054e+04 3.567949863447782349e-22
5.009719303553071222e+04 3.384456950727282726e-17
5.009723350296780700e+04 2.905250122496839431e-15
5.009758685178263840e+04 1.370436245458739306e-15
5.009763961608771206e+04 1.934981110372168294e-18
5.009817196195956058e+04 1.470134000622250770e-18
5.009840912125277100e+04 3.763541537149990607e-19
5.009851914509751077e+04 4.309737033853140937e-16
5.009854082380852196e+04 1.899348724697420233e-14
5.009893000672583730e+04 4.675318771295598168e-15
5.009900195889845781e+04 1.643956907724444176e-18
5.009919826747426123e+04 2.563383116746851589e-17
5.009954960110203683e+04 1.430600733306196031e-17
5.009968390728697705e+04 2.953346040144591910e-19
5.009989364082336397e+04 5.290353145172606228e-13
5.010010835489167948e+04 6.752796426619467188e-13
5.010036655239009997e+04 3.020870847018913881e-17
5.010053121863715933e+04 3.112447353317594871e-16
5.010085839380248217e+04 3.767335376099504855e-17
5.010124453831170831e+04 1.718792026630573235e-17
5.010124711785146792e+04 1.768423301333077629e-11
5.010138948396227352e+04 2.562072389685841001e-20
5.010170820839019871e+04 1.224557561334698977e-18
5.010189629689164576e+04 1.486382278304204536e-15
5.010197979468185076e+04 2.178802082947599046e-23
5.010223933885939914e+04 2.876571761296947872e-15
5.010231650145625463e+04 4.022527721538773764e-11
5.010275607616831985e+04 1.256582337715527108e-20
5.010286664267339074e+04 6.070626100151524010e-19
5.010320537333951506e+04 3.211006845328056646e-16
5.010334176099359320e+04 5.370090951591321166e-19
5.010351798456853430e+04 1.913219674701089685e-17
5.010361482988549687e+04 5.442495458802081992e-15
5.010404016184126522e+04 2.098326246949533013e-17
5.010426274358246883e+04 1.131750655706746049e-17
5.010462344034328271e+04 3.430109003903297861e-14
5.010465172371867084e+04 5.402698887865515992e-14
5.010505026335728326e+04 2.798470186089692722e-18
5.010523161948211782e+04 3.885479593693881869e-16
5.010526719666807185e+04 1.251619492652067798e-17
5.010558073290053289e+04 3.908701122678248580e-18
5.010603230834446003e+04 2.741016325175795132e-13
5.010658331785041082e+04 5.101367374499046215e-17
5.010665484735748032e+04 2.916109784698302521e-14
5.010697708130245155e+04 2.226981135305484677e-17
5.010704467602491786e+04 9.470104248835260264e-14
5.010708947409371467e+04 1.205267134133176780e-10
5.010744433809715701e+04 8.843424635445995914e-16
5.010749461309386970e+04 4.632987286321580806e-18
5.010770225188009499e+04 4.767545713394897891e-18
5.010798364386899630e+04 4.271869632215514394e-14
5.010845676860437379e+04 6.747690510967383449e-21
5.010849662782876112e+04 1.774880678303126800e-16
5.010877051517857763e+04 9.708374656928424836e-17
5.010906915913497505e+04 1.527474446228333208e-18
5.010911389944738039e+04 3.978384490278444333e-17
5.010950066644844628e+04 8.744447460659159543e-14
5.010959373490598955e+04 1.594458195086763960e-16
5.010960911424522055e+04 1.999801280122675563e-14
5.010977746736867994e+04 1.444003237123465404e-17
5.011015855896289577e+04 3.138374068966821242e-17
5.011041338331247243e+04 3.531521176083286281e-17
5.011058347756222065e+04 9.216237554581458702e-19
5.011100363390918938e+04 2.521752951004924096e-13
5.011107410092079954e+04 1.172751695820935512e-17
5.011150027187958767e+04 2.216631518702868630e-16
5.011156046563374548e+04 1.683023138327786405e-17
5.011198894026313792e+04 5.029012833245257140e-17
5.011219311166211264e+04 4.482498094361512662e-15
5.011242033098996762e+04 1.147611140669670142e-20
5.011280932185841812e+04 1.152193039904866279e-20
5.011286848597226344e+04 1.322083864227096282e-17
5.011318526829597249e+04 8.662800136772809716e-19
5.011340033438850514e+04 7.465297115217819196e-20
5.011354894441393844e+04 1.294903643104371024e-16
5.011396884406419122e+04 7.299452928294128151e-20
5.011416834569755883e+04 2.678316483002166141e-20
5.011450371292640193e+04 3.853924266887914971e-16
5.011474451524810866e+04 3.672803822510252368e-19
5.011482845392615127e+04 9.693355930448874469e-17
5.011505438141804916e+04 8.842432753488360480e-19
5.011534894974567578e+04 4.811801399330643908e-19
5.011549804266409774e+04 2.579483588570009090e-18
5.011612753466827417e+04 2.588225553577220593e-15
5.011645741481698497e+04 1.060164273290359943e-17
5.011649613720149500e+04 5.014762867446521924e-19
5.011658704336170194e+04 3.900029996322525205e-21
5.011706024249576876e+04 3.894621037217568323e-18
5.011750268762622727e+04 1.182108867181018114e-13
5.011785422616856522e+04 3.411146599995490518e-15
5.011810560114433611e+04 7.934502686652628692e-21
5.011873851879513677e+04 8.053930138091149062e-20
5.011885581178702705e+04 1.265893820695941459e-17
5.011904721278648503e+04 8.561143308450483491e-21
5.011917256258848647e+04 3.242364613303770020e-20
5.011952015495364321e+04 2.710401243281610061e-19
5.011963014349222794e+04 7.884994715193611809e-16
5.012018803075690084e+04 2.588100897778168625e-17
5.012024552062452130e+04 8.884342357772472385e-18
5.012040848099633149e+04 4.612050429724531749e-18
5.012048813198084099e+04 1.795901703981165960e-21
5.012105885303836840e+04 2.993639307565867050e-20
5.012135533147944079e+04 3.810316404271790285e-16
5.012140127894219040e+04 2.594804194748579097e-16
5.012161012395095167e+04 2.729214257886609612e-17
5.012188694448857132e+04 6.815702894442333960e-20
5.012222530101658049e+04 4.195564844312347964e-19
5.012254369194825267e+04 1.931800186881494871e-19
5.012285268004007230e+04 2.554013748603504304e-17
5.012302403995643544e+04 3.262745658597632955e-17
5.012306741735187825e+04 3.979992821648493538e-19
5.012312768720315216e+04 4.073427251180129782e-21
5.012400854037136742e+04 3.836678423312438500e-19
5.012414571801099373e+04 1.311997508716253369e-19
5.012483544835213252e+04 4.867125967306747268e-18
5.012500446866507991e+04 1.412448503473724952e-23
5.012538882767106406e+04 4.649426866515077086e-22
5.012544864091838826e+04 6.778889014896147415e-22
5.012572298363295704e+04 5.734716777207363719e-21
5.012576963164536573e+04 3.098393623041574342e-20
5.012634745564259356e+04 3.334151401825788692e-20
5.012654206618198805e+04 2.334257573695729274e-18
5.012675802700580243e+04 1.128712716569990470e-17
5.012733513940812554e+04 1.293978060809671317e-20
5.012746231761266972e+04 5.592524326900347811e-22
5.012798492892683862e+04 7.021076372158864222e-20
5.012804856336833473e+04 4.388731049179027772e-18
5.012831144702468737e+04 9.688198685366855422e-21
5.012853932151861227e+04 1.080628543526498361e-16
5.012870966173942725e+04 1.613472028046988754e-18
5.012943534623170854e+04 1.302274665935892318e-21
5.013009252380140242e+04 4.042529865481694178e-18
5.013019454689671693e+04 1.137704755153808032e-22
5.013070067785331048e+04 1.351398988334813249e-19
5.013074201990701840e+04 6.685027856680282508e-22
5.013133590651559643e+04 5.349266711895821341e-20
5.013206177935721644e+04 3.821168690989359046e-22
5.013214897812694107e+04 1.017864325852832052e-18
5.013234025869656034e+04 2.908667896278029714e-21
5.013251050207638036e+04 0.000000000000000000e+00
5.013269166725505056e+04 6.228957057495937508e-20
5.013285239587909746e+04 1.408839316810877624e-21
5.013324627402226179e+04 2.416721859140368280e-22
5.013336643944513344e+04 2.330439911144912294e-20
5.013414067037394125e+04 2.960446009130870688e-19
5.013446933803374122e+04 1.458096421883444438e-20
5.013479342497559264e+04 4.735474063184640113e-22
5.013489419206933235e+04 1.787549840572206543e-21
5.013492140599068080e+04 4.849798459026214091e-21
5.013538909070000955e+04 1.922598113158772753e-20
5.013564805059624632e+04 2.407552297582006003e-20
5.013570713882220298e+04 3.070077511635004671e-21
5.013628943536359293e+04 0.000000000000000000e+00
5.013695953010989615e+04 0.000000000000000000e+00
5.013763515410826221e+04 4.757172960891694907e-20
5.013809753068679856e+04 6.899654340490170840e-23
5.013820210029539885e+04 7.182925355754252395e-22
5.013823839314730867e+04 3.297898129157981123e-22
5.013863175352511462e+04 0.000000000000000000e+00
5.013889223062455130e+04 7.219264775536632628e-22
5.013934647544429026e+04 7.556459222879275660e-23
5.013977183269841771e+04 8.998352829996111866e-20
5.014035602569932234e+04 7.352599201792619746e-24
5.014056419643808476e+04 7.099157310806256749e-22
5.014075877761055744e+04 1.113029499978565286e-20
5.014077422146562458e+04 2.645565381522006493e-21
5.014119481974660448e+04 4.485703679977920553e-21
5.014160992506842740e+04 3.557086470122991480e-23
5.014256129376299941e+04 4.752652324867789566e-23
5.014271915086279478e+04 8.684373292296580846e-24
5.014302938715129858e+04 3.660333268699821559e-22
5.014340376592946996e+04 8.721380631672397863e-22
5.014365193790305784e+04 1.299642673825822120e-23
5.014520570373751252e+04 0.000000000000000000e+00
5.014531641003594268e+04 3.580197248721310486e-22
5.014547215598851471e+04 2.101281817629550723e-22
5.014596044203268684e+04 1.554535389670469669e-24
5.014614887459504826e+04 4.947240850154205061e-24
5.014620477940053388e+04 4.039857200338202707e-24
5.014626327749182383e+04 0.000000000000000000e+00
5.014639838401921588e+04 4.318861984922455252e-22
5.014779346141419228e+04 0.000000000000000000e+00
5.014828922655084898e+04 0.000000000000000000e+00
5.014846077651000087e+04 1.306930912523181420e-23
5.014870841094584466e+04 0.000000000000000000e+00
5.014878641277538554e+04 0.000000000000000000e+00
5.014879477678331023e+04 2.305584531280890043e-24
5.014890962106853112e+04 1.167548090892032810e-22
5.014947630159716937e+04 0.000000000000000000e+00
5.015108010969324096e+04 5.952427585882250758e-23
5.015156773745034297e+04 7.766550366798369560e-24
5.015158446796674980e+04 0.000000000000000000e+00
5.015228336998907616e+04 2.820193564064177432e-23
5.015232173309785867e+04 1.047428662059312845e-24
5.015250432690797606e+04 0.000000000000000000e+00
5.015359094514153549e+04 0.000000000000000000e+00
5.015423578443458246e+04 0.000000000000000000e+00
5.015437524359519011e+04 0.000000000000000000e+00
5.015474446169448493e+04 0.000000000000000000e+00
5.015495921182353777e+04 0.000000000000000000e+00
5.015507899028749671e+04 0.000000000000000000e+00
5.015607495058347558e+04 0.000000000000000000e+00
5.015620381598318636e+04 0.000000000000000000e+00
5.015685022084767115e+04 0.000000000000000000e+00
5.015729278223816073e+04 0.000000000000000000e+00
5.015753678485970886e+04 1.651439180458439701e-24
5.015884645558417105e+04 0.000000000000000000e+00
5.015895613829550712e+04 0.000000000000000000e+00
5.015978196260824916e+04 0.000000000000000000e+00
5.016011322392245347e+04 0.000000000000000000e+00
5.016049431559721415e+04 0.000000000000000000e+00
5.016094297691591055e+04 0.000000000000000000e+00
5.016108200099207897e+04 0.000000000000000000e+00
5.016164515340683283e+04 0.000000000000000000e+00
5.016247805462116230e+04 0.000000000000000000e+00
5.016301188135203847e+04 0.000000000000000000e+00
5.016322381522641808e+04 0.000000000000000000e+00
5.016336961580595380e+04 0.000000000000000000e+00
5.016360250975324016e+04 0.000000000000000000e+00
5.016375364633856952e+04 0.000000000000000000e+00
5.016569558553728712e+04 0.000000000000000000e+00
5.016582431666117918e+04 0.000000000000000000e+00
5.016609749055332941e+04 0.000000000000000000e+00
5.016661751812900184e+04 0.000000000000000000e+00
5.016752228922918584e+04 0.000000000000000000e+00
5.016854484321639029e+04 0.000000000000000000e+00
5.016857144712232548e+04 0.000000000000000000e+00
5.016936489169875858e+04 0.000000000000000000e+00
5.017005776694048836e+04 0.000000000000000000e+00
5.017028551032430551e+04 0.000000000000000000e+00
5.017092559457984316e+04 0.000000000000000000e+00
5.017132166409483762e+04 0.000000000000000000e+00
5.017239669035147381e+04 0.000000000000000000e+00
5.017299748191398248e+04 0.000000000000000000e+00
5.017359249268243002e+04 0.000000000000000000e+00
5.017421307244071068e+04 0.000000000000000000e+00
5.017494033565682184e+04 0.000000000000000000e+00
5.017518223991762352e+04 0.000000000000000000e+00
5.017696275960104686e+04 0.000000000000000000e+00
5.017703601033079758e+04 0.000000000000000000e+00
5.017729010368765012e+04 0.000000000000000000e+00
5.017774361712652171e+04 0.000000000000000000e+00
5.017779581471296115e+04 0.000000000000000000e+00
5.017867912181135762e+04 0.000000000000000000e+00
5.017989285005942656e+04 0.000000000000000000e+00
5.018013711493739538e+04 0.000000000000000000e+00
5.018060452036419883e+04 0.000000000000000000e+00
5.018157549253750039e+04 0.000000000000000000e+00
5.018204498041349871e+04 0.000000000000000000e+00
5.018283674972059816e+04 0.000000000000000000e+00
5.018477556724136957e+04 0.000000000000000000e+00
5.018497776102773059e+04 0.000000000000000000e+00
5.018511103284952696e+04 0.000000000000000000e+00
5.018572889163033688e+04 0.000000000000000000e+00
5.018763334308923368e+04 0.000000000000000000e+00
5.018807241743161285e+04 0.000000000000000000e+00
5.018881549127186736e+04 0.000000000000000000e+00
5.018960194151609903e+04 0.000000000000000000e+00
5.019172197553769365e+04 0.000000000000000000e+00
5.019259191095609276e+04 0.000000000000000000e+00
5.019297941993255517e+04 0.000000000000000000e+00
5.019428245151584997e+04 0.000000000000000000e+00
5.019492809254645545e+04 0.000000000000000000e+00
5.019582529667212657e+04 0.000000000000000000e+00
5.019622386421776901e+04 0.000000000000000000e+00
5.019729964165826823e+04 0.000000000000000000e+00
5.019786813868696481e+04 0.000000000000000000e+00
5.019812205670542608e+04 0.000000000000000000e+00
5.019919664031845605e+04 0.000000000000000000e+00
5.020110604680727556e+04 0.000000000000000000e+00
5.020191052533448237e+04 0.000000000000000000e+00
5.020364660979519977e+04 0.000000000000000000e+00
5.020495285727085138e+04 0.000000000000000000e+00
5.020574051184985728e+04 0.000000000000000000e+00
5.020665828788040380e+04 0.000000000000000000e+00
5.020878707422960724e+04 0.000000000000000000e+00
5.021018757332499081e+04 0.000000000000000000e+00
5.021328622881486081e+04 0.000000000000000000e+00
5.021353016733231198e+04 0.000000000000000000e+00
5.021531739385185210e+04 0.000000000000000000e+00
5.021655088231893023e+04 0.000000000000000000e+00
5.021673854591730196e+04 0.000000000000000000e+00
5.021843629913089535e+04 0.000000000000000000e+00
5.021979007079236908e+04 0.000000000000000000e+00
5.022275930450719898e+04 0.000000000000000000e+00
5.022352581480899244e+04 0.000000000000000000e+00
5.022585842505545588e+04 0.000000000000000000e+00
5.022667405863181921e+04 0.000000000000000000e+00
5.023716881800079864e+04 0.000000000000000000e+00
5.023768685570209345e+04 0.000000000000000000e+00
5.024046907527857547e+04 0.000000000000000000e+00
5.024097012285418896e+04 0.000000000000000000e+00
