-5.003990153168693359e+04 7.054408571627127247e-22
-5.003987684166767576e+04 3.412777211631412127e-22
-5.003342561640453641e+04 8.807045188690557127e-18
-5.003340340989052493e+04 2.628217961154924864e-18
-5.003088664168115065e+04 4.700848663372637636e-15
-5.002930541440521483e+04 2.625159479248376976e-14
-5.002924228524974023e+04 2.371104260240549954e-15
-5.002917795477010077e+04 7.924268330823899726e-15
-5.002796254531311570e+04 9.867350808924531673e-17
-5.002720828679075930e+04 1.637336313957167466e-13
-5.002662756456734496e+04 7.247734276182231874e-15
-5.002582464626770525e+04 1.149311455499065542e-14
-5.002487500247056596e+04 8.979296231483904315e-14
-5.002383897212479496e+04 1.312180343308968154e-14
-5.002274014828856161e+04 8.042794264241002906e-15
-5.002159905823256122e+04 7.233801534540503988e-14
-5.002069566836966260e+04 1.287829611544776154e-15
-5.002039307519981230e+04 1.145640672236178774e-15
-5.001917197754798690e+04 7.737793344418321623e-15
-5.001860432378233236e+04 3.127494045834690778e-13
-5.001796039344578458e+04 3.034885137847864689e-14
-5.001679109697020613e+04 8.949667105451335276e-14
-5.001656754526897566e+04 2.333478093395790780e-12
-5.001602926863869652e+04 2.251953691193298813e-15
-5.001599690170760732e+04 9.348818727094851450e-15
-5.001557873616754659e+04 9.997651417952887965e-14
-5.001464820796115964e+04 7.107034999940137366e-13
-5.001455249542310776e+04 3.298336281773587489e-12
-5.001374263775629515e+04 4.325617455480046408e-14
-5.001335338533326285e+04 4.263655410460024487e-13
-5.001273053609575436e+04 6.384692671938116396e-15
-5.001264808938126953e+04 4.676618166661088974e-14
-5.001178904342192982e+04 5.669190505630753619e-13
-5.001122415635603829e+04 2.826400779105270681e-14
-5.001085377474616689e+04 1.246619578745990428e-11
-5.001067452810760005e+04 3.886896059197562261e-12
-5.000999978685492533e+04 3.421775067549701727e-13
-5.000919768127753923e+04 1.982460846814090548e-12
-5.000903536004506168e+04 7.079138284419878571e-12
-5.000855004452016146e+04 1.019307374404643019e-11
-5.000810509687691228e+04 1.262484950493633479e-13
-5.000752110167645151e+04 2.681768865682837458e-12
-5.000657098829116148e+04 2.285507505334230683e-12
-5.000643345765816048e+04 1.822325670173514114e-12
-5.000599255855006049e+04 6.959841188506857567e-12
-5.000582719670872029e+04 2.149327713848123436e-12
-5.000478836842974124e+04 3.238703625112687198e-12
-5.000435019053686119e+04 1.118890965123702077e-10
-5.000427456901071128e+04 5.478600416735250702e-12
-5.000407398300636851e+04 3.679571664768366268e-14
-5.000390774700716429e+04 1.194967966897680222e-12
-5.000342697800826863e+04 9.384418214079080661e-14
-5.000273634828318609e+04 5.202051978270177734e-12
-5.000243044692203694e+04 1.036243412127860597e-12
-5.000226400937025028e+04 2.280623216695633640e-10
-5.000167945211842016e+04 7.941353458565046354e-12
-5.000128135448883404e+04 1.645819873894873249e-12
-5.000074651680664101e+04 4.364730309845032861e-12
-5.000067166488333896e+04 9.665920261755924205e-12
-5.000025008366760449e+04 1.832807220595296322e-10
-4.999988540327073133e+04 4.277244605955134438e-11
-4.999886111080185219e+04 9.894817948402224782e-12
-4.999873046470545523e+04 9.224934038498583463e-14
-4.999853734945319593e+04 6.758065825514974653e-10
-4.999822077174525475e+04 4.744994735253693574e-11
-4.999793534751744301e+04 2.857052161669870400e-13
-4.999754424903423933e+04 4.236590441570311836e-11
-4.999640774905157014e+04 2.367821787045565324e-09
-4.999639681826988817e+04 9.131212466186039756e-10
-4.999619041558656318e+04 3.262962859826051044e-10
-4.999526460503926501e+04 2.940616111994926570e-11
-4.999502013905515196e+04 6.046956709429810745e-13
-4.999442703550322040e+04 7.822047841437696714e-14
-4.999427998327114619e+04 2.430910452461184895e-09
-4.999387966684569255e+04 3.348789758312071574e-12
-4.999310518756465171e+04 2.049975517435939418e-16
-4.999270335710457584e+04 6.853364187595963236e-12
-4.999229144963950966e+04 2.549726321547737258e-11
-4.999216227908738074e+04 2.706828328478707673e-11
-4.999135767850333650e+04 2.223751324643361758e-10
-4.999111831140461436e+04 1.001614437185084856e-10
-4.999067130131737213e+04 1.337355440105766597e-08
-4.999053700152867532e+04 6.619725748635713790e-10
-4.999006989424703352e+04 1.317621831498780308e-08
-4.998990541566815227e+04 1.574144346366307493e-09
-4.998897413477591181e+04 4.643323467097261722e-10
-4.998862803239215282e+04 1.617546482820432872e-10
-4.998853551092554699e+04 1.300627451925978779e-08
-4.998797308016275929e+04 7.598445116347270228e-10
-4.998779108296969207e+04 9.103104933644032021e-11
-4.998728987826000957e+04 1.878573467619817883e-11
-4.998698441433391417e+04 3.322628363124310873e-10
-4.998640053095434268e+04 6.389334127014185176e-10
-4.998618733546820295e+04 4.152414061579470905e-10
-4.998589059256178734e+04 1.656901132106810827e-09
-4.998561497924427385e+04 3.072149466321180505e-10
-4.998544361083675176e+04 4.155889791615167032e-10
-4.998470058900851291e+04 1.280292660059515843e-09
-4.998426697766884172e+04 1.726387515831120243e-07
-4.998418988134484971e+04 9.058932696590936919e-10
-4.998383897651582083e+04 9.995588163137074911e-09
-4.998370376149208460e+04 4.247782358981257236e-10
-4.998284908615838503e+04 2.075544139470479994e-11
-4.998238437892640650e+04 2.845652704745590549e-12
-4.998222620330062637e+04 1.188856843481003547e-10
-4.998213550150008814e+04 1.029289544036076656e-07
-4.998178307610104093e+04 2.805707392281652379e-09
-4.998144706730876351e+04 3.408658793619633153e-10
-4.998086752851247729e+04 2.662778714853509979e-09
-4.998067121977701026e+04 2.207158681669874304e-08
-4.998049529897695174e+04 1.359792978469841344e-09
-4.998001808102717041e+04 2.696710636627801037e-08
-4.998000180151806126e+04 8.912021559525535738e-09
-4.997983805999417382e+04 1.858493077657449496e-08
-4.997939860920755018e+04 1.614174616526137728e-08
-4.997907843749174208e+04 7.555823537546199652e-10
-4.997853490334152593e+04 1.298990014200651687e-06
-4.997835482961272646e+04 8.746186415484040061e-10
-4.997792067902576673e+04 1.018645471632142561e-10
-4.997788220050849486e+04 5.877363620855669431e-08
-4.997769304391941114e+04 1.134038132308971291e-08
-4.997675555326855101e+04 5.167676794877451876e-11
-4.997661756700453407e+04 5.083719909088989709e-10
-4.997639791125696502e+04 3.263448290856987286e-06
-4.997590363314305432e+04 5.098322902116329110e-09
-4.997577341138055635e+04 2.384035975605702053e-07
-4.997574548559673713e+04 2.227902012067945043e-07
-4.997514349350809789e+04 6.121555217963639230e-10
-4.997508526183584763e+04 1.386391581704343609e-13
-4.997425951925002300e+04 6.051624225597764387e-07
-4.997421873174879875e+04 1.026882378036652497e-08
-4.997399154748000728e+04 7.350603833466181792e-09
-4.997368872939001449e+04 8.896643589366851047e-08
-4.997363501188397640e+04 6.355001443058745946e-07
-4.997282669338540290e+04 2.207088139780193360e-10
-4.997237532677386480e+04 7.054596245003274334e-10
-4.997211835661178338e+04 1.165404033674190460e-07
-4.997196894693437207e+04 2.110164624176740954e-09
-4.997152841301599983e+04 2.529884581439480968e-08
-4.997138893384314724e+04 6.435436111693349659e-10
-4.997067077546074142e+04 1.735621020563495666e-05
-4.997066812093374028e+04 3.071645983648980835e-09
-4.997057614911456767e+04 2.821073743035686335e-10
-4.996998971136841283e+04 4.843653211716466305e-07
-4.996997189665379119e+04 1.403422116258837845e-05
-4.996968182764538506e+04 7.107228968344692723e-09
-4.996938887917328975e+04 1.190531075967475807e-07
-4.996892846026117331e+04 1.550942051084354016e-09
-4.996853288965953107e+04 2.978570019047511620e-05
-4.996806856831521145e+04 8.314206205762152352e-10
-4.996782190261056530e+04 6.533262353591723563e-06
-4.996776610000485380e+04 1.987373970876056520e-07
-4.996736267598067934e+04 3.442879446230735062e-08
-4.996725811280627386e+04 2.490826888386447742e-08
-4.996707451810296334e+04 1.709837635076172036e-09
-4.996639092386912671e+04 8.956134085288952985e-07
-4.996606681130315701e+04 1.623569723542296854e-10
-4.996581803248349752e+04 3.407579167326878229e-10
-4.996565977006874164e+04 8.314962566526904212e-07
-4.996551018159948580e+04 9.508503525515428110e-09
-4.996512303321584477e+04 6.520510230998940373e-09
-4.996470927587230108e+04 2.506025081712452757e-09
-4.996423898551730963e+04 2.717567337637052916e-04
-4.996420787733844918e+04 9.626324491210852138e-08
-4.996370441026054323e+04 2.056638289460963945e-08
-4.996348404213142931e+04 3.886357218494764008e-06
-4.996322130352628301e+04 5.871133755158597043e-10
-4.996301942278213392e+04 3.369611526791313362e-09
-4.996261648795129440e+04 7.214345675847183781e-11
-4.996207056226568238e+04 4.924414395733493729e-06
-4.996198938695299148e+04 2.747498748711141131e-10
-4.996130305591352226e+04 1.133308216870674234e-06
-4.996105417766347819e+04 3.003218371172636334e-09
-4.996100587756655295e+04 1.323232519205630340e-08
-4.996085517044090375e+04 1.339164892954972936e-08
-4.996065869971997745e+04 2.612902800724301597e-04
-4.996012912040903757e+04 4.028873052341875292e-10
-4.995988025527265563e+04 1.669219433526625295e-04
-4.995935353572866006e+04 1.139487370592612075e-09
-4.995911304239300080e+04 2.471595667952011598e-07
-4.995883467200110317e+04 2.681053872881090044e-08
-4.995860611888888525e+04 2.833152210211966691e-08
-4.995848184374849370e+04 3.086993422857665231e-03
-4.995841149102518102e+04 3.243740424872296900e-09
-4.995818558935003239e+04 2.051034994779823152e-11
-4.995766449472906243e+04 1.265938029023459669e-04
-4.995739081376725517e+04 1.978187520769860766e-08
-4.995691874981997535e+04 1.814663728910983454e-07
-4.995668486664434022e+04 1.010457621636751416e-07
-4.995653501211661205e+04 2.646460096681777970e-08
-4.995627401464048307e+04 3.958869779139256861e-03
-4.995597331149804813e+04 2.247723872998685067e-08
-4.995542138123487530e+04 1.240595829584552302e-05
-4.995529765275570389e+04 6.632088733987377744e-09
-4.995476797751910635e+04 7.586403985700814799e-07
-4.995460145226649183e+04 2.782944323115874976e-07
-4.995449352193730010e+04 8.823342534178021340e-07
-4.995403021026034548e+04 7.910962673702375686e-03
-4.995355342207844660e+04 1.264673176709818098e-08
-4.995331338373698236e+04 1.861732396703222494e-08
-4.995314893064700300e+04 4.476923288146255014e-08
-4.995278091336412763e+04 3.453613942974997883e-09
-4.995266664975701133e+04 8.889385909262881642e-08
-4.995230661988315114e+04 9.553965507253083545e-07
-4.995186186871974496e+04 4.752870277377989612e-08
-4.995174719854466093e+04 3.487566900232424300e-03
-4.995143084240260941e+04 3.079753431479974910e-07
-4.995085761916678894e+04 8.356891211917970774e-04
-4.995078840054179454e+04 2.106180425697410079e-04
-4.995065901461726753e+04 2.182475427916163405e-04
-4.995060889756426332e+04 7.104037288256748184e-01
-4.995015165640854684e+04 7.203181228757295212e-08
-4.994969297677950817e+04 8.050075499424085225e-07
-4.994942203087654343e+04 2.576869239379688242e-03
-4.994933249885342957e+04 2.993406846708308494e-06
-4.994890693967069092e+04 5.905135985603491278e-07
-4.994852656808603206e+04 3.532194211022192561e-03
-4.994833998980226170e+04 1.981000361418218114e-01
-4.994832816558224295e+04 3.094341487826580625e-02
-4.994787809708472923e+04 7.142945219135817989e-07
-4.994734962884684501e+04 3.418583588154023990e-07
-4.994705349103336630e+04 7.830708905613690835e-04
-4.994687152365499060e+04 1.418630930473866769e-08
-4.994649648393828829e+04 2.500470304810120827e-05
-4.994615493101011089e+04 1.559863918529765794e-03
-4.994596724858356902e+04 2.784272290833461963e-02
-4.994587642355709977e+04 4.426468578427068801e-05
-4.994555268575862283e+04 2.592580967241194384e-06
-4.994531753233315249e+04 1.778944941788702073e-07
-4.994494468466749822e+04 5.559514287334962048e-08
-4.994464725790456578e+04 4.072558129148953949e-05
-4.994458637487337546e+04 9.252268178380930932e-06
-4.994380109197043930e+04 1.944503608529196854e-04
-4.994370211810576438e+04 7.151941351223285350e-06
-4.994351533605366421e+04 3.033052328588721393e-03
-4.994340715601756528e+04 6.441714317218316470e-05
-4.994301039520931954e+04 7.558424735339745939e-07
-4.994229626774477947e+04 6.651189091835600161e-09
-4.994219056193338474e+04 8.717260446906070922e-08
-4.994194287246688327e+04 9.069357122237070955e-08
-4.994164895962907758e+04 1.193511282386072472e-06
-4.994140328872291138e+04 7.417351061130710471e-06
-4.994120139481978549e+04 8.465860385079951750e-06
-4.994098752418137155e+04 1.622514638862811967e-04
-4.994078202258606325e+04 2.012050233782909554e-06
-4.994018487593294412e+04 1.379403277450010439e-08
-4.993987138134987617e+04 9.833475559877683059e-10
-4.993970111639235984e+04 9.882562323840692755e-07
-4.993924676051687857e+04 1.617138534878448859e-10
-4.993891639260858938e+04 8.687799683280762863e-09
-4.993871420107054291e+04 6.413992589053940148e-09
-4.993841168578092766e+04 8.625339516375022156e-07
-4.993832222197897499e+04 1.175723014054561651e-07
-4.993760121387064282e+04 5.036685256190810205e-10
-4.993719491320578527e+04 7.008466270127093845e-07
-4.993714397013475536e+04 6.871239498473514642e-08
-4.993683570857514860e+04 1.431472027434145560e-07
-4.993632244387184619e+04 2.628767911450918088e-07
-4.993618906956516730e+04 5.408189044238902165e-08
-4.993577504664490698e+04 4.465242776799994870e-06
-4.993555877422160120e+04 7.950304709435201150e-08
-4.993543737370404415e+04 2.359349104465887172e-08
-4.993469349016618798e+04 3.340595591366262721e-08
-4.993452898067094793e+04 7.569795616455022512e-08
-4.993427655316857272e+04 1.421131301863566238e-08
-4.993388215196461533e+04 9.279706005815303343e-08
-4.993341007854073541e+04 3.818623495152994985e-08
-4.993313553561449953e+04 9.417344389458642301e-07
-4.993302943455095374e+04 4.552779053866081329e-07
-4.993258670043961320e+04 2.280375984141161676e-09
-4.993205382450376055e+04 5.230055826552140875e-10
-4.993160256007149292e+04 1.002475639023227632e-08
-4.993124327578309749e+04 1.855891500970006323e-09
-4.993102646558354900e+04 7.123570982175345075e-09
-4.993069729708778323e+04 1.148602812365907127e-08
-4.993057503163786896e+04 1.001514867878521125e-08
-4.993037883476882416e+04 1.766675405406498572e-07
-4.992983936756274488e+04 2.865154426743531027e-10
-4.992950469277553202e+04 8.895792841782192872e-10
-4.992919602015557757e+04 3.212297544675717887e-11
-4.992898847854095220e+04 3.934088306267770694e-11
-4.992834941601812898e+04 5.981391887470790125e-10
-4.992818344451344456e+04 4.077766276627873039e-11
-4.992765911445299571e+04 3.398113545339830960e-09
-4.992728972158831311e+04 2.019082039512847756e-10
-4.992698785246306215e+04 1.727445771300278180e-10
-4.992668264828588872e+04 6.674257560031212580e-10
-4.992630770820137695e+04 1.570224663885705739e-11
-4.992598888986348175e+04 4.368155378946254292e-11
-4.992580436926934635e+04 3.635326311856180603e-11
-4.992559225443450850e+04 3.636143280093989456e-11
-4.992491228857665556e+04 1.178754019307318343e-09
-4.992445927413516620e+04 6.743503037442851503e-11
-4.992413326775572204e+04 7.448609834696013478e-11
-4.992389367400549236e+04 1.352427362645028066e-10
-4.992337511609906505e+04 6.219466663197592637e-11
-4.992295762437480153e+04 4.797817900018784196e-11
-4.992262311263340234e+04 2.795475888804458261e-11
-4.992214695046727138e+04 8.921659763131339097e-10
-4.992207034343734267e+04 7.246866630076671889e-14
-4.992156778309143556e+04 1.007968488483735904e-11
-4.992115646636241581e+04 6.011037798861053221e-12
-4.992095700277159631e+04 8.165362345674828479e-12
-4.992064799364576174e+04 8.273198431948296978e-13
-4.992038005965836055e+04 2.778426327554724749e-11
-4.991975847117694502e+04 9.747434220205013130e-12
-4.991938011940782599e+04 1.889963421981118650e-10
-4.991907544487679843e+04 5.573961699807794389e-12
-4.991854462078625511e+04 4.414962788535521734e-17
-4.991807717868097825e+04 6.538970212365160954e-13
-4.991782767329702619e+04 5.352906106752341002e-12
-4.991712543610978173e+04 2.425043717447725520e-14
-4.991664778516998194e+04 8.283484893476829215e-12
-4.991653995332032355e+04 3.709549420870084457e-12
-4.991623929456496262e+04 1.109756277563426159e-13
-4.991602961294527631e+04 2.470364802360653338e-15
-4.991550531915931788e+04 4.765707731947032547e-13
-4.991510747782500403e+04 1.553890763367217529e-13
-4.991416542828630190e+04 7.019336353168207442e-15
-4.991381253575926530e+04 1.140850524713875359e-13
-4.991358637050435937e+04 1.740731547805322350e-13
-4.991349338242505473e+04 6.903128280824095192e-14
-4.991309902708313894e+04 1.560739359128310806e-13
-4.991255175789847272e+04 2.075914213839379385e-13
-4.991230588232084119e+04 1.514228413043687319e-15
-4.991198926273864345e+04 1.334010392236131791e-14
-4.991100633653529803e+04 3.960478253948170528e-13
-4.991087118757364806e+04 2.920786599082205824e-13
-4.991065801612139330e+04 1.428476540915866607e-14
-4.991014807658985956e+04 5.280447296874836153e-16
-4.990981819753120362e+04 9.247646233222362720e-14
-4.990893252578754618e+04 2.043644716895965331e-14
-4.990826588451532007e+04 4.405307907776338380e-14
-4.990812576624442590e+04 1.681686913505141687e-13
-4.990743924227516982e+04 2.280728723228175531e-15
-4.990719176842136949e+04 9.767095673300050976e-15
-4.990701697916752892e+04 5.938923438304016153e-15
-4.990599817607806472e+04 1.850380750024403182e-15
-4.990566674802041962e+04 4.428182302531433822e-15
-4.990537392523427843e+04 2.097631444442185592e-14
-4.990474944115690596e+04 6.819105033205172073e-17
-4.990454968747630483e+04 1.685931907724679434e-16
-4.990436410674043873e+04 3.643918539238544933e-16
-4.990415953504992649e+04 3.065445547458553231e-17
-4.990350740563013824e+04 5.033832393491194983e-18
-4.990293630092365493e+04 5.001028918619113708e-16
-4.990258807476219954e+04 7.090601770146926809e-18
-4.990205627676029690e+04 1.201377695446074593e-16
-4.990149984582916659e+04 3.087174774535659470e-16
-4.990117698217165889e+04 4.596658561136358472e-19
-4.990000581007645815e+04 6.864370820896241297e-17
-4.989970032361151243e+04 4.321133821925829928e-16
-4.989923332969515468e+04 8.351104979933995586e-18
-4.989859810291457688e+04 1.980069754938624641e-16
-4.989843976233038120e+04 1.020758080838138854e-17
-4.989798655483989569e+04 6.246284853304015285e-17
-4.989770292772572429e+04 1.795545932149073674e-17
-4.989688457539227966e+04 2.182485051231175653e-16
-4.989648604241061548e+04 1.261857816647280527e-17
-4.989596941424631223e+04 1.876516450407190790e-17
-4.989571336627192795e+04 1.126875343123110765e-17
-4.989523140869307099e+04 9.725918904479037754e-19
-4.989499265053009731e+04 3.753982311283928702e-17
-4.989409183135483181e+04 1.465784292262376895e-17
-4.989336471422466275e+04 6.940754566052630864e-18
-4.989322937911633198e+04 6.400527478187555618e-20
-4.989269177982447582e+04 5.793297287956288987e-18
-4.989255115537652455e+04 4.701663234563299954e-20
-4.989146731580948108e+04 2.386681609450332801e-20
-4.989120707578911970e+04 1.045843833398609766e-19
-4.989080814865574939e+04 2.211480375497786556e-20
-4.989053296789710294e+04 3.169075854465225508e-19
-4.988983966746951046e+04 1.094171936439093400e-19
-4.988873169697294361e+04 2.915048927911011554e-19
-4.988773054448304174e+04 3.212297302403927822e-20
-4.988746859213728749e+04 2.097675496305236339e-20
-4.988707666930295818e+04 4.543008170243797473e-19
-4.988618835462488641e+04 3.941119262123385036e-20
-4.988595311075665813e+04 2.829636364025936110e-19
-4.988526770154810220e+04 2.342016179399631081e-20
-4.988456057181286451e+04 2.618759126223457545e-20
-4.988419117123138858e+04 2.855794403036677047e-21
-4.988323130550218048e+04 1.155088554590788572e-19
-4.988243472342457972e+04 1.085572301482950236e-20
-4.988199795049287786e+04 1.898604742760165385e-20
-4.988165772840395221e+04 2.732574670215070760e-24
-4.988148350898477656e+04 8.798533772668435680e-23
-4.988130287703567592e+04 3.253906015612510869e-21
-4.987921163393772440e+04 7.008017431113154994e-22
-4.987892233257413318e+04 2.161320724431589655e-22
-4.987839530166855548e+04 2.336771117551034653e-23
-4.987819594215626421e+04 1.816481368808597591e-24
-4.987751058739221480e+04 3.735539209367401249e-23
-4.987704630890315457e+04 3.677402774819707052e-22
-4.987570703490497544e+04 5.081065620833810220e-23
-4.987536777012186940e+04 3.204313606815862420e-22
-4.987490620261515141e+04 2.138297782405471008e-22
-4.987431907331728144e+04 1.388517581560734922e-23
-4.987365526155574480e+04 2.695390636968221998e-22
-4.987253479455114575e+04 2.622988006801965681e-22
-4.987216844396544911e+04 2.050661437699854557e-23
-4.987111213916609995e+04 5.466410242505389629e-23
-4.987031161305781279e+04 1.600746210155716811e-23
-4.986952886613113515e+04 7.345153620143134338e-24
-4.986795505980175221e+04 0.000000000000000000e+00
-4.986751958501618356e+04 1.998390809607746213e-24
-4.986686042464987258e+04 0.000000000000000000e+00
-4.986584979358380951e+04 0.000000000000000000e+00
-4.986473778917160234e+04 0.000000000000000000e+00
-4.986441244784374430e+04 0.000000000000000000e+00
-4.986415863356947375e+04 0.000000000000000000e+00
-4.986330431282782229e+04 1.210251940145178763e-24
-4.986313749845117854e+04 0.000000000000000000e+00
-4.986169450706744101e+04 0.000000000000000000e+00
-4.986147570021986030e+04 0.000000000000000000e+00
-4.986038250813268678e+04 0.000000000000000000e+00
-4.986023214461563475e+04 0.000000000000000000e+00
-4.985905029112889315e+04 0.000000000000000000e+00
-4.985731366429095215e+04 0.000000000000000000e+00
-4.985635778783389833e+04 0.000000000000000000e+00
-4.985571112871768128e+04 0.000000000000000000e+00
-4.985501066298151272e+04 0.000000000000000000e+00
-4.985384889688552357e+04 0.000000000000000000e+00
-4.985308249500837701e+04 0.000000000000000000e+00
-4.985131878565018997e+04 0.000000000000000000e+00
-4.985041325720323948e+04 0.000000000000000000e+00
-4.984834766581967415e+04 0.000000000000000000e+00
-4.984809198278203257e+04 0.000000000000000000e+00
-4.984600123339380661e+04 0.000000000000000000e+00
-4.984517937701029587e+04 0.000000000000000000e+00
-4.984466961884335615e+04 0.000000000000000000e+00
-4.984263902276761655e+04 0.000000000000000000e+00
-4.984227729814226041e+04 0.000000000000000000e+00
-4.984124833739823953e+04 0.000000000000000000e+00
-4.984081700360083778e+04 0.000000000000000000e+00
-4.983815008205402410e+04 0.000000000000000000e+00
-4.983705310636252398e+04 0.000000000000000000e+00
-4.983537947697553318e+04 0.000000000000000000e+00
-4.983406139288820850e+04 0.000000000000000000e+00
-4.983163499999539636e+04 0.000000000000000000e+00
-4.982732661627634661e+04 0.000000000000000000e+00
-4.982412171553472581e+04 0.000000000000000000e+00
-4.982371124155588041e+04 0.000000000000000000e+00
-4.982215996674147027e+04 0.000000000000000000e+00
-4.982081560219252424e+04 0.000000000000000000e+00
-4.981967177943408024e+04 0.000000000000000000e+00
-4.981370767621415143e+04 0.000000000000000000e+00
-4.981337213535132469e+04 0.000000000000000000e+00
-4.980047339310927782e+04 0.000000000000000000e+00
-4.980002111436568521e+04 0.000000000000000000e+00
4.996025412617220718e+04 0.000000000000000000e+00
4.996028030475868582e+04 0.000000000000000000e+00
4.996670979212989914e+04 4.464995438103147143e-24
4.996673326635833655e+04 8.184804290130882989e-23
4.996912408858524577e+04 3.613153056146608479e-21
4.997075125598068553e+04 6.587062230366447179e-20
4.997086979652904847e+04 8.192746184870557046e-20
4.997089668083559081e+04 1.892181890011304193e-21
4.997207497023593169e+04 1.282263825089943245e-18
4.997285374620609218e+04 4.101710388486572922e-19
4.997344264853941422e+04 7.604900456902722486e-20
4.997424116931792378e+04 1.891817820991190005e-19
4.997518844425029238e+04 2.342499212459378864e-20
4.997622409962912934e+04 2.840371658882346546e-19
4.997732414430716744e+04 1.880841543090713902e-22
4.997846365195689577e+04 4.414111855454199894e-20
4.997932378900792537e+04 5.795872913548817750e-19
4.997966764166346547e+04 5.471078623664123134e-19
4.998089018224261963e+04 2.341165181981055498e-19
4.998142811241033633e+04 3.838675625856464122e-18
4.998210291977330780e+04 1.043565092124926528e-18
4.998327304260135861e+04 3.179861303381632907e-19
4.998347747424041154e+04 1.636772676948283559e-18
4.998409615072515589e+04 2.704963670172759158e-19
4.998413635259489092e+04 3.068478664017598720e-21
4.998449316372846806e+04 7.796823456624199124e-19
4.998541796243967838e+04 4.020522453797730359e-18
4.998550588034457178e+04 1.510436456234070131e-18
4.998633717699645786e+04 6.326280113954389895e-19
4.998673863508735667e+04 2.697932015897151517e-21
4.998735102691724023e+04 4.294281569294292528e-17
4.998743139300315670e+04 3.895304475404331735e-17
4.998830128298263298e+04 5.447624836662742238e-19
4.998886567251176166e+04 6.091271430424716241e-18
4.998922228023502976e+04 3.484798290793264655e-17
4.998934553770336061e+04 2.098380507428458240e-19
4.999009140937600023e+04 2.565281537920448107e-18
4.999089180613007920e+04 1.686112204552624716e-18
4.999104893281187105e+04 4.586893798462232389e-18
4.999148527719640697e+04 4.922608912176876762e-17
4.999198864984487591e+04 3.905912463249746188e-20
4.999257622430767515e+04 5.465812435346338454e-17
4.999352749351556849e+04 8.228645124374282924e-17
4.999361966210749233e+04 4.285494077517923611e-16
4.999410295395587309e+04 2.167845731836060635e-18
4.999427943050852627e+04 6.454053236979965064e-18
4.999535469616127375e+04 1.289040417979538328e-18
4.999571913540529204e+04 8.862141014252552210e-16
4.999588626907481375e+04 1.565418440267727652e-18
4.999611828331824654e+04 7.722112606763718396e-20
4.999635622623713425e+04 1.449609246091638184e-17
4.999678314658140880e+04 1.555945532570783637e-17
4.999741225807557203e+04 6.040351329726523356e-17
4.999772581185603485e+04 3.550847933408237426e-18
4.999781191796171333e+04 6.283754721711226004e-17
4.999850837012956617e+04 2.708110268797386509e-17
4.999882455941024091e+04 9.553238873535243448e-18
4.999934846902074059e+04 1.301610345435245524e-15
4.999944582957898092e+04 1.363010417248164121e-17
4.999984369261433312e+04 2.274411914867113584e-16
5.000029492580684018e+04 5.418862669837621239e-17
5.000124623170775158e+04 3.536428007844000971e-19
5.000145111115990585e+04 6.286651168300831567e-16
5.000149940524986596e+04 4.315648806941289702e-15
5.000188571561444405e+04 3.736958728080848261e-15
5.000217581981689727e+04 2.229915318405803923e-16
5.000261554866094230e+04 1.547497926319268426e-17
5.000364457631148980e+04 1.911397144197366598e-16
5.000375823090828635e+04 4.827154831690367929e-18
5.000394711070520134e+04 3.751251736627863239e-16
5.000490067690619617e+04 3.873109320828927483e-17
5.000509786224403797e+04 4.464274897586392477e-19
5.000570030929027416e+04 1.809974399567507996e-16
5.000578783740022482e+04 2.667758396266898464e-15
5.000628520106693759e+04 3.206648936366570425e-18
5.000701327748036420e+04 3.263834505980774201e-16
5.000744968513638742e+04 9.599948732922346226e-16
5.000785225739522139e+04 2.874340599031677451e-16
5.000792096653236513e+04 5.433697578208194635e-14
5.000880025406520144e+04 1.170289825624921422e-16
5.000899590417316358e+04 3.600790240137507541e-17
5.000934891446743859e+04 3.713037379869395854e-16
5.000960782742319134e+04 4.838427063458757336e-17
5.001002982557983341e+04 5.042889333003338921e-15
5.001026978135297395e+04 1.297006739996732284e-15
5.001118516810819710e+04 1.385113631882194782e-15
5.001150054204681510e+04 6.286951682022415940e-14
5.001154234433537931e+04 2.970269641046688762e-15
5.001213975694200781e+04 1.230026291094358994e-15
5.001235886403993209e+04 3.170071619592958187e-16
5.001285902484719554e+04 1.606922608043154260e-18
5.001318265691388660e+04 4.975391649654027964e-15
5.001365140101899306e+04 4.499426392890175926e-13
5.001395899261751038e+04 1.681609525748058270e-15
5.001422854544034635e+04 4.601779644886298784e-15
5.001455646191772394e+04 7.639005067614201699e-18
5.001473277011044411e+04 1.360856044574457871e-16
5.001546593512764230e+04 5.621553491553026046e-17
5.001580067078207503e+04 3.794659552251318906e-13
5.001599482103894115e+04 1.103700412664223577e-15
5.001630567905318458e+04 4.097516085246339611e-14
5.001648619134019100e+04 4.972008331702031312e-16
5.001734735854452447e+04 1.854667948345640151e-15
5.001781653383609228e+04 8.433425610538296846e-15
5.001794763774295279e+04 5.341489787457043907e-14
5.001795898739198310e+04 1.828171753695452244e-14
5.001837303920050908e+04 8.761286511595275877e-14
5.001875626683365408e+04 3.624874031362352761e-16
5.001934899389599013e+04 2.332572556487924374e-12
5.001935190818490082e+04 8.800039303489270661e-16
5.001968511555376608e+04 1.381554088142382244e-15
5.002009051515608007e+04 1.922391868496562424e-14
5.002020660993210186e+04 4.907402492295853815e-15
5.002035995146587084e+04 7.463659777853764591e-15
5.002078484673935600e+04 2.189784161251039814e-15
5.002116062414601765e+04 1.611286353342357719e-16
5.002150123015006830e+04 5.475106429814162124e-12
5.002184661930097354e+04 1.486524002142598889e-15
5.002223047850953299e+04 1.361460730872846389e-12
5.002231586919415713e+04 5.293324170284801500e-15
5.002249229610155453e+04 1.386387951570250909e-14
5.002347266442255204e+04 2.833329190866636013e-17
5.002361714399361517e+04 5.349686858578027076e-15
5.002365416262498911e+04 4.529649720626555579e-13
5.002425432786065358e+04 1.109359633918908345e-14
5.002436612381254963e+04 1.019537238449084070e-12
5.002443890760293289e+04 6.198647372391817919e-15
5.002509626917247806e+04 2.652612117591957943e-18
5.002513711890817649e+04 5.685653351563192826e-18
5.002580845865239826e+04 9.400601927054813628e-13
5.002597669586986012e+04 1.147698490534699998e-16
5.002622558967555233e+04 2.229040429545939896e-15
5.002649357359652640e+04 9.502464590820765749e-15
5.002656332977524289e+04 5.061644288172928687e-15
5.002739249686450785e+04 7.529036434499054310e-17
5.002786854991613654e+04 1.124602651001084692e-14
5.002796542870326812e+04 2.002020047919479054e-11
5.002825829581666767e+04 2.007469019485597804e-14
5.002862797695376503e+04 5.599851191362495528e-13
5.002891449682982056e+04 4.451932871434793842e-16
5.002934942232063622e+04 1.261502514529936224e-12
5.002951319244223123e+04 1.516183613278802985e-15
5.002970008580906870e+04 8.900944339889074857e-17
5.003012674357934884e+04 2.084524009496331078e-12
5.003022196596593130e+04 3.164502270736128741e-15
5.003056059683306376e+04 3.128991532499471491e-14
5.003078264276093978e+04 2.198094414104776180e-13
5.003138136263785418e+04 2.012610459654073543e-15
5.003150311600454006e+04 6.519666764337664747e-11
5.003216204720296082e+04 2.620974021215857325e-14
5.003229444496783981e+04 8.502057376650458697e-12
5.003250331930507673e+04 2.719153031593982546e-14
5.003286402329267003e+04 1.485711702750686118e-14
5.003295291688933503e+04 2.027038745038030006e-14
5.003318839486489014e+04 1.084737933696197289e-14
5.003366077174558450e+04 2.082130076414088572e-10
5.003418369615203119e+04 9.235795422063855471e-17
5.003439035588946717e+04 6.942444180627632661e-14
5.003447129607330135e+04 1.332705829708651054e-11
5.003478348123498290e+04 2.295749463626017827e-14
5.003508838655781437e+04 8.919954333340835528e-15
5.003552382221978769e+04 9.809213283694725600e-16
5.003582837826041214e+04 4.503677660979320527e-11
5.003603907298353442e+04 9.870002732987390361e-16
5.003660510637339758e+04 5.153123693654069334e-13
5.003666488766545081e+04 4.268774296207699457e-12
5.003703966744749050e+04 5.339159094089436723e-15
5.003719110244930198e+04 3.540525162056867690e-15
5.003767448694586346e+04 1.631037185990560892e-15
5.003801255401536764e+04 3.721898943250901877e-10
5.003827256151311303e+04 2.459653734509608484e-14
5.003885802721980144e+04 1.133943149079816815e-12
5.003918936102106818e+04 1.301016807490085961e-15
5.003928637066599185e+04 2.550279819743489877e-16
5.003936151094846718e+04 3.792753137847917258e-09
5.003938203185315797e+04 4.021838197119397060e-13
5.004012007487588562e+04 3.856982720857715795e-14
5.004021882002125494e+04 2.268193638053980251e-10
5.004093522512618074e+04 4.245063203988803591e-16
5.004106446400829009e+04 2.228175167159703561e-13
5.004141116633505590e+04 1.389624139535962255e-13
5.004155435715083149e+04 5.020932991125984132e-09
5.004164958385640057e+04 1.184702887029018729e-13
5.004191480075057189e+04 3.848603500912509745e-15
5.004209074880542175e+04 3.131702578818709209e-16
5.004245086606103723e+04 3.704200024202641675e-11
5.004289665042565321e+04 2.321963036411967418e-17
5.004327756628945644e+04 3.060044122034664348e-13
5.004356999171940697e+04 3.059312839847186521e-13
5.004373822511794424e+04 3.240606810671959361e-13
5.004377796477677475e+04 5.762965639907195319e-09
5.004428434992963594e+04 6.132853770107161591e-15
5.004471076850874670e+04 2.290764370173835644e-12
5.004498597217150382e+04 1.012404513994548477e-15
5.004546021114783071e+04 2.067142951039822930e-13
5.004565978965666727e+04 1.375048325559158165e-13
5.004576297130354942e+04 2.870777881876839629e-13
5.004603736797616875e+04 1.865821156540467916e-09
5.004678061243562115e+04 1.126278126434918910e-14
5.004691820050278329e+04 2.580786989921251984e-15
5.004700066700930620e+04 1.297415497458376462e-12
5.004752640514417726e+04 8.252148609312617027e-16
5.004759415073054697e+04 2.387268520475555279e-14
5.004793234445169946e+04 1.437140193002692030e-13
5.004833602854175842e+04 2.151347289087631618e-10
5.004843621753669140e+04 3.781423865891893945e-15
5.004888925236642535e+04 1.959101494553787170e-14
5.004931579236753896e+04 3.630255939071559961e-11
5.004940329506455600e+04 2.284746502325181247e-09
5.004948543513382901e+04 2.254061362709306653e-13
5.004964511549775489e+04 2.573181280228233140e-15
5.005010881892988982e+04 2.918661256773896915e-14
5.005061809120159160e+04 1.639864614160356648e-13
5.005067719610097993e+04 4.356750704036727975e-11
5.005091663959073776e+04 1.325450553900609690e-14
5.005144803164846235e+04 5.127585202080644539e-14
5.005164807087289955e+04 2.319637036204664372e-10
5.005169690116852144e+04 4.258084118921122175e-10
5.005194937492353347e+04 2.332717485218085555e-14
5.005238997719459439e+04 2.573073222953481534e-14
5.005296333103793586e+04 8.858332807324379766e-14
5.005306197509084450e+04 2.106393823372628108e-11
5.005349845825808734e+04 7.184732423042186275e-17
5.005380487509784143e+04 2.044516682677440204e-15
5.005402254815291963e+04 1.496591703588047327e-12
5.005410248914091790e+04 1.658973120624625459e-12
5.005444939746280579e+04 1.317678906732649108e-15
5.005473513277350139e+04 9.440190115892457322e-15
5.005505338054663298e+04 1.284717371091326623e-16
5.005536971690823702e+04 6.661868486997067443e-15
5.005548850617888820e+04 3.463064264097984933e-12
5.005572739835157699e+04 3.372160366955706137e-14
5.005640936478276126e+04 3.422545929233568397e-12
5.005655543918022158e+04 9.934943425487221933e-12
5.005661453705784515e+04 1.505767993195847714e-14
5.005687216787164652e+04 1.835991211526690418e-14
5.005724841092549468e+04 3.863910666340865101e-17
5.005795803177003836e+04 1.720720592060428772e-12
5.005805342855146591e+04 1.253452258048394046e-14
5.005837721164916002e+04 2.606127951154220712e-14
5.005866933742630499e+04 5.978277242857678987e-13
5.005886007853285992e+04 4.233248347480909310e-12
5.005905716701027995e+04 1.986044086275914849e-11
5.005912373860056687e+04 1.264788393373210817e-11
5.005952149554771313e+04 7.125480976035587520e-14
5.006018105233858660e+04 3.531809399654553672e-15
5.006046212200505397e+04 6.795032042706875715e-13
5.006051270229461807e+04 8.914742536640009831e-14
5.006107489396038000e+04 2.730589242115041520e-13
5.006135507851898001e+04 8.597758141225526407e-13
5.006161260658648098e+04 3.876703803674100408e-12
5.006171416856162978e+04 5.935225491505131548e-12
5.006199452859768644e+04 6.230307686358409333e-14
5.006276421885834134e+04 1.259432917055022006e-15
5.006299920580494654e+04 2.842114057256779123e-14
5.006316149471559766e+04 9.072735295738439325e-17
5.006350567461238097e+04 8.277283576477049215e-14
5.006399513149806444e+04 3.331779855253858845e-13
5.006415105327052879e+04 9.316303985553886471e-15
5.006433816435387416e+04 2.156630893498391470e-12
5.006475846891859692e+04 9.925444479277480519e-15
5.006496625945685082e+04 2.506500573904206628e-15
5.006555066862446984e+04 3.258595507010949388e-15
5.006579520329247316e+04 3.188642336876406691e-15
5.006604942098482570e+04 2.715517464340075707e-15
5.006643249531855690e+04 2.553143602981027393e-14
5.006693600341794081e+04 8.413631796746843847e-14
5.006703934120127087e+04 1.874558774659444119e-13
5.006731803806596872e+04 4.560288795794482342e-15
5.006780186082201544e+04 1.283997825223007582e-15
5.006818211275549402e+04 3.245692994379051239e-15
5.006870690394111443e+04 7.297409914932275307e-17
5.006915799209108809e+04 2.453518868957447256e-17
5.006930566709453706e+04 4.999886624224678506e-17
5.006965000814701489e+04 1.041540546075312087e-16
5.006975662217310310e+04 5.552098357725474332e-18
5.006983037260348647e+04 3.096326353733432226e-17
5.007057804239904362e+04 4.228534789612188612e-16
5.007077845006609277e+04 2.067223695295065749e-15
5.007114558883274003e+04 7.101605038401686697e-16
5.007138139852154563e+04 1.619197503931375312e-16
5.007199163813681662e+04 6.798360416011752782e-16
5.007221033682832058e+04 2.463792634244926269e-16
5.007250937628337851e+04 6.267706712205326175e-15
5.007307872843459336e+04 3.323592848656132888e-17
5.007338459573591535e+04 8.271699603060897124e-17
5.007360936683168984e+04 3.557755229701085933e-16
5.007407456620236917e+04 1.348595313156392886e-16
5.007438882391869993e+04 1.475586648207539842e-16
5.007459600156034139e+04 1.127794039733769249e-16
5.007481102262941567e+04 2.249995714686778005e-16
5.007527317769518413e+04 3.348584647693239391e-15
5.007589341339207749e+04 5.796363897473574005e-18
5.007623521763238386e+04 1.961928880125495596e-17
5.007644598202833731e+04 1.604784568960025374e-17
5.007699304151022079e+04 4.347542226863863780e-17
5.007741313947265007e+04 5.212920777437662972e-17
5.007779411008552415e+04 5.393628376460975785e-17
5.007805886938678304e+04 7.159400040922827563e-16
5.007837577545804379e+04 3.091743152577006286e-18
5.007876255044130812e+04 1.200047976922879009e-18
5.007921386316853750e+04 2.081847426965769217e-19
5.007943471066713391e+04 8.647202127280790076e-19
5.007976166689289676e+04 9.700660114159687931e-20
5.008001454568790359e+04 1.040498033781037892e-17
5.008063863678726921e+04 5.971638645481940329e-18
5.008085474470856570e+04 2.987423246861985392e-17
5.008134921186472639e+04 1.235110600591814184e-18
5.008183031560078234e+04 2.567192672482968506e-18
5.008229784861436201e+04 6.384247218812316258e-19
5.008254214768025849e+04 1.988134394844558594e-20
5.008336635357418709e+04 6.005573069923039028e-20
5.008365358809580357e+04 1.420344351681459966e-18
5.008377273160984623e+04 8.232180084766072643e-19
5.008413893665586511e+04 7.825310479298272193e-19
5.008440125743790850e+04 1.320875072395362023e-19
5.008484732599012204e+04 8.891063546554052509e-19
5.008531906850752421e+04 3.718148421978466836e-19
5.008625503608941654e+04 5.041717350942341554e-20
5.008647335332970397e+04 3.744554797744003842e-18
5.008683785838318727e+04 1.680588567179448728e-19
5.008691440154525480e+04 2.682874609114849958e-20
5.008733936160150915e+04 4.491315049594480688e-20
5.008782813183552207e+04 3.139851931872388032e-19
5.008811698961514048e+04 5.273874493555708325e-20
5.008846852472900355e+04 6.172691402649627568e-20
5.008932482256495132e+04 1.141405146768774173e-18
5.008950141950527905e+04 1.527531706756125699e-19
5.008974014516150783e+04 9.292731904620338082e-21
5.009027788982712082e+04 5.464278805435180126e-22
5.009054282342673832e+04 6.619912910212060708e-20
5.009164733908687049e+04 3.316005525980026796e-20
5.009218632681114832e+04 8.840781785126681482e-20
5.009224863958754577e+04 2.085586837557360193e-20
5.009296216448424821e+04 6.476572285117742056e-21
5.009317923438708385e+04 1.412847657293082890e-21
5.009343064566974499e+04 5.166616354938413567e-22
5.009449078176957846e+04 1.259918802413152217e-21
5.009481611225488450e+04 1.195348149754362880e-21
5.009497622129646334e+04 6.378658150999400197e-23
5.009573219364315446e+04 1.420667575839089004e-21
5.009591940296270332e+04 8.940007029681545775e-22
5.009607864002334827e+04 2.296668913360848972e-22
5.009629766912223567e+04 1.638253806038949245e-22
5.009702331710740691e+04 2.289351532681189589e-23
5.009750430445540405e+04 0.000000000000000000e+00
5.009779180115336203e+04 3.491260731807741557e-21
5.009840739529474376e+04 2.770105423784649973e-23
5.009887962850814802e+04 1.657033911248947199e-21
5.009936808824191394e+04 1.469226238232369895e-22
5.010052751529870875e+04 9.051613970733385749e-22
5.010076299084891070e+04 7.088365570254593984e-22
5.010119388320092548e+04 1.442897139621041325e-22
5.010179843993960822e+04 3.164162635529493304e-22
5.010201784232733189e+04 8.361350653874545989e-24
5.010247262121181848e+04 1.201972294426053574e-22
5.010284997292725893e+04 3.392033413975456958e-23
5.010352173166567081e+04 2.444759952251010639e-22
5.010401145273642760e+04 1.863633801728350655e-23
5.010444339544505056e+04 8.643904137659361417e-24
5.010480702243496489e+04 8.959154334756177677e-24
5.010538780796576611e+04 0.000000000000000000e+00
5.010552496593730757e+04 1.838139888706896658e-23
5.010636911411552865e+04 0.000000000000000000e+00
5.010712509380141273e+04 2.717921196640563147e-24
5.010720873469702201e+04 0.000000000000000000e+00
5.010774941203236085e+04 0.000000000000000000e+00
5.010803155537592829e+04 0.000000000000000000e+00
5.010902966233337065e+04 0.000000000000000000e+00
5.010930005714744766e+04 2.788624407472476543e-24
5.010974518880337564e+04 0.000000000000000000e+00
5.011002708105492638e+04 0.000000000000000000e+00
5.011066928487923724e+04 2.650297967386869857e-24
5.011177083761939866e+04 1.541326624458842518e-24
5.011273796832985681e+04 0.000000000000000000e+00
5.011310951372372801e+04 0.000000000000000000e+00
5.011337947487505153e+04 1.401452268936405930e-24
5.011435137983838649e+04 0.000000000000000000e+00
5.011457613777123333e+04 0.000000000000000000e+00
5.011531504907210183e+04 0.000000000000000000e+00
5.011592537571457069e+04 0.000000000000000000e+00
5.011648044089233008e+04 0.000000000000000000e+00
5.011724164860418387e+04 0.000000000000000000e+00
5.011813195449556952e+04 0.000000000000000000e+00
5.011859703942405031e+04 0.000000000000000000e+00
5.011878703672584379e+04 0.000000000000000000e+00
5.011892732230571710e+04 0.000000000000000000e+00
5.011919721103347547e+04 0.000000000000000000e+00
5.012133262677628954e+04 0.000000000000000000e+00
5.012155131992896349e+04 0.000000000000000000e+00
5.012206040712362301e+04 0.000000000000000000e+00
5.012225963817097363e+04 0.000000000000000000e+00
5.012310243255872047e+04 0.000000000000000000e+00
5.012352865239739913e+04 0.000000000000000000e+00
5.012486995896761800e+04 0.000000000000000000e+00
5.012519340062258561e+04 0.000000000000000000e+00
5.012562887082646193e+04 0.000000000000000000e+00
5.012631445306968089e+04 0.000000000000000000e+00
5.012696318321683793e+04 0.000000000000000000e+00
5.012797275113270734e+04 0.000000000000000000e+00
5.012850374587463011e+04 0.000000000000000000e+00
5.012949417773010646e+04 0.000000000000000000e+00
5.013023887074489176e+04 0.000000000000000000e+00
5.013119302790882648e+04 0.000000000000000000e+00
5.013271721626057115e+04 0.000000000000000000e+00
5.013300329086365673e+04 0.000000000000000000e+00
5.013392481113201211e+04 0.000000000000000000e+00
5.013474378261763195e+04 0.000000000000000000e+00
5.013581217970181751e+04 0.000000000000000000e+00
5.013621947715445276e+04 0.000000000000000000e+00
5.013630574432493449e+04 0.000000000000000000e+00
5.013726845959367347e+04 0.000000000000000000e+00
5.013756845787972998e+04 0.000000000000000000e+00
5.013890714730810578e+04 0.000000000000000000e+00
5.013912137649121723e+04 0.000000000000000000e+00
5.014022148079412000e+04 0.000000000000000000e+00
5.014041502797550493e+04 0.000000000000000000e+00
5.014164852902611165e+04 0.000000000000000000e+00
5.014325423185174441e+04 0.000000000000000000e+00
5.014439759142804542e+04 0.000000000000000000e+00
5.014490214717396884e+04 0.000000000000000000e+00
5.014570898282637063e+04 0.000000000000000000e+00
5.014680220665557863e+04 0.000000000000000000e+00
5.014753263450673694e+04 0.000000000000000000e+00
5.014933691429049941e+04 0.000000000000000000e+00
5.015047570455595269e+04 0.000000000000000000e+00
5.015247216818164452e+04 0.000000000000000000e+00
5.015263019888760027e+04 0.000000000000000000e+00
5.015467024366375699e+04 0.000000000000000000e+00
5.015527299190584017e+04 0.000000000000000000e+00
5.015582533533399692e+04 0.000000000000000000e+00
5.015779556008827058e+04 0.000000000000000000e+00
5.015819018039402727e+04 0.000000000000000000e+00
5.015951747692373465e+04 0.000000000000000000e+00
5.015991084374063939e+04 0.000000000000000000e+00
5.016245707452172064e+04 0.000000000000000000e+00
5.016361595104330627e+04 0.000000000000000000e+00
5.016538568021588435e+04 0.000000000000000000e+00
5.016671048853002139e+04 0.000000000000000000e+00
5.016927498121476674e+04 0.000000000000000000e+00
5.017346826555495500e+04 0.000000000000000000e+00
5.017645748860896856e+04 0.000000000000000000e+00
5.017672703771301894e+04 0.000000000000000000e+00
5.017833305790009763e+04 0.000000000000000000e+00
5.017954474603026028e+04 0.000000000000000000e+00
5.018119874620454357e+04 0.000000000000000000e+00
5.018719779368097079e+04 0.000000000000000000e+00
5.018759803566220216e+04 0.000000000000000000e+00
5.019988060701636277e+04 0.000000000000000000e+00
5.020039016278365307e+04 0.000000000000000000e+00
