-5.000006750916301098e+04 5.559985571524008026e-06
-4.999818711040523340e+04 3.156508766431489605e-06
-4.999649668819571525e+04 1.428988042693977978e-04
-4.999500122977658611e+04 3.570043923924178062e-05
-4.999369034144745092e+04 1.716279381833416581e-04
-4.999254021661729348e+04 3.791193584131399196e-05
-4.999152118285143661e+04 4.177961546787213801e-07
-4.999060262718139711e+04 2.624092472368321231e-05
-4.998995485554380866e+04 1.105143189574533643e-05
-4.998975764020454517e+04 1.853516399521998965e-05
-4.998897123718114017e+04 2.716397310922478566e-05
-4.998822722240559960e+04 3.988296366271194018e-05
-4.998783256236468151e+04 1.230385004185353146e-04
-4.998750779270096245e+04 1.663553621260072156e-05
-4.998682255706824071e+04 2.179284623762853219e-05
-4.998615319530988927e+04 1.878768880329987950e-04
-4.998573874540279212e+04 1.461869972134742166e-02
-4.998546494550415082e+04 1.649758067792159340e-03
-4.998486166832866002e+04 4.556168960802211426e-05
-4.998422518148076779e+04 2.269384271316233527e-05
-4.998361244685802376e+04 2.004417233309524406e-04
-4.998356509512412595e+04 1.808792244727882041e-04
-4.998294731009291718e+04 1.262122068831221893e-05
-4.998228976598713052e+04 4.173939139834598251e-06
-4.998176494678251765e+04 4.891039015418955223e-05
-4.998136446317739319e+04 7.449921171038909409e-05
-4.998099503501802246e+04 4.318301940514439173e-06
-4.998032648749230430e+04 2.318469028965697141e-05
-4.997991134204883565e+04 9.754703492474176008e-01
-4.997957330551764608e+04 3.229209083101697184e-05
-4.997935307353331882e+04 5.988931166570844104e-05
-4.997884989846496319e+04 7.088228579543912543e-08
-4.997800887801477074e+04 2.417627638772801559e-05
-4.997771517355295509e+04 6.450003851915104593e-03
-4.997744493902545946e+04 4.587069776621283736e-05
-4.997705248192195722e+04 4.228213826043977178e-05
-4.997629610455338843e+04 3.077714476054931549e-06
-4.997558867199654924e+04 5.647053226678709768e-06
-4.997540031393157551e+04 2.139026097136464597e-05
-4.997500040894893027e+04 3.744257332787224059e-06
-4.997429798333100916e+04 2.737936261305940473e-07
-4.997352810780062282e+04 3.866875834569736373e-07
-4.997299512424546265e+04 4.754156352579693471e-06
-4.997285725239921157e+04 1.320742016471423665e-06
-4.997210459060987341e+04 8.392440066978266338e-09
-4.997126322195157263e+04 3.284261610360755722e-09
-4.997060258561382216e+04 1.288171543428714812e-05
-4.997051115332145855e+04 6.302306210620998213e-05
-4.996971968223882868e+04 5.373174290664936092e-07
-4.996845965816735406e+04 9.181045581034020361e-07
-4.996841139143522014e+04 1.684962340578860106e-08
-4.996799883651137498e+04 1.686746535451746616e-06
-4.996684536851839221e+04 6.497199431479980390e-09
-4.996638398302489077e+04 7.969709971719899993e-08
-4.996551291298298747e+04 6.307875259892784898e-09
-4.996530136346378276e+04 2.739156651409802844e-09
-4.996412491614053579e+04 7.018773550721986859e-09
-4.996355276402230083e+04 1.929443302451494115e-10
-4.996294229499571520e+04 1.962018930920717993e-09
-4.996201987984584412e+04 1.843070263985394806e-10
-4.996152488360710413e+04 1.083620758339217477e-09
-4.996047056044463534e+04 2.465646359792172668e-08
-4.995982297336314514e+04 9.721309376330767356e-10
-4.995953005751439196e+04 1.119154355858489182e-08
-4.995818067749833426e+04 2.257030816134528278e-10
-4.995762851824349491e+04 6.003141396962558716e-10
-4.995702056723464193e+04 8.105934676916159534e-10
-4.995576464712453162e+04 4.047583139701565938e-13
-4.995544975812056509e+04 1.131708572832658252e-11
-4.995444884657468356e+04 4.479981589227890562e-11
-4.995353369023963751e+04 9.543457843595311143e-12
-4.995265833632394060e+04 8.974083082577986197e-13
-4.995186360328899173e+04 1.581544354483680035e-12
-4.995099745076504769e+04 7.363663315018684632e-12
-4.995067956176162988e+04 7.294635613254621360e-13
-4.994918103213356517e+04 1.947801212281690127e-11
-4.994872444989264477e+04 3.799708704375520160e-14
-4.994726023746863939e+04 2.661660151482702960e-14
-4.994658901908827829e+04 1.716089543547444703e-12
-4.994606393126735929e+04 5.932678395524730837e-15
-4.994492730391857185e+04 8.390119496033255574e-15
-4.994384173824393656e+04 6.970126810209352743e-14
-4.994371560644463898e+04 2.965485175526597229e-14
-4.994192832000791532e+04 2.638442073740089221e-14
-4.994126536068670976e+04 9.009707916305167327e-18
-4.994000925348911551e+04 3.368236770854422613e-15
-4.993945748973630543e+04 2.265423752091191526e-15
-4.993834582317177410e+04 1.374369935220471613e-14
-4.993781620475758245e+04 1.791521449465711367e-16
-4.993652911175983172e+04 9.553690788784012621e-16
-4.993582421609330049e+04 1.368259036475682699e-15
-4.993433044262186013e+04 6.290494489394592806e-17
-4.993386384122045274e+04 1.527140479022134100e-16
-4.993191145339894138e+04 6.258894531060322337e-17
-4.993163046795759874e+04 1.970387436480939657e-17
-4.992948209621163551e+04 2.285976414787723806e-17
-4.992915156719325023e+04 3.770689530601593939e-19
-4.992741802630628081e+04 9.243796115046159875e-19
-4.992679138659165619e+04 8.548170393440644510e-18
-4.992619143023565994e+04 2.254048579286042536e-19
-4.992456944683273468e+04 2.894294255695217507e-19
-4.992390329579443642e+04 6.936867802618691576e-19
-4.992293477663854719e+04 1.141521854843192659e-19
-4.992129738862581871e+04 1.092802480787628541e-19
-4.992091276746215590e+04 1.338161747626013703e-20
-4.991953724494840571e+04 3.185311633696352851e-20
-4.991862454333834467e+04 8.459001017360886860e-21
-4.991733533665645518e+04 9.976811526465858306e-21
-4.991604273518858827e+04 6.895115032516096507e-21
-4.991466050055010419e+04 2.082936494136081873e-23
-4.991342333972558845e+04 1.298127979996213135e-21
-4.991246968644217122e+04 7.395591099259876713e-23
-4.991105246521533991e+04 1.388509312499385781e-24
-4.991042137082332192e+04 2.882033561483710032e-22
-4.990878816436590569e+04 6.356622322022572883e-24
-4.990780405619183148e+04 4.358908861158154669e-23
-4.990632112581225374e+04 1.286000401625616757e-23
-4.990515542610480043e+04 0.000000000000000000e+00
-4.990374023600228247e+04 1.029835685214739849e-24
-4.990298337563294626e+04 1.169686189205574528e-24
-4.990179031818557996e+04 0.000000000000000000e+00
-4.990018370925094496e+04 0.000000000000000000e+00
-4.989947165149936336e+04 0.000000000000000000e+00
-4.989797401814203477e+04 0.000000000000000000e+00
-4.989688686806191981e+04 0.000000000000000000e+00
-4.989565509862310864e+04 0.000000000000000000e+00
-4.989444898562382150e+04 0.000000000000000000e+00
-4.989277331504767062e+04 0.000000000000000000e+00
-4.989162251016395021e+04 0.000000000000000000e+00
-4.988976899784264242e+04 0.000000000000000000e+00
-4.988864333564232220e+04 0.000000000000000000e+00
-4.988789950201280590e+04 0.000000000000000000e+00
-4.988609818940989499e+04 0.000000000000000000e+00
-4.988466335903470463e+04 0.000000000000000000e+00
-4.988311017200651986e+04 0.000000000000000000e+00
-4.988027631300766370e+04 0.000000000000000000e+00
-4.987907189657867275e+04 0.000000000000000000e+00
-4.987759356820411631e+04 0.000000000000000000e+00
-4.987584695047930290e+04 0.000000000000000000e+00
-4.987368389038031455e+04 0.000000000000000000e+00
-4.987193532154201239e+04 0.000000000000000000e+00
-4.986771806823192310e+04 0.000000000000000000e+00
-4.986375392171387648e+04 0.000000000000000000e+00
-4.986326303140228993e+04 0.000000000000000000e+00
-4.985961890927699278e+04 0.000000000000000000e+00
-4.985918413334032084e+04 0.000000000000000000e+00
-4.984504942049438978e+04 0.000000000000000000e+00
-4.984447997318239504e+04 0.000000000000000000e+00
-4.984062578792448767e+04 0.000000000000000000e+00
-4.984003023438897799e+04 0.000000000000000000e+00
4.999993619353136455e+04 1.265430556488044688e-14
5.000182349835400964e+04 7.047001562658287205e-13
5.000352023819866008e+04 2.315290996939203142e-11
5.000502200613891182e+04 6.360462977987442287e-10
5.000633971933701105e+04 5.307269350534890336e-11
5.000749745354118204e+04 5.412573118273304670e-12
5.000852482704454451e+04 1.741968532646949099e-11
5.000945228775212308e+04 4.831850394265263123e-11
5.001005323621164280e+04 1.103228044830561618e-10
5.001030623338244186e+04 3.558776297318365548e-11
5.001110241447117733e+04 4.209085652593404469e-11
5.001185539286225685e+04 1.768533548016846307e-10
5.001219105382229463e+04 1.570529489791372183e-08
5.001258428871424258e+04 1.162824654634363709e-10
5.001327946962561691e+04 5.393921654765357464e-13
5.001395707185585343e+04 1.542347271566413746e-13
5.001430716800489608e+04 2.448113230418764582e-10
5.001464738265965570e+04 1.120793532161760893e-11
5.001526757225892652e+04 1.706346634505523469e-14
5.001591187225453177e+04 8.564896242747405994e-14
5.001645556579360709e+04 9.213830951749385893e-13
5.001656441737317073e+04 7.262338589607526877e-14
5.001720526716245513e+04 6.810425966944076039e-14
5.001786603219033714e+04 9.902781935756340119e-14
5.001836719853992690e+04 1.579778820915820957e-13
5.001873022627237515e+04 4.494956945685280239e-13
5.001917094866882690e+04 2.525533872049293233e-13
5.001984468215265952e+04 3.999772399094943622e-14
5.002009309454094182e+04 6.681750224640031603e-11
5.002059740641698590e+04 3.709193622507166564e-13
5.002072785746539739e+04 1.428572786450673243e-11
5.002132439751474885e+04 2.236001802479175955e-13
5.002216250831752404e+04 1.294776825718101392e-14
5.002229829917627649e+04 3.068656601794280874e-11
5.002269749869539373e+04 4.779185485303890581e-13
5.002307472897369007e+04 2.668834207640586488e-13
5.002387357005947706e+04 2.718464043916192820e-14
5.002457195183668227e+04 1.258894573460623712e-13
5.002462543417821144e+04 4.842379811566675014e-12
5.002511378724100359e+04 4.761655149452622272e-13
5.002586866407938214e+04 2.267925985545508841e-15
5.002664242715793080e+04 4.122220327707351002e-13
5.002704024503150868e+04 1.162050699147795649e-10
5.002725894632974087e+04 2.860458335288561269e-13
5.002805734436334751e+04 1.221854512264800723e-13
5.002889408291066502e+04 2.441288440427595648e-13
5.002949497521469311e+04 2.470848162341915473e-12
5.002956255752011202e+04 1.480350698389095391e-13
5.003044963803759310e+04 3.637047552684517969e-15
5.003166515450041334e+04 6.386772546646743451e-14
5.003175551315514895e+04 7.660030416575553897e-16
5.003206271424487932e+04 1.350837163435862881e-14
5.003331403593354480e+04 4.621739835017470968e-16
5.003375476307734061e+04 3.370236412083014800e-15
5.003457314282753214e+04 1.027057125817654460e-14
5.003484019510262442e+04 2.643607626952208687e-15
5.003601686746559426e+04 2.806269583116644502e-16
5.003660998279183696e+04 4.996242992368056665e-15
5.003715559289320663e+04 1.091869957932332058e-13
5.003812654844395729e+04 1.804104586949716815e-14
5.003862324849007564e+04 3.169114328982484159e-15
5.003965134526675683e+04 2.097827219580816788e-15
5.004032094577777752e+04 4.884793253497676378e-16
5.004061667754875089e+04 1.841491310581769961e-15
5.004197181909703068e+04 1.462908528215136982e-17
5.004250866880742979e+04 3.883483445565287777e-18
5.004312094335114671e+04 2.909659440928000373e-17
5.004440001047404076e+04 3.002993160090357124e-17
5.004470799210315454e+04 1.772925427106456959e-18
5.004568563090306998e+04 2.727711724183808099e-19
5.004664970001939218e+04 4.320178421696480517e-17
5.004747872231870861e+04 1.345187395952888257e-18
5.004827701099240221e+04 1.188029370333500132e-16
5.004920200664173171e+04 5.940754098714939276e-21
5.004945934515319823e+04 1.038459138900491047e-19
5.005097058171770186e+04 8.666394964369583919e-18
5.005148428618588514e+04 1.408961035503485163e-19
5.005289473458140856e+04 7.297046881074502255e-20
5.005357777995075594e+04 3.530623554615612750e-20
5.005414364602779096e+04 1.445301642946825326e-19
5.005523903070485540e+04 4.880800990785410166e-20
5.005632233242209622e+04 3.318192578673028908e-21
5.005650830708846479e+04 3.036266205880148695e-20
5.005827380209357216e+04 2.217791425247620298e-20
5.005891485801275849e+04 1.245930464517581366e-19
5.006019416036318580e+04 1.009521120359315520e-20
5.006073668835250282e+04 1.079156319046136758e-20
5.006180600866774330e+04 9.863783442623069197e-21
5.006238445321475592e+04 1.378014104614668301e-22
5.006370737397874473e+04 8.562159400377357897e-22
5.006434342983633542e+04 2.507599210480139415e-22
5.006592628826669534e+04 9.611941226849032828e-23
5.006638083647401072e+04 1.033099293507606221e-22
5.006834534202577925e+04 1.127383505098997128e-22
5.006863029086679308e+04 7.446038456110658362e-23
5.007077293508933508e+04 5.856507837706403718e-23
5.007110247644866467e+04 3.203574538390813314e-23
5.007284990673394350e+04 0.000000000000000000e+00
5.007343365300312871e+04 1.069543370308718031e-23
5.007410218640379753e+04 0.000000000000000000e+00
5.007567042603719165e+04 1.094017268297192391e-24
5.007638919869463280e+04 0.000000000000000000e+00
5.007730702097397443e+04 0.000000000000000000e+00
5.007899091571088502e+04 0.000000000000000000e+00
5.007937339522866387e+04 0.000000000000000000e+00
5.008079450485156849e+04 0.000000000000000000e+00
5.008166961922693736e+04 0.000000000000000000e+00
5.008302891574479872e+04 0.000000000000000000e+00
5.008427394751897373e+04 0.000000000000000000e+00
5.008568108085438143e+04 0.000000000000000000e+00
5.008690351356882456e+04 0.000000000000000000e+00
5.008789664995083876e+04 0.000000000000000000e+00
5.008932077494198165e+04 0.000000000000000000e+00
5.008991420318403834e+04 0.000000000000000000e+00
5.009161465967969707e+04 0.000000000000000000e+00
5.009253774390165199e+04 0.000000000000000000e+00
5.009407369101520453e+04 0.000000000000000000e+00
5.009525142022954242e+04 0.000000000000000000e+00
5.009665122875918314e+04 0.000000000000000000e+00
5.009741969547481858e+04 0.000000000000000000e+00
5.009861390585784829e+04 0.000000000000000000e+00
5.010020191151565086e+04 0.000000000000000000e+00
5.010090435113217973e+04 0.000000000000000000e+00
5.010246473964845063e+04 0.000000000000000000e+00
5.010349389907535806e+04 0.000000000000000000e+00
5.010484815071865160e+04 0.000000000000000000e+00
5.010601649988050485e+04 0.000000000000000000e+00
5.010768650988182344e+04 0.000000000000000000e+00
5.010881541403674782e+04 0.000000000000000000e+00
5.011059795679976378e+04 0.000000000000000000e+00
5.011176885112994205e+04 0.000000000000000000e+00
5.011265309906335460e+04 0.000000000000000000e+00
5.011430055545037612e+04 0.000000000000000000e+00
5.011598089838696615e+04 0.000000000000000000e+00
5.011759889011342602e+04 0.000000000000000000e+00
5.012017143406732794e+04 0.000000000000000000e+00
5.012158796081450419e+04 0.000000000000000000e+00
5.012281037393654697e+04 0.000000000000000000e+00
5.012451022778695187e+04 0.000000000000000000e+00
5.012679550019266753e+04 0.000000000000000000e+00
5.012887354629691981e+04 0.000000000000000000e+00
5.013312719224874309e+04 0.000000000000000000e+00
5.013658931532834686e+04 0.000000000000000000e+00
5.013709539167879120e+04 0.000000000000000000e+00
5.014071853266616381e+04 0.000000000000000000e+00
5.014115261684720463e+04 0.000000000000000000e+00
5.015525673256139271e+04 0.000000000000000000e+00
5.015586279063804977e+04 0.000000000000000000e+00
5.015967718659620004e+04 0.000000000000000000e+00
5.016029625782313087e+04 0.000000000000000000e+00
