-5.004467066688869090e+04 1.345668017476548472e-23
-5.004465078367348178e+04 2.139146795447262868e-23
-5.004032181744102854e+04 2.504981074569085609e-19
-5.003881862684847874e+04 1.107004432414413668e-19
-5.003880209391540120e+04 1.707579994159874370e-19
-5.003850705670709431e+04 5.733973729903875313e-18
-5.003694039784885535e+04 3.255079338036097942e-17
-5.003578189110089443e+04 4.073945374054349081e-19
-5.003546107571650646e+04 6.915503024660746529e-17
-5.003523404635740735e+04 1.580287506306963850e-18
-5.003443661878204148e+04 6.461635417778954975e-17
-5.003362766589295643e+04 2.192288906842513842e-16
-5.003283287687580741e+04 2.400524315385253951e-20
-5.003196619631399517e+04 3.720066576462051896e-17
-5.003113565461138205e+04 1.690529409778681449e-17
-5.003097886060956807e+04 4.175400799011038612e-19
-5.003087609011735185e+04 7.282976655938312467e-18
-5.003018657034364878e+04 1.829961515889394863e-18
-5.003006683178071398e+04 2.565885862477589903e-17
-5.002913917113715434e+04 1.825942036237517248e-17
-5.002825567833878449e+04 1.218864739435963155e-16
-5.002807449690454814e+04 5.242494576689244192e-17
-5.002763976770869340e+04 1.024969776811641906e-16
-5.002734933248511516e+04 4.749812100302051963e-18
-5.002687841356694116e+04 1.648089249638387208e-16
-5.002643965231643233e+04 7.253082174072193863e-19
-5.002601355044986121e+04 2.362432218943776095e-16
-5.002557047960741329e+04 7.908871814678920433e-18
-5.002482839515217347e+04 4.542824157244941585e-18
-5.002419003835829790e+04 6.042309117902932919e-17
-5.002397208067016618e+04 2.036572055024048329e-15
-5.002301676810924255e+04 2.618641305482182098e-18
-5.002248008209225372e+04 1.762684899676879895e-16
-5.002201854869551607e+04 5.258591609225788072e-15
-5.002110211959837761e+04 3.872109817919730484e-18
-5.002031809462785895e+04 3.327432797225520584e-16
-5.002017486249921785e+04 4.539127585427488953e-16
-5.002012093790205836e+04 2.395474889548917129e-17
-5.001904524342514924e+04 2.887650497864407200e-16
-5.001831868219315947e+04 1.557033781894251943e-15
-5.001804525632757577e+04 2.562170354371990905e-15
-5.001769418505746580e+04 1.357366524979750769e-15
-5.001669452250741597e+04 1.789602346985536651e-14
-5.001659016386036819e+04 3.809148868846653671e-14
-5.001592464361579914e+04 1.128665139943798576e-14
-5.001510133145080181e+04 8.749159827627914576e-15
-5.001475430632256030e+04 2.795920349749331379e-15
-5.001401997016074893e+04 2.500708094880368367e-15
-5.001381707824123441e+04 2.920989858056425195e-15
-5.001343024310744659e+04 3.342554478013293976e-16
-5.001236908079130808e+04 1.867585303545591249e-16
-5.001174475804595568e+04 5.100331659554390743e-14
-5.001135493061828311e+04 1.380901200440701874e-15
-5.001134060240970575e+04 2.016626719740125150e-15
-5.001044385331078956e+04 4.004978817076437373e-15
-5.001031095327442745e+04 2.194733512378405796e-16
-5.001017352391949680e+04 4.426573718849897483e-16
-5.001000635292683728e+04 3.607385290890140973e-16
-5.000971560598246288e+04 1.472318030746625969e-13
-5.000959020626313577e+04 3.292229269998960411e-13
-5.000887516609861632e+04 5.578944433318828430e-14
-5.000829074931547802e+04 4.444992537425034164e-15
-5.000803836447275535e+04 4.569299978059298833e-14
-5.000774093881716544e+04 5.092220131315756982e-13
-5.000753012363758171e+04 4.868844116810195034e-14
-5.000729019123320177e+04 1.013701565384607508e-13
-5.000628210860895342e+04 6.690386734847090389e-15
-5.000617187767414725e+04 9.653753860623728285e-15
-5.000590493202164362e+04 6.552244376656692173e-13
-5.000555791837890865e+04 5.115976231018651201e-14
-5.000526361853272829e+04 6.600250719549027333e-16
-5.000420379412385228e+04 2.799188726165711934e-14
-5.000405297338568198e+04 7.391845508256648578e-15
-5.000377538980676036e+04 2.131473642741835145e-12
-5.000356061768204381e+04 2.835784458046583665e-14
-5.000307465479130042e+04 5.855210210594216480e-15
-5.000235090421688801e+04 1.027983992352750820e-13
-5.000189499685516057e+04 2.564828580367522562e-12
-5.000165137530275388e+04 6.043436411683306461e-12
-5.000122469059545256e+04 9.865747257656471466e-13
-5.000084657451297971e+04 2.467244060713952145e-15
-5.000031194794813928e+04 2.920454083927636931e-14
-5.000017336782629718e+04 1.596086892505860927e-12
-4.999982476441137260e+04 7.044695741251342055e-14
-4.999967436835324042e+04 9.041943174632345791e-14
-4.999953582942944195e+04 1.290373405776420349e-12
-4.999881903775331739e+04 3.175403605755044123e-14
-4.999824853145750239e+04 3.848783286042029006e-13
-4.999803739762820624e+04 5.074242046191943558e-12
-4.999800357979535329e+04 5.462375162438705260e-13
-4.999747847347112838e+04 1.649085452321306182e-13
-4.999741504126513610e+04 1.266497135185166024e-12
-4.999668253093889507e+04 5.536004450080447852e-16
-4.999658019588800380e+04 2.134669866593248624e-14
-4.999621667616923514e+04 5.432517259935121931e-13
-4.999590181382250739e+04 1.948595178061283930e-11
-4.999568121876877558e+04 3.981082696572725039e-13
-4.999534855863887060e+04 4.272762391645449553e-11
-4.999491188581763708e+04 1.906800559806980417e-13
-4.999445918163927126e+04 4.890167655756579710e-13
-4.999441346694119420e+04 6.811715418741995331e-13
-4.999376720198572730e+04 1.837762655168973647e-11
-4.999358972860305221e+04 4.480817195373657988e-15
-4.999332218849356286e+04 9.667789151175532561e-12
-4.999312356659673969e+04 8.101654397637320171e-12
-4.999278795415646164e+04 3.149557199824779640e-13
-4.999177773663883272e+04 1.019539828899690507e-12
-4.999163411543797702e+04 7.625512547681213446e-11
-4.999132217537431279e+04 2.272020588204177262e-12
-4.999122647513927950e+04 2.440684708244503534e-11
-4.999082417346179136e+04 2.218355205322518902e-13
-4.999017334795596253e+04 2.954489101814729201e-13
-4.999002291312714806e+04 4.213693344247234607e-12
-4.998950454473338323e+04 3.587941115131242878e-10
-4.998937011517198698e+04 1.100272429757124843e-13
-4.998919717707228847e+04 6.602109875267558754e-13
-4.998888578135012358e+04 2.901117262728160381e-13
-4.998831973470575758e+04 9.376685311024556391e-13
-4.998803725242275686e+04 1.518998500931757350e-10
-4.998785887020984956e+04 2.284326334752421577e-12
-4.998738316783843766e+04 5.073382575992154242e-10
-4.998732686252229905e+04 1.985001402095065247e-12
-4.998677614526270190e+04 2.249641198106530567e-11
-4.998659547288787144e+04 1.900194866542437898e-12
-4.998649942852028471e+04 3.396127691420808202e-13
-4.998590122415738006e+04 1.551075001100575636e-09
-4.998536790507985279e+04 3.047320180208218089e-11
-4.998525646102433529e+04 4.873021610361857529e-10
-4.998522328582617047e+04 4.208433132800111817e-14
-4.998474420503145666e+04 2.464202716750906504e-12
-4.998416556662425864e+04 4.374422444944627177e-12
-4.998376539675108506e+04 2.191626170993642345e-09
-4.998370060438969813e+04 6.140876482179499805e-14
-4.998331860876767314e+04 5.345234578194841541e-11
-4.998315568776564032e+04 3.449043098215444842e-16
-4.998295660135766957e+04 3.292715849549859212e-12
-4.998244895923158037e+04 1.170512782103616281e-12
-4.998170925153384451e+04 2.378965415903367995e-11
-4.998162993842487049e+04 6.342546852440238653e-09
-4.998144306806665554e+04 2.406180886652394508e-11
-4.998111090397974476e+04 1.372142672521341356e-11
-4.998104454624780919e+04 1.004425131385952731e-09
-4.998044099987867230e+04 3.075227665249057902e-12
-4.998022220898882370e+04 7.329904750842461254e-12
-4.998017334507825581e+04 7.531868065743342476e-09
-4.997976992152893217e+04 5.207184876450966902e-12
-4.997949523275870888e+04 6.806697296738569580e-09
-4.997938884158061410e+04 1.134996301099719454e-11
-4.997902532713313121e+04 5.669248670663960849e-14
-4.997893937857764831e+04 2.068950449051771361e-12
-4.997822776572284056e+04 1.501056330639552795e-12
-4.997803722706252302e+04 8.008353096604679716e-09
-4.997774664552327886e+04 3.698563781413534886e-11
-4.997746335391982575e+04 5.379396836934544979e-12
-4.997736169432352472e+04 1.614042888068570692e-09
-4.997687547437174362e+04 2.017991994301211335e-09
-4.997669599151163129e+04 9.263374737379661626e-13
-4.997602593893752783e+04 8.831200605392850973e-12
-4.997590110516940331e+04 3.138072999448917868e-08
-4.997585900814802881e+04 1.297920178273768705e-12
-4.997523170192845282e+04 1.215955757506333742e-08
-4.997508315998336184e+04 1.964919863471267649e-10
-4.997482099414477125e+04 7.170469174998422049e-10
-4.997448700686171651e+04 1.456055440801830708e-13
-4.997419415755124646e+04 4.970974170732030927e-12
-4.997376496645020961e+04 6.268169293231337530e-08
-4.997337155252278899e+04 3.066487697228640084e-12
-4.997310109163969173e+04 3.889204979625804611e-09
-4.997299371779165813e+04 3.189380560246251554e-11
-4.997275265099354147e+04 1.881022617802808758e-10
-4.997256544239248615e+04 3.976098088554192110e-12
-4.997251966794460168e+04 1.106478845746882061e-11
-4.997162875952088507e+04 1.104201452848064131e-07
-4.997145787971527898e+04 1.050879309667269372e-12
-4.997116673832308152e+04 1.714709296941389412e-10
-4.997097515299080987e+04 4.813390554612340640e-08
-4.997078271890057658e+04 6.023267512387886067e-10
-4.997057684597704792e+04 6.120489985390820652e-14
-4.997030802041261632e+04 2.529992913183183606e-11
-4.997017333829576091e+04 7.710210816662352414e-10
-4.996949230398205691e+04 1.199165747526349808e-07
-4.996926765120342316e+04 4.059499386459402941e-11
-4.996900946541770827e+04 2.403713539919091323e-11
-4.996885582447644265e+04 5.212521871379467977e-09
-4.996875954363563505e+04 2.630919391959861291e-15
-4.996816860049769457e+04 1.526078151820155320e-11
-4.996803714602295076e+04 4.034746975380528420e-07
-4.996792938623709779e+04 5.148257378401254614e-12
-4.996735521985610831e+04 1.892225508204603675e-07
-4.996719654378810083e+04 2.061959722132780752e-10
-4.996699434064494562e+04 1.702660343426125959e-10
-4.996683049745664175e+04 2.677474126379738121e-10
-4.996672052212765266e+04 5.053472514501189058e-09
-4.996632807241244882e+04 4.121943966315662965e-11
-4.996611774565573432e+04 1.069530143363866870e-12
-4.996590064065498882e+04 2.908613905172461759e-06
-4.996535241632659745e+04 2.883677178025233429e-10
-4.996521667752378562e+04 9.786841271406127249e-07
-4.996495083780643472e+04 7.573591315731307749e-12
-4.996462714728607534e+04 1.598904640238768083e-09
-4.996459563100464584e+04 1.446545746264556603e-09
-4.996376326132530812e+04 1.241026590029084737e-06
-4.996368279797917785e+04 4.050094137295261517e-13
-4.996324355966840812e+04 6.080092826248038850e-12
-4.996309120184071799e+04 1.345948283391730107e-09
-4.996307400719599536e+04 1.023479074945172712e-08
-4.996274492824940535e+04 4.440296583941981168e-11
-4.996249923505636980e+04 1.337453525790328222e-10
-4.996196730613181717e+04 7.791335476746847946e-12
-4.996162404348232667e+04 4.505095819829551506e-06
-4.996146172026355634e+04 2.230958537002607215e-10
-4.996093093800682982e+04 1.912538683922339297e-07
-4.996086645883817255e+04 5.620115164368096563e-10
-4.996048727063850674e+04 1.244781882732761570e-10
-4.996038503252604278e+04 1.378975652578518223e-12
-4.996017316360605764e+04 7.293698418118413640e-06
-4.996016409059157741e+04 2.699282432705370504e-11
-4.995948150409110531e+04 1.585816071416978231e-05
-4.995948018159180356e+04 4.356093169041296661e-07
-4.995905801306190551e+04 5.516339878109407696e-12
-4.995877950296107156e+04 4.960475543982602468e-08
-4.995831762374732352e+04 5.769515530812409624e-12
-4.995828804854652117e+04 1.841057274743130858e-10
-4.995812697740647127e+04 6.713680881954969351e-13
-4.995803623416298069e+04 2.163128490822914337e-05
-4.995735664342797827e+04 1.088066929602322987e-13
-4.995733335376063042e+04 6.780185165195647648e-07
-4.995706105652519909e+04 3.476731183333417491e-12
-4.995662076343892841e+04 4.281905796096026446e-09
-4.995653861443969072e+04 7.732546864968081099e-11
-4.995637251940235728e+04 6.116409730781086167e-12
-4.995617200441013847e+04 1.745503179416095045e-13
-4.995589744808572868e+04 4.744364913133087446e-05
-4.995578995970288815e+04 1.765214286861931042e-10
-4.995538968466781080e+04 1.421172716944236602e-10
-4.995517683767041308e+04 6.139745545652110546e-06
-4.995485946374169725e+04 4.869004402785613839e-10
-4.995445073923251766e+04 2.148263205782905658e-09
-4.995414487357826147e+04 1.060978535984856253e-11
-4.995375336947815231e+04 2.055251321558342851e-04
-4.995374278169695754e+04 3.852284122911695865e-08
-4.995344102625538653e+04 2.033239607523846736e-11
-4.995300857521596481e+04 8.312726937722477001e-07
-4.995275532121983997e+04 2.518004021555265101e-10
-4.995248265636638098e+04 1.211189477073228354e-12
-4.995227244449728460e+04 2.303815667045761207e-09
-4.995198202224598208e+04 2.455804486011669456e-10
-4.995159835463329364e+04 1.334720713137498667e-04
-4.995155054868170555e+04 5.199758945276635456e-10
-4.995129542441279045e+04 1.464159937003785589e-10
-4.995091939521426684e+04 3.419354034031800958e-11
-4.995082479388499632e+04 4.798711114700504008e-08
-4.995018102653489041e+04 6.177023289114328423e-09
-4.995016823398174893e+04 5.896842370669748976e-05
-4.995006596264152904e+04 1.169418117076097047e-08
-4.994966566509555560e+04 1.884687635379904145e-09
-4.994942572567317984e+04 1.945963898311677584e-04
-4.994937787575687253e+04 9.377554511435433583e-10
-4.994903872013455839e+04 2.942042305943921374e-10
-4.994862264698510990e+04 2.981285237616486636e-08
-4.994817073077787063e+04 1.562335464970508701e-11
-4.994801012884751981e+04 1.522794282105874959e-03
-4.994798786978140561e+04 3.073057722231692587e-08
-4.994782132662738150e+04 6.149239251510865576e-09
-4.994733349040828762e+04 3.465379234284176442e-11
-4.994722905767062912e+04 8.861435194207057159e-06
-4.994699678163137287e+04 2.220945885353533551e-12
-4.994659827115530788e+04 2.354708488825761103e-10
-4.994639918394161214e+04 5.328474734407294160e-08
-4.994636005918014416e+04 2.607019795635936947e-10
-4.994582405150950945e+04 1.119760197696982248e-02
-4.994567683849907189e+04 6.421324322240544133e-09
-4.994558441179007059e+04 4.639164811542018659e-08
-4.994521051348721085e+04 5.528018979007105032e-09
-4.994500302989331249e+04 5.384801226458338518e-06
-4.994488975035960902e+04 1.799362450880693753e-10
-4.994420458565730223e+04 9.310799273675294982e-10
-4.994415136018770863e+04 2.012932180419076942e-08
-4.994360309582448826e+04 4.536530364247862331e-03
-4.994356703696734621e+04 5.735846745392207434e-08
-4.994345573252026225e+04 4.237660860385131447e-12
-4.994331422685975849e+04 1.939686871357546099e-08
-4.994274373821574409e+04 3.378638083778232073e-07
-4.994269153922052647e+04 2.637555343592434712e-09
-4.994240965925033379e+04 3.715109619866033104e-11
-4.994188072850086610e+04 5.599415322905797565e-07
-4.994150634168797114e+04 2.540329181953455308e-11
-4.994134062618664757e+04 2.764201993805425524e-04
-4.994119734440554021e+04 3.206612666101916799e-09
-4.994114365491860372e+04 1.550036330328486598e-09
-4.994079488476962433e+04 3.108783302141378358e-08
-4.994044882647607301e+04 4.158657270847582492e-04
-4.994014450909991865e+04 7.007374180069170367e-06
-4.994012909624323220e+04 8.833265954611422277e-01
-4.993997411108699453e+04 1.961117839502433657e-07
-4.993958546558578382e+04 3.621619498290818154e-06
-4.993935103099806292e+04 2.191750568784048574e-08
-4.993903179284709040e+04 4.040873526284225782e-04
-4.993893143109716038e+04 3.340917749955882513e-09
-4.993871616302106122e+04 2.578975380737167456e-09
-4.993811840855430637e+04 7.151906213849226713e-04
-4.993790637258245988e+04 9.262858700567930259e-02
-4.993780304714489466e+04 3.339814636138549843e-07
-4.993732592653020401e+04 6.621583305030266343e-07
-4.993726207258200884e+04 2.209808382563272377e-06
-4.993702539925879682e+04 5.007942232644097577e-08
-4.993668592768700910e+04 9.801250059957195376e-07
-4.993667281214054674e+04 2.701167510356544286e-06
-4.993584541491819982e+04 5.241778722566928939e-07
-4.993580824643402593e+04 7.091931223531076364e-08
-4.993575339981865545e+04 1.517961218098476850e-04
-4.993556549309556431e+04 3.746145353872905141e-03
-4.993517278420504590e+04 2.291067817150923864e-10
-4.993493419241793163e+04 8.987122606864671296e-07
-4.993466477987622784e+04 1.049298021609147073e-08
-4.993426939590717666e+04 1.560334332250647106e-05
-4.993395957675241516e+04 2.751306994623579011e-08
-4.993378017256767635e+04 2.308105098679485038e-09
-4.993375691509437456e+04 2.152437662417734037e-10
-4.993335552236255899e+04 1.711533346785592321e-05
-4.993312804857234005e+04 2.765824581074326194e-04
-4.993305401200548658e+04 3.083365726903865776e-08
-4.993266497168336355e+04 8.467821818153699689e-08
-4.993250929802075552e+04 6.482860868588237319e-08
-4.993196149006366613e+04 1.033311872091009195e-10
-4.993181938110820192e+04 1.261390787045823891e-06
-4.993165448372325773e+04 3.771265034043362163e-09
-4.993160077247399749e+04 4.391066738170550898e-11
-4.993107214825863775e+04 6.029195270693428243e-10
-4.993092514682644105e+04 2.044291491160036452e-07
-4.993061460997958784e+04 1.009588580735950794e-05
-4.993021839331522642e+04 2.521508388964292754e-08
-4.992988490432678373e+04 2.932669882698836807e-11
-4.992957645784899069e+04 1.223833390946648144e-09
-4.992932751533581177e+04 3.766364536144329492e-07
-4.992924924259410182e+04 5.826393043041947165e-11
-4.992846584182414517e+04 7.693557642738478047e-07
-4.992812481568013027e+04 2.814620201813762262e-07
-4.992803919964403758e+04 1.519211418842537402e-05
-4.992776058341278986e+04 1.320093388722756239e-07
-4.992749859791924246e+04 3.210669604138417190e-09
-4.992725459294328175e+04 5.659801924877162949e-12
-4.992679885384727095e+04 9.581904352046809942e-09
-4.992639748652317212e+04 2.982104335405098441e-11
-4.992620299319438345e+04 2.954802566802697790e-09
-4.992597691997022775e+04 1.507646332209962222e-07
-4.992547037047221238e+04 4.173885437281581889e-07
-4.992539339363276667e+04 1.025646877597960662e-06
-4.992528438721231942e+04 2.867581579903592000e-08
-4.992518683861669706e+04 8.308384534344267297e-10
-4.992477006503308075e+04 2.755617753075206002e-10
-4.992451699907280272e+04 6.255427996478448371e-12
-4.992423747416411061e+04 3.066651053658960355e-08
-4.992386979956112918e+04 3.168365248187284792e-10
-4.992347624251055822e+04 1.374749406592871441e-08
-4.992309569162403932e+04 2.695032397352991318e-09
-4.992277076309159020e+04 2.927725465985694208e-10
-4.992275264046178199e+04 1.246885263764741829e-07
-4.992264207747793262e+04 1.301443353339095445e-08
-4.992254799331120739e+04 4.523297673962948432e-10
-4.992175068436159199e+04 5.793225216565348522e-11
-4.992164501676384680e+04 4.334403138173302903e-09
-4.992122941612725845e+04 1.050667937942827209e-11
-4.992095453745947452e+04 2.876743264565906472e-10
-4.992057937899309036e+04 1.150653008374621388e-11
-4.992023732944103540e+04 6.566010369077611000e-12
-4.992003412784416287e+04 3.882098397549140950e-10
-4.991960242376661336e+04 4.094292522765406547e-14
-4.991911093710776913e+04 3.829748314446361786e-11
-4.991901968143715931e+04 3.473243404916230553e-10
-4.991846485177986324e+04 1.407762709264229340e-10
-4.991809949909383431e+04 1.852765532513032340e-10
-4.991757855150508112e+04 3.887151429855783876e-10
-4.991735248906932975e+04 1.986904315859962116e-10
-4.991730477434193745e+04 7.237669137144347309e-09
-4.991675479057474877e+04 3.090286999323179696e-12
-4.991658098014266579e+04 1.018953143333714947e-11
-4.991639542766746308e+04 3.233328047004803641e-12
-4.991608397255303862e+04 3.810829337128203571e-11
-4.991582087089345441e+04 1.730722660370095656e-10
-4.991534323615369794e+04 6.666046193522503803e-11
-4.991491832732144394e+04 5.717776160340485980e-12
-4.991456733689999237e+04 1.048771462275491125e-09
-4.991444962971675704e+04 3.606622232122286785e-11
-4.991419668058565003e+04 1.551041080725530223e-14
-4.991375597602660127e+04 6.312736751881030847e-11
-4.991339569923077215e+04 2.550670394551521959e-13
-4.991330988132593484e+04 2.564797539942221849e-11
-4.991269792707839224e+04 5.827876078324285562e-12
-4.991239011195335479e+04 1.475833782855441393e-12
-4.991201531213372073e+04 1.280680933590473095e-12
-4.991180113469484786e+04 8.338494040960158554e-11
-4.991121352179338282e+04 5.398416463009497527e-12
-4.991107750536130334e+04 9.488489544780814901e-12
-4.991095776548338472e+04 1.336666791240207769e-12
-4.991045062285521999e+04 5.071214130340247253e-13
-4.991012153027106251e+04 7.002288384940349898e-14
-4.990983972570679907e+04 1.015271776733555863e-14
-4.990922025055816630e+04 2.756204551221393880e-14
-4.990900928157550516e+04 1.165582755633495819e-17
-4.990845119355099450e+04 2.102701368044424832e-13
-4.990829427174144075e+04 1.273900013060246098e-13
-4.990788184411699331e+04 1.343356154581104848e-13
-4.990775969233382057e+04 5.044080862112043527e-14
-4.990726149828665075e+04 1.108281057971492332e-13
-4.990694778701216273e+04 2.955400300807045378e-14
-4.990659779054899991e+04 1.297558090181633562e-14
-4.990623422933490656e+04 4.904003385617954123e-12
-4.990582153490331257e+04 1.080214967452152119e-13
-4.990562590301508317e+04 1.618996223746210337e-13
-4.990543294813792454e+04 4.149196283846246005e-13
-4.990475688378518680e+04 2.143855571188605319e-13
-4.990396481172958738e+04 6.334280862015699649e-15
-4.990356261885282584e+04 2.250948931493403050e-13
-4.990334000055985234e+04 7.299088959158984546e-13
-4.990295961617772264e+04 1.496048357061630215e-13
-4.990291986685764277e+04 7.272475389943156335e-14
-4.990248822593815567e+04 1.638775222949246079e-15
-4.990222024354936730e+04 2.277522563627064105e-14
-4.990180857535100949e+04 3.792458859834575395e-18
-4.990116618842237222e+04 1.858999497076529335e-15
-4.990060489689138194e+04 3.545604226681771830e-14
-4.990039816260809312e+04 6.521723242138776574e-14
-4.989985466472861299e+04 1.771535906769484368e-16
-4.989960667616502906e+04 3.994976520862437981e-17
-4.989907295346510364e+04 1.762152695570830179e-18
-4.989886883210107044e+04 6.326988422753621123e-16
-4.989832621860346262e+04 2.716893129894584696e-19
-4.989825147647176345e+04 1.193823996251974826e-16
-4.989794606870702410e+04 9.361249547572286574e-17
-4.989761810837675876e+04 2.684519710953291209e-16
-4.989718953424166830e+04 1.457404183053068076e-16
-4.989671035560921882e+04 1.897262868324014189e-16
-4.989628978453436866e+04 6.000142530161700165e-17
-4.989586942164307402e+04 6.375340310122964826e-18
-4.989531119250644406e+04 6.953900806961941351e-16
-4.989483444189003785e+04 3.468364660856057820e-15
-4.989464690753855393e+04 9.546871939922737045e-17
-4.989437412253936054e+04 6.047272980590143934e-18
-4.989394328435992065e+04 8.390205549510753128e-16
-4.989279506685455272e+04 1.082093365221178918e-17
-4.989242597094799567e+04 1.749982054651528487e-17
-4.989231637904894160e+04 1.891695616463778104e-16
-4.989204150571530045e+04 1.058584673592097936e-15
-4.989163797338819131e+04 3.665316840271021516e-17
-4.989114242517181265e+04 1.282466295689904160e-16
-4.989064005939359777e+04 3.796763771330244584e-17
-4.989026712025853340e+04 9.901304045161492775e-19
-4.988936567924088740e+04 4.344131129113305765e-17
-4.988897922682444914e+04 6.757245468663221187e-17
-4.988881255703329225e+04 9.458645898808512394e-19
-4.988824783421229222e+04 3.474842555883946764e-18
-4.988800215266839950e+04 1.051313984229955017e-19
-4.988768364597957407e+04 5.804895530018845080e-20
-4.988705149149640056e+04 1.008153256643508134e-19
-4.988664240990157123e+04 1.209222274932077279e-19
-4.988638636062966543e+04 2.488280923932104098e-19
-4.988553239561161899e+04 3.587355859313565363e-19
-4.988493306739453692e+04 1.430964519651252519e-21
-4.988471954903856385e+04 1.136531731814273953e-22
-4.988368770827646949e+04 2.021384452239031004e-18
-4.988332150194816495e+04 1.380005841553878418e-18
-4.988324171547911101e+04 5.672728376404324056e-19
-4.988300058520390303e+04 1.192675752786830366e-18
-4.988252789233645308e+04 3.315104503130565329e-19
-4.988190678414319700e+04 4.017084920768407291e-20
-4.988156616496684728e+04 1.319773978137884205e-20
-4.988117855862151191e+04 1.657357465171060995e-19
-4.988052822428097716e+04 9.623126744776189363e-19
-4.987995808553528332e+04 6.355087058710261797e-19
-4.987957955905421113e+04 4.153980230364434193e-20
-4.987911767865779984e+04 5.217288613306635822e-22
-4.987804256244938006e+04 9.371441877972262928e-20
-4.987761214001539338e+04 4.162898811417159361e-20
-4.987716613537400553e+04 1.195898475657239527e-21
-4.987678641131974291e+04 7.908235224817502166e-21
-4.987619088383440976e+04 2.896472848829437636e-21
-4.987555605501150421e+04 7.354122671791068381e-22
-4.987520879265594704e+04 2.434211496499155424e-22
-4.987430035877833143e+04 6.410310742727079852e-24
-4.987405248713516630e+04 2.924437116980899137e-22
-4.987351214760061703e+04 8.891738797442757802e-22
-4.987271565448469482e+04 2.055823360731986382e-24
-4.987262236865215527e+04 1.023898607075786790e-22
-4.987214901196636492e+04 4.619891179923810649e-21
-4.987148637520479679e+04 0.000000000000000000e+00
-4.987107641421076551e+04 9.521865721981413556e-23
-4.986988883671662188e+04 2.429079087596519337e-21
-4.986929325237890589e+04 9.719512139109326121e-22
-4.986892510757743730e+04 5.160919958668612006e-22
-4.986781705135907396e+04 1.938788111765207649e-22
-4.986738462673370668e+04 0.000000000000000000e+00
-4.986705535500266706e+04 1.799913966230057665e-24
-4.986662033161356521e+04 7.536085380437370972e-23
-4.986635507608215266e+04 7.509437015732527889e-23
-4.986546393146394985e+04 1.667356568125653047e-23
-4.986524582802188525e+04 3.964869810789485602e-23
-4.986391568175298744e+04 0.000000000000000000e+00
-4.986316513939140714e+04 0.000000000000000000e+00
-4.986201919715187978e+04 1.207956116930689518e-24
-4.986163766496683820e+04 0.000000000000000000e+00
-4.986128073759059771e+04 7.884864980699605398e-24
-4.986035570226785785e+04 0.000000000000000000e+00
-4.985960801149408508e+04 0.000000000000000000e+00
-4.985885263566036883e+04 5.265287491496506104e-24
-4.985829580842034193e+04 0.000000000000000000e+00
-4.985731808048211678e+04 0.000000000000000000e+00
-4.985640162422614230e+04 0.000000000000000000e+00
-4.985599262448954687e+04 0.000000000000000000e+00
-4.985548000337764097e+04 0.000000000000000000e+00
-4.985493010047473945e+04 0.000000000000000000e+00
-4.985430846123298397e+04 0.000000000000000000e+00
-4.985230387743955362e+04 0.000000000000000000e+00
-4.985159845949028386e+04 0.000000000000000000e+00
-4.985094590500224149e+04 0.000000000000000000e+00
-4.985004871039543650e+04 0.000000000000000000e+00
-4.984981486745022994e+04 0.000000000000000000e+00
-4.984925516115048958e+04 0.000000000000000000e+00
-4.984847614717358374e+04 0.000000000000000000e+00
-4.984805619151834981e+04 0.000000000000000000e+00
-4.984686205105957924e+04 0.000000000000000000e+00
-4.984487810990757134e+04 0.000000000000000000e+00
-4.984440629294994869e+04 0.000000000000000000e+00
-4.984254280943334743e+04 0.000000000000000000e+00
-4.984167636513173056e+04 0.000000000000000000e+00
-4.984084441917613731e+04 0.000000000000000000e+00
-4.983985973724917858e+04 0.000000000000000000e+00
-4.983852164251671638e+04 0.000000000000000000e+00
-4.983816007191715471e+04 0.000000000000000000e+00
-4.983665111199290550e+04 0.000000000000000000e+00
-4.983603138069488341e+04 0.000000000000000000e+00
-4.983429314472041733e+04 0.000000000000000000e+00
-4.983310282662307145e+04 0.000000000000000000e+00
-4.983032898338454834e+04 0.000000000000000000e+00
-4.982995658644544892e+04 0.000000000000000000e+00
-4.982918060085402976e+04 0.000000000000000000e+00
-4.982853009727413883e+04 0.000000000000000000e+00
-4.982654846807790454e+04 0.000000000000000000e+00
-4.982410802998449071e+04 0.000000000000000000e+00
-4.982262297311256407e+04 0.000000000000000000e+00
-4.982127798515508766e+04 0.000000000000000000e+00
-4.981868288097472396e+04 0.000000000000000000e+00
-4.981752872138963721e+04 0.000000000000000000e+00
-4.981563237034656049e+04 0.000000000000000000e+00
-4.980957322456198744e+04 0.000000000000000000e+00
-4.980904613938309194e+04 0.000000000000000000e+00
-4.980719243908478529e+04 0.000000000000000000e+00
-4.980682460569788236e+04 0.000000000000000000e+00
-4.979509790975214855e+04 0.000000000000000000e+00
-4.979471174686097220e+04 0.000000000000000000e+00
4.995547926241372625e+04 0.000000000000000000e+00
4.995550043264064880e+04 0.000000000000000000e+00
4.995968405727920617e+04 2.097032533336569021e-24
4.996131059485692822e+04 0.000000000000000000e+00
4.996132811844209937e+04 1.800192000383098224e-24
4.996150618208978267e+04 7.747112938880659522e-24
4.996308105590371269e+04 9.007847379412142900e-23
4.996426594132037280e+04 1.417983402231469756e-21
4.996463042176191084e+04 3.602382771642931698e-22
4.996484796703229949e+04 6.676202428939477849e-24
4.996561939700663788e+04 1.399289397158881529e-21
4.996643504801808740e+04 3.148497860726010903e-24
4.996723227668987965e+04 2.293226372798689039e-22
4.996809985368155321e+04 1.078432211389369663e-22
4.996895377647182613e+04 1.665649548283418672e-22
4.996915603704521345e+04 0.000000000000000000e+00
4.996923895160492248e+04 5.753614131889580908e-23
4.996982487167990621e+04 4.064048818799095588e-23
4.996999801236355415e+04 9.416191498410272220e-23
4.997092553688259795e+04 2.841575518517473574e-21
4.997180704242147476e+04 1.167255745033300467e-21
4.997195499004486919e+04 3.244734560636068751e-22
4.997244389258520096e+04 5.752829804459177174e-23
4.997275085383493570e+04 0.000000000000000000e+00
4.997321451764338417e+04 8.843781607428788582e-23
4.997364097202846460e+04 1.877870684581693361e-22
4.997402751454598911e+04 3.073426079836299329e-21
4.997451329991513921e+04 1.361280425288279372e-22
4.997525643985908391e+04 5.712773766085780965e-23
4.997589789840778394e+04 2.808277649457844361e-23
4.997607847430797847e+04 5.209403476307073658e-21
4.997707202935098758e+04 2.452171239336926447e-21
4.997760888903686282e+04 1.063999684257548878e-21
4.997804095833370957e+04 1.163467269015427766e-20
4.997898804083981668e+04 6.892329373396758224e-21
4.997976714390620327e+04 0.000000000000000000e+00
4.997983707413150842e+04 2.081048697696956445e-22
4.997995007104161050e+04 5.582170145505352562e-20
4.998104588322345080e+04 3.535161219959467127e-22
4.998176197171438980e+04 2.216052788487837311e-19
4.998198213924205629e+04 5.668980328610621353e-22
4.998239564019824320e+04 7.935429127809352014e-21
4.998340192005097924e+04 2.774620859313587393e-20
4.998349371283147048e+04 6.206777956206391111e-20
4.998411770993739628e+04 9.661538795757028607e-20
4.998500205264985561e+04 1.478117304173447555e-19
4.998533246082678670e+04 2.548802900950847017e-23
4.998608034852628771e+04 4.807917360243840898e-20
4.998623991897026281e+04 6.277198792411382511e-19
4.998666900424119376e+04 1.455231645062106018e-21
4.998775418356990849e+04 1.576501247632754731e-19
4.998832679385785013e+04 6.836970579445343076e-19
4.998873750734498026e+04 1.991271829783218080e-19
4.998879078654318437e+04 1.057278830942207310e-19
4.998970637070319935e+04 3.731221272874046862e-21
4.998983835820119566e+04 1.370506950427011538e-19
4.998987349522853765e+04 2.569774530108142284e-19
4.999022436317791289e+04 1.320130438282381093e-19
4.999040840557948104e+04 1.309670493040002921e-18
4.999059182974998112e+04 9.436721702203443095e-20
4.999129848305327323e+04 3.910942120295721466e-20
4.999186796349511860e+04 9.620881346623087877e-20
4.999198947660619160e+04 2.013814411096735566e-18
4.999236966096696415e+04 1.644249642105842182e-18
4.999261587913776020e+04 7.935964555734252839e-19
4.999285410164200584e+04 5.737749150513900226e-19
4.999385338622571726e+04 5.498264677167037113e-19
4.999399455417056743e+04 8.661235491442639066e-20
4.999413873658893863e+04 1.645529124198780655e-18
4.999454638578957383e+04 1.150008899072116664e-18
4.999491692163328844e+04 4.420877282558119947e-21
4.999592539378779475e+04 8.921091041777939892e-19
4.999610530249930162e+04 6.117193613047125174e-19
4.999628378728361713e+04 3.426375062370095703e-18
4.999655359114187013e+04 8.560886569800505296e-18
4.999710839953050163e+04 4.385701037332504340e-22
4.999779872028284444e+04 2.178295978707208217e-19
4.999823885545347002e+04 3.380636876052123154e-19
4.999842274031280249e+04 2.546682663037824435e-17
4.999890519391561247e+04 9.150601413857663827e-19
4.999932385953248740e+04 7.452738133228943574e-21
4.999982612947287998e+04 3.579324891383046219e-18
4.999983859285822837e+04 1.379726519343181570e-19
5.000034218992380920e+04 7.687651147673530759e-18
5.000046627885854105e+04 1.169916510287100601e-17
5.000055449828181008e+04 4.436113623774041748e-17
5.000136647571207141e+04 1.809849743336283712e-18
5.000192271378653095e+04 8.056047014413626479e-19
5.000199046834347973e+04 1.857871755157681097e-18
5.000217559074582095e+04 6.608447503036910278e-19
5.000265694183927553e+04 7.049202356745904650e-17
5.000277391865615937e+04 2.618011717462413048e-18
5.000350593247122015e+04 4.017965812217493762e-19
5.000362727268648450e+04 4.768799262890675549e-20
5.000394162250731461e+04 1.098456846750000851e-18
5.000414191788755852e+04 1.538937131425655598e-16
5.000451368331068079e+04 1.419474925307705238e-18
5.000476667126129178e+04 7.934175476830588515e-17
5.000525810945773264e+04 9.211105530433141940e-19
5.000568046266382589e+04 2.606366678365408877e-18
5.000577188293252402e+04 2.070092272808237317e-18
5.000629236120499991e+04 7.769196233035467142e-16
5.000660874199284444e+04 4.620664758208387033e-20
5.000681091673571063e+04 2.599760040755562552e-16
5.000704614996742748e+04 2.844211492434645907e-17
5.000740370836276998e+04 7.164809127087033383e-18
5.000840915947075700e+04 1.039435369520618508e-17
5.000844112292234786e+04 3.270997521267373729e-16
5.000886387396202917e+04 1.219787663939724121e-17
5.000893315988828545e+04 1.794656882169229762e-18
5.000937589422085875e+04 1.757085091381135666e-19
5.000983861416002765e+04 3.735614727797300089e-16
5.001017649095860543e+04 2.827793231976133490e-19
5.001058634157059714e+04 9.320095672135372036e-16
5.001080954463688249e+04 6.332147828246179293e-17
5.001100045084779413e+04 7.088368986277506945e-18
5.001126924740388495e+04 4.738833022305399391e-18
5.001185828267894249e+04 1.750949185560392703e-18
5.001199062457516266e+04 4.031460594535959799e-15
5.001235860426699946e+04 2.281474750137154479e-18
5.001272598606011888e+04 3.505017474035326027e-15
5.001284636052902351e+04 3.027900583755521459e-17
5.001342002476523339e+04 2.868769560000697629e-18
5.001357228437926824e+04 5.789113148726567348e-18
5.001372698838452925e+04 5.714580289574987274e-18
5.001414256013221893e+04 8.971390514012029350e-16
5.001483810429972073e+04 5.206762711259491506e-16
5.001487788189973071e+04 1.913129559632011937e-16
5.001497432381231920e+04 2.640607557292233240e-16
5.001547567809988686e+04 3.200001167793487929e-17
5.001604400115559110e+04 4.859361527765083573e-18
5.001629428995130002e+04 2.519189815378247221e-15
5.001654956934294751e+04 8.147187837237456127e-18
5.001685480344836105e+04 1.103351746641501267e-16
5.001698198761590174e+04 7.589300327312329619e-16
5.001729524900732213e+04 5.219553959374112183e-18
5.001776852958085510e+04 8.608960398775176911e-18
5.001844558210979449e+04 3.110294543819195082e-14
5.001850672813687561e+04 1.373884675714795141e-17
5.001877549803361762e+04 2.147210253788836168e-17
5.001910150152983988e+04 5.169307007084846294e-16
5.001915185518836370e+04 2.547495395649519136e-17
5.001981316000292281e+04 3.328342435009582133e-18
5.001983861725911265e+04 4.087267023792782510e-17
5.001998766415031423e+04 1.432041571237602725e-17
5.002045243281813600e+04 4.521185154944161566e-18
5.002059609682176961e+04 3.403929803018579992e-14
5.002080293052970956e+04 8.986884271346782460e-17
5.002119782938115532e+04 6.887832153636879271e-15
5.002125978924672381e+04 1.485220548203491170e-15
5.002199065162522311e+04 6.550712678529677473e-15
5.002204072454452398e+04 6.457970020198219030e-19
5.002247425450868468e+04 1.822490140304449658e-17
5.002274487154694361e+04 2.249606440555658766e-15
5.002281995753724914e+04 2.181308111832873974e-18
5.002329811565986893e+04 1.423010565033797089e-15
5.002360097392930038e+04 9.802627297937636540e-18
5.002414268847255153e+04 2.005959302146223312e-13
5.002419250098109478e+04 1.590054372562062127e-17
5.002436560663597629e+04 3.165418751862461905e-18
5.002489147138056433e+04 2.107562649948167924e-14
5.002521206600296864e+04 1.418539857978518241e-16
5.002536602325252898e+04 9.515757853882013530e-16
5.002575070370853791e+04 2.252068645115376311e-18
5.002605020599379350e+04 1.053389677340828367e-21
5.002629473668040737e+04 7.715497499152635011e-13
5.002687411929332302e+04 1.563191572056659953e-15
5.002703744106536760e+04 1.431320535149886137e-13
5.002725434614690312e+04 6.851334677058630095e-17
5.002745393968188000e+04 1.318238254917058393e-15
5.002768522473621852e+04 1.519612068301362726e-17
5.002775900387141883e+04 6.321199429276732139e-17
5.002844684298772336e+04 9.826337902478698217e-16
5.002881109621177893e+04 2.622696045824932241e-19
5.002908576594947954e+04 8.549274076246366887e-17
5.002917742155631277e+04 3.397445435023821676e-15
5.002942705535442656e+04 5.414765282451816418e-19
5.002965679439353698e+04 9.484455789754225952e-20
5.002983862408621644e+04 7.965706582782078685e-13
5.002997451282044494e+04 3.183558339893110306e-21
5.003059917857754044e+04 2.978616537977794552e-13
5.003100826990422502e+04 4.771997017558982594e-17
5.003126480705764698e+04 1.117747495478356897e-15
5.003131326574694685e+04 2.353941841889211161e-14
5.003146071673086408e+04 4.588341058544421081e-17
5.003199073424949165e+04 7.093051014642059858e-12
5.003209772470508324e+04 3.657804960218089758e-17
5.003239420417392830e+04 6.006079772570259040e-18
5.003275212058325997e+04 1.926440319199738261e-12
5.003304221119473368e+04 5.217682280862462413e-16
5.003326777666593262e+04 5.305655336379821228e-16
5.003340201646109199e+04 2.569079052501996311e-15
5.003347001454536075e+04 9.098889406760624668e-15
5.003398002499597351e+04 7.592621246447400636e-17
5.003414316318326746e+04 8.489971302985463960e-16
5.003416420977324015e+04 3.963127486951834241e-19
5.003490618852958869e+04 4.566068018073509711e-14
5.003494765476261091e+04 3.098372499134367880e-16
5.003529293944579695e+04 4.143900081260762199e-19
5.003557952732062404e+04 6.159943348265685796e-18
5.003565950933154090e+04 2.088405586155314842e-20
5.003629647787373688e+04 9.691106942502474659e-13
5.003663657765755488e+04 5.970903777308076189e-18
5.003704423659177701e+04 6.404723716752553692e-15
5.003706290060683386e+04 6.887625849359793743e-13
5.003715905709309300e+04 2.577315312421661275e-15
5.003757325031747314e+04 1.842897312601074474e-17
5.003771700216927275e+04 5.817923562280185356e-18
5.003832536319926294e+04 8.706683938647016564e-17
5.003845164273040427e+04 1.924988726653751756e-11
5.003884589838537067e+04 2.181351137541176546e-16
5.003922393949975958e+04 2.123923474706204104e-13
5.003941376346260222e+04 1.036850293106850675e-17
5.003979191778297536e+04 2.317702907120911085e-18
5.003983879377228004e+04 3.143765771060208089e-14
5.003986974837491289e+04 2.359302635478058440e-17
5.004015823839604855e+04 4.085387216890566707e-18
5.004061016491391638e+04 9.176911267843101518e-12
5.004078797182150447e+04 4.701425134825415628e-18
5.004120066318456520e+04 2.995967441434317128e-18
5.004139091807200020e+04 2.162115023079311716e-16
5.004194140091485315e+04 4.375572960919266202e-16
5.004199160460950225e+04 1.668545133712857098e-11
5.004200553429230786e+04 8.135303202494594942e-18
5.004220961341562361e+04 2.560743567068572486e-17
5.004277422410262807e+04 1.648547920436751736e-11
5.004292607726765709e+04 2.391261951006160970e-19
5.004321424675734306e+04 9.383620225345272795e-20
5.004356584709455637e+04 1.820530223785655903e-15
5.004379828098184225e+04 2.279884192308483173e-19
5.004391081851357012e+04 3.785720465420811443e-17
5.004411010533525405e+04 1.133636236861583649e-15
5.004414620758722594e+04 1.408786979199344424e-10
5.004453933480820706e+04 1.011349038063873911e-16
5.004489242979021947e+04 1.843964551283917725e-15
5.004494671310306876e+04 3.240910003584905224e-12
5.004545990643086407e+04 1.292051679846969124e-16
5.004575095746869920e+04 1.617902030560120184e-15
5.004612080792476627e+04 1.304085241532331074e-15
5.004630607015133137e+04 4.383109525277808224e-10
5.004657640427120350e+04 6.815291576565989049e-17
5.004686026074701658e+04 3.450830016736162654e-17
5.004713094069105136e+04 6.757102642364909154e-14
5.004755372669604549e+04 1.182241427107095813e-18
5.004787105059107853e+04 1.248775778020470626e-16
5.004794539909876767e+04 2.531704602922339147e-14
5.004830174376541981e+04 4.292925935296501325e-15
5.004847694260392018e+04 3.036577966597749816e-10
5.004879738233233365e+04 2.108157656295409264e-17
5.004905819256058021e+04 2.302529475824855209e-16
5.004933068038543570e+04 4.556091543868560906e-14
5.004943964352491457e+04 1.407261424402529573e-16
5.004984375636119512e+04 1.574701395119494781e-09
5.005011385829423671e+04 5.766830986872789407e-15
5.005018655575250159e+04 6.268406979844802051e-15
5.005066560202880646e+04 3.475450913401668934e-11
5.005068500113905611e+04 6.322028618099900392e-14
5.005095569125719339e+04 8.003553128929924418e-17
5.005130406247307837e+04 3.982580912745972602e-17
5.005154912395533029e+04 2.260136224408024547e-15
5.005201800426056434e+04 1.144299312051785915e-08
5.005216882741339214e+04 1.064331787558428161e-14
5.005233377406428917e+04 2.598876818596964849e-16
5.005248743898745306e+04 1.250566317017562645e-15
5.005287870314203610e+04 3.807801011822147723e-14
5.005302123707216379e+04 4.208481878971757931e-16
5.005331379785628815e+04 1.544934257349828297e-17
5.005376074462232646e+04 3.098640005259174824e-17
5.005378911458158109e+04 6.586619541809083484e-15
5.005401537646583165e+04 3.672664042321558349e-16
5.005422039069438324e+04 3.058453401451611987e-09
5.005460996158037597e+04 8.056460006750879505e-16
5.005473480473556265e+04 9.336574977573176774e-16
5.005512151555422315e+04 2.461784654515663750e-15
5.005516717273778340e+04 3.729057841632860514e-16
5.005544723265546054e+04 3.992490764046535498e-18
5.005605169902408670e+04 1.476547304774365501e-14
5.005615014233955299e+04 5.021749936962130718e-18
5.005645760641896777e+04 3.002167000235093063e-10
5.005680131986758352e+04 2.486237277123544575e-16
5.005683939916325471e+04 3.001478416100946410e-16
5.005700678762085590e+04 1.243510503878073341e-17
5.005739805254890234e+04 7.816512823155472049e-13
5.005766773996480333e+04 2.466650246748562483e-17
5.005801073688409815e+04 1.087786228745685995e-17
5.005834048903571238e+04 2.657265981479874482e-15
5.005873631281408598e+04 2.359986330526542936e-12
5.005882318185472104e+04 1.508701326976001904e-16
5.005910679931825143e+04 4.310470854438767032e-16
5.005919140732856613e+04 2.356925670236138496e-19
5.005953854366105224e+04 4.158757320254458765e-16
5.005971048839212017e+04 1.710983098539054663e-12
5.005987773029978416e+04 9.623340395104093012e-10
5.006024340527507593e+04 1.546041221691110027e-17
5.006043086945458344e+04 3.614393017191597321e-18
5.006065312986538629e+04 1.026562051705603703e-14
5.006099197342928528e+04 2.074468564276959109e-15
5.006106150316630374e+04 1.237556181718182133e-11
5.006139390487228229e+04 2.835421317839421596e-15
5.006173947657759709e+04 3.678271841180882843e-17
5.006205510918660730e+04 1.765744603118660273e-12
5.006211370549343701e+04 2.607341866977001187e-11
5.006259123877805541e+04 1.502527583026315792e-16
5.006298413996529416e+04 1.881473867868309095e-14
5.006307774027213600e+04 2.250634679233825546e-15
5.006342578991487972e+04 3.913598423695265694e-14
5.006343523641238426e+04 6.681573745725407180e-12
5.006366156057657645e+04 1.468367380606439299e-15
5.006442061940588610e+04 1.534094148315789785e-11
5.006448124585106416e+04 2.292765010974221903e-11
5.006453274677022273e+04 1.496151781905785154e-13
5.006460715805767541e+04 1.636841616054580511e-15
5.006522297346744017e+04 3.747052104501470360e-17
5.006534611784445588e+04 4.902555702759534470e-19
5.006572014307671634e+04 1.243125934207321885e-16
5.006585722906526644e+04 9.109632007281659898e-14
5.006640862200919219e+04 7.449721884205448199e-16
5.006658752953080693e+04 1.048458402684857891e-15
5.006665690580612863e+04 4.834839681323880715e-16
5.006683683260223188e+04 1.842841672266784916e-11
5.006693410069230595e+04 3.905351768448345048e-11
5.006732278333066643e+04 2.032124216366194582e-16
5.006769929203474021e+04 1.596884454284020547e-14
5.006784812195525592e+04 6.006446080963316040e-16
5.006832382240698644e+04 3.552520193397599656e-13
5.006839213479674800e+04 4.193890402837457583e-20
5.006873340408521472e+04 3.276292164323968233e-16
5.006877513745459146e+04 1.008838143265752709e-16
5.006929191668941348e+04 4.865497307334389433e-12
5.006939276805530972e+04 2.189528866907162224e-14
5.006945505917272385e+04 1.941308930904581497e-11
5.007009598451601778e+04 2.742767907385885765e-14
5.007047265608095040e+04 6.863988342533311564e-17
5.007079061983551946e+04 5.887518646329199578e-16
5.007083466308328934e+04 3.823498011691753474e-17
5.007115821949202655e+04 4.786378305532616988e-16
5.007177565761381993e+04 3.715385067594570720e-13
5.007203893609881197e+04 1.671662110140455363e-12
5.007235754202424141e+04 8.263587041554763178e-15
5.007259595341419481e+04 5.707002683852043452e-15
5.007290043789429183e+04 4.136621715866496865e-17
5.007315529312433500e+04 1.800918356069807391e-16
5.007337906278020091e+04 5.871466923562701756e-14
5.007411662161970889e+04 4.903864659574579465e-16
5.007420899742226175e+04 3.853678483837596311e-15
5.007429701394662698e+04 3.713533712809931083e-14
5.007467262146545545e+04 3.178700290697953091e-13
5.007491126561715646e+04 9.330612729252311198e-15
5.007509890902245388e+04 4.899476338352818156e-16
5.007528764885824057e+04 7.729674447228227325e-19
5.007560233678236546e+04 3.810814986442093997e-17
5.007590485050799180e+04 4.957483886101324419e-18
5.007595796430080372e+04 5.019949471102524573e-15
5.007653506858282344e+04 5.180325660596456350e-17
5.007681437462040049e+04 8.329838803016877443e-17
5.007729069500814512e+04 2.071721972722902615e-15
5.007739332781683333e+04 3.866207985990521888e-15
5.007771645637813344e+04 6.874778893466034239e-18
5.007779285014723428e+04 1.084528208142968152e-17
5.007789014881665935e+04 7.420772493417931199e-18
5.007856536053628224e+04 1.255955792637857554e-15
5.007873515427439997e+04 2.469172947195769231e-17
5.007921697573645361e+04 2.684197952023717511e-17
5.007935960431125568e+04 1.145049518885176865e-15
5.007979592404882715e+04 1.422079321874967509e-15
5.008006889415250771e+04 2.161077433123535611e-14
5.008018731838671374e+04 3.588611504511128969e-15
5.008090061497149145e+04 5.808152224525998436e-20
5.008119516979381297e+04 2.119046693609955859e-17
5.008133079086273938e+04 1.156991259846433478e-18
5.008188871291258693e+04 5.848764422924042513e-16
5.008232527231817221e+04 2.212353597511378224e-16
5.008278773508505401e+04 2.105135043732135092e-15
5.008289119238431886e+04 1.250165424503753040e-15
5.008309904723226646e+04 1.775497970882528811e-17
5.008366474935832230e+04 5.641120867171338589e-18
5.008385513964974962e+04 2.032984441118674373e-16
5.008396418875048403e+04 1.935699078319082701e-20
5.008436186916632869e+04 1.827438117820768176e-17
5.008454635580296599e+04 5.606675701718527229e-17
5.008504178253049031e+04 3.057609395661939408e-17
5.008550860488061153e+04 4.318757626344347413e-18
5.008560280263530149e+04 4.864863614018937938e-16
5.008606297364679631e+04 1.126791322088357543e-18
5.008628228613863030e+04 6.730632258165559254e-20
5.008652463913235260e+04 3.301430865705240838e-17
5.008701394960234757e+04 2.863754583622797059e-19
5.008706854806321644e+04 6.506674151325127276e-18
5.008770371135712048e+04 4.093189639363536578e-19
5.008807979271608201e+04 4.075413448018460141e-20
5.008837283834681875e+04 5.752132152124921331e-20
5.008841925286204787e+04 1.367899707560045639e-20
5.008921987868164433e+04 2.153528491709744124e-18
5.008927740774233826e+04 3.401100709474073444e-19
5.008967575658459100e+04 1.441914874787550444e-19
5.008998771852299978e+04 6.610090485470088656e-19
5.009037870386031864e+04 5.530700798629630694e-20
5.009059523537138011e+04 1.358302503667762228e-18
5.009118774294714967e+04 2.374867076144573295e-17
5.009130779616423388e+04 2.553682720260356486e-18
5.009190017924460699e+04 1.212897941145127111e-19
5.009214006294411229e+04 1.076173489443749305e-18
5.009260562512245815e+04 7.409000576807752657e-19
5.009274151298236393e+04 2.772748986078986479e-19
5.009317960197634238e+04 4.164515602616689216e-19
5.009355877398750454e+04 2.169483376255207190e-20
5.009396954956050467e+04 1.272513918053187397e-18
5.009401056905474252e+04 3.526321755148531552e-18
5.009458791142575501e+04 8.136237003437661626e-19
5.009483271376949415e+04 1.639311637644135079e-19
5.009495849889548117e+04 1.619049324416210544e-19
5.009565328737601521e+04 9.188432276567355369e-20
5.009652165785527177e+04 1.062097381750834932e-20
5.009677845939558756e+04 3.800880430972241251e-19
5.009706932672671974e+04 2.461094912702429396e-19
5.009740730971154699e+04 9.010193249982270122e-20
5.009754000447062572e+04 3.715081513663953151e-20
5.009802010096230515e+04 3.986502015981035229e-22
5.009819285919611866e+04 2.721347640526846594e-21
5.009875893608753540e+04 1.258636707382868981e-22
5.009930903401797696e+04 1.055473255762533641e-21
5.009970151680525305e+04 3.374038936380510315e-21
5.010001078652534488e+04 5.020742901685961108e-21
5.010056921056941792e+04 8.843614688573431270e-22
5.010091507219762570e+04 3.551339478484440529e-22
5.010143525500896794e+04 6.751040987510649571e-22
5.010162356471946987e+04 2.560348236947369141e-22
5.010211449300700770e+04 2.395602475638090565e-22
5.010221813384950656e+04 1.188645304874284139e-21
5.010242236373013293e+04 1.355354945406648308e-20
5.010275011404651013e+04 1.310578497845485668e-20
5.010323211082266789e+04 2.437334632773144655e-21
5.010373588267850573e+04 2.520339229558417654e-21
5.010425897566886852e+04 5.764342702058796103e-22
5.010475045036272786e+04 2.664374496996641444e-23
5.010515240353121044e+04 1.804170994076073871e-21
5.010558730808090331e+04 6.967086647034444308e-21
5.010584837390163011e+04 1.496886308266167584e-22
5.010629717742279172e+04 0.000000000000000000e+00
5.010648160834592272e+04 6.653386329033801467e-22
5.010772454231775919e+04 7.958455077570349647e-24
5.010819661420180637e+04 3.952931301597843718e-22
5.010822590900138312e+04 5.340608111155126305e-23
5.010834802385096555e+04 6.945922663679622396e-22
5.010883338180096325e+04 5.142553280930081705e-23
5.010931403923626203e+04 3.280513054195536387e-23
5.011001748013336328e+04 1.147765388164702772e-23
5.011032785447177594e+04 1.963684065081644032e-24
5.011106675742747757e+04 7.758335098188900261e-24
5.011147757308177825e+04 9.007828415127448421e-24
5.011167616411647032e+04 0.000000000000000000e+00
5.011223395010002423e+04 0.000000000000000000e+00
5.011242968414778443e+04 0.000000000000000000e+00
5.011287235582712310e+04 0.000000000000000000e+00
5.011356416372789681e+04 0.000000000000000000e+00
5.011382335311440693e+04 1.984888098867402386e-23
5.011411155993736611e+04 8.508227615088508387e-24
5.011489063982659718e+04 9.318265006562358399e-24
5.011559646461819648e+04 1.929177908166111410e-24
5.011586253851620131e+04 0.000000000000000000e+00
5.011675592144935945e+04 7.883198750302638532e-24
5.011708763603850821e+04 5.923781813914432987e-24
5.011714895336393965e+04 1.039426560181151073e-24
5.011747742006393673e+04 1.611635542931281082e-24
5.011806674187882891e+04 0.000000000000000000e+00
5.011857310809141200e+04 0.000000000000000000e+00
5.011903172389316751e+04 0.000000000000000000e+00
5.011939075563759252e+04 0.000000000000000000e+00
5.011993597989292903e+04 1.388859589658740121e-24
5.012051550562505872e+04 0.000000000000000000e+00
5.012108912983834307e+04 0.000000000000000000e+00
5.012164849675744335e+04 0.000000000000000000e+00
5.012248660489731265e+04 0.000000000000000000e+00
5.012287412502568623e+04 0.000000000000000000e+00
5.012339578132159659e+04 0.000000000000000000e+00
5.012373124904953147e+04 0.000000000000000000e+00
5.012439903858485923e+04 0.000000000000000000e+00
5.012521556631907879e+04 0.000000000000000000e+00
5.012538817813788046e+04 0.000000000000000000e+00
5.012629619202452886e+04 0.000000000000000000e+00
5.012648476021215902e+04 0.000000000000000000e+00
5.012703268694338476e+04 0.000000000000000000e+00
5.012776543230031530e+04 0.000000000000000000e+00
5.012796143810833019e+04 0.000000000000000000e+00
5.012839441633967363e+04 0.000000000000000000e+00
5.012904697150157153e+04 0.000000000000000000e+00
5.012965747148842638e+04 0.000000000000000000e+00
5.013060587097332609e+04 0.000000000000000000e+00
5.013130798898147623e+04 0.000000000000000000e+00
5.013168087040114187e+04 0.000000000000000000e+00
5.013275340599437186e+04 0.000000000000000000e+00
5.013307793681704788e+04 0.000000000000000000e+00
5.013345829156612308e+04 0.000000000000000000e+00
5.013391419004293130e+04 0.000000000000000000e+00
5.013417638663624530e+04 0.000000000000000000e+00
5.013504028915319213e+04 0.000000000000000000e+00
5.013533797745459742e+04 0.000000000000000000e+00
5.013679861872001493e+04 0.000000000000000000e+00
5.013742261658386269e+04 0.000000000000000000e+00
5.013867504993620969e+04 0.000000000000000000e+00
5.013906341497002722e+04 0.000000000000000000e+00
5.013925709273613029e+04 0.000000000000000000e+00
5.014029376468779083e+04 0.000000000000000000e+00
5.014104137382612680e+04 0.000000000000000000e+00
5.014170959065415809e+04 0.000000000000000000e+00
5.014225470773968846e+04 0.000000000000000000e+00
5.014344893804554886e+04 0.000000000000000000e+00
5.014410598473600839e+04 0.000000000000000000e+00
5.014454001062666794e+04 0.000000000000000000e+00
5.014523706950066844e+04 0.000000000000000000e+00
5.014577185770012875e+04 0.000000000000000000e+00
5.014629123398661613e+04 0.000000000000000000e+00
5.014840763241519744e+04 0.000000000000000000e+00
5.014911411874287296e+04 0.000000000000000000e+00
5.014964886967695202e+04 0.000000000000000000e+00
5.015060635947735136e+04 0.000000000000000000e+00
5.015065380803467269e+04 0.000000000000000000e+00
5.015129629534760170e+04 0.000000000000000000e+00
5.015214029855310218e+04 0.000000000000000000e+00
5.015260896488708386e+04 0.000000000000000000e+00
5.015383611662879412e+04 0.000000000000000000e+00
5.015577551764745294e+04 0.000000000000000000e+00
5.015634138389613508e+04 0.000000000000000000e+00
5.015818096100048569e+04 0.000000000000000000e+00
5.015900859126148134e+04 0.000000000000000000e+00
5.015984036787850346e+04 0.000000000000000000e+00
5.016077028335967043e+04 0.000000000000000000e+00
5.016194356608084490e+04 0.000000000000000000e+00
5.016237170527168200e+04 0.000000000000000000e+00
5.016416809796449525e+04 0.000000000000000000e+00
5.016483822971086192e+04 0.000000000000000000e+00
5.016642851046864962e+04 0.000000000000000000e+00
5.016782069314819819e+04 0.000000000000000000e+00
5.017045369099415257e+04 0.000000000000000000e+00
5.017062288010125485e+04 0.000000000000000000e+00
5.017135999713644560e+04 0.000000000000000000e+00
5.017205598927023675e+04 0.000000000000000000e+00
5.017431134796157858e+04 0.000000000000000000e+00
5.017664698323942139e+04 0.000000000000000000e+00
5.017808321994991275e+04 0.000000000000000000e+00
5.017946095635284291e+04 0.000000000000000000e+00
5.018193555199180992e+04 0.000000000000000000e+00
5.018291878655852634e+04 0.000000000000000000e+00
5.018534713992376055e+04 0.000000000000000000e+00
5.019118103241579229e+04 0.000000000000000000e+00
5.019180058937196736e+04 0.000000000000000000e+00
5.019313974305833835e+04 0.000000000000000000e+00
5.019358418131674989e+04 0.000000000000000000e+00
5.020523259473542566e+04 0.000000000000000000e+00
5.020566356374128372e+04 0.000000000000000000e+00
