-5.006006160644464399e+04 0.000000000000000000e+00
-5.005914616456874501e+04 0.000000000000000000e+00
-5.005913069667312084e+04 0.000000000000000000e+00
-5.005818114668192720e+04 0.000000000000000000e+00
-5.005649463126397313e+04 1.927521379814555016e-24
-5.005638901006460219e+04 0.000000000000000000e+00
-5.005637546222962555e+04 0.000000000000000000e+00
-5.005501758040129062e+04 3.058563537623808855e-24
-5.005403971001653554e+04 9.239912437687137561e-24
-5.005402542694238218e+04 5.507264041569005270e-24
-5.005375554029862542e+04 6.292091669565488932e-23
-5.005275317450911825e+04 1.376362870506315203e-24
-5.005205286112328758e+04 1.661875133005610313e-23
-5.005179317546487437e+04 1.218578254935853873e-22
-5.005173089438791067e+04 1.622330072978679449e-24
-5.005146789033752430e+04 1.452836972222404940e-22
-5.005112277433583949e+04 3.318396623905292559e-23
-5.005048796431248775e+04 1.203501054578153708e-24
-5.005007633006461401e+04 4.857625706673598142e-22
-5.004995093227936741e+04 0.000000000000000000e+00
-5.004944064565868030e+04 3.183842749048173204e-24
-5.004912311813260749e+04 1.475819888377146113e-22
-5.004833573457281454e+04 8.115193495292579080e-24
-5.004790982687063661e+04 7.014967529579197125e-23
-5.004782202357094502e+04 2.162510449767452684e-23
-5.004699691158508358e+04 8.156886536302673547e-23
-5.004644782631604176e+04 2.154586188231617933e-23
-5.004577209318472887e+04 7.057716403648276325e-24
-5.004544156556262897e+04 4.404234687263079111e-24
-5.004476758200184850e+04 2.224882263888863908e-24
-5.004379614829465572e+04 0.000000000000000000e+00
-5.004366483673726179e+04 3.553624603836458036e-23
-5.004284918672984350e+04 4.955336349341039337e-24
-5.004179306349724357e+04 6.091404520295026516e-22
-5.004169873290890973e+04 1.364334574194185465e-22
-5.004069787904891564e+04 7.976380915895705319e-23
-5.003994251122259448e+04 1.211331235683802590e-23
-5.003993473693931446e+04 3.698781032143527648e-22
-5.003936382268856687e+04 1.716991853275576322e-23
-5.003844583610420523e+04 2.429972702481408658e-21
-5.003781585194339277e+04 6.744023144933811138e-21
-5.003780617843674554e+04 5.190500138454966150e-21
-5.003705893740012107e+04 5.699450396780475510e-22
-5.003609922482623369e+04 8.837155440914379345e-22
-5.003569008927658433e+04 2.987945745499546116e-21
-5.003562008048724238e+04 1.050694463333677559e-21
-5.003453096473902406e+04 4.904114820457523305e-22
-5.003414779114931298e+04 1.619137034157298118e-21
-5.003357607719540101e+04 7.895417761634731899e-24
-5.003287234077423636e+04 2.500784832268462936e-20
-5.003246946445646608e+04 3.957250465794593874e-20
-5.003151869454816915e+04 2.037185370902295258e-20
-5.003133809318365820e+04 1.897579946392450529e-19
-5.003102612712005794e+04 4.521511462773818786e-20
-5.002995923690321797e+04 4.129497444480175810e-21
-5.002994169171556860e+04 2.270142889354371116e-22
-5.002942799074931827e+04 3.512378110092885037e-24
-5.002927651758321736e+04 3.915011110598227836e-20
-5.002830987497523165e+04 1.016327057499956041e-19
-5.002805212488300458e+04 4.284803997595967974e-21
-5.002780610005327617e+04 4.459940487000825252e-23
-5.002737052879327530e+04 2.975508767838542024e-19
-5.002702935220265499e+04 2.226337864097690176e-22
-5.002670897089569189e+04 9.473802618851258055e-22
-5.002599038313843630e+04 1.065509753598955183e-21
-5.002567208120443684e+04 7.543859707858490275e-21
-5.002545861797828547e+04 6.784844933118604131e-22
-5.002527962497693079e+04 8.536384672235803891e-20
-5.002501091049639217e+04 2.625250000183309489e-21
-5.002452236328685831e+04 7.323635038544286009e-20
-5.002439415848036879e+04 8.953976943132889231e-21
-5.002380330392515316e+04 4.479039269189089703e-20
-5.002354015197217814e+04 2.130185153921094673e-20
-5.002342661703933845e+04 2.154952488344240558e-18
-5.002320290139139252e+04 3.087425152700925315e-20
-5.002300695233716397e+04 1.036731665944537037e-18
-5.002246234739189822e+04 8.283036217354987808e-22
-5.002239214527513832e+04 2.708602780659468644e-20
-5.002178223655144393e+04 6.874972943635099267e-20
-5.002147806658002810e+04 2.046525119369252669e-19
-5.002141287554534938e+04 2.181975341817813935e-18
-5.002105275607437216e+04 3.470906122006352937e-19
-5.002051947707821091e+04 2.162947537492788170e-20
-5.001994160840894619e+04 3.480387452984219644e-20
-5.001989412372345396e+04 4.998483915992095723e-20
-5.001969003705099021e+04 4.921240697027777588e-19
-5.001933109499490820e+04 1.259124167927276054e-20
-5.001927170916538307e+04 1.038707618251558224e-19
-5.001857953513454413e+04 2.083846787016774064e-19
-5.001799967799957813e+04 3.333320250823371882e-19
-5.001796190135400684e+04 9.290351035427012961e-20
-5.001780556521062681e+04 3.810767910468993530e-20
-5.001737598441921000e+04 1.577440176913909111e-18
-5.001718462913856638e+04 8.614008609653932503e-18
-5.001669309128195164e+04 2.077529546543770832e-19
-5.001612347641168162e+04 9.374270715309354337e-18
-5.001586739362624212e+04 1.414593295608987159e-17
-5.001566973089127714e+04 5.048600408020332996e-18
-5.001511470820116665e+04 2.104937096900395190e-18
-5.001495778430769133e+04 2.968934753135258174e-19
-5.001420281498920667e+04 3.311207322737727189e-18
-5.001384289850250207e+04 1.283568496371221945e-18
-5.001353448836047755e+04 3.290941570598132132e-20
-5.001338127325195092e+04 5.932182774994235461e-19
-5.001301850694505265e+04 4.313632067485881330e-17
-5.001241603675816441e+04 1.790990255900517924e-19
-5.001235668263172556e+04 1.322902862658333007e-18
-5.001182636369801912e+04 2.692148777629790059e-21
-5.001140043638372299e+04 4.097084941097393969e-18
-5.001099783087614196e+04 4.223015964133622806e-18
-5.001088614563341253e+04 3.282117156212842456e-18
-5.001065445019257459e+04 9.502553329613875081e-19
-5.000994159881726227e+04 6.357779792371326068e-19
-5.000963542241454707e+04 1.657369034807680530e-18
-5.000926858325668582e+04 1.299084817262507749e-17
-5.000916003411106794e+04 5.750677618363739311e-18
-5.000900448279755801e+04 2.878096772379262035e-16
-5.000847545544434979e+04 7.369606254880830422e-17
-5.000787615875321353e+04 6.878857177543173347e-19
-5.000780549142151722e+04 1.904779660397981710e-19
-5.000725490923660982e+04 3.006557984575696177e-18
-5.000713975348255917e+04 6.761303333951808595e-16
-5.000691323371230101e+04 4.299945867040183423e-17
-5.000651996786765812e+04 4.803205044878885296e-20
-5.000566942243923404e+04 4.330160844066331607e-17
-5.000555967941181007e+04 5.718731231938738380e-18
-5.000518688554967230e+04 2.566038879643459999e-18
-5.000506885249776678e+04 8.501382509746275557e-17
-5.000501605660007044e+04 2.084322978911516789e-17
-5.000421549022954423e+04 4.616945206930128521e-18
-5.000390784643867664e+04 1.232757086761513251e-17
-5.000371710320483544e+04 9.417214658592267533e-18
-5.000353345057785191e+04 5.898858269650197959e-17
-5.000318201155725546e+04 2.147555942204976707e-17
-5.000290044674497040e+04 2.506185789594425875e-15
-5.000262245271406573e+04 5.770168251423033447e-17
-5.000223654681797780e+04 3.264647102183704638e-18
-5.000190945769494283e+04 2.219665020753188881e-17
-5.000139774279153062e+04 4.974644571360224850e-15
-5.000115122070789221e+04 6.696001504902539260e-16
-5.000088269035729172e+04 5.016025209431139796e-18
-5.000079490321213962e+04 4.024037196146369728e-16
-5.000031910073849576e+04 4.902332635368483137e-17
-4.999997354223219736e+04 1.229731179346945426e-20
-4.999994159787610988e+04 1.667283784277511293e-16
-4.999932699690394656e+04 1.597991052898501928e-16
-4.999926256723210099e+04 3.316498560017913394e-17
-4.999881715262114449e+04 2.776865264453166513e-16
-4.999877003645769582e+04 1.621752561015430369e-22
-4.999869738781891647e+04 3.302766216426737102e-15
-4.999803801175695844e+04 6.891505103971117490e-18
-4.999783733780987677e+04 7.484346856168334996e-17
-4.999780548240266944e+04 9.927480569585869759e-17
-4.999752230871935899e+04 8.195061918806661895e-17
-4.999712837440575095e+04 7.912199526567223995e-15
-4.999691065084024012e+04 1.975116164964130875e-16
-4.999661838527500367e+04 2.181379801921438856e-16
-4.999647673437448975e+04 4.499558603944359867e-17
-4.999609398996557138e+04 2.400769819675018968e-17
-4.999566937201068504e+04 1.279411264050308447e-14
-4.999557170586058783e+04 1.905516307916852013e-18
-4.999535245715945348e+04 7.669149238541626215e-17
-4.999499591720225726e+04 3.122343121557293467e-15
-4.999484214182827418e+04 3.752354616782595576e-17
-4.999455640094135742e+04 1.495779390851444369e-14
-4.999403790426270280e+04 2.071218598836153684e-16
-4.999392043916620605e+04 6.500986193824884149e-17
-4.999353327931677632e+04 4.157047258115220090e-18
-4.999315323513820476e+04 2.362203442276003121e-16
-4.999286552375571773e+04 7.903337899913128997e-14
-4.999273184454359580e+04 1.905980638477323381e-17
-4.999253661971361726e+04 2.015074924468180077e-15
-4.999229174172667263e+04 3.003121674460503914e-16
-4.999180479046354594e+04 1.111542179000559643e-16
-4.999139723585956381e+04 3.307224966766859121e-16
-4.999120218867926451e+04 6.407383937041694861e-18
-4.999088507930310152e+04 9.195991988028238422e-16
-4.999073981837651081e+04 9.327261634752527360e-16
-4.999065325281515106e+04 1.754317768182935310e-15
-4.999037096110047423e+04 7.060331686514319265e-15
-4.998994159778476751e+04 1.704959043609334242e-15
-4.998975624517270626e+04 3.538140973500829150e-17
-4.998951941072935733e+04 3.397301238157850611e-17
-4.998926131394272670e+04 2.177412523627682615e-14
-4.998901305556560692e+04 2.772259972567125432e-17
-4.998865909349356662e+04 5.000166954419317506e-14
-4.998860206448583631e+04 1.256447346803747100e-13
-4.998842833439913375e+04 4.436053966947087018e-19
-4.998798614155359246e+04 5.782687476451499686e-16
-4.998780548131043179e+04 1.062828127307531446e-15
-4.998720592898808536e+04 2.811814202527691470e-17
-4.998712587012441509e+04 1.126885950170049979e-12
-4.998709121393753594e+04 1.208142237443284467e-14
-4.998650581209666416e+04 3.046420258058505181e-14
-4.998649944502297876e+04 5.009413482367603943e-15
-4.998567720400482358e+04 7.375397890830010289e-17
-4.998566936523878394e+04 2.020787620092547813e-13
-4.998548886743430194e+04 6.966193876161432804e-17
-4.998499039276908297e+04 5.592390692648340575e-16
-4.998465938228909363e+04 7.418893499682285582e-16
-4.998442464656165248e+04 1.898791258436559607e-13
-4.998432531001267489e+04 3.453072342593393610e-14
-4.998409615357117582e+04 5.487194805863197858e-17
-4.998370624313515873e+04 1.514338026084959877e-15
-4.998353325250035414e+04 1.042600074672185797e-13
-4.998286688105333451e+04 6.182451557772151712e-16
-4.998285586125118425e+04 1.182172625913684096e-12
-4.998264023066082882e+04 1.226605874402380850e-15
-4.998232096186520357e+04 1.358928315905389942e-15
-4.998207323616215581e+04 4.306467963239250839e-16
-4.998183433937101654e+04 1.320006321979631495e-17
-4.998139714831649326e+04 9.512131362697276275e-12
-4.998120670265013177e+04 4.134215127051754289e-15
-4.998089250552662998e+04 1.697847285222954786e-17
-4.998072271308479685e+04 3.511608925145018538e-13
-4.998057409993910551e+04 2.278870523109095771e-16
-4.998021918645533879e+04 1.112212443187402538e-13
-4.997994159777457389e+04 7.712329342656909033e-13
-4.997954289216885809e+04 6.925037001848532198e-16
-4.997930232563659229e+04 1.951403983438801857e-15
-4.997926106750673353e+04 1.056351475529263770e-14
-4.997876330509220134e+04 5.988973872098351137e-15
-4.997859200977560249e+04 5.082269520850505852e-12
-4.997823012701435800e+04 1.567165514684057541e-14
-4.997815976280327595e+04 5.737277394049382862e-15
-4.997812150084615132e+04 2.226182571037943172e-14
-4.997780548118017759e+04 2.343530348291946465e-13
-4.997750946627114172e+04 5.372071796376462307e-16
-4.997712503922263568e+04 2.527006921372828357e-12
-4.997711114534551598e+04 1.558158120188348581e-16
-4.997646671248348139e+04 5.111341177205180720e-14
-4.997633570594844787e+04 6.208105074488567981e-15
-4.997627917104432709e+04 1.604367990199242957e-14
-4.997609651080903132e+04 2.069760346337905788e-13
-4.997590871996073838e+04 9.912513449673098398e-15
-4.997566936465337494e+04 3.097629648719060778e-11
-4.997511466371191636e+04 1.633956802327299034e-15
-4.997502510085076210e+04 4.711592832186793812e-16
-4.997498912327053404e+04 3.199110913311177625e-12
-4.997436423625512543e+04 8.760537537412130378e-13
-4.997430304773725220e+04 9.332063986795149627e-13
-4.997412243383310124e+04 2.213124160762586471e-14
-4.997400297287616559e+04 2.143346044108516191e-14
-4.997353324843454175e+04 4.187716984084518572e-13
-4.997338485769047111e+04 1.583530479899631481e-15
-4.997299811902781221e+04 8.011988718764021103e-15
-4.997285342184834008e+04 9.656727670461509003e-11
-4.997259218783614051e+04 1.174813404087469560e-14
-4.997221687603975442e+04 6.974476603108869920e-13
-4.997209197093984403e+04 5.350308364834201415e-14
-4.997194533586789476e+04 5.390362952452421311e-17
-4.997147194564640813e+04 1.104019903031062343e-14
-4.997139713320844021e+04 8.859165821514709746e-12
-4.997093187877243327e+04 4.569332144439851217e-15
-4.997071811510092084e+04 1.199077403727845425e-12
-4.997025391302853677e+04 1.745810956760492371e-14
-4.997023746689020481e+04 1.048050609049012115e-14
-4.997010274925265549e+04 5.589810555704606568e-12
-4.996994159777158347e+04 3.714924059364825949e-12
-4.996974992130718601e+04 3.258404447150791731e-16
-4.996933308938157279e+04 1.650056607654942906e-14
-4.996926102087656182e+04 2.325736323063301718e-11
-4.996858682258339104e+04 8.923375348517023521e-12
-4.996857963518045290e+04 7.443920644967511128e-12
-4.996840777937781240e+04 2.880990719751606801e-15
-4.996811477838692372e+04 1.212319031947606030e-14
-4.996799677513396455e+04 8.854120036176423033e-13
-4.996780548113101395e+04 4.737452824766627821e-12
-4.996737372914871958e+04 8.072830133863989659e-15
-4.996712491519712057e+04 1.427728255292686044e-09
-4.996695522438464832e+04 1.988588615708513734e-16
-4.996654317200410878e+04 1.548196964549076602e-15
-4.996644971106425510e+04 9.431062828848277277e-12
-4.996622179098135530e+04 1.343430328415369582e-14
-4.996592330556084926e+04 1.209580631866185127e-13
-4.996589790426676336e+04 1.165003006722291355e-12
-4.996566936420814454e+04 8.321583445691876058e-10
-4.996525862692606461e+04 9.512500195413947482e-15
-4.996506495723281841e+04 7.694470011439031025e-18
-4.996498882089908147e+04 2.254561797139684675e-11
-4.996438031676022365e+04 7.079683218846643181e-14
-4.996431760690363444e+04 1.267372673418707219e-10
-4.996398750501655013e+04 2.251356373954589287e-14
-4.996386263132228487e+04 1.057076215827681798e-14
-4.996380525146133004e+04 4.361334781052756693e-13
-4.996353324562784837e+04 1.277293281341220705e-10
-4.996326340656499815e+04 1.460613530792843586e-14
-4.996290794250410545e+04 4.371339625033073407e-16
-4.996285273817135021e+04 5.115604349831379373e-11
-4.996239926882322470e+04 1.168229438247052062e-14
-4.996218801045628061e+04 1.515405533231190006e-11
-4.996189382400864997e+04 2.801798833592639115e-14
-4.996175660119031090e+04 9.953345801908019958e-14
-4.996170175786178879e+04 2.364974335972365479e-13
-4.996139712003569730e+04 1.422779350931765071e-08
-4.996095940893905936e+04 1.521977796897469633e-14
-4.996071668132883497e+04 1.129729467554280126e-10
-4.996053540420451463e+04 2.057091667109447982e-14
-4.996025933389658167e+04 2.243701764313830711e-13
-4.996005645998278487e+04 2.398030658338884337e-11
-4.995994159764020878e+04 5.020867516217004000e-09
-4.995971934842629707e+04 1.271195844264475947e-13
-4.995953742743220937e+04 3.825045389729078486e-15
-4.995926097166093678e+04 2.908852518712139133e-10
-4.995881900285537995e+04 1.025058947606332068e-14
-4.995858062669330684e+04 2.756566847408255323e-09
-4.995833193755146203e+04 6.607020799940831170e-15
-4.995797833466851444e+04 7.537054711682434729e-13
-4.995792769027777103e+04 3.113402914933110682e-12
-4.995780547961158300e+04 4.091099174003468542e-10
-4.995761084301929077e+04 4.383491114006017783e-14
-4.995725429361884744e+04 1.237429918838950662e-15
-4.995712476202438120e+04 3.549561118631071527e-10
-4.995646387098239211e+04 8.838349148285757656e-14
-4.995644450067682192e+04 2.760504096875713592e-10
-4.995602457349457109e+04 4.488009808674478131e-14
-4.995585360339108593e+04 1.592467316786423623e-13
-4.995580688367986295e+04 3.832863512004167721e-12
-4.995566935540515988e+04 6.343068339161429674e-08
-4.995547692093608930e+04 1.034466969282780620e-14
-4.995498840830734116e+04 1.164504216408024688e-09
-4.995480832196247502e+04 1.714894505181594876e-14
-4.995458953002132330e+04 1.094942983565648979e-15
-4.995430824905780173e+04 5.777165801533092537e-10
-4.995422377024202433e+04 2.920770595029636617e-13
-4.995369972527688515e+04 6.729358501634371219e-13
-4.995363251774641685e+04 8.846914738838842457e-15
-4.995353320937961689e+04 2.475577214804949517e-09
-4.995351369030924252e+04 3.329154432374011164e-14
-4.995285174565618945e+04 5.616203185245997688e-08
-4.995274207016810396e+04 7.447734886564086543e-13
-4.995255106919148238e+04 1.063311996862935812e-13
-4.995247659042970190e+04 6.386829118309000456e-14
-4.995217141589760286e+04 6.727324941320548530e-11
-4.995176484479319333e+04 9.183226523447265522e-16
-4.995157755009840912e+04 8.942728784601331851e-13
-4.995150109460000385e+04 4.648767127676410093e-14
-4.995139699319214560e+04 7.440499432559102267e-08
-4.995122356479478185e+04 3.743797959813826643e-15
-4.995071446609153645e+04 4.814746485077610326e-09
-4.995064403836950078e+04 2.753866117867508590e-13
-4.995044680340168998e+04 8.483896203615535018e-17
-4.995003395674304193e+04 7.106555448536647301e-11
-4.994994159592137294e+04 1.150357084094797362e-08
-4.994962952550382033e+04 9.095623707003572787e-15
-4.994954952861207857e+04 9.615005687547803398e-16
-4.994946521435770410e+04 1.526358654888661148e-13
-4.994926056826617423e+04 1.040797559629893763e-08
-4.994881705856016197e+04 5.672132206643446279e-14
-4.994857602999037044e+04 1.513725363354440715e-08
-4.994824287725779868e+04 2.263795601782081912e-13
-4.994789445303037064e+04 8.696865009215938505e-12
-4.994780545506002090e+04 1.513474253945438292e-08
-4.994768110424414772e+04 5.289699024483856323e-15
-4.994748342154682905e+04 2.740289854551526490e-14
-4.994736078695149627e+04 5.250306626901717856e-13
-4.994712360147891741e+04 1.029364175865289265e-06
-4.994694756374021381e+04 7.159848766457660811e-14
-4.994643560375809466e+04 1.335550676062851000e-09
-4.994592870297151967e+04 3.129980175704773064e-15
-4.994585805152645480e+04 4.550992846245516065e-13
-4.994575161881653185e+04 2.252391674431386773e-11
-4.994566918208754214e+04 2.308825918173590957e-06
-4.994547419956987869e+04 9.664032708868166117e-16
-4.994525073648144462e+04 5.850564725681800738e-15
-4.994498824098519981e+04 1.207648645216176256e-12
-4.994498542568517587e+04 7.731198276545072931e-08
-4.994429194330310565e+04 1.317985040478081180e-09
-4.994417485999634664e+04 9.678926267033900075e-14
-4.994378178958913486e+04 1.029392194938771484e-14
-4.994360597186695668e+04 1.121236689746358479e-12
-4.994353243996902893e+04 9.300210906670248099e-08
-4.994335412465825357e+04 5.914337808510683639e-15
-4.994318431884260644e+04 6.515805918229726010e-14
-4.994300600615184521e+04 4.152225150218614482e-13
-4.994284489184111590e+04 4.302223797963960448e-07
-4.994223613352431130e+04 1.959358762078762147e-13
-4.994214336204419669e+04 1.453487509154362439e-10
-4.994173272233870375e+04 9.458083110579976022e-14
-4.994146957120508887e+04 7.040785362568393539e-13
-4.994144665517220710e+04 6.700084888044407079e-12
-4.994139453109070018e+04 1.543521597597738123e-05
-4.994112839749602426e+04 5.963761473077663426e-13
-4.994070025583658571e+04 2.826545444926471130e-08
-4.994069913273065322e+04 2.393600781129401011e-11
-4.994024708808220748e+04 1.817642852657343766e-13
-4.993998913513598382e+04 4.201050590366979533e-10
-4.993998516552979709e+04 2.046752836100017145e-10
-4.993994151715547196e+04 3.357206872075734234e-06
-4.993949759513284516e+04 2.055932216188737039e-14
-4.993929306017913768e+04 6.084177080137744436e-11
-4.993925426684413833e+04 1.079537322243598064e-06
-4.993891223811640521e+04 3.780284359284985155e-13
-4.993875899040228251e+04 5.739180779476171593e-13
-4.993854914146474039e+04 2.709022949865135323e-08
-4.993811044545706682e+04 5.112512004581089967e-15
-4.993796286139978474e+04 7.169572512813853937e-17
-4.993782293921264500e+04 9.452950355656330725e-13
-4.993780494947800617e+04 1.207297685112416344e-06
-4.993716845687002933e+04 1.841995687870228587e-10
-4.993712723661144264e+04 2.073649260437801491e-08
-4.993710973965522862e+04 1.311056628709737204e-05
-4.993674582046291471e+04 1.779161519674232700e-12
-4.993638867888892855e+04 2.906024015550738567e-09
-4.993636232863816986e+04 3.991613111079321309e-12
-4.993571360591637495e+04 2.752671844426632486e-11
-4.993566734797526442e+04 1.389646535382245071e-04
-4.993564483675801603e+04 1.409659384050317992e-08
-4.993520487505478377e+04 1.606236150137258393e-13
-4.993498490904930077e+04 2.991353801355755834e-10
-4.993495842841636477e+04 5.735722967143713726e-07
-4.993494854596984078e+04 1.008437485018491694e-08
-4.993448108293675614e+04 3.121585924740404532e-12
-4.993421557811720413e+04 1.813624791966432219e-08
-4.993387198391412676e+04 5.449676513404485740e-14
-4.993352663901288179e+04 1.176889685061380697e-05
-4.993345864518942835e+04 8.538100725183641684e-10
-4.993329352507334261e+04 1.541437642048369519e-12
-4.993286993110281037e+04 1.492767610749244026e-10
-4.993279624569497537e+04 4.935757129829953006e-07
-4.993275973326907115e+04 1.599240206075246013e-09
-4.993248207200943580e+04 5.896490616943144519e-13
-4.993202672584112588e+04 1.481588780074552695e-10
-4.993194040858290100e+04 2.215653346211846484e-13
-4.993150141635299224e+04 9.053855042783373096e-11
-4.993137793546268949e+04 4.351657706345393077e-04
-4.993124771958726342e+04 3.529746709659119203e-08
-4.993087122466271103e+04 5.524328346502765194e-12
-4.993063452017348027e+04 1.151136250310800357e-09
-4.993061870816597366e+04 3.741309836057422662e-08
-4.993053296735341428e+04 1.382062384230373582e-11
-4.992999701993088820e+04 6.476229538132282539e-12
-4.992993917201458680e+04 8.236894964874923004e-06
-4.992981915388621564e+04 2.761051825877603657e-08
-4.992923506618598913e+04 2.067231289970723868e-09
-4.992921413138348726e+04 1.288405329585883943e-05
-4.992902829256329278e+04 1.201240735593656304e-09
-4.992896732820654870e+04 9.591714477280386183e-11
-4.992852881464275561e+04 6.565560027280692126e-11
-4.992842343367748981e+04 2.182096615200293210e-07
-4.992837745380774868e+04 2.206211595699543900e-09
-4.992778984867556574e+04 7.367899217559641003e-05
-4.992759099652886653e+04 3.508107671045127358e-09
-4.992748776857011399e+04 5.217695859228047411e-12
-4.992714900549776939e+04 1.048516431105680630e-11
-4.992702735168586514e+04 1.792380078436918154e-05
-4.992678087740412593e+04 1.064214467506837978e-09
-4.992644896000079461e+04 9.889681338209741854e-12
-4.992625920811477408e+04 2.216544507913120984e-10
-4.992620363979105605e+04 4.621522363890229334e-09
-4.992607484975747502e+04 8.771321246048606019e-12
-4.992561417109311878e+04 1.694541187543708791e-02
-4.992536010539782001e+04 2.695227557692266072e-08
-4.992533755166813353e+04 2.986651909746543780e-07
-4.992524064973277564e+04 8.758530857723771269e-10
-4.992481058106938144e+04 1.178161024796203207e-06
-4.992452250207152974e+04 1.998535609703572894e-09
-4.992405519045167603e+04 2.526789554665071676e-10
-4.992395853642122529e+04 4.667591237890405457e-07
-4.992382683588226791e+04 1.331372722724839637e-10
-4.992361909234992345e+04 3.558185889649041211e-10
-4.992348269860073196e+04 1.622075892466189177e-12
-4.992340423843107419e+04 2.332572283813613820e-04
-4.992312961183377774e+04 1.450020045054680618e-11
-4.992306429302555625e+04 1.654927830979096554e-08
-4.992255883589437144e+04 1.001665838167105917e-05
-4.992249131384619250e+04 1.533696393622086265e-10
-4.992224619539610285e+04 1.611392535379855541e-08
-4.992177078910869750e+04 3.468920651222442665e-11
-4.992168592224402528e+04 1.109907089186244009e-07
-4.992122786604496650e+04 3.819590029828114112e-10
-4.992115161425342376e+04 1.011544798439807939e-04
-4.992105683147385571e+04 7.109959186599316296e-12
-4.992076538449643704e+04 4.961742010885216343e-07
-4.992034854800622998e+04 9.096954792061164659e-09
-4.992026940257380920e+04 1.961878742305490542e-05
-4.991995683835314412e+04 1.987832496680159815e-06
-4.991990517926651955e+04 9.776221031659870775e-01
-4.991981599560655741e+04 5.064037028657901549e-09
-4.991946445355962351e+04 1.586814559325933527e-08
-4.991939607970866928e+04 8.750478196241097774e-07
-4.991938376213817537e+04 7.885354995855446775e-06
-4.991885065264653531e+04 8.788916639859669559e-06
-4.991844661285505572e+04 3.027644153925846109e-09
-4.991838791362332267e+04 7.025333716888511118e-10
-4.991794149225555157e+04 2.119392942726810094e-05
-4.991770530321455590e+04 4.100164179421407311e-03
-4.991764622055055952e+04 2.214278873121020177e-08
-4.991734941859495302e+04 1.326076989861643876e-10
-4.991724905314675561e+04 1.982418365058354254e-10
-4.991705602898119105e+04 3.044019751852836036e-07
-4.991698808266667766e+04 1.169479361391361239e-09
-4.991658494437648915e+04 2.374549785223216351e-09
-4.991649923835466325e+04 9.073601573838590238e-05
-4.991609557767594379e+04 3.846079954625786722e-09
-4.991557564817149250e+04 5.481776132343718982e-07
-4.991538014846311853e+04 1.107624883167819020e-05
-4.991533009391808446e+04 1.056999675707634287e-11
-4.991520506340765860e+04 2.023395618388810835e-11
-4.991469819987275696e+04 1.524221023601355304e-10
-4.991439443788424978e+04 5.153659867396544503e-12
-4.991409830300045724e+04 2.542597134790690006e-06
-4.991388513286157104e+04 1.760415815398851358e-11
-4.991373839581574430e+04 2.915084705347739040e-13
-4.991372466595427250e+04 7.092376706574839273e-13
-4.991317355492320348e+04 5.136565725404821425e-08
-4.991303079269408772e+04 3.146519079793826363e-11
-4.991296876391307160e+04 6.750068818063817672e-09
-4.991295401918126299e+04 2.996181159280040688e-06
-4.991272286922148487e+04 4.903992698575825299e-11
-4.991231328167906759e+04 3.045292334515438220e-12
-4.991165091884494905e+04 6.249960679300706296e-07
-4.991157791579773038e+04 3.674406257876401017e-12
-4.991133836679203523e+04 4.092057591212777316e-09
-4.991119656791984016e+04 8.647809781698601371e-11
-4.991091551646680455e+04 2.180899281193256924e-10
-4.991087157131656568e+04 9.236315324568993760e-13
-4.991073812128254940e+04 1.680705739216507095e-07
-4.991064730208565015e+04 1.227418768695289661e-09
-4.991044781009604776e+04 7.559699855612014147e-05
-4.991004163579282613e+04 2.259515124110094441e-11
-4.990990204529662151e+04 1.322306637465178335e-07
-4.990916428246486612e+04 3.612639405504248250e-10
-4.990916079217815422e+04 1.053896683152550075e-09
-4.990892506830835919e+04 1.163770536932077002e-12
-4.990851582003287331e+04 1.180294454430247671e-09
-4.990829820351130911e+04 2.851778914929428502e-08
-4.990825381254850072e+04 8.321131258457856761e-08
-4.990812560914221831e+04 1.209080385649698909e-11
-4.990787841735231632e+04 1.189619488936700467e-06
-4.990765036317708291e+04 1.612908982734882518e-10
-4.990746438271516672e+04 7.882415721472792311e-09
-4.990714046628519282e+04 2.720123138783882578e-12
-4.990663661725351994e+04 1.207597999977015958e-07
-4.990648847898588429e+04 5.783975694833723948e-09
-4.990603336047445919e+04 8.084600795053813428e-11
-4.990576060967647936e+04 2.393831579369145124e-09
-4.990554255780331005e+04 7.630783140388689100e-13
-4.990526101741962339e+04 1.347071307391741192e-08
-4.990500982069341990e+04 2.146407160428652695e-10
-4.990496627973063732e+04 1.416038218326252088e-11
-4.990460522525548004e+04 2.267123995853689690e-14
-4.990418294868786325e+04 8.129925786228497893e-11
-4.990408762014925742e+04 4.206130892549775414e-09
-4.990400926817118307e+04 1.482988638587855254e-09
-4.990324343349688570e+04 4.279102697541184300e-10
-4.990307758030277182e+04 8.948454057660609943e-12
-4.990262286977729673e+04 2.449022050192400679e-10
-4.990250021742387617e+04 9.954606905494784425e-11
-4.990200043250543240e+04 1.394026738110956694e-12
-4.990170500117120537e+04 1.714556733595422329e-11
-4.990159263473065221e+04 2.629290883186277300e-10
-4.990145748189755977e+04 1.426978761735951452e-09
-4.990129968413776805e+04 3.961117944642488514e-12
-4.990069016252212896e+04 3.148855144503444285e-11
-4.990051493489480345e+04 5.012686186954385468e-12
-4.990035180518640118e+04 8.120508582251912306e-12
-4.990005401966060890e+04 3.997494874305467228e-09
-4.989986636265183188e+04 2.492090286511306782e-08
-4.989981617559750157e+04 1.371753977115403594e-10
-4.989906409739975788e+04 1.233526320906395426e-13
-4.989883683910164837e+04 6.820039442498943415e-12
-4.989873213126740302e+04 1.036945102772652780e-13
-4.989843960873097240e+04 2.893035276968578441e-12
-4.989812653905292245e+04 2.744383718630410709e-10
-4.989802729299552448e+04 5.661455783576460113e-11
-4.989778829618319287e+04 1.108680356387424549e-12
-4.989751203456083022e+04 3.962005659474955665e-11
-4.989721175496907381e+04 4.781694907993976429e-12
-4.989715125389130844e+04 7.534350010417484657e-10
-4.989663157402786601e+04 4.919273076164843633e-13
-4.989619752425218030e+04 1.340271761645649201e-10
-4.989593769461812190e+04 9.483153149243981798e-13
-4.989553436331589182e+04 1.100644388970827045e-11
-4.989537617945943202e+04 2.071129893726924186e-12
-4.989522242973781977e+04 2.797523583376793942e-14
-4.989497887176686345e+04 3.307679192287765646e-12
-4.989444899676021305e+04 8.403008696458762061e-12
-4.989440104737583169e+04 4.534479628858048235e-11
-4.989392418115530018e+04 2.684961047161071913e-13
-4.989352990805616719e+04 8.666401707032747406e-12
-4.989298496022416657e+04 7.787427652640448691e-13
-4.989291528784120601e+04 2.776561976709710396e-12
-4.989251809061870154e+04 3.879183120832092659e-14
-4.989240558870491077e+04 1.320307529031155906e-13
-4.989206792207957915e+04 3.542191758079654062e-16
-4.989175516028099082e+04 6.452810865688266464e-20
-4.989164362208845705e+04 1.159480668110424451e-13
-4.989086129699631419e+04 4.071675225171408488e-12
-4.989058083083002566e+04 1.455282935840601035e-13
-4.989030797440420429e+04 3.529020243697875915e-14
-4.988987543890967208e+04 2.767870105185138446e-14
-4.988974709571319545e+04 4.132323724912311192e-14
-4.988888944726955378e+04 1.213205738516610991e-11
-4.988876620269811974e+04 2.472006978073353171e-12
-4.988850626713260863e+04 9.254861545749937710e-16
-4.988818118720513303e+04 2.036891261938698571e-13
-4.988811768372844381e+04 1.934362086870730861e-14
-4.988787773619790823e+04 1.279723501604552446e-13
-4.988758051252523728e+04 5.413875849606607337e-13
-4.988740350991082232e+04 2.280046124875930227e-13
-4.988715339098625554e+04 8.571568527682462380e-15
-4.988609924103536468e+04 5.306443381441287625e-13
-4.988578976778944343e+04 4.818190119799735473e-14
-4.988556365803116205e+04 2.760194048367328162e-14
-4.988541921555502631e+04 8.995000507566409559e-14
-4.988519942708956660e+04 1.312858924186126046e-14
-4.988513191655479022e+04 5.916926297421330809e-15
-4.988487436233347398e+04 4.001789603976455621e-14
-4.988463162317961542e+04 4.434846477554626364e-15
-4.988446657592674455e+04 5.987602520807885911e-15
-4.988330950905279315e+04 8.409855588827908015e-14
-4.988288912804980646e+04 8.915032103814611156e-17
-4.988271214079929632e+04 1.240198560991009372e-14
-4.988256873659853591e+04 5.429584272534774354e-15
-4.988221940099431231e+04 1.294833888054118727e-14
-4.988201408178297424e+04 5.149870583664617142e-15
-4.988195130816985329e+04 7.458236064913118604e-16
-4.988122490740338981e+04 2.288895033425090168e-16
-4.988052442317872192e+04 9.793670928580413913e-16
-4.988031722587541299e+04 1.056583646135369475e-15
-4.987988041844727559e+04 7.491753148722313280e-15
-4.987962257024734572e+04 1.999105715667875566e-16
-4.987950366103458509e+04 5.265860606229169761e-16
-4.987913037892098509e+04 3.530336617356854221e-17
-4.987868156860861927e+04 7.826650865007153618e-19
-4.987813041030868771e+04 1.600197311292108227e-17
-4.987774178954878880e+04 6.353253713306527609e-15
-4.987740099648385512e+04 3.091540724725212737e-17
-4.987701411618884595e+04 1.214005548026541573e-15
-4.987678152109139774e+04 2.053906476428682441e-15
-4.987554997951693804e+04 8.891033444454117085e-18
-4.987530080275528599e+04 3.989792461668296385e-18
-4.987499840841200057e+04 9.624794598492583555e-17
-4.987475498692248948e+04 2.741372086842770527e-16
-4.987456984701311740e+04 7.626846474833019608e-18
-4.987448803921243234e+04 2.108977569531131559e-17
-4.987427669802671880e+04 5.379076764168438447e-17
-4.987392203335899831e+04 1.650288590837831466e-16
-4.987258145047214202e+04 9.386965179090970163e-19
-4.987236849217172858e+04 5.086273617544404343e-18
-4.987205359778442653e+04 7.580452903609494423e-17
-4.987173390752296837e+04 1.849542678258844166e-17
-4.987148540410960413e+04 4.809195057848290232e-18
-4.987134628418251668e+04 0.000000000000000000e+00
-4.987129053267090785e+04 2.083985518227664388e-20
-4.987099218668999674e+04 6.626863266733614797e-17
-4.986931177740171552e+04 5.527238567846413011e-19
-4.986911351063320035e+04 2.110836520774758216e-19
-4.986891490010987036e+04 1.792000651474866759e-17
-4.986839164529409027e+04 1.476997080288450912e-19
-4.986831647516785597e+04 2.177068909707322323e-18
-4.986807580438251898e+04 1.062501991027123507e-18
-4.986717398861936817e+04 1.884520762800573050e-19
-4.986692741529203340e+04 3.256319428681491886e-19
-4.986606362240055751e+04 1.258055983779272372e-18
-4.986577961187563051e+04 4.324014721475644384e-18
-4.986531957412533666e+04 1.135277088733580783e-19
-4.986509453453207971e+04 2.237161410357850892e-22
-4.986461380230787472e+04 1.475721312825613094e-19
-4.986431814151733852e+04 1.871398873837209033e-20
-4.986359805073291500e+04 1.419052030208091379e-20
-4.986319922080210381e+04 3.911154422640859902e-20
-4.986283945683330967e+04 3.642272534206129171e-19
-4.986194977399757772e+04 6.404841413871762692e-22
-4.986148291714109655e+04 2.839387026000541656e-20
-4.986107985709739296e+04 2.875825873652119495e-21
-4.986032007287991291e+04 2.023557013309097496e-21
-4.985996520015047281e+04 1.880121418143521402e-19
-4.985981648940310697e+04 0.000000000000000000e+00
-4.985970389328891906e+04 2.308299850154341888e-21
-4.985870339366524422e+04 5.029857062322591508e-21
-4.985822924304329354e+04 2.353566194438863015e-21
-4.985750757407151104e+04 3.566651123614563426e-22
-4.985738958764039126e+04 2.877556377599210227e-20
-4.985700577046663238e+04 6.477867988173038436e-21
-4.985647245308103447e+04 4.710331184274078977e-24
-4.985634016565034835e+04 1.240821553068297566e-23
-4.985497361183787871e+04 2.071023180056361988e-21
-4.985459809861147369e+04 3.174784063406871442e-21
-4.985455326869626879e+04 8.170101963692838703e-23
-4.985397870358618093e+04 3.427912570256291990e-22
-4.985322961957956431e+04 1.682408318620244307e-22
-4.985220726429350179e+04 2.494983885622855855e-23
-4.985185835135258094e+04 2.515086578285789018e-22
-4.985109329693632753e+04 6.304689783415894899e-23
-4.985096381911076605e+04 3.985778092931526306e-23
-4.985019155081653298e+04 9.541290406396428352e-24
-4.984989202069743624e+04 6.848096548315647914e-24
-4.984901243126410554e+04 1.972411346138748858e-23
-4.984844265704710415e+04 1.955685435348271618e-22
-4.984762196492613293e+04 6.485205028740638578e-24
-4.984691608935238764e+04 1.045757333290332765e-23
-4.984643421712053532e+04 6.456050021067972748e-23
-4.984600742356717092e+04 2.179364954190705074e-24
-4.984518755643540499e+04 1.578058707722798185e-23
-4.984393601291137020e+04 0.000000000000000000e+00
-4.984359631533400534e+04 0.000000000000000000e+00
-4.984329306592712965e+04 1.221039455058383008e-24
-4.984314350243278750e+04 0.000000000000000000e+00
-4.984257989672572876e+04 1.310869246082721719e-24
-4.984190778753034101e+04 0.000000000000000000e+00
-4.984059365550186340e+04 0.000000000000000000e+00
-4.983999403353560774e+04 0.000000000000000000e+00
-4.983961582904998068e+04 0.000000000000000000e+00
-4.983890440158764250e+04 0.000000000000000000e+00
-4.983876605026113248e+04 0.000000000000000000e+00
-4.983781886303483770e+04 0.000000000000000000e+00
-4.983625205355735670e+04 0.000000000000000000e+00
-4.983583104437458678e+04 0.000000000000000000e+00
-4.983528750772273634e+04 0.000000000000000000e+00
-4.983454747520342062e+04 0.000000000000000000e+00
-4.983284555170772364e+04 0.000000000000000000e+00
-4.983240734394484753e+04 0.000000000000000000e+00
-4.983196808951204730e+04 0.000000000000000000e+00
-4.983107232752648270e+04 0.000000000000000000e+00
-4.982883970625441725e+04 0.000000000000000000e+00
-4.982823206490594748e+04 0.000000000000000000e+00
-4.982756171250055195e+04 0.000000000000000000e+00
-4.982652638969280815e+04 0.000000000000000000e+00
-4.982589436062681489e+04 0.000000000000000000e+00
-4.982490155619067082e+04 0.000000000000000000e+00
-4.982447352370273438e+04 0.000000000000000000e+00
-4.982334055295405415e+04 0.000000000000000000e+00
-4.982256530354711867e+04 0.000000000000000000e+00
-4.982217224614467705e+04 0.000000000000000000e+00
-4.982123733004640962e+04 0.000000000000000000e+00
-4.981952935206654365e+04 0.000000000000000000e+00
-4.981896521153883077e+04 0.000000000000000000e+00
-4.981740329441231734e+04 0.000000000000000000e+00
-4.981575689775109640e+04 0.000000000000000000e+00
-4.981511728904896881e+04 0.000000000000000000e+00
-4.981365670670098916e+04 0.000000000000000000e+00
-4.981183890493035869e+04 0.000000000000000000e+00
-4.981073562681162730e+04 0.000000000000000000e+00
-4.980806142926988832e+04 0.000000000000000000e+00
-4.980687304349477927e+04 0.000000000000000000e+00
-4.980548130386891717e+04 0.000000000000000000e+00
-4.980456414848446002e+04 0.000000000000000000e+00
-4.980368555948609719e+04 0.000000000000000000e+00
-4.980156465800505975e+04 0.000000000000000000e+00
-4.980057808606450999e+04 0.000000000000000000e+00
-4.979843363369075087e+04 0.000000000000000000e+00
-4.979774394447039231e+04 0.000000000000000000e+00
-4.979433292806541431e+04 0.000000000000000000e+00
-4.979364994911861140e+04 0.000000000000000000e+00
-4.978348959405051573e+04 0.000000000000000000e+00
-4.978307624866250990e+04 0.000000000000000000e+00
-4.977941622204926534e+04 0.000000000000000000e+00
-4.977898850546496396e+04 0.000000000000000000e+00
4.993994204113569867e+04 0.000000000000000000e+00
4.994099960128284147e+04 0.000000000000000000e+00
4.994101623282755463e+04 0.000000000000000000e+00
4.994182938841258147e+04 0.000000000000000000e+00
4.994352219511132716e+04 0.000000000000000000e+00
4.994375459602585033e+04 0.000000000000000000e+00
4.994376913352304109e+04 0.000000000000000000e+00
4.994500560410543403e+04 0.000000000000000000e+00
4.994607978557173919e+04 0.000000000000000000e+00
4.994609580833037762e+04 0.000000000000000000e+00
4.994627862538187765e+04 0.000000000000000000e+00
4.994728820593917771e+04 0.000000000000000000e+00
4.994800707710980350e+04 0.000000000000000000e+00
4.994831150907328265e+04 0.000000000000000000e+00
4.994838277735667361e+04 0.000000000000000000e+00
4.994861781016163150e+04 0.000000000000000000e+00
4.994895100847802678e+04 0.000000000000000000e+00
4.994958650719712023e+04 0.000000000000000000e+00
4.994999986341149634e+04 0.000000000000000000e+00
4.995005701303109527e+04 0.000000000000000000e+00
4.995064167503610224e+04 0.000000000000000000e+00
4.995096150633384968e+04 0.000000000000000000e+00
4.995174855985789327e+04 0.000000000000000000e+00
4.995215126905115176e+04 0.000000000000000000e+00
4.995222405600608909e+04 0.000000000000000000e+00
4.995308867095696041e+04 0.000000000000000000e+00
4.995363769677777600e+04 0.000000000000000000e+00
4.995426481193453947e+04 0.000000000000000000e+00
4.995464379882705543e+04 0.000000000000000000e+00
4.995531864771117398e+04 0.000000000000000000e+00
4.995626664825798798e+04 0.000000000000000000e+00
4.995640785934687301e+04 0.000000000000000000e+00
4.995723930995218689e+04 0.000000000000000000e+00
4.995826857080765330e+04 0.000000000000000000e+00
4.995838694854805362e+04 0.000000000000000000e+00
4.995938830251331092e+04 0.000000000000000000e+00
4.996006554370235244e+04 0.000000000000000000e+00
4.996013903610765556e+04 0.000000000000000000e+00
4.996072008817966707e+04 0.000000000000000000e+00
4.996164242362353252e+04 0.000000000000000000e+00
4.996221248703102901e+04 0.000000000000000000e+00
4.996226812517571670e+04 0.000000000000000000e+00
4.996303246086284344e+04 0.000000000000000000e+00
4.996398445669619832e+04 0.000000000000000000e+00
4.996435030369889137e+04 0.000000000000000000e+00
4.996447078570396116e+04 0.000000000000000000e+00
4.996556016323724180e+04 0.000000000000000000e+00
4.996594737630719465e+04 0.000000000000000000e+00
4.996647734581933764e+04 0.000000000000000000e+00
4.996722749502366787e+04 1.659073790623239003e-24
4.996762874789577472e+04 0.000000000000000000e+00
4.996855492958939431e+04 0.000000000000000000e+00
4.996875911920751241e+04 0.000000000000000000e+00
4.996907582350484881e+04 0.000000000000000000e+00
4.997006641715158912e+04 0.000000000000000000e+00
4.997015303472743835e+04 0.000000000000000000e+00
4.997066219986269425e+04 3.354129783860741172e-24
4.997083195052142401e+04 0.000000000000000000e+00
4.997179813268793077e+04 0.000000000000000000e+00
4.997207936565733689e+04 1.588969698649598110e-24
4.997221791481709079e+04 0.000000000000000000e+00
4.997272260206518695e+04 0.000000000000000000e+00
4.997310275257778267e+04 0.000000000000000000e+00
4.997341897373834945e+04 0.000000000000000000e+00
4.997417947159113828e+04 0.000000000000000000e+00
4.997436771724460414e+04 0.000000000000000000e+00
4.997470258405505592e+04 2.381332166993055006e-24
4.997487773838814610e+04 2.390890261988600434e-24
4.997519797862655832e+04 0.000000000000000000e+00
4.997566044209562097e+04 0.000000000000000000e+00
4.997577792767506617e+04 0.000000000000000000e+00
4.997639042241879361e+04 0.000000000000000000e+00
4.997651605528964865e+04 6.353197695763018546e-24
4.997670918922768760e+04 1.369317309866148840e-24
4.997694994827670598e+04 0.000000000000000000e+00
4.997717138406907179e+04 0.000000000000000000e+00
4.997772325729027216e+04 2.771877632070276080e-24
4.997784035262013640e+04 0.000000000000000000e+00
4.997842703136955970e+04 1.065887566675697991e-24
4.997865306158461317e+04 2.206860740127522317e-24
4.997868488121542759e+04 3.268262112091430304e-23
4.997913743312472070e+04 8.841203895325383301e-24
4.997968872486083274e+04 0.000000000000000000e+00
4.998006650964340952e+04 0.000000000000000000e+00
4.998029231710363820e+04 2.791634368381215306e-24
4.998046259636714240e+04 0.000000000000000000e+00
4.998078005637615570e+04 0.000000000000000000e+00
4.998086768114387087e+04 0.000000000000000000e+00
4.998161455488211504e+04 0.000000000000000000e+00
4.998216059129742644e+04 8.016461960736425112e-23
4.998219218605782225e+04 0.000000000000000000e+00
4.998221846442271635e+04 1.000894262122449290e-24
4.998279377036959340e+04 3.409605193994112618e-23
4.998291761377918738e+04 2.441246793963534180e-23
4.998348297721875133e+04 7.551854936452264819e-24
4.998406522943358141e+04 2.646703692309509122e-24
4.998429127131478890e+04 3.051162982311777658e-23
4.998437021378066856e+04 1.243751972239192619e-24
4.998500559142485145e+04 5.935699231859718848e-22
4.998524455456440774e+04 5.976994715114450776e-23
4.998595521432704845e+04 4.778535861286827676e-23
4.998636542932341399e+04 2.626900854504514240e-23
4.998652125931021874e+04 1.085405736473382193e-22
4.998675584652781981e+04 2.131997210467180115e-24
4.998710751427565992e+04 3.469433996163593551e-24
4.998775550222935271e+04 3.416977713323286917e-24
4.998783025586426083e+04 8.235579353772401195e-24
4.998831238269407186e+04 5.784361790498094722e-24
4.998867105529865512e+04 5.070964318459113195e-23
4.998914495219497621e+04 6.294446798931749513e-22
4.998931456305675238e+04 2.807973383666545643e-23
4.998950100737949833e+04 2.232454257577706293e-22
4.999006651961027819e+04 1.696166130989968033e-24
4.999055723554617725e+04 5.890839091663223296e-23
4.999081858929759619e+04 3.844784146297677018e-21
4.999103251390431979e+04 1.292009275711905830e-24
4.999114988550591079e+04 2.758339349054522555e-22
4.999171679896661954e+04 1.295057605232846062e-23
4.999221854229074961e+04 4.398509006141678098e-22
4.999231898693159746e+04 2.372046801723709841e-24
4.999293185737782187e+04 1.002571698532164010e-21
4.999296285494166659e+04 3.678633651514637045e-23
4.999326163568094489e+04 1.609998199809656512e-21
4.999367648165588616e+04 5.700193024560425780e-22
4.999437052478478290e+04 8.638224458330861730e-23
4.999463866381401021e+04 2.887021192895666943e-23
4.999500726585680968e+04 1.397996589154113879e-22
4.999510130132955237e+04 1.045010292199664426e-21
4.999511107284385798e+04 1.422325110247074097e-22
4.999596064679155825e+04 5.964283964842027664e-24
4.999628369193748949e+04 9.791362850677079579e-24
4.999650679549986671e+04 3.568340120360684492e-22
4.999652241828139813e+04 8.881136968804155094e-21
4.999699615578737576e+04 2.355722492253129249e-21
4.999723110893994453e+04 2.133619104776780599e-21
4.999757500468195940e+04 1.344898070203326780e-23
4.999796534690029512e+04 7.387169911144526286e-22
4.999832315839901275e+04 3.706323076566550971e-23
4.999867397818887548e+04 2.594052711386627545e-22
4.999903272598162584e+04 1.375235771712440772e-21
4.999934869887098466e+04 5.263411421495605823e-20
4.999936392288000934e+04 4.030306790657531425e-21
4.999989970116573386e+04 6.445814380307247801e-22
5.000006652065675735e+04 1.157789890645013492e-23
5.000029623843675654e+04 1.784848011182911004e-23
5.000082486413161678e+04 5.694921697292636065e-21
5.000085706461907830e+04 4.076799885510811153e-21
5.000142065494983399e+04 6.138259362724182464e-22
5.000146465690345940e+04 3.603993484797904861e-22
5.000149619513341895e+04 4.103990550886869783e-23
5.000220357474908815e+04 8.236249991896619021e-22
5.000221855278981093e+04 1.285620598580916125e-21
5.000242310037120478e+04 2.380142089870327870e-23
5.000274541774045792e+04 1.139524783228703532e-22
5.000297490004051360e+04 1.217279060823247665e-20
5.000334339978639764e+04 1.969333109121947273e-21
5.000355613009391527e+04 3.372845598654415304e-20
5.000381554215183132e+04 8.703419601637020371e-22
5.000413461548106716e+04 7.450179533220508253e-22
5.000437057910154545e+04 2.637691544590910861e-21
5.000471403471511439e+04 5.288764638612542209e-23
5.000491558786596579e+04 3.730152700558568537e-22
5.000512295651876775e+04 6.478163663497446180e-19
5.000544560964556877e+04 4.498451213785269764e-22
5.000562594020835968e+04 1.314120644844249949e-20
5.000624168077536888e+04 2.683695181244063301e-23
5.000632547510808217e+04 6.810832783592160757e-22
5.000652258544810320e+04 2.773278563617726901e-19
5.000714763170128572e+04 1.420016015827119505e-22
5.000727001970388665e+04 3.646562750252762331e-21
5.000752454416058026e+04 5.170501630981656724e-22
5.000766037929824961e+04 1.109113232272489822e-19
5.000793993061169022e+04 9.649630444787809255e-21
5.000846673956746235e+04 3.371087710451633053e-21
5.000867453630037926e+04 4.931662639702399974e-20
5.000904783167917049e+04 7.106192516837404917e-24
5.000933125000609289e+04 1.423243578947253721e-22
5.000941009307133208e+04 1.486394769241672519e-19
5.000958294399067381e+04 2.443617471024682157e-21
5.000985707615598949e+04 4.932114818776029308e-21
5.001006652076775936e+04 5.047161574607435022e-21
5.001047441105829057e+04 8.507837838997216603e-22
5.001070406646062474e+04 9.486362684537786849e-24
5.001082634957687696e+04 4.406570174944378060e-18
5.001124048949742428e+04 4.149825946589085151e-21
5.001153480629651312e+04 1.063444719183583611e-19
5.001161041290654975e+04 3.047668857625676728e-20
5.001179128609585314e+04 9.098137024578197238e-22
5.001221855400752975e+04 1.260701667785063671e-18
5.001227787250378606e+04 1.221704244697214977e-21
5.001297784450520703e+04 7.531582525330123917e-20
5.001307815705204848e+04 1.380922574204231647e-20
5.001316616597284883e+04 6.163448882079973903e-21
5.001367427908472018e+04 2.323848516700594935e-18
5.001372900025829586e+04 3.662546900214773766e-20
5.001437058642994089e+04 1.022016019407516048e-19
5.001461478787005035e+04 6.524977024842794483e-23
5.001476947874740290e+04 3.803472487112983962e-23
5.001512895996672887e+04 9.581745960262335210e-21
5.001557767499133479e+04 6.223375493794132580e-20
5.001577876693424332e+04 6.766678914348034261e-20
5.001596568706780818e+04 1.035055997654729602e-22
5.001616685470366065e+04 6.457632802991038051e-21
5.001652261567221285e+04 1.227449308870536654e-17
5.001661241702652478e+04 7.206121552752521974e-24
5.001727915743709309e+04 1.022668184316132142e-18
5.001737830230690452e+04 2.364601265579972180e-20
5.001763529382594425e+04 1.303291431142600413e-22
5.001788743321300717e+04 1.153208048360725579e-19
5.001819544405465422e+04 1.800689464570897604e-23
5.001849000076516677e+04 3.619873052452854624e-20
5.001867463474428223e+04 8.637812002084854504e-19
5.001905401987911318e+04 6.205899925315149297e-22
5.001936042115866439e+04 5.328250068889950626e-21
5.001942800810396875e+04 3.710600755826303373e-17
5.001971050432616903e+04 3.179395276205030335e-21
5.001999867265213106e+04 1.159713602326373020e-19
5.002006652077960462e+04 1.435903509437231002e-20
5.002074694292190543e+04 7.540054523783653475e-21
5.002082662719010841e+04 2.484681398244165288e-17
5.002096100247513095e+04 5.672678484920772510e-23
5.002153166592090565e+04 8.354358194170201513e-21
5.002157496448709571e+04 1.175525899799395921e-18
5.002204084128483373e+04 8.190602649442618677e-19
5.002211595873443730e+04 3.803349982812152484e-19
5.002214948525580985e+04 2.125676581034580204e-19
5.002221855415801838e+04 1.020076471990060842e-18
5.002276379441986501e+04 2.250295028095855906e-21
5.002297855941289163e+04 6.061534564925369266e-18
5.002317964656867116e+04 6.920919481484199175e-22
5.002371600602602848e+04 4.058817110957412437e-19
5.002396953301697067e+04 1.499969172471560560e-22
5.002399629838199326e+04 4.884811860980614266e-21
5.002415350047069660e+04 2.924566052573465220e-19
5.002435469963779178e+04 4.102296787009375421e-21
5.002437058745328250e+04 5.762994560720077243e-18
5.002513035737288737e+04 4.425836253334670583e-16
5.002517408128736133e+04 2.820332656130176717e-22
5.002528813483317936e+04 1.865908912045550293e-22
5.002585138331085909e+04 1.524400619244088188e-18
5.002598478734972741e+04 2.322617612638755904e-20
5.002615868516598130e+04 4.555446561647445836e-19
5.002631463581389835e+04 1.948541343496573716e-20
5.002652262035266176e+04 5.922156023053719318e-16
5.002691856609355455e+04 2.074288811703225214e-20
5.002728190191488102e+04 1.676624380194430971e-17
5.002732908466289518e+04 9.006762085172932786e-20
5.002775363258883590e+04 1.445916479694030943e-19
5.002799458527811657e+04 2.954409694540577762e-17
5.002818355237138167e+04 2.262591348359201159e-19
5.002840661370066664e+04 3.548273480334375160e-20
5.002867465193680255e+04 2.603072710015335105e-17
5.002885133610867342e+04 1.132178547754137007e-20
5.002940419109357026e+04 1.746344834441056607e-20
5.002943303346275206e+04 8.716877705291343527e-18
5.003004861782381340e+04 1.879063596250065826e-19
5.003006652078264597e+04 1.377619067839907404e-17
5.003009163616177102e+04 5.526661243010298069e-20
5.003012280369660584e+04 3.828217805649767675e-18
5.003058759767868469e+04 1.672020231676865021e-20
5.003082668003140861e+04 3.506426785033643193e-15
5.003101183649557061e+04 2.818807037561927150e-21
5.003158338054790511e+04 1.434121357713235793e-17
5.003179062033511582e+04 2.860826345992789214e-21
5.003188115659073082e+04 3.779463806886135055e-22
5.003218461679755274e+04 2.144842394402209713e-19
5.003221855420980864e+04 3.321053351030938242e-15
5.003224169574350526e+04 5.881619897925292926e-18
5.003297869968886516e+04 1.872422483554699546e-16
5.003299419580825634e+04 1.119277785840532602e-19
5.003338305846502044e+04 4.205013469831807283e-20
5.003373278614765877e+04 5.577861094334447797e-16
5.003374220173299545e+04 7.428269546067294832e-19
5.003408131004074676e+04 8.550872020770979943e-20
5.003434804966372758e+04 1.213868786304650734e-18
5.003437058791964228e+04 6.845472953815055529e-17
5.003445036601664469e+04 6.549796864533398183e-21
5.003506156883022777e+04 1.954572922828981892e-19
5.003513070557183528e+04 1.281319440342163275e-15
5.003526753600606025e+04 3.292652881042018484e-22
5.003588032939704863e+04 6.157702672847204470e-17
5.003593837179214461e+04 8.104569110753548237e-20
5.003634207134960889e+04 1.710938897243619445e-19
5.003644445620947226e+04 5.891547021129475043e-19
5.003649369345826562e+04 2.103985515340867654e-19
5.003652262334590341e+04 1.209105912585655449e-14
5.003706451523758733e+04 7.899317744418994213e-21
5.003728268398489308e+04 9.341476322372553910e-17
5.003742410299494804e+04 1.993488143374548107e-20
5.003792297628481901e+04 7.789926960338840441e-19
5.003802590365985816e+04 1.183381086640545278e-16
5.003841528983453463e+04 3.367953087200057897e-19
5.003858833452474937e+04 2.885190408239732757e-20
5.003863148743669444e+04 8.010262702796706639e-20
5.003867466606034577e+04 1.533896554519166959e-15
5.003936440159189078e+04 4.763140138497754601e-19
5.003943464020050305e+04 9.171144708523453649e-15
5.003981295788932766e+04 1.211129330711396403e-21
5.004006652091894648e+04 9.109384709046274907e-18
5.004008504657961748e+04 5.671582692093792623e-19
5.004017422678627918e+04 1.352192954193976143e-17
5.004056899976491695e+04 1.711941211742139820e-19
5.004081218508602615e+04 1.563514259123719735e-20
5.004082673237502604e+04 4.833444130008396587e-14
5.004155202191498392e+04 3.328100630313208073e-20
5.004158656321695889e+04 9.165906178649417054e-16
5.004201587429219944e+04 6.042825211013330918e-20
5.004221855576989765e+04 8.930700915436509506e-17
5.004230785336752888e+04 7.282579480415025856e-18
5.004236184848457196e+04 7.777125431883770280e-19
5.004271571473419317e+04 1.319384175701186325e-20
5.004297886157823814e+04 3.878143331349273150e-16
5.004315882594881987e+04 1.947692928676333592e-21
5.004373851306238794e+04 2.787547074205942710e-15
5.004389720306784875e+04 1.951410954782574352e-20
5.004434300518567761e+04 5.700625112689556214e-21
5.004437059684674023e+04 9.037607931812237655e-15
5.004444485545039061e+04 1.544359373405947688e-18
5.004449890909602254e+04 1.739062464766510630e-20
5.004487426399135438e+04 2.863382317711314957e-20
5.004513113861303282e+04 1.261349296144312167e-13
5.004559204120782670e+04 7.158257275323228685e-20
5.004579307801878895e+04 1.776203350002970858e-20
5.004589061064077396e+04 2.375485209520234761e-16
5.004616260177390359e+04 1.557631920147763087e-21
5.004652265971698944e+04 9.400358462877389506e-13
5.004657635324558942e+04 3.197512216966210703e-18
5.004671168540687358e+04 2.345482215158714724e-20
5.004683107562310761e+04 5.398599188182032914e-22
5.004728373117915908e+04 1.220222475669518048e-14
5.004761444141290849e+04 5.271262853149767220e-20
5.004779318702998717e+04 1.890508664029281855e-20
5.004794349343629437e+04 2.338028999556449281e-19
5.004804327646399179e+04 9.540146548052169256e-17
5.004858594671468018e+04 1.607474918353603154e-20
5.004867479294521036e+04 9.083253830758157583e-16
5.004870757391762891e+04 1.206249008850765655e-19
5.004890182624763838e+04 3.630687698996211704e-20
5.004909140707845654e+04 1.977723530591426137e-19
5.004943695334190852e+04 6.816232538796569439e-14
5.004970225804996153e+04 5.203886901006217952e-19
5.004997797239391366e+04 5.057633454933468221e-20
5.005006652264538570e+04 3.222647072892556030e-14
5.005019632750197343e+04 1.477634040750663199e-17
5.005070890027740825e+04 7.335865494497010448e-21
5.005082153131267114e+04 8.097193334663173777e-17
5.005082713819026685e+04 1.266348379216349833e-12
5.005084382762524911e+04 5.827995172431120494e-18
5.005159133504392230e+04 4.271084907197676432e-15
5.005160730894224253e+04 2.929798460080731547e-18
5.005217260758438351e+04 1.875223838637284437e-19
5.005221858091081958e+04 7.519991247590044893e-12
5.005235208088055515e+04 3.719304554657790170e-17
5.005268963189251372e+04 8.627568823173844067e-21
5.005292786657541728e+04 1.328000183072290271e-19
5.005296716875190032e+04 1.409898572498904740e-18
5.005298003683573916e+04 1.374731255901071153e-13
5.005349239168089844e+04 6.851229681826243115e-21
5.005374776648199622e+04 1.110716125511134080e-15
5.005437077571742702e+04 3.343353326370095176e-15
5.005449993876826920e+04 3.370014053473681584e-19
5.005451459321385482e+04 1.457575379376392286e-19
5.005455509840563172e+04 2.008097662692009635e-20
5.005493218405104562e+04 2.956402526093303569e-24
5.005508585278855753e+04 1.452147957040399278e-18
5.005513417531480809e+04 1.680875784636791246e-12
5.005541439210705721e+04 7.868453021367105895e-21
5.005590747981130698e+04 1.780744533176733245e-16
5.005626589995771792e+04 4.387922934789002574e-21
5.005652345414283627e+04 5.881136281618880340e-12
5.005662967962060793e+04 3.010852584309642115e-18
5.005668366653113480e+04 4.257191010699689973e-18
5.005707636959951196e+04 1.151344208545846264e-19
5.005716041141284950e+04 4.568492696850675498e-19
5.005729073358917958e+04 7.644479834511619008e-14
5.005739945269547752e+04 2.097484266848554379e-19
5.005807218969331007e+04 5.872866565486149479e-16
5.005815818863331515e+04 1.332229863116476852e-23
5.005867732590957894e+04 1.208031759560075158e-12
5.005868261551292380e+04 1.398491189013580139e-17
5.005884404007438570e+04 6.931142345049023885e-19
5.005897270016835682e+04 3.346164090702292342e-21
5.005922246224858100e+04 3.430330257854420446e-19
5.005945150026022020e+04 1.253156851630607962e-14
5.005971190728700458e+04 1.241697308098989123e-21
5.006006660122558969e+04 2.657181243874730241e-16
5.006017054759645544e+04 1.042821171288257851e-19
5.006024398032809404e+04 5.886311424894432147e-19
5.006045515737363894e+04 2.832018322694892103e-19
5.006083358472912369e+04 4.035617604371151242e-11
5.006091894600766682e+04 7.349784669503652269e-19
5.006101524976606015e+04 1.402905080727201812e-16
5.006145722105402820e+04 9.026207592096887539e-19
5.006161886235412385e+04 2.530107892435634070e-15
5.006164144178151037e+04 2.865549029166321447e-18
5.006221907620552520e+04 2.484540961431502352e-12
5.006231288258512359e+04 1.993328134007550140e-19
5.006242514162465523e+04 1.934682835247497216e-16
5.006247832841084164e+04 8.168566611007023222e-20
5.006299411868018069e+04 1.258082080454782988e-12
5.006318979411692999e+04 1.161173394129122266e-17
5.006326510696046898e+04 8.938269252631088038e-19
5.006365953466605424e+04 5.817054396268623860e-18
5.006379588737129234e+04 1.051252868228614562e-14
5.006407468964230793e+04 7.592108700285613660e-20
5.006437254816880886e+04 7.716122562252353825e-12
5.006461689946993283e+04 1.309978635061112223e-17
5.006473493826341291e+04 4.957810754765321087e-20
5.006516169685879868e+04 9.809771096669653463e-14
5.006528047967250313e+04 1.158370466817214088e-19
5.006538335522324633e+04 2.179922278024051170e-18
5.006542264836958202e+04 2.432525100649090405e-20
5.006594661854517472e+04 9.311646477631203424e-21
5.006598573452595883e+04 9.839760131881055639e-17
5.006652908973035665e+04 8.933261089086924455e-10
5.006659609466696566e+04 4.582647362848713990e-19
5.006682418520989449e+04 3.448546754298037833e-15
5.006712883977215824e+04 7.850226356126380025e-19
5.006733997575836111e+04 1.362047848141810870e-14
5.006754642600267107e+04 3.569324128762840295e-20
5.006763638706396887e+04 3.483089682370974215e-18
5.006799565595568856e+04 6.730644992514423200e-18
5.006819150590256322e+04 1.109585329679405196e-14
5.006852433746754832e+04 1.156177922757990950e-18
5.006869368840574316e+04 1.790986130324419926e-11
5.006897675985047681e+04 1.294020336316205396e-17
5.006905412750103278e+04 1.269159889034187110e-16
5.006953320471660845e+04 8.257689831336160605e-14
5.006958954212601384e+04 2.744955731185994727e-17
5.006975044578583766e+04 2.588895583264802059e-18
5.006987261253668839e+04 6.055067399179239621e-19
5.007006897686485900e+04 7.059496429882292036e-11
5.007041609405237250e+04 4.244103684721264681e-16
5.007047616750536690e+04 4.240383070078714571e-19
5.007087359514926356e+04 1.619806979875466964e-12
5.007123913612137403e+04 4.081620624948026598e-17
5.007130464463185490e+04 1.954257239613377428e-16
5.007147734132940968e+04 2.526042091365257240e-17
5.007174577557353768e+04 3.084049858979572937e-16
5.007189726762997452e+04 1.536525836385512288e-18
5.007201327113543812e+04 3.936950081152951168e-16
5.007223448968945013e+04 1.601578184597351645e-08
5.007266211081445363e+04 5.270988311509349258e-14
5.007299234864603204e+04 3.287053756263687502e-17
5.007307682482782548e+04 3.011757055177851949e-13
5.007331803553003556e+04 1.047308509378855101e-17
5.007355295433928404e+04 6.605518306222050124e-17
5.007398139949215692e+04 7.750668167949097048e-14
5.007401415387490852e+04 2.214121993222130087e-16
5.007417195787771198e+04 2.475885930207341369e-16
5.007436172255939164e+04 1.045498660715491662e-16
5.007442673070211458e+04 1.521237931030171503e-10
5.007493087076960364e+04 2.179253714770679893e-15
5.007515756486130704e+04 1.413477755648561339e-19
5.007521402493571804e+04 3.528150124851972367e-18
5.007531044214134454e+04 8.225159024210841125e-13
5.007582744037754310e+04 4.473831640281116368e-16
5.007624307180098549e+04 6.351101326345049610e-15
5.007639176719992247e+04 5.173066947361105922e-17
5.007665324692542345e+04 1.094635359138115057e-12
5.007665355146691581e+04 2.035999881877656008e-14
5.007688220533525600e+04 5.267896579650164402e-18
5.007706327474657155e+04 4.663785511811380846e-18
5.007722450311161083e+04 2.231041629616270212e-15
5.007731371807939286e+04 5.728863436558600855e-19
5.007757942998682120e+04 8.403694923404991989e-14
5.007799925692564284e+04 4.097611834638547641e-19
5.007812054400896886e+04 9.064087172633322914e-17
5.007853269988662942e+04 1.555991250859618769e-14
5.007868317747153924e+04 7.608712696958985282e-17
5.007892237896904408e+04 2.608378884213184712e-13
5.007926705259915616e+04 2.280076136121246746e-19
5.007946131696028169e+04 7.689788629916831420e-18
5.007954250837954896e+04 8.473986895385470999e-16
5.007988645047374303e+04 4.122793000065497276e-13
5.008009925934792409e+04 4.302428433931327582e-11
5.008018189623030776e+04 1.497342109652062977e-18
5.008042800488727516e+04 2.853158893459099852e-16
5.008069468261606380e+04 2.784997342914285054e-20
5.008085090960063826e+04 2.250321658056200135e-15
5.008099171203344304e+04 1.354445155659983821e-17
5.008110177440873667e+04 1.583344093133793013e-18
5.008123981147589075e+04 1.718183093871120228e-11
5.008188091905645706e+04 8.643063975023478419e-16
5.008213106254965533e+04 1.103099788628364853e-16
5.008223216835237690e+04 1.637795152710348129e-13
5.008230847504181293e+04 3.422227616744741336e-11
5.008275631007408083e+04 2.632306534817186013e-17
5.008315145253834635e+04 1.081730686135315119e-20
5.008319710397072777e+04 6.513474331068681969e-17
5.008323482571254135e+04 2.135846696684539791e-17
5.008352914689808676e+04 2.910206750247766174e-18
5.008360776461134810e+04 3.437174121638273612e-13
5.008395328532982239e+04 6.190899282537278615e-19
5.008424808225086599e+04 6.227480148816849401e-16
5.008461507423446892e+04 4.997236261030648476e-14
5.008464553554624581e+04 3.192295420221833826e-12
5.008509486613761692e+04 3.295121633353218140e-16
5.008526972260290495e+04 2.240887295583973246e-18
5.008557324891380267e+04 2.262724777203876942e-16
5.008602540847094497e+04 2.386527487058179927e-13
5.008617034621769562e+04 1.762358400516986868e-21
5.008657338178175996e+04 3.384721381838842414e-16
5.008663409530970239e+04 2.341621945322512863e-14
5.008673080172873597e+04 1.881686593767787616e-16
5.008703560099632159e+04 5.193577896337451213e-12
5.008708421170296788e+04 1.120558638819435961e-10
5.008741409653286973e+04 5.436327169411963008e-16
5.008753967505529727e+04 3.090136728234500752e-16
5.008780993798551935e+04 1.210159447691162964e-16
5.008797569748519891e+04 4.098490508213148295e-14
5.008848979810325545e+04 1.146228701494959344e-14
5.008895314948646410e+04 1.091115870102421460e-18
5.008904109241575497e+04 5.940300062253146044e-17
5.008929825918794813e+04 5.078646735143219042e-19
5.008949178146645136e+04 1.832305617762490126e-13
5.008954430539697933e+04 7.254773338293581438e-17
5.008960333505491872e+04 1.255830610936080819e-12
5.008972167072621960e+04 3.101843108467278896e-17
5.008983285096061445e+04 8.571905517145559034e-17
5.009040445838381129e+04 2.153968909613856503e-15
5.009046598816462938e+04 1.253046677620478998e-17
5.009099682643436245e+04 2.306073793142197699e-13
5.009133290866213065e+04 2.570392310647950086e-18
5.009147287884548132e+04 3.175600609020685746e-16
5.009197114381921710e+04 3.103344449572021702e-15
5.009202986996814434e+04 5.939932563288236913e-16
5.009218735228398145e+04 1.496927509852803549e-14
5.009228175824091886e+04 1.267280842225643022e-17
5.009245074365920300e+04 3.308933465018857356e-20
5.009285407666016545e+04 6.969594481531068329e-17
5.009288812726241304e+04 5.441199967148379082e-18
5.009345260966096976e+04 8.900043889588098091e-19
5.009354180614748475e+04 7.957467380211626123e-15
5.009392347273261839e+04 1.132291137046354335e-17
5.009444809147395426e+04 5.311982573043182224e-17
5.009452386801063403e+04 6.398673049288277359e-17
5.009482264087293879e+04 6.437467108414216610e-15
5.009501400677276251e+04 2.424165016841360763e-19
5.009533572631380230e+04 3.362595430217494213e-17
5.009552840787354944e+04 5.255265854920744740e-20
5.009599573634080298e+04 2.901428603359250347e-18
5.009611951511562802e+04 1.940819393606825454e-15
5.009631217619886593e+04 5.092987854333288581e-22
5.009641178147450410e+04 4.584546103447996286e-18
5.009704855612978281e+04 2.241281596831761463e-16
5.009749612620703556e+04 1.087185553784551147e-13
5.009752371414925437e+04 2.282476981938227414e-15
5.009783846997706132e+04 3.389705640716672252e-15
5.009855081427513505e+04 2.663601193785354345e-18
5.009872013239334774e+04 4.940531495644637361e-18
5.009876991131288378e+04 2.480025959389310325e-18
5.009892071974214196e+04 1.396582244554780275e-18
5.009914125106097345e+04 1.833834963586178376e-18
5.009961914676602464e+04 8.595906804843202721e-16
5.010000137487884058e+04 1.115704764405153945e-17
5.010018339715133334e+04 1.678419920524370813e-15
5.010025193482742179e+04 4.702425051720045804e-16
5.010039640129933832e+04 2.893249106457768105e-16
5.010070815974457219e+04 3.299313286124177841e-19
5.010134969931974774e+04 4.803342092721221730e-16
5.010148261484708200e+04 1.294736840250782766e-16
5.010176675579391303e+04 1.235542217109464793e-19
5.010207703608908196e+04 3.721078413702581286e-19
5.010221133446877502e+04 2.654187931018873760e-17
5.010252860809927370e+04 9.783743601538300877e-19
5.010277570737964561e+04 1.157537484057851796e-18
5.010286626401574904e+04 8.733979679811139635e-18
5.010302109263736202e+04 8.401878277493767165e-18
5.010329412512580166e+04 4.609312371897301754e-20
5.010389141146408656e+04 4.954941646164851908e-18
5.010406326284067472e+04 2.664158454980653352e-17
5.010467082333315921e+04 4.099317892729727166e-22
5.010482326047444076e+04 2.800785114085778787e-18
5.010521267266367795e+04 1.979126682652954546e-20
5.010537256338213774e+04 6.068907127267718819e-22
5.010543686997425539e+04 7.447256140964882436e-20
5.010575868251334759e+04 2.763726885831996955e-18
5.010611065259448515e+04 1.863959265799616736e-19
5.010667308757465798e+04 5.199785098948302710e-18
5.010677295845681510e+04 4.654828237867894504e-18
5.010744552092432423e+04 4.677859102490133560e-20
5.010760259739188041e+04 1.286768372285314830e-19
5.010798438577377965e+04 7.863428146249246362e-19
5.010806693035349599e+04 3.242546533619021081e-18
5.010845925969110976e+04 3.992580756009431829e-18
5.010853850950994092e+04 9.817478843515294301e-17
5.010885050198842509e+04 2.188250188101051433e-19
5.010942753636918496e+04 6.245024079275438277e-20
5.011001845940415660e+04 4.675737094541132574e-19
5.011009049511711055e+04 3.505664542975054556e-18
5.011064012769838155e+04 1.590174436973817756e-20
5.011073111859470373e+04 2.153306022424247906e-19
5.011132900010488083e+04 3.295224765247390397e-18
5.011174744523383561e+04 5.005311629006788300e-20
5.011200042765993567e+04 1.820130267428968845e-20
5.011214314970973646e+04 9.757423044072878118e-19
5.011231482978726854e+04 4.359010077259648598e-21
5.011258553547183692e+04 1.372215978920104626e-19
5.011287711829052569e+04 8.299333050779323794e-20
5.011314608574795420e+04 2.779492826897823470e-20
5.011339341608812538e+04 1.170614017131952654e-20
5.011413789512977382e+04 1.590871884707820140e-19
5.011471723301058955e+04 1.091160595521855774e-20
5.011487413963954168e+04 6.276478646423920589e-20
5.011505347094636818e+04 5.151312942222081852e-21
5.011520384641041892e+04 2.210216525486020528e-21
5.011542124105690891e+04 1.240213946211902186e-20
5.011556978214178525e+04 1.546738799903317538e-20
5.011587790370118455e+04 3.976786803360825179e-21
5.011612941736511129e+04 1.253133192993797165e-22
5.011695062247570604e+04 2.804602012241998259e-23
5.011763168833147211e+04 3.491807505892143705e-20
5.011781620467486937e+04 7.553701161079332977e-22
5.011793988108645135e+04 4.835823009640706530e-22
5.011828866232243308e+04 0.000000000000000000e+00
5.011851580139744328e+04 3.120665486295253313e-24
5.011861998867706279e+04 6.496249774242108434e-23
5.011947728992730845e+04 3.534598398470958786e-21
5.011977379392700095e+04 8.209970638637564754e-20
5.012022478864673758e+04 8.494990139583954914e-23
5.012053829906167812e+04 2.136344357373476327e-21
5.012082993850887578e+04 1.499813038139382657e-20
5.012110514664449147e+04 1.827590485684254136e-24
5.012134961800325254e+04 1.725786906147429933e-21
5.012196782425910351e+04 0.000000000000000000e+00
5.012253188368682459e+04 1.570730329068941128e-21
5.012261892294805148e+04 1.848943667958296926e-21
5.012310057441968820e+04 6.096166130860196177e-22
5.012342961441509397e+04 1.456388339970732353e-21
5.012364885373043944e+04 5.764843994192397704e-22
5.012504117254535959e+04 0.000000000000000000e+00
5.012524256059836625e+04 2.097635687531049238e-22
5.012554150448254950e+04 1.537051956864331349e-22
5.012579705931923672e+04 1.741332321403975978e-23
5.012585024144744966e+04 0.000000000000000000e+00
5.012596764138754952e+04 0.000000000000000000e+00
5.012611470033070509e+04 1.651608435616110960e-22
5.012653145674340340e+04 2.162608760188375590e-22
5.012795091810703161e+04 0.000000000000000000e+00
5.012821584580314084e+04 9.451771054333705874e-24
5.012845656431029056e+04 0.000000000000000000e+00
5.012884057500636118e+04 5.649337643885589037e-23
5.012897357799868769e+04 3.465153183946623761e-23
5.012908859761118947e+04 0.000000000000000000e+00
5.012915340448196366e+04 0.000000000000000000e+00
5.012946206395883200e+04 2.632308037306137635e-24
5.013109458754738444e+04 5.553099286461799421e-23
5.013152907165751822e+04 1.580631645117168139e-23
5.013162767062908824e+04 0.000000000000000000e+00
5.013208878665920201e+04 1.064592984026744198e-23
5.013219603042383096e+04 5.708015380628091630e-24
5.013245234374950087e+04 1.130506928595550515e-23
5.013343328027981624e+04 0.000000000000000000e+00
5.013389933265213767e+04 0.000000000000000000e+00
5.013440315267906408e+04 1.923408669209740876e-24
5.013465846524581139e+04 4.227710140599390093e-24
5.013517867953099631e+04 0.000000000000000000e+00
5.013542564462192240e+04 0.000000000000000000e+00
5.013603412763747474e+04 0.000000000000000000e+00
5.013625463963697985e+04 0.000000000000000000e+00
5.013719112985020183e+04 0.000000000000000000e+00
5.013732348772156547e+04 0.000000000000000000e+00
5.013758381864307739e+04 1.106887890964315328e-24
5.013864333961100783e+04 0.000000000000000000e+00
5.013911412175327860e+04 0.000000000000000000e+00
5.013959913472068001e+04 0.000000000000000000e+00
5.014015634670943837e+04 0.000000000000000000e+00
5.014044730945360789e+04 0.000000000000000000e+00
5.014061316935202194e+04 0.000000000000000000e+00
5.014074438321177149e+04 0.000000000000000000e+00
5.014183294365624170e+04 0.000000000000000000e+00
5.014248086568270082e+04 0.000000000000000000e+00
5.014306553866462491e+04 0.000000000000000000e+00
5.014317669258426758e+04 0.000000000000000000e+00
5.014345906768113491e+04 0.000000000000000000e+00
5.014396519969382643e+04 0.000000000000000000e+00
5.014409517115743802e+04 0.000000000000000000e+00
5.014557845320874912e+04 0.000000000000000000e+00
5.014589813155842421e+04 0.000000000000000000e+00
5.014606891142843233e+04 0.000000000000000000e+00
5.014662952269639936e+04 0.000000000000000000e+00
5.014729823500676139e+04 0.000000000000000000e+00
5.014835964349582355e+04 0.000000000000000000e+00
5.014865228099135857e+04 0.000000000000000000e+00
5.014958441052008857e+04 0.000000000000000000e+00
5.014977492459325731e+04 0.000000000000000000e+00
5.015049611493220436e+04 0.000000000000000000e+00
5.015071106506152137e+04 0.000000000000000000e+00
5.015155357811280555e+04 0.000000000000000000e+00
5.015219943217574473e+04 0.000000000000000000e+00
5.015317811715223070e+04 0.000000000000000000e+00
5.015379307520725706e+04 0.000000000000000000e+00
5.015411242039263016e+04 0.000000000000000000e+00
5.015471824068968999e+04 0.000000000000000000e+00
5.015546991394529323e+04 0.000000000000000000e+00
5.015669135694340366e+04 0.000000000000000000e+00
5.015690588819191908e+04 0.000000000000000000e+00
5.015726725442537281e+04 0.000000000000000000e+00
5.015743942672127014e+04 0.000000000000000000e+00
5.015803893498890830e+04 0.000000000000000000e+00
5.015865393120821682e+04 0.000000000000000000e+00
5.016005557265788229e+04 0.000000000000000000e+00
5.016049128445702081e+04 0.000000000000000000e+00
5.016089790593372163e+04 0.000000000000000000e+00
5.016168754024085501e+04 0.000000000000000000e+00
5.016193481959425844e+04 0.000000000000000000e+00
5.016272434693453397e+04 0.000000000000000000e+00
5.016436411478812806e+04 0.000000000000000000e+00
5.016477517910284951e+04 0.000000000000000000e+00
5.016536919794160349e+04 0.000000000000000000e+00
5.016601443505012867e+04 0.000000000000000000e+00
5.016778262791773159e+04 0.000000000000000000e+00
5.016816970927775401e+04 0.000000000000000000e+00
5.016876273118405516e+04 0.000000000000000000e+00
5.016955896562613634e+04 0.000000000000000000e+00
5.017186104905303364e+04 0.000000000000000000e+00
5.017247878291382222e+04 0.000000000000000000e+00
5.017304574825312739e+04 0.000000000000000000e+00
5.017407175409502088e+04 0.000000000000000000e+00
5.017459137978623039e+04 0.000000000000000000e+00
5.017582469732398749e+04 0.000000000000000000e+00
5.017611550200949569e+04 0.000000000000000000e+00
5.017736745557423274e+04 0.000000000000000000e+00
5.017807521216103487e+04 0.000000000000000000e+00
5.017832191685543512e+04 0.000000000000000000e+00
5.017944102739249502e+04 0.000000000000000000e+00
5.018127267862196459e+04 0.000000000000000000e+00
5.018176840751443524e+04 0.000000000000000000e+00
5.018331860642344691e+04 0.000000000000000000e+00
5.018498302077141125e+04 0.000000000000000000e+00
5.018572531875297864e+04 0.000000000000000000e+00
5.018700165121706232e+04 0.000000000000000000e+00
5.018897501184367866e+04 0.000000000000000000e+00
5.019009333209993201e+04 0.000000000000000000e+00
5.019281857723260327e+04 0.000000000000000000e+00
5.019388821064335207e+04 0.000000000000000000e+00
5.019495448217400553e+04 0.000000000000000000e+00
5.019622265163975680e+04 0.000000000000000000e+00
5.019706741378780862e+04 0.000000000000000000e+00
5.019884574399661506e+04 0.000000000000000000e+00
5.020018756914921687e+04 0.000000000000000000e+00
5.020235042126671033e+04 0.000000000000000000e+00
5.020304423307542311e+04 0.000000000000000000e+00
5.020642068642417144e+04 0.000000000000000000e+00
5.020710694285414502e+04 0.000000000000000000e+00
5.021682479370557849e+04 0.000000000000000000e+00
5.021726997594253771e+04 0.000000000000000000e+00
5.022088924714324821e+04 0.000000000000000000e+00
5.022134108400955301e+04 0.000000000000000000e+00
