-5.003288903899129946e+04 5.138699995036727153e-24
-5.003287037569016684e+04 1.273414755249798622e-20
-5.003020303929044167e+04 5.033131011796913141e-16
-5.002835774039110402e+04 5.644963803731819548e-15
-5.002729313071967044e+04 1.041038584460435294e-18
-5.002727809006726602e+04 2.458730709622164705e-16
-5.002673290571122197e+04 3.538519659153153539e-14
-5.002538001514796633e+04 2.420567697534379472e-16
-5.002450671705571585e+04 6.084536169451742895e-14
-5.002419864110305207e+04 2.795885434507116977e-14
-5.002379314163993695e+04 1.674776042448710919e-15
-5.002302566764308722e+04 2.100361817023718428e-13
-5.002264470231151790e+04 3.045538812160605957e-17
-5.002258881401849794e+04 1.436426159787824592e-14
-5.002217468502341944e+04 2.212747538025007406e-15
-5.002138601275994733e+04 2.492628483107619634e-15
-5.002054963380761910e+04 9.642776704136121771e-14
-5.002007674242646317e+04 4.051207776013287316e-15
-5.001974209952491219e+04 1.131538429349816788e-14
-5.001895193183253286e+04 1.582184656897161586e-13
-5.001876814029033994e+04 5.273577327065990899e-16
-5.001856019202650350e+04 2.189915866931695226e-14
-5.001797826582400012e+04 1.207394697383225497e-14
-5.001786358584336995e+04 6.916897561109281540e-14
-5.001739865724045376e+04 1.892994273754430006e-14
-5.001652224994062271e+04 5.952070435360103586e-15
-5.001607566513627535e+04 3.670731341227602103e-13
-5.001584320789358753e+04 1.432706864418225598e-13
-5.001514879817834299e+04 5.526017632440073237e-15
-5.001433689321909333e+04 8.314765117232854963e-14
-5.001387500026846828e+04 1.415474444736885608e-12
-5.001351839844675851e+04 3.298342477507808027e-13
-5.001239143569338194e+04 1.173002869456973246e-12
-5.001183651870558970e+04 6.312765147100045729e-12
-5.001168574650664232e+04 7.330397301694151725e-13
-5.001018770713458071e+04 5.223035490775027232e-14
-5.001006886706798105e+04 1.235499916347748644e-12
-5.000998913052695571e+04 6.519882732883299062e-13
-5.000952349577746645e+04 2.497188320345315377e-13
-5.000817087273053767e+04 1.109470091336101277e-13
-5.000793829418755195e+04 3.165029903258654029e-12
-5.000774542817271140e+04 7.460462978585120127e-13
-5.000691483997560863e+04 2.997729167440059450e-12
-5.000643472148313595e+04 2.667520310084189724e-11
-5.000581576210503408e+04 2.531501319826148266e-11
-5.000522246397353592e+04 5.715952591441656956e-12
-5.000470207953991485e+04 7.762228408064374048e-12
-5.000397981629168498e+04 4.755423797339460518e-12
-5.000370660624802986e+04 6.961803046942408277e-12
-5.000319916123879375e+04 9.011502189897836423e-12
-5.000237801414719434e+04 1.125371052926503753e-14
-5.000165187068194791e+04 5.967938311376732621e-11
-5.000157407540724671e+04 2.574535172858041345e-12
-5.000096560921405035e+04 2.529082708627044966e-12
-5.000006788315155427e+04 1.478030882069527392e-12
-4.999997484977534623e+04 5.358181056487154962e-12
-4.999975991478434298e+04 1.627454854161772117e-12
-4.999951952129018900e+04 2.558983064999377332e-10
-4.999891807200167386e+04 6.160799104139030887e-13
-4.999846196948297438e+04 2.442840054258375945e-11
-4.999793254445485945e+04 7.954121628164031120e-11
-4.999791812460643268e+04 5.224054539148271203e-11
-4.999757995100882545e+04 1.971531168484771025e-10
-4.999741185405752913e+04 4.696509522919898014e-10
-4.999685907570514246e+04 2.200158199885205222e-12
-4.999635804495443881e+04 1.297158807337400663e-11
-4.999590458103528363e+04 7.434950034606522905e-11
-4.999579873645707266e+04 1.229842603598509426e-09
-4.999552106717930292e+04 1.978800562844841624e-10
-4.999522970885132963e+04 1.253019294345767751e-10
-4.999460209779815341e+04 1.831732694324777890e-12
-4.999438387244023033e+04 3.686179559245834090e-11
-4.999366919905392569e+04 1.492021987934939627e-09
-4.999361780773368082e+04 3.811826207783302814e-12
-4.999336927000500145e+04 1.910481359166729241e-12
-4.999247030832439486e+04 4.507117804362851117e-11
-4.999183559645093919e+04 2.882165420853493696e-10
-4.999161715931208164e+04 2.227141112814639205e-10
-4.999153669815177273e+04 9.403920918959185408e-09
-4.999137199032968783e+04 9.030210087498915578e-11
-4.999074451204939396e+04 3.681044765542060663e-12
-4.999027490090456558e+04 3.276950791177004359e-14
-4.999006774725108698e+04 6.362909129366789058e-09
-4.998989663633274904e+04 5.754842285240011311e-11
-4.998942838391529222e+04 4.190853484337509365e-09
-4.998922886935960560e+04 9.368584340473293978e-12
-4.998908526271111623e+04 1.278791188793376558e-10
-4.998836208604152489e+04 1.261027905326176715e-12
-4.998793175492897717e+04 5.220291142189115380e-09
-4.998791482661724149e+04 1.502462699174454550e-09
-4.998745551758102374e+04 1.861534739817200633e-12
-4.998732598350662738e+04 1.200550831071374805e-09
-4.998694013440921844e+04 5.196060530389853651e-15
-4.998620461748007801e+04 1.940883401419605268e-10
-4.998611069203572697e+04 1.890036643973990426e-11
-4.998579602634235926e+04 4.452506901260561925e-08
-4.998571642842350411e+04 3.798730213912789784e-11
-4.998523625236570660e+04 9.819030198109094709e-09
-4.998482835920648358e+04 1.211099407769418882e-15
-4.998456966278911568e+04 1.417484785614606429e-10
-4.998425411978823831e+04 3.705868428252484569e-10
-4.998366123245125345e+04 3.546121754690218352e-08
-4.998360994774514984e+04 2.495266676861892266e-11
-4.998316693759741611e+04 1.349296138943088308e-08
-4.998267740033262817e+04 1.270735650852372560e-10
-4.998231314287400164e+04 4.752273777662581413e-10
-4.998201191732141888e+04 7.261861481240005530e-10
-4.998152726529088977e+04 9.901235658651547832e-08
-4.998115850435361790e+04 1.736331434973114792e-08
-4.998107863902184181e+04 2.463230694825460214e-08
-4.998040866965844180e+04 8.725568602997606440e-11
-4.998006772869659471e+04 4.138929472995118647e-09
-4.997976061144270352e+04 4.472370772162817491e-11
-4.997941792932101089e+04 5.600540700548953444e-09
-4.997939521952586801e+04 9.002036441285748213e-08
-4.997910364281322109e+04 2.495262330286598502e-10
-4.997901481265581970e+04 5.473861759710944567e-10
-4.997807012534289970e+04 3.388116794419007541e-10
-4.997793157686591439e+04 2.212694366855398303e-07
-4.997741362087721063e+04 8.778695930881182847e-09
-4.997726690790108114e+04 4.223111387157644661e-07
-4.997711268240986101e+04 2.196033017860100843e-08
-4.997638302008276514e+04 4.193701135842893936e-11
-4.997612499100514106e+04 1.798534301695399432e-09
-4.997579525300607202e+04 2.671950058574887501e-06
-4.997571964297068189e+04 1.264399417743953103e-12
-4.997521462787540804e+04 2.638860960055234180e-08
-4.997513877275199047e+04 7.335963135788525989e-07
-4.997469234742260596e+04 1.270089193560012026e-10
-4.997457520162151195e+04 6.893638520253682452e-10
-4.997383749495666416e+04 3.936180512632908001e-11
-4.997365837823391485e+04 9.381667361080405424e-07
-4.997313377133070026e+04 1.133522322754005025e-09
-4.997302461129045696e+04 3.493144547751000303e-08
-4.997284414209857641e+04 7.498267116870956679e-10
-4.997178748082218226e+04 6.966164981374906416e-12
-4.997162744191814272e+04 6.451467297093600232e-09
-4.997152024868351873e+04 8.295310466012212171e-06
-4.997129410555666254e+04 2.654401795806323965e-10
-4.997094662352056184e+04 2.696089568244642721e-08
-4.997090244498646643e+04 2.015802844206147575e-07
-4.997012693809894699e+04 5.391389659204212408e-10
-4.997006759819640865e+04 5.387280425725273340e-06
-4.996976197384178522e+04 1.790317670815056459e-09
-4.996942236534560652e+04 8.684177793511437757e-13
-4.996937987710130983e+04 1.158159882763300157e-05
-4.996916426007088739e+04 6.531837941789186683e-11
-4.996878794109300361e+04 8.812122775166250504e-09
-4.996827915430041321e+04 1.243227425826070963e-10
-4.996793084200819430e+04 1.419721835489359570e-05
-4.996771699981827987e+04 3.360178628840633451e-12
-4.996739023980069032e+04 1.588305208710969743e-10
-4.996723567448224640e+04 3.912679665940853774e-06
-4.996668149839208490e+04 1.714868217978765133e-08
-4.996662744567583286e+04 5.481793727334703938e-09
-4.996587805827414559e+04 4.118142663483530574e-11
-4.996579263035942859e+04 8.118570618553785153e-05
-4.996562873124728503e+04 1.085496675968298245e-09
-4.996508710558822349e+04 5.093576509783382705e-06
-4.996502104443257122e+04 1.615218261916227676e-07
-4.996457630272596725e+04 6.173592483422727650e-10
-4.996411116039931949e+04 4.410472174776502562e-10
-4.996393844474188518e+04 1.388465668868223112e-10
-4.996365014933272323e+04 1.364504584508465228e-04
-4.996319283094018465e+04 3.944636510689778690e-12
-4.996292913400546240e+04 8.055440134113173968e-08
-4.996284555329113209e+04 5.201535332403730912e-09
-4.996258458574120596e+04 1.137458605261704446e-09
-4.996246635792635789e+04 4.383857617195384104e-09
-4.996179036375199212e+04 2.275489772842026711e-09
-4.996149811684526503e+04 2.412283448470695351e-04
-4.996129148159263423e+04 2.979382006202147624e-09
-4.996087301559207845e+04 1.912308090824291201e-11
-4.996075321915911627e+04 1.634459102924707732e-07
-4.996041227544390131e+04 8.232999818341805236e-09
-4.996018126451707212e+04 1.761812793460580361e-09
-4.996006390621695027e+04 3.094851586988096772e-05
-4.995987456736624881e+04 2.471244622650772902e-10
-4.995932969185989350e+04 1.384846017600227226e-04
-4.995901833073960734e+04 1.510600872637871201e-10
-4.995856500459810195e+04 6.062335952256303211e-08
-4.995847701188763313e+04 5.290615139679398793e-09
-4.995842495031848375e+04 3.844410039015933558e-09
-4.995790980094794213e+04 9.340399480150735675e-04
-4.995789892226204393e+04 2.296726973374468426e-07
-4.995737128571275389e+04 3.024642076029445763e-10
-4.995728351641701011e+04 1.234062488528520658e-09
-4.995713792210698011e+04 1.260536930396007544e-10
-4.995650832650701341e+04 1.032881527677842266e-09
-4.995636217960274371e+04 5.512894978423247911e-08
-4.995595739621548273e+04 4.332834311202387037e-09
-4.995576486610622669e+04 1.987799662603865978e-06
-4.995572843279966037e+04 1.357913077761838290e-02
-4.995508948895755748e+04 1.467328722762770449e-09
-4.995491695575689664e+04 7.429379956625466172e-06
-4.995442792042571818e+04 3.502239205985313485e-08
-4.995416106713153567e+04 2.961786497610898332e-08
-4.995408768189654802e+04 4.283133214371726469e-10
-4.995383606391280773e+04 1.216097380609207810e-08
-4.995351247726999281e+04 2.863461874428592773e-03
-4.995331807825056603e+04 1.792140538533568154e-08
-4.995273801352697046e+04 3.155593229763106530e-08
-4.995266246726231475e+04 2.263586738110527405e-06
-4.995195840568322456e+04 2.614112540865669316e-07
-4.995190611937586073e+04 3.322779360892058426e-07
-4.995163556784602406e+04 3.360822063815281216e-08
-4.995125448673654319e+04 2.570890030591529722e-05
-4.995117424163571559e+04 1.743093504228375966e-09
-4.995051340988735319e+04 9.291712422998953637e-09
-4.995037323167563591e+04 2.426263061675013087e-04
-4.995002710314783326e+04 9.251117195250624370e-01
-4.994998589069637092e+04 6.059810527556483974e-08
-4.994982459439006925e+04 1.624339128381023362e-05
-4.994960649830628245e+04 4.233996809674958416e-06
-4.994926372987449577e+04 5.750411114402820743e-08
-4.994894925055856584e+04 1.777464316480156998e-04
-4.994810746317086887e+04 1.565753573861546034e-05
-4.994804349720606842e+04 2.539119023506641350e-04
-4.994785244568306371e+04 1.427926461196480809e-05
-4.994781479203411436e+04 5.456586809438900704e-02
-4.994758432575188635e+04 5.813509127005141574e-06
-4.994738661757011141e+04 3.393341316907476378e-08
-4.994725376893332577e+04 1.494932693938178968e-06
-4.994659481250299723e+04 1.156669372970841448e-05
-4.994631615993565356e+04 6.107661768866112609e-09
-4.994587874397411360e+04 5.498968885006033089e-07
-4.994568907627981389e+04 3.632528629468471156e-05
-4.994562393298713869e+04 3.614679326845757960e-08
-4.994548288749852509e+04 1.085360599254815966e-03
-4.994547217469389579e+04 1.900079583738899171e-04
-4.994510473686888872e+04 5.106810838480575680e-07
-4.994464064139800030e+04 3.995413856611197481e-08
-4.994419195940713689e+04 1.870643485542036304e-05
-4.994364375370716152e+04 9.048434135540655861e-09
-4.994331555441315868e+04 2.396833135358987485e-06
-4.994312569183611777e+04 3.841722321547775328e-06
-4.994304712492480030e+04 9.396669167357215126e-05
-4.994284180088489666e+04 6.804472961014473296e-08
-4.994246928742055024e+04 1.184889182462488991e-08
-4.994184004064185137e+04 5.485089353715247991e-11
-4.994174374243317288e+04 2.278059623133222150e-07
-4.994137397178156243e+04 3.729833054316527537e-11
-4.994108175339401350e+04 3.110761275105014417e-09
-4.994087187704647658e+04 6.166991681518406178e-07
-4.994053895798003941e+04 3.434005263242537507e-05
-4.994025734860403463e+04 1.040575051153168080e-07
-4.994008756573173741e+04 1.537150208877363910e-08
-4.993957467798532161e+04 1.025682715397282004e-11
-4.993925407406958402e+04 1.145809248140390695e-07
-4.993898271798680071e+04 6.331726822284835302e-09
-4.993847400580292742e+04 3.376521649117958399e-07
-4.993824388948139676e+04 1.426535345681712302e-07
-4.993797322056873236e+04 1.125969070189408308e-05
-4.993786753377289278e+04 9.293508987518723116e-07
-4.993715827947561047e+04 1.962193019340357412e-09
-4.993673463689468190e+04 1.215558751376416197e-08
-4.993667627543363778e+04 2.466525619213386900e-09
-4.993630433942329546e+04 1.315320175710496258e-09
-4.993605211512099777e+04 4.613049034003922683e-08
-4.993566148494309164e+04 3.303274946789252125e-08
-4.993533630265630200e+04 4.503419442651414879e-07
-4.993510962334315991e+04 1.242533607812664388e-09
-4.993491660221623897e+04 3.553803766903917472e-10
-4.993441945842058340e+04 1.267800051163222241e-09
-4.993417074707208667e+04 4.049076917436645462e-08
-4.993373804046743317e+04 1.565602224193426356e-10
-4.993356543887770385e+04 1.184048959273414869e-09
-4.993327374057716224e+04 1.554544268099868615e-09
-4.993270707545892219e+04 7.122909749080824999e-09
-4.993266691217404878e+04 3.013774669563513857e-08
-4.993232395590969827e+04 8.038104864843008300e-11
-4.993173471658838389e+04 1.403816044169611765e-10
-4.993155664763478853e+04 8.459076214591767659e-10
-4.993139492046443047e+04 8.985879867597739064e-11
-4.993083309305364673e+04 1.963810571672976803e-11
-4.993049924139674113e+04 6.928917810660121262e-11
-4.993003127929837501e+04 6.025072855615414061e-11
-4.992997533533423120e+04 9.263294247451377413e-09
-4.992934745120946900e+04 1.103119887932011175e-11
-4.992908522230412927e+04 3.913945440890993893e-11
-4.992897036281114561e+04 3.721470089709795583e-12
-4.992852461924984527e+04 2.470438573237846555e-10
-4.992804474241520802e+04 2.164406041277678336e-10
-4.992730241651152755e+04 8.842190827571901704e-10
-4.992728165468050429e+04 1.430957591263194964e-09
-4.992723271958189434e+04 4.782190468724806198e-09
-4.992642259666403697e+04 1.183536998948395211e-10
-4.992630254270127625e+04 6.829813627882442139e-12
-4.992597454560751794e+04 1.032697341237673361e-10
-4.992554144070429902e+04 2.006169634299071216e-11
-4.992537740825081710e+04 2.880214786866303395e-11
-4.992463231010081654e+04 1.903518972355274793e-15
-4.992451663535143598e+04 2.878031451933212375e-10
-4.992409234517336881e+04 4.206410823338987683e-11
-4.992369130903147743e+04 6.975958819778491512e-11
-4.992336685485026101e+04 3.588673564367660663e-13
-4.992311532416736009e+04 1.922319364040906889e-13
-4.992298285916166788e+04 1.344485859614687893e-12
-4.992217422255309066e+04 4.454753063839598683e-14
-4.992173710995768488e+04 1.345730766026436911e-11
-4.992142466726397106e+04 1.692956530558169597e-13
-4.992107520882916288e+04 3.064245860751615672e-12
-4.992088279509964923e+04 2.103549750591268556e-13
-4.992052370400684595e+04 4.364949524470654439e-14
-4.992023698764621804e+04 6.036800508098830887e-14
-4.991910719698268076e+04 3.099822883066535841e-13
-4.991902551529931225e+04 3.028213772968122345e-12
-4.991876629224880890e+04 1.599518117708224138e-12
-4.991830383574639563e+04 2.500960623477041113e-14
-4.991818315244109544e+04 4.764559289285385488e-15
-4.991790023028112773e+04 3.003056358511867674e-13
-4.991771805876582221e+04 1.198128955367530379e-13
-4.991708866558808950e+04 1.706417873603212486e-14
-4.991666935194679536e+04 1.314659157768586492e-14
-4.991636658753639495e+04 6.164860335422680931e-13
-4.991612742315699870e+04 4.366091887165746238e-12
-4.991575662656614440e+04 5.995623042436215643e-13
-4.991538088046433404e+04 8.398130258882573918e-14
-4.991522774014595780e+04 1.671962750285221860e-13
-4.991423677836480783e+04 6.774247105446521650e-14
-4.991376980866344820e+04 1.263194744062850654e-15
-4.991336802372023521e+04 2.511183128797842258e-13
-4.991303151087592414e+04 1.757000877883718764e-13
-4.991254251353234577e+04 1.661258047502293866e-15
-4.991176109244229156e+04 9.486156164450379510e-15
-4.991149623006106413e+04 6.387704729703185146e-16
-4.991100442845594080e+04 8.226258012962390668e-17
-4.991049612607312156e+04 6.520621171748883748e-15
-4.991021718843890994e+04 1.177812182719563759e-15
-4.991000946136131824e+04 8.380474144957104625e-16
-4.990986013492742495e+04 1.385472934541209219e-15
-4.990948576582700480e+04 2.071802688235459183e-17
-4.990908601263153832e+04 1.193887487230462967e-17
-4.990882001433381811e+04 1.136366418932606723e-16
-4.990779678986893850e+04 2.899005392146081290e-15
-4.990756309575664636e+04 6.967510030066503030e-16
-4.990727994250046322e+04 3.777887617833864253e-16
-4.990697777791380940e+04 6.487087776576331119e-16
-4.990671169463293336e+04 1.267428037940063863e-16
-4.990579073614638764e+04 2.451558629391186137e-16
-4.990528828448292916e+04 2.616158331907118274e-16
-4.990491516747056448e+04 2.529600657342125469e-15
-4.990466135179299454e+04 1.353517426563235191e-15
-4.990411891963577364e+04 1.122758876064587248e-15
-4.990311592166188348e+04 3.180447613677017992e-17
-4.990274060268049652e+04 7.945042415198199557e-17
-4.990201437863286992e+04 3.887117825315705428e-16
-4.990168138365872437e+04 1.041506184515187771e-17
-4.990156416962786898e+04 2.038666242915440211e-17
-4.990122922799016669e+04 4.267295531667315091e-17
-4.990119438047978474e+04 2.113865414237102538e-17
-4.990024431866923987e+04 8.881708854163531864e-19
-4.989941416095037130e+04 2.321672039493348947e-18
-4.989912669354573882e+04 8.104635344277006494e-18
-4.989901378925964673e+04 1.853377012386929576e-20
-4.989845058979500027e+04 1.382335785479162915e-18
-4.989761978271273256e+04 1.159143996405749999e-19
-4.989735287195935962e+04 6.537325503264659007e-20
-4.989700224631855963e+04 1.522192980061146792e-18
-4.989624124631169252e+04 2.676185598539115154e-19
-4.989587116242352931e+04 3.542724265347536719e-18
-4.989563790391047951e+04 1.060364046356250344e-18
-4.989382004011479148e+04 3.380889850730949232e-18
-4.989340617533065233e+04 2.578063479450600959e-19
-4.989326845597562351e+04 1.621416834434691567e-19
-4.989289172185528150e+04 8.744098277647497838e-19
-4.989265387808706146e+04 5.808811731444448933e-19
-4.989242750591435470e+04 3.974952864160871306e-19
-4.989154797400147072e+04 4.924583122335205775e-22
-4.989129697989214037e+04 3.720753215292072555e-19
-4.989094646440776705e+04 1.769639698081703035e-19
-4.989053309810132487e+04 3.226107194357893113e-19
-4.988988786118547432e+04 2.111801492027289486e-21
-4.988924744577104866e+04 6.004752520765801080e-20
-4.988826742520953121e+04 7.009638797088997132e-22
-4.988766563442803454e+04 4.277648423916722130e-22
-4.988733067034708802e+04 5.055281613411610564e-21
-4.988678562312877330e+04 1.947276481717892408e-21
-4.988570816154638305e+04 1.877145392607652524e-21
-4.988505825648113387e+04 5.698180303470131046e-21
-4.988451576807298261e+04 9.792673967178168155e-22
-4.988445108635601355e+04 1.191568720041405066e-22
-4.988422609834486502e+04 2.646074101742006879e-22
-4.988392456166278862e+04 1.577144270482448106e-21
-4.988307777216513932e+04 2.647788365701036682e-22
-4.988247024403513933e+04 5.207259253254806417e-21
-4.988145498308930837e+04 3.002258174013246899e-22
-4.988112413559887500e+04 1.529020435814632643e-21
-4.987980163147785061e+04 1.099689750982840276e-21
-4.987959410495636985e+04 2.752157515370666156e-22
-4.987921725541359046e+04 1.023618920944320000e-22
-4.987823212634603260e+04 2.465646553509258989e-23
-4.987726056347897975e+04 6.773016600517099669e-24
-4.987696924562427739e+04 3.405692602385781248e-23
-4.987615299635888368e+04 0.000000000000000000e+00
-4.987579520022156066e+04 0.000000000000000000e+00
-4.987562669011105027e+04 1.360922579888268771e-24
-4.987503815919693443e+04 8.557755515719825119e-24
-4.987398502814718813e+04 0.000000000000000000e+00
-4.987246116317807173e+04 9.768583150578183482e-24
-4.987236636626259133e+04 7.141591005650121325e-24
-4.987154062806289585e+04 2.039850753003930953e-24
-4.987069213445653440e+04 4.053738369302214782e-24
-4.986983130304192309e+04 0.000000000000000000e+00
-4.986910526533483062e+04 0.000000000000000000e+00
-4.986879017821414163e+04 2.734072925015503026e-24
-4.986771169978295802e+04 0.000000000000000000e+00
-4.986753926324797794e+04 0.000000000000000000e+00
-4.986690322264595306e+04 0.000000000000000000e+00
-4.986603887959575513e+04 0.000000000000000000e+00
-4.986563778403273318e+04 0.000000000000000000e+00
-4.986427696724186535e+04 0.000000000000000000e+00
-4.986247214649261150e+04 0.000000000000000000e+00
-4.986200776082284574e+04 0.000000000000000000e+00
-4.986066887808889442e+04 0.000000000000000000e+00
-4.986037535404325172e+04 0.000000000000000000e+00
-4.985974376149907766e+04 0.000000000000000000e+00
-4.985913044825945690e+04 0.000000000000000000e+00
-4.985834184505425219e+04 0.000000000000000000e+00
-4.985775508760908269e+04 0.000000000000000000e+00
-4.985635448658201494e+04 0.000000000000000000e+00
-4.985583863939701405e+04 0.000000000000000000e+00
-4.985456246143105091e+04 0.000000000000000000e+00
-4.985267836061806884e+04 0.000000000000000000e+00
-4.985168069948894845e+04 0.000000000000000000e+00
-4.985069950699812034e+04 0.000000000000000000e+00
-4.984977614186449500e+04 0.000000000000000000e+00
-4.984959926019397244e+04 0.000000000000000000e+00
-4.984876521380031772e+04 0.000000000000000000e+00
-4.984757839129885542e+04 0.000000000000000000e+00
-4.984635734330562991e+04 0.000000000000000000e+00
-4.984448555569030577e+04 0.000000000000000000e+00
-4.984207934501158888e+04 0.000000000000000000e+00
-4.984135452538779646e+04 0.000000000000000000e+00
-4.984059755712149490e+04 0.000000000000000000e+00
-4.983871970758170937e+04 0.000000000000000000e+00
-4.983759189924490056e+04 0.000000000000000000e+00
-4.983735570908446971e+04 0.000000000000000000e+00
-4.983441251477893093e+04 0.000000000000000000e+00
-4.983148694140520820e+04 0.000000000000000000e+00
-4.983115425478933321e+04 0.000000000000000000e+00
-4.982991381680402264e+04 0.000000000000000000e+00
-4.982890725664392812e+04 0.000000000000000000e+00
-4.982721253880545555e+04 0.000000000000000000e+00
-4.982103413661585364e+04 0.000000000000000000e+00
-4.982059340589465864e+04 0.000000000000000000e+00
-4.981597936061937071e+04 0.000000000000000000e+00
-4.981575053187498997e+04 0.000000000000000000e+00
-4.980657419861241942e+04 0.000000000000000000e+00
-4.980620285424322356e+04 0.000000000000000000e+00
4.996726143613224122e+04 0.000000000000000000e+00
4.996728135213798669e+04 0.000000000000000000e+00
4.996980181883659679e+04 1.454527258576788753e-21
4.997165422597241559e+04 7.123863734319149875e-21
4.997283482574942900e+04 1.753395991936392112e-21
4.997285079771597520e+04 1.785004935480279920e-23
4.997328625106668915e+04 9.659310334021382086e-20
4.997464907845068956e+04 8.445568409622723978e-19
4.997555433645461744e+04 7.838114858783841634e-19
4.997588872675048333e+04 6.430553056246875717e-21
4.997627969411439699e+04 2.669017981156111884e-19
4.997703973027738539e+04 2.263281955949667753e-19
4.997749115522749344e+04 2.649049731359083223e-20
4.997754804503896594e+04 4.150218918370156728e-20
4.997789485483612953e+04 5.597913103826101849e-19
4.997867951669570175e+04 5.666910839987580409e-19
4.997951573771956464e+04 4.966356801989768893e-19
4.997993322711422661e+04 1.142650694883047428e-19
4.998032484901057614e+04 3.941292235166912720e-19
4.998111853784303094e+04 3.985120830739934607e-19
4.998133176409063890e+04 6.108192735159787067e-20
4.998154496991636552e+04 1.568645161974820485e-19
4.998204708033537463e+04 1.604672305510897258e-18
4.998221799922469654e+04 1.472090797455808751e-19
4.998268204129278456e+04 2.431829904569963340e-20
4.998356335258314357e+04 3.897821945542743166e-21
4.998399521516775712e+04 2.447120751824280558e-19
4.998420944501556369e+04 1.504992305365375651e-18
4.998493902074997459e+04 3.399417607323691765e-19
4.998574683484261186e+04 2.894252701827163002e-20
4.998617988031932327e+04 7.569045182894935611e-18
4.998656598272324482e+04 1.339546889097517258e-18
4.998769463719127816e+04 2.165342536385854498e-18
4.998822685513127362e+04 1.024898023098575197e-17
4.998840313394038094e+04 6.433690432841122545e-18
4.998990257296901109e+04 1.912624399336350046e-18
4.998994151699086069e+04 4.639188158915674039e-20
4.999008017459145049e+04 3.806038362287406782e-17
4.999056438304320909e+04 8.446586171488490296e-19
4.999190862316947459e+04 5.831208628604434796e-17
4.999208740289396519e+04 1.505029919006699379e-19
4.999234482865374594e+04 4.677794708660667673e-18
4.999317945446242811e+04 1.642365433393979607e-18
4.999364798977465398e+04 1.060589744923166737e-16
4.999422498411951528e+04 8.591589327831813551e-17
4.999487639953035250e+04 2.158608956268090073e-17
4.999538775027915835e+04 1.341369954455977904e-16
4.999612056957401364e+04 2.536849889564315082e-17
4.999634889298071357e+04 7.536375786804893213e-16
4.999689711620209710e+04 1.174043422869238795e-17
4.999773126140122622e+04 6.695234205652203706e-21
4.999842844033639994e+04 1.610932645548128310e-16
4.999852118298076675e+04 1.022973732543917739e-16
4.999915209020751354e+04 9.741782929832174349e-18
4.999994231974814466e+04 2.026973426555054932e-16
5.000012664950678300e+04 3.708898427338947085e-17
5.000037116545088065e+04 1.119378072739306833e-16
5.000056503986364260e+04 1.582607084146632978e-15
5.000122588371286110e+04 3.987844914158032981e-18
5.000168901472006837e+04 4.801264049071375177e-21
5.000209353580607421e+04 3.780725551190299812e-15
5.000227680856001098e+04 1.081823774971030124e-16
5.000258797781820613e+04 1.636025089616361538e-15
5.000275114002404007e+04 8.735187371782984534e-16
5.000335210284730420e+04 4.149256465149077770e-18
5.000382513812577236e+04 5.971138089198004937e-17
5.000424117258947808e+04 3.404731047386709138e-16
5.000424400129536662e+04 3.406950147228571940e-16
5.000460167643346358e+04 7.775201314283324962e-16
5.000492651145668060e+04 5.141237211029696079e-17
5.000552538709391229e+04 4.423847199243018838e-17
5.000582108302033885e+04 4.335275750206601525e-17
5.000638868901080423e+04 5.746072584096132872e-15
5.000652659816213418e+04 2.704323089858263357e-16
5.000679522340958647e+04 6.328355142639650059e-17
5.000772187235610181e+04 5.959527901208309501e-17
5.000829049057771044e+04 3.100662739337622961e-16
5.000851999510769383e+04 1.949115957931785329e-14
5.000858904408594390e+04 7.779317512879380777e-16
5.000877602098014904e+04 5.009040206764386418e-16
5.000939130198125349e+04 2.031724219577117837e-16
5.000989184700586338e+04 2.984287646357693864e-16
5.000994246204511728e+04 6.038558973483382260e-17
5.001026487482705124e+04 4.439469763219467157e-15
5.001065946876720409e+04 4.110382887436468830e-14
5.001093001901916432e+04 1.952894668560633757e-15
5.001112852978210140e+04 1.421341038502736652e-18
5.001186843167416373e+04 4.370985358996599240e-18
5.001209437290388450e+04 1.671745378165119437e-15
5.001222802032773325e+04 2.912162606986309553e-16
5.001277459550852655e+04 1.726415083044931560e-15
5.001278508625251561e+04 3.426862245222838735e-16
5.001327873736461333e+04 1.047068222481281486e-16
5.001394556137076870e+04 1.934545643805777637e-15
5.001409259687807935e+04 6.214666260071265128e-18
5.001424597166660533e+04 1.195206236108403180e-13
5.001447422537246166e+04 2.808998498871820474e-19
5.001487837166408281e+04 4.532367102245109314e-14
5.001539315471410373e+04 5.763993231365986041e-16
5.001559673575919442e+04 1.533157629918971505e-17
5.001589550944320945e+04 5.294535832241955122e-16
5.001639673272027721e+04 8.572110505354556997e-13
5.001659973616716889e+04 2.370451528809461192e-16
5.001695960199376714e+04 1.143608036776449396e-13
5.001749137737788988e+04 1.666413750669517033e-17
5.001789745647979726e+04 5.030915434787115970e-16
5.001820037782331201e+04 1.113892944024980892e-16
5.001854622986625327e+04 3.445046889241342220e-15
5.001900160937421606e+04 1.784299832129020660e-15
5.001909675803748542e+04 4.798032622330845058e-16
5.001979998953207541e+04 1.307096158473728665e-15
5.001994248175622488e+04 4.508012229448225707e-13
5.002044408623667550e+04 2.224607947146271622e-18
5.002069218259497575e+04 5.983320700633786548e-13
5.002072893964942341e+04 4.918912624045977271e-15
5.002105069309306418e+04 3.800299265608085361e-14
5.002121576809156977e+04 6.544650326766079557e-17
5.002209454710873251e+04 7.325969082799977947e-12
5.002212352798996289e+04 1.615271631664606574e-16
5.002279355992349883e+04 1.649981671606816129e-13
5.002284089088486508e+04 1.241821869912612773e-12
5.002305879095602722e+04 1.541853515575265057e-14
5.002381374178415717e+04 1.838460936344449999e-16
5.002409681428234035e+04 8.976511450751672948e-16
5.002424679079958150e+04 1.119027946963862535e-14
5.002448065251857042e+04 1.875825944031419334e-18
5.002495698519175494e+04 1.371870815550679615e-13
5.002498836349564226e+04 2.777287923547332900e-13
5.002553112098739803e+04 7.400999422195865195e-16
5.002562217927194433e+04 3.117307819362332779e-17
5.002639012753320276e+04 3.886722291514866082e-14
5.002639971666541533e+04 2.487539690224393202e-12
5.002704559631201846e+04 2.997585617031094533e-16
5.002710956602438819e+04 6.676484781932888664e-13
5.002738844054444053e+04 1.312062390587441276e-15
5.002840278207461961e+04 1.041094191346345988e-18
5.002855344550687732e+04 1.331125095402741194e-11
5.002861928637528763e+04 2.092118512711161770e-14
5.002889645680615649e+04 4.651484932322839494e-17
5.002923776703850308e+04 5.778228572883534904e-14
5.002931549329777044e+04 2.608619097824543628e-15
5.002994260986982408e+04 2.232905039570238376e-15
5.003005406118302926e+04 3.757799248353352361e-17
5.003048730205413449e+04 9.869497099925459416e-15
5.003070989125132473e+04 1.956086610824702686e-11
5.003078639641681366e+04 5.149120446342036656e-16
5.003106965191727795e+04 3.325790255556967457e-16
5.003137334863306751e+04 1.268357258015570522e-14
5.003197216252286307e+04 1.195074662527015193e-15
5.003209525959192979e+04 8.992408424520105543e-12
5.003256248234096711e+04 2.289709753687414271e-15
5.003282952774635487e+04 1.798879885131535078e-14
5.003286991465375468e+04 1.257108414189944183e-11
5.003349554161858396e+04 1.897848319543687177e-16
5.003367252953335264e+04 1.545322586539965509e-15
5.003424931058014045e+04 9.159865950908469596e-11
5.003435663611051859e+04 3.238890609927686326e-19
5.003460185012749571e+04 6.278810165804084472e-16
5.003503556717957690e+04 9.184795186250683281e-13
5.003528544508987397e+04 2.691169179597929089e-15
5.003561147734589758e+04 2.672444522385709025e-17
5.003618788693514944e+04 1.150768057264978532e-15
5.003629795519010804e+04 5.000475234136945567e-15
5.003640759106323821e+04 6.154637559649287667e-10
5.003708436525739671e+04 1.250169945290870458e-17
5.003721033172082389e+04 5.274535558677080977e-15
5.003739914791218325e+04 3.201775459514417915e-16
5.003767509297699144e+04 4.060239497228049251e-15
5.003778007305539359e+04 3.517508221539959200e-15
5.003848835179270100e+04 3.785973991178094675e-15
5.003857548530952772e+04 2.044060359260077711e-10
5.003896500426697457e+04 9.563462305427518215e-16
5.003939617809579795e+04 2.937947672508407885e-14
5.003941366877799010e+04 3.979950467084166794e-15
5.003980319159099599e+04 1.822544602982907700e-15
5.003994633477442403e+04 9.328249260277878436e-10
5.004009467131573911e+04 6.531467869798485480e-16
5.004037183302913763e+04 2.346052925392121268e-17
5.004075996700180258e+04 8.417355165563421016e-12
5.004131994663598744e+04 5.600494310330430393e-16
5.004160514134244295e+04 9.573000773202578268e-16
5.004177516282849683e+04 2.795314145073320776e-15
5.004188079250918963e+04 2.332648419859752105e-16
5.004211660759357619e+04 1.337672612748456972e-08
5.004234909778147994e+04 5.227745470836562362e-15
5.004289508961512911e+04 1.529973962089438098e-15
5.004296809281576134e+04 9.231030465320460071e-13
5.004303989009233919e+04 1.105094446681668276e-16
5.004375477786744887e+04 6.042210228488323972e-15
5.004382151042407349e+04 1.879679996157399649e-14
5.004430010204356950e+04 1.431793629998132448e-13
5.004431439249234973e+04 1.900915164521699310e-09
5.004454942953638238e+04 9.441313367340846682e-15
5.004520580300482106e+04 4.485993537959800894e-14
5.004525205277328496e+04 1.059197224100945251e-16
5.004586700759617815e+04 3.539896561279572247e-15
5.004604307235547458e+04 2.779861258569187068e-14
5.004617615287184890e+04 7.554859815933614803e-16
5.004650355144564674e+04 5.230642393068765255e-16
5.004654676124022808e+04 1.056933710798204990e-10
5.004702843037281855e+04 5.717230910378239192e-18
5.004747715161467931e+04 6.779595164386597579e-13
5.004758499346581812e+04 6.388669634477605858e-16
5.004827832617511012e+04 1.686300652218158637e-18
5.004837754749779560e+04 6.937736173580155585e-16
5.004865109053264314e+04 7.459503501323704985e-17
5.004882110424415441e+04 3.514441926891749684e-14
5.004919169444299769e+04 4.125075546331056426e-16
5.004978361904290068e+04 1.713851994166975620e-13
5.004983721286481887e+04 5.080118268050262153e-15
5.004997862708415050e+04 5.697443224942503832e-10
5.005031788223525655e+04 1.561183756022310902e-16
5.005044730167317903e+04 8.214627200448224298e-16
5.005064269563444395e+04 5.321762215171488417e-15
5.005103704628422565e+04 2.162919309594650309e-15
5.005114271005203773e+04 1.304341511346518828e-11
5.005212091178617266e+04 5.681157253157441396e-14
5.005220146722382924e+04 1.379438052433728599e-13
5.005225063620633591e+04 4.083444177978069808e-15
5.005244330603195704e+04 4.171119790254416207e-17
5.005271543297696917e+04 1.770475092890918073e-15
5.005294355145736336e+04 7.383695491682481235e-17
5.005301043139972899e+04 3.440021830459212402e-15
5.005351360265741096e+04 4.151183023540494151e-12
5.005405604685642902e+04 1.180808310104849381e-18
5.005439224198421289e+04 3.649323251968784094e-14
5.005449734957847249e+04 5.992736709741651833e-12
5.005455376907983737e+04 2.500630663271484455e-11
5.005468670863910666e+04 2.351687086236435331e-16
5.005482606699491589e+04 4.852714303929432068e-15
5.005517526552942581e+04 2.854477810542198980e-16
5.005568945119373529e+04 2.421501190520615742e-16
5.005593314078064577e+04 2.207269699322083828e-15
5.005670651701083989e+04 2.794476430508836044e-14
5.005689052048743906e+04 9.129723423686304260e-12
5.005699559067002701e+04 7.035044940241175074e-11
5.005718918208656396e+04 4.011850655383138639e-13
5.005749694564773381e+04 6.908266653781274143e-15
5.005782983595020778e+04 7.534258960584896648e-15
5.005839793723975890e+04 1.767652901481809859e-13
5.005851245292068779e+04 3.090727759365898066e-16
5.005898185411556915e+04 2.886536932899458970e-15
5.005924796089369920e+04 2.249830916785474764e-13
5.005937366229928739e+04 1.977247342437113475e-12
5.005952274825597124e+04 1.374442971222674774e-11
5.006004033676745166e+04 1.189995373353433247e-14
5.006028798331519647e+04 3.648466061643605718e-15
5.006077899644563877e+04 3.080449209794109706e-16
5.006090506923129578e+04 4.289735958830496771e-14
5.006137993165900843e+04 5.416498806924246886e-15
5.006179298473792005e+04 9.559527030083572609e-14
5.006208518821799953e+04 3.173187076876883372e-13
5.006211501095995482e+04 3.619837824139295055e-13
5.006242835755438136e+04 5.956555535719990899e-15
5.006324193825810653e+04 2.147012579435588248e-16
5.006344662835434428e+04 6.250288244599292309e-14
5.006365158517348755e+04 5.509773846296086132e-16
5.006408999663901341e+04 3.699768869113319921e-16
5.006422943571343785e+04 5.008204671002748269e-15
5.006462459675013088e+04 2.845108413595112257e-14
5.006476441842804343e+04 1.166419748672267073e-13
5.006526169738898170e+04 4.932765883278256530e-17
5.006539961121690430e+04 9.073361849817471780e-17
5.006598052947926044e+04 2.622714946126103745e-16
5.006602840372035280e+04 7.478851552247486363e-16
5.006663647198229592e+04 1.895610574878348277e-17
5.006678389147212147e+04 6.045857557979000965e-17
5.006702386462654977e+04 8.654213154101707214e-16
5.006742944061513845e+04 3.814736139680615032e-14
5.006765181083788048e+04 2.534192473947402891e-16
5.006806571536973934e+04 1.571883417441502787e-17
5.006859577908488427e+04 1.740157106112863669e-16
5.006872309632817633e+04 2.447497668651735795e-16
5.006893132516572223e+04 1.658069652711202819e-16
5.006947959104596521e+04 1.291664817529640353e-15
5.006989560936611088e+04 8.211257655425998954e-16
5.007014778137483518e+04 2.167986241725157861e-14
5.007034935555573611e+04 7.271159332687186488e-18
5.007101130652325082e+04 1.186163836956123669e-17
5.007124500267204712e+04 8.832130576091153945e-18
5.007128068275663827e+04 2.234970384530724828e-16
5.007182577789210336e+04 2.716768467415802851e-16
5.007232563086374284e+04 1.264096663385026777e-16
5.007288367434171232e+04 1.122075729728085624e-15
5.007309172269855480e+04 3.276781368228552928e-17
5.007313804208125657e+04 1.516763204561313650e-18
5.007388988559464633e+04 2.684290728745046887e-16
5.007405282362463913e+04 7.592271419280673856e-18
5.007440074734712834e+04 6.830568839130516267e-18
5.007483149134877021e+04 2.128178661968879911e-18
5.007504379054140009e+04 2.983199057611383729e-18
5.007564701608845644e+04 1.539679731831492648e-16
5.007581106796010135e+04 3.433229522719175872e-19
5.007633540471592278e+04 8.473788835585848472e-18
5.007659112970394199e+04 5.839393609549364283e-18
5.007703845902266767e+04 1.050158061020983438e-19
5.007722749531423324e+04 8.257182124537034510e-21
5.007749027070065495e+04 2.526385073673086771e-19
5.007828344457598723e+04 3.060572616176081742e-18
5.007845106996165850e+04 2.078136074883358568e-17
5.007897575813228468e+04 5.389421098060302164e-20
5.007924829970241990e+04 6.977403534754438582e-21
5.007949185789246258e+04 4.709241116449868195e-19
5.007982469849581685e+04 2.056081073569519132e-18
5.008026588325167540e+04 1.419993353958230076e-20
5.008118517165839148e+04 2.217664355508045844e-17
5.008132043360184616e+04 2.288405746648982792e-18
5.008161263737524860e+04 4.863597577954397006e-18
5.008202629323145084e+04 1.169204310739137343e-19
5.008223067625565454e+04 8.126005033092668851e-20
5.008250615060164273e+04 1.167854586745296238e-18
5.008272712345424952e+04 5.126026412505286201e-20
5.008331381252191204e+04 1.418052075923434051e-20
5.008370966081372171e+04 4.238443339916821076e-21
5.008398305715385504e+04 5.737849392326867729e-19
5.008418515877883328e+04 1.340448151749942625e-18
5.008462417694415490e+04 6.403063908200073008e-19
5.008507942782127793e+04 3.048946538567029252e-21
5.008522341287478775e+04 3.451096755855478636e-21
5.008620425490508933e+04 1.839344301146891405e-20
5.008670394725786900e+04 2.526373734079028899e-20
5.008694029184168176e+04 1.130061636405898331e-19
5.008735274602250138e+04 3.421365244105929106e-20
5.008779687154760904e+04 1.362919902777722425e-22
5.008867811790965789e+04 2.713329932772394526e-21
5.008908269700855453e+04 7.651218463142020780e-22
5.008939801368036569e+04 2.835741457732570565e-21
5.008982766452599753e+04 1.507372259959723453e-20
5.009022615754282015e+04 1.737705946484471769e-22
5.009035343892611127e+04 1.522088967183751242e-21
5.009055983732570166e+04 2.064809670823552915e-23
5.009097159232725244e+04 1.032966700111919882e-21
5.009138475751119404e+04 4.396641017896586791e-22
5.009160076471550565e+04 3.439133596469007125e-23
5.009253634967582184e+04 3.048253174086182032e-20
5.009284835692049819e+04 2.229380765810681448e-21
5.009312293677806156e+04 6.133096925835949139e-22
5.009345671060879977e+04 6.323725862635060733e-21
5.009379832903565693e+04 2.270333903711837548e-22
5.009474067644421302e+04 5.178517061054061129e-22
5.009515453676664038e+04 1.872228131864150671e-22
5.009545579641645600e+04 1.294423053664210969e-21
5.009572853362035676e+04 2.426608086985496642e-21
5.009626231231138081e+04 1.540214509740838043e-22
5.009735990749341727e+04 1.949727155381902362e-23
5.009786491715128795e+04 5.183125553373216868e-23
5.009840092401493894e+04 1.236091438696046476e-22
5.009874377969505440e+04 1.872756578974844773e-23
5.009898779963154084e+04 0.000000000000000000e+00
5.009929538933902222e+04 7.388103101740052206e-24
5.009932369342475431e+04 1.024081955643156513e-24
5.010019952566029679e+04 3.418494945838573860e-24
5.010115142966925487e+04 0.000000000000000000e+00
5.010128539531784918e+04 1.912535525799829932e-23
5.010141177095948660e+04 1.597278855529403087e-24
5.010195643211060087e+04 3.692915267616939303e-24
5.010287199146181229e+04 1.746219849661958680e-24
5.010314020452957629e+04 1.247739828298597171e-24
5.010344178088783519e+04 1.207072042524359984e-23
5.010427849125722423e+04 0.000000000000000000e+00
5.010453694546809129e+04 2.630182731171926073e-23
5.010477594609070366e+04 1.134102834190106485e-23
5.010663459244705155e+04 5.836914245014515133e-24
5.010707760185688676e+04 0.000000000000000000e+00
5.010726145200038445e+04 0.000000000000000000e+00
5.010754023266754666e+04 0.000000000000000000e+00
5.010778512547983701e+04 0.000000000000000000e+00
5.010806717632999062e+04 0.000000000000000000e+00
5.010903625858636224e+04 0.000000000000000000e+00
5.010929090561890189e+04 0.000000000000000000e+00
5.010965307212345215e+04 0.000000000000000000e+00
5.010995992884989391e+04 0.000000000000000000e+00
5.011054945346462046e+04 0.000000000000000000e+00
5.011128977547024260e+04 0.000000000000000000e+00
5.011237207287333877e+04 0.000000000000000000e+00
5.011280482310771913e+04 0.000000000000000000e+00
5.011313337113498710e+04 0.000000000000000000e+00
5.011374298732963507e+04 0.000000000000000000e+00
5.011482264930359815e+04 0.000000000000000000e+00
5.011547423818742391e+04 0.000000000000000000e+00
5.011593843362452026e+04 0.000000000000000000e+00
5.011601180358624697e+04 0.000000000000000000e+00
5.011625144099575846e+04 0.000000000000000000e+00
5.011690587034544296e+04 0.000000000000000000e+00
5.011757803828424221e+04 0.000000000000000000e+00
5.011803853272312699e+04 0.000000000000000000e+00
5.011909484996509855e+04 0.000000000000000000e+00
5.011949070568277239e+04 0.000000000000000000e+00
5.012071594441009802e+04 0.000000000000000000e+00
5.012107242339063669e+04 0.000000000000000000e+00
5.012137889101840847e+04 0.000000000000000000e+00
5.012229868622489448e+04 0.000000000000000000e+00
5.012336906292445201e+04 0.000000000000000000e+00
5.012352047322192084e+04 0.000000000000000000e+00
5.012429070810740086e+04 0.000000000000000000e+00
5.012473144809179939e+04 0.000000000000000000e+00
5.012488243324626819e+04 0.000000000000000000e+00
5.012553784220226953e+04 0.000000000000000000e+00
5.012670271621287975e+04 0.000000000000000000e+00
5.012817985396210133e+04 0.000000000000000000e+00
5.012835608865023096e+04 0.000000000000000000e+00
5.012904861890810571e+04 0.000000000000000000e+00
5.012993152486536565e+04 0.000000000000000000e+00
5.013076168649693864e+04 0.000000000000000000e+00
5.013146636917035357e+04 0.000000000000000000e+00
5.013168948404249386e+04 0.000000000000000000e+00
5.013284127913620614e+04 0.000000000000000000e+00
5.013305533679811924e+04 0.000000000000000000e+00
5.013369478182421153e+04 0.000000000000000000e+00
5.013455799462652067e+04 0.000000000000000000e+00
5.013512150869068137e+04 0.000000000000000000e+00
5.013629232998602674e+04 0.000000000000000000e+00
5.013823010149283073e+04 0.000000000000000000e+00
5.013859011667482264e+04 0.000000000000000000e+00
5.013994054540854268e+04 0.000000000000000000e+00
5.014021063550788676e+04 0.000000000000000000e+00
5.014097948477481987e+04 0.000000000000000000e+00
5.014149830776735325e+04 0.000000000000000000e+00
5.014209774075950554e+04 0.000000000000000000e+00
5.014278649612672598e+04 0.000000000000000000e+00
5.014438759222425142e+04 0.000000000000000000e+00
5.014484588976887608e+04 0.000000000000000000e+00
5.014617914501070481e+04 0.000000000000000000e+00
5.014803715280033066e+04 0.000000000000000000e+00
5.014893712121697172e+04 0.000000000000000000e+00
5.014997016505094507e+04 0.000000000000000000e+00
5.015075597515232221e+04 0.000000000000000000e+00
5.015088232412718207e+04 0.000000000000000000e+00
5.015191866716561344e+04 0.000000000000000000e+00
5.015320888517368439e+04 0.000000000000000000e+00
5.015447243128280388e+04 0.000000000000000000e+00
5.015630716224843491e+04 0.000000000000000000e+00
5.015869783620489034e+04 0.000000000000000000e+00
5.015950851813868940e+04 0.000000000000000000e+00
5.016019553944391373e+04 0.000000000000000000e+00
5.016187595938696904e+04 0.000000000000000000e+00
5.016298731406401930e+04 0.000000000000000000e+00
5.016329107871103770e+04 0.000000000000000000e+00
5.016643588901844487e+04 0.000000000000000000e+00
5.016925222514566121e+04 0.000000000000000000e+00
5.016954895417239459e+04 0.000000000000000000e+00
5.017069049830755102e+04 0.000000000000000000e+00
5.017152898477780400e+04 0.000000000000000000e+00
5.017373929884054814e+04 0.000000000000000000e+00
5.017979226268677303e+04 0.000000000000000000e+00
5.018023506980543607e+04 0.000000000000000000e+00
5.018432969962077186e+04 0.000000000000000000e+00
5.018457363610134780e+04 0.000000000000000000e+00
5.019374870765770902e+04 0.000000000000000000e+00
5.019415988854770694e+04 0.000000000000000000e+00
