-5.000032126655983302e+04 1.217430727990890054e-05
-4.999850186793943431e+04 2.985123449258935359e-05
-4.999690736517633923e+04 1.133001834911707976e-05
-4.999554781515549257e+04 1.924929007070684181e-04
-4.999440417333920050e+04 2.321664238705552249e-05
-4.999342926449231891e+04 1.860674727851896865e-09
-4.999256659373112780e+04 6.921646548051094356e-05
-4.999177197914450517e+04 5.057673980493456253e-05
-4.999102023642334825e+04 5.910773136925650666e-05
-4.999029543761527748e+04 6.912478553273641525e-07
-4.999018165482632321e+04 5.862217041044089430e-05
-4.998958532644245861e+04 5.885297577222288978e-07
-4.998889030723942415e+04 3.370732989808180116e-05
-4.998818529608430254e+04 7.072886425703965922e-08
-4.998805295445168304e+04 1.584963318979426636e-03
-4.998746423717820289e+04 7.276323319007297209e-05
-4.998672756630558433e+04 1.794770943794952024e-04
-4.998600421810463740e+04 2.888730686013499423e-03
-4.998588701069568197e+04 7.447950320366535440e-03
-4.998518642262545472e+04 4.433933506111348126e-05
-4.998437259284933680e+04 2.810215524517281528e-06
-4.998382009765580733e+04 4.771052579159384098e-03
-4.998353236969789577e+04 6.935805946570041227e-05
-4.998268235272252059e+04 4.138192661886456731e-05
-4.998198663055275392e+04 9.009261055885647471e-05
-4.998155412271995738e+04 2.194887118258629255e-04
-4.998100878559130797e+04 3.889621642297049735e-06
-4.998013564677030809e+04 5.156664364412563151e-01
-4.998012396411923692e+04 3.672148472650946238e-01
-4.997952617924277001e+04 1.051058593669611848e-03
-4.997920615616550640e+04 1.929529597544482025e-05
-4.997833372992431396e+04 6.472623710549210393e-05
-4.997791621813535312e+04 9.329461838749554536e-02
-4.997756765632702445e+04 2.993867502904612801e-04
-4.997725934967685316e+04 1.092914540588468987e-04
-4.997652285515199765e+04 1.476967134174045283e-05
-4.997560519089244917e+04 3.387076186228040516e-03
-4.997556429698770808e+04 5.604449061847872589e-04
-4.997524683498856029e+04 1.835006311804651409e-05
-4.997460402329910721e+04 1.332371779274510838e-06
-4.997355593007864081e+04 1.101505420597967450e-05
-4.997326661051137489e+04 1.516804394816979526e-04
-4.997311950254598196e+04 1.469161157202881975e-04
-4.997253606585905072e+04 2.130337171347426986e-07
-4.997148669307683303e+04 4.415573375971057311e-08
-4.997102974266660021e+04 9.957758529547101594e-08
-4.997065749613574008e+04 1.016852073838383698e-05
-4.997034454593854753e+04 5.186065678510923499e-07
-4.996903419620164641e+04 2.816445796531411366e-07
-4.996883241164405626e+04 1.402061588970519008e-06
-4.996813265324003441e+04 1.539878299765721784e-05
-4.996746947171752254e+04 9.504551135897644833e-10
-4.996700914410314726e+04 8.102700669241975859e-07
-4.996595157664501312e+04 4.846807674911846646e-07
-4.996555228430678835e+04 9.004800525598897880e-07
-4.996502815490317153e+04 2.386056564132856479e-07
-4.996397257900527620e+04 7.695949885336895326e-08
-4.996355089100716577e+04 1.059342300900815086e-08
-4.996298174672271853e+04 1.132289375194456523e-07
-4.996203428741737298e+04 1.399908049105768392e-08
-4.996094018481350940e+04 7.963188751323753416e-11
-4.996054515643241757e+04 6.549811993673200688e-10
-4.996008648154511320e+04 3.258289659167831344e-10
-4.995927940081402630e+04 7.510440283845817000e-10
-4.995808469452967984e+04 3.065011586712485423e-09
-4.995738025385962828e+04 7.553324399067544820e-09
-4.995696400546041696e+04 9.298824649269426260e-11
-4.995585830644566886e+04 7.670206837342255366e-12
-4.995496286983432947e+04 1.047627658208566209e-09
-4.995473375881265383e+04 7.315611229698864515e-10
-4.995335856882133521e+04 6.943090695591275014e-13
-4.995258252522684779e+04 1.568541482738718980e-11
-4.995217317331311642e+04 1.469755321890120352e-10
-4.995104218142083118e+04 6.984665745982440648e-13
-4.995001922201054549e+04 1.765186757672107821e-14
-4.994954230394839396e+04 3.765324581993410980e-13
-4.994842304108001554e+04 1.228434518644975299e-15
-4.994783568846079288e+04 2.210659587820846676e-12
-4.994692698513658979e+04 4.700803599676780772e-12
-4.994610071812814567e+04 1.302910264445958243e-12
-4.994477061245310324e+04 2.343219103581891245e-12
-4.994371615532840951e+04 3.641873488844018149e-13
-4.994285852976542810e+04 3.615193677437498275e-13
-4.994158960473284969e+04 4.063120118632469016e-14
-4.994129083585687476e+04 8.086154478394143783e-14
-4.994069771275597304e+04 3.077119691461793348e-14
-4.993910031902098126e+04 4.650964062553588706e-15
-4.993845358884151210e+04 7.279813837780903464e-16
-4.993755145839861507e+04 2.337879918111875674e-15
-4.993607022177655745e+04 6.366765407561773679e-16
-4.993532414421917929e+04 3.238571413280087813e-15
-4.993456224882037350e+04 2.451267677967296466e-15
-4.993314112424178893e+04 3.554710500527366275e-16
-4.993244019163349003e+04 1.533483662131225427e-15
-4.993113434649422561e+04 8.525802432718072705e-18
-4.992997553375481948e+04 9.669090160950842815e-17
-4.992946935861776728e+04 4.834654146000528652e-17
-4.992808082624921371e+04 1.175540487432133877e-19
-4.992670255511951109e+04 4.037872443312526702e-20
-4.992571785818198259e+04 1.947840122737905599e-20
-4.992478025818927563e+04 7.930745542764184183e-18
-4.992384533409825235e+04 9.850574335382630522e-19
-4.992303821009005333e+04 1.631027184069493807e-19
-4.992172948364806507e+04 2.575949435274476572e-18
-4.992119138174347609e+04 2.421032171738960328e-19
-4.991930269199142640e+04 2.250891533878628539e-19
-4.991852478241903736e+04 4.388533595911743585e-20
-4.991691185772400786e+04 3.092680875603969047e-21
-4.991601047312437731e+04 1.667995633687683129e-21
-4.991563877424724342e+04 6.039763092845605527e-21
-4.991342231170841842e+04 4.736380497004094296e-21
-4.991315143089029152e+04 4.602892202473950189e-21
-4.991109480781793536e+04 1.387391634585487183e-21
-4.991020351391607983e+04 1.718137089114661572e-21
-4.990867647213818418e+04 2.857245488831811666e-22
-4.990779357422864268e+04 1.062423759927645193e-22
-4.990656108458137169e+04 1.405575071496533017e-24
-4.990568492972918466e+04 3.255150264577611162e-23
-4.990399657376688992e+04 1.310268033872124364e-23
-4.990284930568476557e+04 7.446174761172053379e-24
-4.990209693193333078e+04 0.000000000000000000e+00
-4.990035218757106486e+04 3.835322017503735219e-24
-4.989946076351834199e+04 0.000000000000000000e+00
-4.989791118317166547e+04 0.000000000000000000e+00
-4.989681916121735412e+04 0.000000000000000000e+00
-4.989528615397465910e+04 0.000000000000000000e+00
-4.989393803884711087e+04 0.000000000000000000e+00
-4.989305423959730979e+04 0.000000000000000000e+00
-4.989203255773049750e+04 0.000000000000000000e+00
-4.989030468932633084e+04 0.000000000000000000e+00
-4.988948358558445761e+04 0.000000000000000000e+00
-4.988684056427073665e+04 0.000000000000000000e+00
-4.988600434829034202e+04 0.000000000000000000e+00
-4.988362415841507755e+04 0.000000000000000000e+00
-4.988257439636870549e+04 0.000000000000000000e+00
-4.988025678787042125e+04 0.000000000000000000e+00
-4.987991826798472175e+04 0.000000000000000000e+00
-4.987738024028588552e+04 0.000000000000000000e+00
-4.987396634785143397e+04 0.000000000000000000e+00
-4.987260907141764619e+04 0.000000000000000000e+00
-4.986987016225640400e+04 0.000000000000000000e+00
-4.986728431855256349e+04 0.000000000000000000e+00
-4.986654638023563166e+04 0.000000000000000000e+00
-4.986190230654815241e+04 0.000000000000000000e+00
-4.985565077795043180e+04 0.000000000000000000e+00
-4.985553693594856304e+04 0.000000000000000000e+00
-4.984875858282748231e+04 0.000000000000000000e+00
-4.984834170472597907e+04 0.000000000000000000e+00
-4.983641373935837328e+04 0.000000000000000000e+00
-4.983589740929091931e+04 0.000000000000000000e+00
4.999968460882423096e+04 9.708845667527545417e-17
5.000151129416493495e+04 2.392169193232250967e-11
5.000311333028403897e+04 1.951156127059906339e-10
5.000448188287785160e+04 6.239627290553895921e-11
5.000563681853820890e+04 1.158495355964706104e-10
5.000662497480905586e+04 2.578473541965494915e-10
5.000750163429368695e+04 7.251397322754551150e-11
5.000830993877221044e+04 4.367208251668144089e-11
5.000907447803392279e+04 3.061257476555753440e-12
5.000980936742392805e+04 1.202764761381706777e-10
5.000983185028197477e+04 1.503501846804321706e-09
5.001053130666009383e+04 5.744602521636586918e-12
5.001123362957587233e+04 1.523881914583187014e-10
5.001194199122027203e+04 1.521976522739813017e-09
5.001197684929396928e+04 9.687732164383460136e-09
5.001266662605691818e+04 3.563570283159489916e-14
5.001340395094121777e+04 9.672561354647731676e-11
5.001407647328874009e+04 2.243456075331802425e-09
5.001420373137998104e+04 9.238072026099547771e-10
5.001494328035947547e+04 7.036398812765780954e-12
5.001575514481311984e+04 1.471092873379876185e-13
5.001623331013949792e+04 3.274158860157949188e-10
5.001659771677594836e+04 4.312406483367367886e-12
5.001744681509102520e+04 2.231398598325946346e-12
5.001812663745303871e+04 1.880897170491247879e-12
5.001852858536274289e+04 1.579885426555880719e-12
5.001912412378613226e+04 1.879960959350491338e-13
5.001987552604397933e+04 9.589212183277986496e-10
5.002000647793958342e+04 3.390176394484276414e-12
5.002055580458487384e+04 1.013671049095268884e-11
5.002093403459779074e+04 9.912100923886964136e-13
5.002181337364708452e+04 2.631713478488154076e-15
5.002210005137533153e+04 2.776169019490552338e-11
5.002255363711748214e+04 4.390884197092502524e-12
5.002285790371103212e+04 4.300616674530347613e-12
5.002363034935585893e+04 4.348323151672106618e-18
5.002442772628189414e+04 3.844470317645691403e-11
5.002459055221496237e+04 2.731902551587836961e-13
5.002485197609175520e+04 2.048358604065833552e-13
5.002556359491270996e+04 5.753161114943330506e-14
5.002660093371185212e+04 2.647010910070069071e-12
5.002682238424714888e+04 3.333646700051553457e-11
5.002696293652640452e+04 2.122687560907737988e-11
5.002762274799397710e+04 7.396412247360427155e-13
5.002867157161462092e+04 1.437257450670319339e-13
5.002909410806809319e+04 5.567154831875192966e-12
5.002940673545816389e+04 1.929402529959612184e-11
5.002980822364550113e+04 2.161610998895051630e-13
5.003111017757548689e+04 4.341486340020304436e-13
5.003132589256334904e+04 4.833108303705438979e-13
5.003193277255420981e+04 1.498834888977840741e-12
5.003267754255421460e+04 2.237039962896277025e-14
5.003314855081192218e+04 1.215930363898374884e-13
5.003419314538090111e+04 1.484521306329081744e-13
5.003453164681673661e+04 2.128938044920714512e-13
5.003512494323465944e+04 2.283375840688527027e-14
5.003618678433784225e+04 2.477317061626560513e-15
5.003660000385570311e+04 4.632470978080039501e-16
5.003710925797218806e+04 8.561913791014129240e-15
5.003811986992750462e+04 1.974147660483659662e-15
5.003921036690831534e+04 1.006908002681748205e-18
5.003957985455250309e+04 1.637167444947030557e-14
5.004004485156386363e+04 1.530970168872820945e-14
5.004087535375135485e+04 2.830618092770839399e-15
5.004205596589508787e+04 6.349219481389215362e-16
5.004275974967531511e+04 4.079834746354712219e-15
5.004321208133228356e+04 3.838447283044254544e-17
5.004430252606835711e+04 1.457367554515951362e-17
5.004516925407096278e+04 5.090406516742265824e-16
5.004542457923055190e+04 2.113944063744799483e-16
5.004681408524043945e+04 3.081072836975845560e-18
5.004758991101283027e+04 6.733402899445476986e-19
5.004796690195003612e+04 2.471418256343979097e-18
5.004914365641135373e+04 7.294937322405995026e-19
5.005012655260792235e+04 5.237274520575179503e-18
5.005060028696665540e+04 3.238420825701818582e-17
5.005177800945641502e+04 1.921250352077588825e-18
5.005231933167565876e+04 2.544794982359486530e-18
5.005324668311024288e+04 8.260738595773268241e-18
5.005410090464258246e+04 5.286805776503236519e-19
5.005542113452343619e+04 1.944261883105485381e-18
5.005646697385555308e+04 2.248074366488025966e-19
5.005735707830901811e+04 9.780852445407196878e-20
5.005858448538448283e+04 2.933853441526796812e-21
5.005888077225687448e+04 2.841929838063365315e-20
5.005951246050235932e+04 1.265551629639777298e-22
5.006108163125010469e+04 1.249379258301284114e-20
5.006176318739143608e+04 7.843684177816743761e-21
5.006268926396102324e+04 3.116288300740511449e-20
5.006416003558331431e+04 8.333857948449079922e-22
5.006492157487441000e+04 4.198812995052567361e-21
5.006565184024529299e+04 5.021706966117510558e-21
5.006706103399141284e+04 3.615086467698459529e-22
5.006781779878965608e+04 1.118118831240862883e-21
5.006910688106329326e+04 0.000000000000000000e+00
5.007031405668869411e+04 0.000000000000000000e+00
5.007077818478534027e+04 9.386808720128887903e-24
5.007219883644934453e+04 2.156927887419009969e-23
5.007355882061693410e+04 2.881055539171744029e-23
5.007452713805031090e+04 0.000000000000000000e+00
5.007545616611282458e+04 2.386997611022204388e-23
5.007645388389021537e+04 3.599028580160292965e-24
5.007725894483757293e+04 0.000000000000000000e+00
5.007851214794344560e+04 2.618286146826855271e-24
5.007913140006457979e+04 0.000000000000000000e+00
5.008100214540849993e+04 0.000000000000000000e+00
5.008178412358862988e+04 0.000000000000000000e+00
5.008337735371081362e+04 0.000000000000000000e+00
5.008430632017649623e+04 0.000000000000000000e+00
5.008474784669744258e+04 0.000000000000000000e+00
5.008688499709060852e+04 0.000000000000000000e+00
5.008722740645174053e+04 0.000000000000000000e+00
5.008926410141913948e+04 0.000000000000000000e+00
5.009015618146859924e+04 0.000000000000000000e+00
5.009170029926253483e+04 0.000000000000000000e+00
5.009259374865016434e+04 0.000000000000000000e+00
5.009381203175648261e+04 0.000000000000000000e+00
5.009466536179522518e+04 0.000000000000000000e+00
5.009639914400420821e+04 0.000000000000000000e+00
5.009749276584934705e+04 0.000000000000000000e+00
5.009833954890677705e+04 0.000000000000000000e+00
5.010009865613944567e+04 0.000000000000000000e+00
5.010093958158390160e+04 0.000000000000000000e+00
5.010252568606787827e+04 0.000000000000000000e+00
5.010360381706098269e+04 0.000000000000000000e+00
5.010506209676810249e+04 0.000000000000000000e+00
5.010644449704990984e+04 0.000000000000000000e+00
5.010745617700565344e+04 0.000000000000000000e+00
5.010833575666989782e+04 0.000000000000000000e+00
5.011019937264203327e+04 0.000000000000000000e+00
5.011116814676336071e+04 0.000000000000000000e+00
5.011374307489839703e+04 0.000000000000000000e+00
5.011437919199911994e+04 0.000000000000000000e+00
5.011675659726297454e+04 0.000000000000000000e+00
5.011784733227888501e+04 0.000000000000000000e+00
5.012019808247572655e+04 0.000000000000000000e+00
5.012070811847551522e+04 0.000000000000000000e+00
5.012334652741534956e+04 0.000000000000000000e+00
5.012673117805694346e+04 0.000000000000000000e+00
5.012773405188867764e+04 0.000000000000000000e+00
5.013061958126707759e+04 0.000000000000000000e+00
5.013302880880486191e+04 0.000000000000000000e+00
5.013378658308314334e+04 0.000000000000000000e+00
5.013895797353835951e+04 0.000000000000000000e+00
5.014474559429714282e+04 0.000000000000000000e+00
5.014485088130426448e+04 0.000000000000000000e+00
5.015152956122568867e+04 0.000000000000000000e+00
5.015197538843718939e+04 0.000000000000000000e+00
5.016390222393383010e+04 0.000000000000000000e+00
5.016445988234027755e+04 0.000000000000000000e+00
