-5.009529420852630574e+04 0.000000000000000000e+00
-5.009526505496363097e+04 0.000000000000000000e+00
-5.008818468427685002e+04 0.000000000000000000e+00
-5.008815701746095874e+04 0.000000000000000000e+00
-5.008335783446418645e+04 0.000000000000000000e+00
-5.008333411690917274e+04 0.000000000000000000e+00
-5.008178039979084133e+04 0.000000000000000000e+00
-5.008059102681508375e+04 0.000000000000000000e+00
-5.008032351176281372e+04 0.000000000000000000e+00
-5.007993969337375165e+04 0.000000000000000000e+00
-5.007901504605405353e+04 0.000000000000000000e+00
-5.007809422377603914e+04 0.000000000000000000e+00
-5.007709457059206761e+04 0.000000000000000000e+00
-5.007598489442185382e+04 0.000000000000000000e+00
-5.007474672239779466e+04 0.000000000000000000e+00
-5.007343395306596358e+04 0.000000000000000000e+00
-5.007207674492857768e+04 0.000000000000000000e+00
-5.007148154274238914e+04 0.000000000000000000e+00
-5.007063540096747602e+04 0.000000000000000000e+00
-5.006943745163507265e+04 0.000000000000000000e+00
-5.006913092486382811e+04 0.000000000000000000e+00
-5.006767200604627578e+04 0.000000000000000000e+00
-5.006740973487494193e+04 0.000000000000000000e+00
-5.006617883786434686e+04 0.000000000000000000e+00
-5.006551972663176275e+04 0.000000000000000000e+00
-5.006469441119433759e+04 0.000000000000000000e+00
-5.006374323706991709e+04 0.000000000000000000e+00
-5.006325253390100261e+04 0.000000000000000000e+00
-5.006214205555448279e+04 0.000000000000000000e+00
-5.006187120271527237e+04 0.000000000000000000e+00
-5.006144790581961570e+04 0.000000000000000000e+00
-5.006131510841711133e+04 0.000000000000000000e+00
-5.006123937093229324e+04 0.000000000000000000e+00
-5.006083870066649979e+04 0.000000000000000000e+00
-5.006037612397070188e+04 0.000000000000000000e+00
-5.006012363694124360e+04 0.000000000000000000e+00
-5.006012051868706476e+04 0.000000000000000000e+00
-5.005981362479358359e+04 0.000000000000000000e+00
-5.005933617239787418e+04 0.000000000000000000e+00
-5.005927405751581682e+04 0.000000000000000000e+00
-5.005896902671367570e+04 0.000000000000000000e+00
-5.005836450843021157e+04 0.000000000000000000e+00
-5.005798518359344598e+04 0.000000000000000000e+00
-5.005742102368175256e+04 0.000000000000000000e+00
-5.005723168401291332e+04 0.000000000000000000e+00
-5.005716423664688045e+04 0.000000000000000000e+00
-5.005662006285746611e+04 0.000000000000000000e+00
-5.005657247229033965e+04 0.000000000000000000e+00
-5.005566982224971434e+04 0.000000000000000000e+00
-5.005523081944568548e+04 0.000000000000000000e+00
-5.005515427029011335e+04 0.000000000000000000e+00
-5.005475566091010842e+04 0.000000000000000000e+00
-5.005383837586545269e+04 0.000000000000000000e+00
-5.005359146522382798e+04 0.000000000000000000e+00
-5.005311862464209116e+04 0.000000000000000000e+00
-5.005292234543449013e+04 0.000000000000000000e+00
-5.005235184637534257e+04 0.000000000000000000e+00
-5.005144196247259970e+04 0.000000000000000000e+00
-5.005140124573673529e+04 0.000000000000000000e+00
-5.005108910281844874e+04 0.000000000000000000e+00
-5.005060287181943568e+04 0.000000000000000000e+00
-5.005020954168769094e+04 0.000000000000000000e+00
-5.004931003859909106e+04 0.000000000000000000e+00
-5.004913934875138511e+04 0.000000000000000000e+00
-5.004911030695144291e+04 0.000000000000000000e+00
-5.004864766292764398e+04 0.000000000000000000e+00
-5.004809737854319246e+04 0.000000000000000000e+00
-5.004720469679278904e+04 2.254649149734304044e-24
-5.004717810860323516e+04 0.000000000000000000e+00
-5.004693303408114298e+04 0.000000000000000000e+00
-5.004569503939148126e+04 2.379330877616021329e-24
-5.004546296129650727e+04 0.000000000000000000e+00
-5.004522723255845631e+04 1.053570251214103559e-23
-5.004506327936043817e+04 1.930150863649275773e-24
-5.004446642884786706e+04 0.000000000000000000e+00
-5.004345870446322806e+04 5.628493872203756076e-24
-5.004335683029321808e+04 6.087836221039613657e-24
-5.004295947577374318e+04 0.000000000000000000e+00
-5.004247913184673234e+04 0.000000000000000000e+00
-5.004192172950763779e+04 0.000000000000000000e+00
-5.004166708296995785e+04 0.000000000000000000e+00
-5.004144087593402219e+04 0.000000000000000000e+00
-5.004101602987480874e+04 9.673485669712217679e-24
-5.004085085821254324e+04 6.429154184417497479e-24
-5.004000259888186702e+04 1.945798786056052213e-23
-5.003930559603164875e+04 1.337052987466930188e-24
-5.003928817118155712e+04 1.874875879933482030e-23
-5.003881198092750856e+04 6.788969353010880956e-23
-5.003866803160269774e+04 9.215613755002439147e-24
-5.003838275023712049e+04 1.672304811752466557e-24
-5.003777786681296129e+04 0.000000000000000000e+00
-5.003740896467105631e+04 0.000000000000000000e+00
-5.003717186859903450e+04 0.000000000000000000e+00
-5.003685414922679774e+04 2.155995716276023301e-23
-5.003668577737021405e+04 1.246845152727452532e-22
-5.003587280073948932e+04 0.000000000000000000e+00
-5.003571003743127221e+04 0.000000000000000000e+00
-5.003504129175726848e+04 4.491179507280162868e-23
-5.003484164354870882e+04 0.000000000000000000e+00
-5.003468399884858081e+04 5.919930363703860508e-24
-5.003439440168149304e+04 3.920419393448129010e-24
-5.003399098547769972e+04 6.308880284839325128e-24
-5.003382623054049327e+04 2.622175323645760523e-24
-5.003313303738365357e+04 4.013321186882946361e-23
-5.003291492173488950e+04 3.905800006805783592e-22
-5.003267896249112528e+04 1.959749951913832204e-22
-5.003249521302440553e+04 1.739647781609618422e-23
-5.003232387868996739e+04 0.000000000000000000e+00
-5.003200634275493940e+04 0.000000000000000000e+00
-5.003144073856297473e+04 1.747273989276719682e-24
-5.003121035321563249e+04 4.664911506001749634e-23
-5.003088610262668226e+04 4.078100180061382571e-23
-5.003079537450538191e+04 8.425828070045759009e-22
-5.003067875987930893e+04 7.939022295254760178e-22
-5.002998917613964295e+04 1.852083477499208960e-24
-5.002953617267531081e+04 4.054034622285679018e-23
-5.002930476970239397e+04 1.135137744184045053e-22
-5.002897720604955248e+04 0.000000000000000000e+00
-5.002883709108678886e+04 1.005981992894344602e-22
-5.002868933884004218e+04 1.832906361075104880e-22
-5.002853742100639647e+04 5.324942742181567566e-23
-5.002793132964534016e+04 1.183995148344185656e-23
-5.002744347815241781e+04 0.000000000000000000e+00
-5.002717942229565233e+04 1.726677772749589102e-22
-5.002716915445615450e+04 9.970876770239911368e-22
-5.002682725826314709e+04 2.400814475699534326e-22
-5.002658806200586696e+04 1.763067291599222598e-21
-5.002637979884740344e+04 1.024343788618159265e-23
-5.002610932451963163e+04 2.020864495481444245e-23
-5.002532231905777735e+04 1.032073309425913867e-22
-5.002509077982246527e+04 8.021513719000085596e-23
-5.002503435649089806e+04 2.402674354056697972e-21
-5.002494094136981585e+04 1.139880391648703793e-21
-5.002449381963767519e+04 9.932232009181542586e-21
-5.002411717856402538e+04 1.179668060009898506e-24
-5.002338462995878217e+04 1.088570120903608528e-24
-5.002326073623577395e+04 2.233108849125968543e-22
-5.002290125017285027e+04 2.214286860383766760e-22
-5.002264022323332028e+04 1.886795016033537342e-24
-5.002241804152457189e+04 8.442280057396654800e-21
-5.002222825152621226e+04 1.815621779596225883e-23
-5.002160537831053080e+04 4.872810599529491263e-22
-5.002158034811470134e+04 5.699808553310046366e-22
-5.002144071776432247e+04 6.343756629934859089e-22
-5.002077116119065613e+04 1.300540790378927349e-20
-5.002068085344731662e+04 8.309456558723888280e-23
-5.002037947175713634e+04 4.261524832076366452e-22
-5.002014699053878576e+04 1.507436620099245858e-23
-5.001990021073284151e+04 2.252828131564783824e-22
-5.001930462668547261e+04 2.346979997587684080e-21
-5.001916415625270747e+04 6.734674324799874512e-23
-5.001868737072584918e+04 7.452024753167310275e-22
-5.001864156730749528e+04 8.085914726974770633e-20
-5.001830635780728335e+04 1.598312501716327113e-20
-5.001768914318484894e+04 2.237509404144005768e-22
-5.001761551313872042e+04 2.935123731799307815e-22
-5.001721881686335109e+04 2.026591889719158644e-22
-5.001716860422739410e+04 2.122604943371591653e-22
-5.001678227329027141e+04 4.445210980427542901e-22
-5.001652015005407156e+04 1.069447386172731106e-19
-5.001623174426212790e+04 2.667427755732791661e-20
-5.001584635478044220e+04 2.986226360545055350e-22
-5.001522605623902928e+04 2.460075150836011087e-22
-5.001503282341884187e+04 7.992449072195192112e-20
-5.001488374263492733e+04 0.000000000000000000e+00
-5.001440764577184018e+04 1.568132128808871062e-23
-5.001435378003088408e+04 1.400249654443467255e-21
-5.001419253812605166e+04 1.389635492731999896e-21
-5.001381865400458628e+04 5.415915789463823684e-22
-5.001351647398124624e+04 6.451654158214744789e-22
-5.001289756569325255e+04 4.718837064465050577e-19
-5.001284678901467123e+04 1.083474861279208856e-23
-5.001234462433999579e+04 8.998578500703636550e-20
-5.001228706414972839e+04 1.017384135629490111e-19
-5.001224381655527395e+04 1.943006432161163300e-20
-5.001178232949950325e+04 8.434605163006677817e-22
-5.001168239050036209e+04 1.778191411260805816e-21
-5.001144071485217864e+04 5.194377547767814364e-21
-5.001084237481434684e+04 1.809817301388113762e-21
-5.001076290113519644e+04 7.015247173934449568e-19
-5.001037905095225869e+04 3.229501058547341653e-20
-5.001020732075144770e+04 5.379195688527381099e-19
-5.000997143463393149e+04 2.534427849818158059e-20
-5.000942521484503231e+04 1.953845258130570628e-21
-5.000930460223741102e+04 2.493344334744724945e-19
-5.000899069670508470e+04 5.413288647426241625e-22
-5.000884436934137193e+04 7.517821778954899950e-22
-5.000862977000265528e+04 5.487186951301790679e-21
-5.000840269584432099e+04 1.735765237900249621e-21
-5.000810327361719101e+04 8.681225038401430803e-20
-5.000799777877563611e+04 2.026720167657211561e-21
-5.000732033273144043e+04 9.977018542637694583e-22
-5.000716850433575746e+04 1.690832381099208740e-18
-5.000677246739066322e+04 4.889584662116696833e-21
-5.000660137480751291e+04 1.106334488007986214e-19
-5.000650096969694278e+04 1.844212765040175995e-18
-5.000644460300983337e+04 8.733870523160901674e-20
-5.000602221054931579e+04 2.144974746766661226e-19
-5.000575960543423571e+04 5.797898503843643795e-21
-5.000512951409687230e+04 5.749793949298334416e-22
-5.000503245284320292e+04 2.766856567180604115e-18
-5.000475293241753388e+04 2.477702259681996969e-20
-5.000437192037344357e+04 6.987699554779087944e-18
-5.000417954387397185e+04 1.042503885090199408e-20
-5.000408256667436217e+04 1.933375851411372333e-19
-5.000386204030975932e+04 2.428661897762756348e-19
-5.000353733286826900e+04 1.333131130456842669e-20
-5.000318049805070041e+04 6.780972975842786419e-22
-5.000289651325224258e+04 4.652080927647745516e-21
-5.000241449250032019e+04 1.811055213489214855e-20
-5.000224936541483476e+04 2.989530426875328424e-18
-5.000221865934289963e+04 3.225438180459081630e-19
-5.000192281605890457e+04 1.747570368817946509e-19
-5.000147667860588263e+04 1.688976773081932661e-21
-5.000145452480157110e+04 6.463708570822984920e-20
-5.000144071444928704e+04 1.526678895493991216e-18
-5.000082473536229372e+04 9.442183159035220714e-20
-5.000076080529622413e+04 1.878722105263380900e-17
-5.000050657841267821e+04 1.976342879288024703e-21
-5.000012762086957810e+04 1.946190380151044826e-18
-4.999993262939337001e+04 7.526759864163945472e-19
-4.999956955743098661e+04 7.430737504298486100e-24
-4.999947842108646728e+04 7.248117377825574928e-20
-4.999930459845485893e+04 3.919188361946328798e-18
-4.999898970720131183e+04 2.580710478799762175e-21
-4.999862562373546098e+04 6.642409086911690768e-17
-4.999852647666519624e+04 4.294877759187843674e-20
-4.999802351233673107e+04 8.947368727143075840e-18
-4.999795620895377215e+04 2.423168024324672574e-20
-4.999777556539908983e+04 5.811864772998510228e-20
-4.999753527578873764e+04 2.547056721657635228e-20
-4.999716848514843878e+04 1.643874051621847531e-18
-4.999667527708038688e+04 3.070326179801804616e-21
-4.999649092046648730e+04 4.791213411626817022e-17
-4.999634984533509851e+04 1.679529859910721451e-20
-4.999606550564549980e+04 1.213458067459624985e-19
-4.999592172705305711e+04 8.776443367602947560e-18
-4.999581313854608015e+04 3.386363806975756138e-18
-4.999545536977865413e+04 7.909623657646920717e-21
-4.999503238127627264e+04 1.355151458435342342e-16
-4.999469115194492770e+04 1.049433947766140328e-20
-4.999435775104829372e+04 1.335547681734589490e-17
-4.999431529341857822e+04 1.137786665776250361e-20
-4.999397026904787344e+04 5.048389712860402810e-19
-4.999389785012151697e+04 6.124032098699222416e-19
-4.999377817482187675e+04 2.679769894337548106e-18
-4.999309903588479938e+04 6.440689470786574580e-21
-4.999289630417442822e+04 5.139635200600929889e-16
-4.999282644512720435e+04 3.520506485882141369e-20
-4.999225166302036087e+04 2.205459679185736423e-18
-4.999222593783547200e+04 1.383182783543260182e-16
-4.999197190056772524e+04 6.151195444320737782e-19
-4.999172053055184369e+04 8.000685163117105530e-18
-4.999144071439594700e+04 1.451315543262715883e-17
-4.999139173880576709e+04 3.796553524871813730e-19
-4.999109497492060473e+04 2.999167816221675030e-20
-4.999076028645179031e+04 4.407800326896489947e-16
-4.999055000549383840e+04 2.213991397697464692e-20
-4.999029366475110874e+04 2.061998386824149258e-19
-4.999009766569526255e+04 2.159493308571597783e-16
-4.999001413731230423e+04 3.397143288051917834e-18
-4.998986814008858346e+04 2.499929905978246249e-19
-4.998963244560292515e+04 1.712742422446560168e-19
-4.998951347975483804e+04 3.300085461093167166e-19
-4.998930459786969004e+04 5.176253678744139332e-16
-4.998865834126201662e+04 3.337234571174295207e-20
-4.998862440577453526e+04 8.798456251769575866e-17
-4.998820362043242494e+04 1.570865610402446277e-19
-4.998797547368262894e+04 5.177254532184033349e-19
-4.998793897072251275e+04 2.792527298356321993e-19
-4.998758111340583127e+04 4.193304610925835828e-20
-4.998716848180778470e+04 2.552630434612575960e-15
-4.998712496927293250e+04 2.172014994193045832e-20
-4.998651350241486216e+04 4.996403120737188900e-19
-4.998648885593230807e+04 1.979879064250441238e-15
-4.998638119427082711e+04 1.017916132476233402e-19
-4.998603351975639816e+04 4.896516820753245831e-18
-4.998599673975484620e+04 5.241789168927706623e-18
-4.998584436063795874e+04 2.335575792039677424e-16
-4.998552597839691589e+04 2.337385142678676838e-17
-4.998517058790238661e+04 2.216421872944357055e-18
-4.998503236751886288e+04 2.541244340000080326e-15
-4.998438473457656801e+04 2.493786795962697617e-18
-4.998435355704977701e+04 3.006068056203135065e-15
-4.998411187715797860e+04 4.975916058253029996e-19
-4.998396296652597812e+04 1.493914844479407665e-18
-4.998373546750512469e+04 2.530670665679656217e-17
-4.998345080171809968e+04 2.413089646502828708e-17
-4.998289625881729444e+04 6.370491007394363360e-16
-4.998265888942054880e+04 6.602399591695373946e-20
-4.998253192023631709e+04 1.108234719019812533e-18
-4.998221906234073685e+04 2.566066589937722712e-16
-4.998185904635991756e+04 5.123123841595668994e-19
-4.998168712096219679e+04 7.743171387706900216e-22
-4.998162406144838315e+04 4.892872963811533666e-17
-4.998144071438864921e+04 3.638574696578988938e-15
-4.998139262229002634e+04 4.814317627225584551e-18
-4.998094363195482583e+04 2.891886982814865656e-18
-4.998076016585321486e+04 2.317826115362157311e-14
-4.998073688343593676e+04 8.040740919011948874e-19
-4.998008580334502039e+04 3.828250008183338368e-15
-4.997987802457978978e+04 4.698004977194343640e-19
-4.997968295237192069e+04 7.781565985065869190e-18
-4.997956367319475976e+04 2.568064721028056450e-16
-4.997946683496283367e+04 1.012110801170575656e-16
-4.997941258871941682e+04 1.671932000428705737e-16
-4.997930459778180375e+04 5.959838568624590727e-15
-4.997902974178766453e+04 9.742669202797971328e-19
-4.997862410398539942e+04 3.837471847262319205e-14
-4.997797481196867011e+04 7.449047592336509574e-17
-4.997795265476639179e+04 1.370049548021006665e-15
-4.997783067453294643e+04 1.935264646585133865e-18
-4.997756187902071542e+04 4.616270102173821823e-21
-4.997742793619308941e+04 3.492699317861789983e-19
-4.997738500641045539e+04 2.045699922771563375e-17
-4.997716848124012904e+04 6.078063288713679663e-15
-4.997658609604783123e+04 2.360521022923717748e-20
-4.997648810179306020e+04 9.283760116183322901e-15
-4.997612760433893709e+04 2.140651448010853593e-19
-4.997591172604550957e+04 3.344734096929711370e-17
-4.997582346693937143e+04 1.251407983321670936e-15
-4.997544841426766652e+04 1.229668778788805677e-17
-4.997538793930178508e+04 8.388942303035344109e-17
-4.997529942565882811e+04 1.518603935852809073e-16
-4.997503236498584738e+04 1.995340863204726530e-13
-4.997459878993118036e+04 8.173788447707361825e-18
-4.997435225781020563e+04 4.319707298773233404e-14
-4.997398574712315167e+04 8.614922737100718617e-18
-4.997392818758199428e+04 8.632596724414759717e-20
-4.997369797006631416e+04 4.696497158802139378e-15
-4.997350342124786403e+04 1.530706501294789003e-18
-4.997323566621678037e+04 2.098666235904872840e-16
-4.997289624970126897e+04 4.279294224569046424e-13
-4.997262039516129153e+04 1.423140208397655005e-18
-4.997231641729723924e+04 4.650442242545193205e-17
-4.997221649776848790e+04 4.905994786030698164e-14
-4.997190650444360654e+04 1.482347148784964233e-22
-4.997157668536660640e+04 1.972339749804600400e-15
-4.997144071438698302e+04 3.784215138072585966e-14
-4.997141117920494435e+04 2.214980731843201849e-17
-4.997122464129696891e+04 1.034943300902328965e-16
-4.997111781305131444e+04 1.314527363354780554e-16
-4.997076013706010417e+04 1.525300906179162907e-13
-4.997040645687358483e+04 2.367386083612462459e-17
-4.997008145937853260e+04 2.030076359545554656e-14
-4.996999330376330909e+04 1.360682081138931065e-17
-4.996969809062941204e+04 6.724075435151415274e-17
-4.996945574243589363e+04 5.852823310146555872e-15
-4.996930459775792406e+04 9.927486702028379596e-13
-4.996910902915950282e+04 3.341961705684951125e-16
-4.996875391871310421e+04 3.140428132738880715e-19
-4.996862403115056804e+04 3.591358620759663942e-13
-4.996852982657481334e+04 1.327659554964353532e-20
-4.996845971672525047e+04 2.240040363568184823e-17
-4.996801403034398390e+04 9.092131621729253131e-20
-4.996794683093897038e+04 2.471794645647050841e-14
-4.996763268194044213e+04 9.951735401134273620e-17
-4.996739654026187054e+04 2.475439498127704809e-17
-4.996733623225362680e+04 2.376419953582644615e-15
-4.996716848104725796e+04 3.306689919651030789e-12
-4.996705200170961325e+04 6.755610972685302281e-20
-4.996662639161995321e+04 1.330000898534415879e-17
-4.996648793778762047e+04 1.204104969389522422e-12
-4.996639444006551639e+04 4.713644024590405448e-17
-4.996581296270016173e+04 1.134833968422998390e-13
-4.996551078599112952e+04 3.360250317750424988e-18
-4.996523776361390628e+04 3.455794833629844859e-15
-4.996516388077965530e+04 2.561461617844430199e-15
-4.996503236390061647e+04 1.553016416020103578e-12
-4.996495364684533706e+04 3.146253741886177975e-16
-4.996477577445055795e+04 4.102424515511143840e-17
-4.996435186920738488e+04 3.709611966376642934e-13
-4.996368065603449213e+04 7.559799975478162339e-14
-4.996349891860463686e+04 1.454326751673296649e-16
-4.996328580714207783e+04 8.373531834898286516e-18
-4.996312354627146851e+04 4.081510102449072633e-15
-4.996297009503802110e+04 1.194795619934042757e-15
-4.996289624500869104e+04 2.406572361870098797e-12
-4.996275942732635303e+04 4.305884781134910575e-18
-4.996227108066614892e+04 1.443936452161692426e-18
-4.996221584144266672e+04 5.809986718891755038e-14
-4.996162246877096914e+04 2.129896988330050201e-16
-4.996154952181019326e+04 1.394866730664100661e-14
-4.996144071436189552e+04 8.555236268822299819e-12
-4.996135394430098677e+04 3.135916640168982977e-16
-4.996118177822938742e+04 4.185345145991268780e-17
-4.996099444042540563e+04 2.087701619549230765e-15
-4.996076012055816682e+04 2.067325053163367800e-11
-4.996048174712476612e+04 4.437988822020281677e-17
-4.996007989993774390e+04 2.710828803311455807e-12
-4.995995319176936027e+04 1.943242826316188420e-16
-4.995993743034455110e+04 2.322238143090382773e-18
-4.995958744605231914e+04 4.302358946211806761e-16
-4.995941973412923835e+04 5.880575155333029347e-14
-4.995930459748127032e+04 7.812781470555599564e-12
-4.995893906726775458e+04 2.202193823909668028e-14
-4.995862398086655594e+04 8.886577637617458167e-12
-4.995855359924835648e+04 5.373710153695845959e-16
-4.995817310599196935e+04 6.665217602936706643e-17
-4.995798238684519310e+04 4.507137717237188549e-16
-4.995794399818856618e+04 3.658450318556613118e-13
-4.995787507256259414e+04 3.695731876393139463e-16
-4.995748286127217580e+04 2.929019087486849079e-16
-4.995729204062508506e+04 7.214466109822405888e-15
-4.995716847943099128e+04 1.573382418435009592e-11
-4.995686747635974461e+04 8.649591186412654228e-15
-4.995672182906021771e+04 1.017020350068250513e-15
-4.995648780393428024e+04 1.359491705271714873e-15
-4.995639910833491740e+04 4.145641030696783446e-17
-4.995620082707931579e+04 4.325709064236090501e-17
-4.995580816821489134e+04 7.497688061878299423e-16
-4.995521108615967387e+04 2.994506314489151519e-14
-4.995516378018252726e+04 1.474392652924312431e-13
-4.995503235681413207e+04 2.414742350872684751e-10
-4.995489498375271796e+04 4.077682944929576700e-15
-4.995458924142328033e+04 5.029242849195814985e-18
-4.995438390139542025e+04 1.190458522003823590e-16
-4.995435154227458406e+04 4.129734178978064159e-11
-4.995385086420893640e+04 3.383418870955655061e-16
-4.995367240959378250e+04 3.214403349137687567e-13
-4.995345733578762884e+04 3.442791616135020130e-17
-4.995333393596722453e+04 5.271519879884326306e-16
-4.995304642702460114e+04 3.660279315426560097e-13
-4.995289621836114384e+04 2.086554852726370281e-10
-4.995272372513239679e+04 1.066647041667782735e-14
-4.995221628544184932e+04 2.334917036076495690e-16
-4.995221510479810968e+04 5.369050989083124124e-13
-4.995197976702318556e+04 1.051881440627719630e-16
-4.995153680602162785e+04 2.135676771420174052e-13
-4.995144071412704943e+04 9.264769923037152700e-11
-4.995136241200631048e+04 3.442076330008179066e-17
-4.995106771061984182e+04 6.676656543800843602e-15
-4.995088989831622166e+04 4.783992066850983981e-14
-4.995076003175459482e+04 6.251655680047050149e-12
-4.995061724680925545e+04 5.631202814701074927e-17
-4.995010393177808146e+04 4.848518914659714144e-16
-4.995007832224846061e+04 4.234291970476248239e-12
-4.994967892963877239e+04 1.734297253906662698e-16
-4.994940073242707149e+04 5.682696615835984345e-12
-4.994936392479117058e+04 8.901349600800899166e-15
-4.994930459410614276e+04 1.709194999810420450e-09
-4.994921503894080524e+04 2.595478382351019494e-16
-4.994879316426017613e+04 3.674054201540454766e-14
-4.994872951997836935e+04 3.090114943226271037e-15
-4.994862371864447050e+04 4.489479621045726748e-10
-4.994801131716850068e+04 1.323115631881966292e-18
-4.994794092046342121e+04 7.190630074530675441e-13
-4.994783833763019356e+04 1.498089315406792769e-16
-4.994740248523883201e+04 1.084514624038540302e-13
-4.994726134908667882e+04 4.631583464354273493e-12
-4.994716845613318583e+04 3.341376327809511053e-09
-4.994714281329036749e+04 4.361332123331288432e-15
-4.994680564531734854e+04 1.671402937997698662e-14
-4.994670713153207180e+04 7.419712514814495614e-14
-4.994648711572082539e+04 2.729344505116125834e-10
-4.994623599731412105e+04 1.658288503233123983e-15
-4.994580245706935239e+04 2.080929745325223863e-11
-4.994548158023366705e+04 1.691246482894220578e-16
-4.994520131166466308e+04 3.876144248377724740e-17
-4.994512819412616227e+04 8.257729191466772791e-15
-4.994503225362966623e+04 2.943598070674188424e-10
-4.994497633515883354e+04 6.181344671314524211e-15
-4.994457540155282186e+04 1.855340516843454138e-14
-4.994434992330319801e+04 1.249271160390984666e-10
-4.994416836972103192e+04 1.830585210613769782e-15
-4.994368751284599421e+04 4.818212741304674671e-13
-4.994366222320204542e+04 1.095140644998504182e-10
-4.994365356220893591e+04 2.472306684560490000e-13
-4.994324251531615300e+04 1.515136794049395028e-14
-4.994298694213220006e+04 1.499963745809830119e-12
-4.994289587703027792e+04 3.778405417660661937e-09
-4.994272714810206526e+04 1.342014390867575307e-15
-4.994256389118469815e+04 4.958332188864388430e-16
-4.994221164873256930e+04 3.183952835209198420e-12
-4.994167272703850904e+04 6.306036082230473570e-15
-4.994152028567208617e+04 3.092135410278346080e-11
-4.994149907657138101e+04 8.820450957041386260e-13
-4.994144070754991117e+04 2.148614728175156546e-08
-4.994124010771854228e+04 1.655664462307666790e-16
-4.994086946084400552e+04 1.422857956368535920e-12
-4.994075910450829542e+04 1.116346535737934182e-08
-4.994069879437972122e+04 1.406292738261819030e-13
-4.994041843888731091e+04 1.240632298173723142e-16
-4.994007155922533275e+04 6.052051844402232814e-10
-4.993958067520234908e+04 1.176847648494348179e-14
-4.993937391783249041e+04 1.488256968056907332e-11
-4.993935088598910806e+04 3.422294885100005070e-13
-4.993930454898968310e+04 6.264133618727012831e-09
-4.993907776996121538e+04 1.805272184574589745e-16
-4.993869410862169025e+04 5.640798566597368012e-13
-4.993862152609656914e+04 5.210774377454908004e-10
-4.993827312070613698e+04 5.849084123614992200e-15
-4.993796065623824688e+04 9.873466381216685952e-14
-4.993792866859683272e+04 1.360741058192861788e-09
-4.993785256568108889e+04 2.670736272235452087e-13
-4.993748791901274672e+04 2.843626828420924307e-15
-4.993722323601462267e+04 4.860511526138076777e-11
-4.993716826436145493e+04 2.675645421686425462e-08
-4.993711106389710767e+04 6.165062405654086305e-14
-4.993681034749002720e+04 4.081437510214750987e-18
-4.993663885164598469e+04 9.390115716442931128e-15
-4.993654793823442014e+04 9.193713483350610787e-16
-4.993648244995599089e+04 3.660898076498207568e-10
-4.993589560020047065e+04 1.014859378899727142e-14
-4.993578174170034617e+04 5.061517925683523047e-12
-4.993538517197804322e+04 3.156886254642519429e-14
-4.993506711162859574e+04 3.256381676604735863e-11
-4.993503156547655090e+04 2.181957660367363238e-07
-4.993498421358897758e+04 7.930146730384601686e-14
-4.993466092266328633e+04 2.954334760135727894e-14
-4.993434082182180282e+04 1.106833623274723992e-08
-4.993421025910822209e+04 4.290980782301092513e-13
-4.993400426094172872e+04 4.301902778058769273e-14
-4.993362946573497902e+04 1.123854125085887893e-09
-4.993355211861636781e+04 1.461444433072203146e-15
-4.993334727999397001e+04 1.960230429198569844e-14
-4.993301522647892853e+04 1.204976564086507370e-14
-4.993290361982105242e+04 2.541266546348732574e-14
-4.993289374818614306e+04 1.590439848874837264e-08
-4.993253498342999956e+04 5.316518258013114355e-15
-4.993237865889817476e+04 2.645712724890616995e-15
-4.993225860881892731e+04 6.529911262755113641e-14
-4.993219518050751503e+04 8.271200389858900789e-09
-4.993147058338965871e+04 1.012919037889030442e-09
-4.993144061192059598e+04 1.739828103242566820e-07
-4.993123312327468011e+04 2.471553596735523516e-16
-4.993101830489507847e+04 1.793021051126754863e-13
-4.993075352827285678e+04 1.971218633664748555e-08
-4.993074128845587256e+04 4.956833335684071480e-12
-4.993037995535817026e+04 1.705191274026482211e-17
-4.993012671441074781e+04 5.301851236523502663e-14
-4.993004377932610805e+04 8.052398881693220518e-09
-4.992940521723766869e+04 2.452080885022179158e-12
-4.992930375320008898e+04 2.211416118374479551e-06
-4.992930355509713991e+04 2.077572259591355023e-07
-4.992921258818538627e+04 9.069519268303569142e-13
-4.992895253111687634e+04 2.280038424974608772e-13
-4.992874120759708603e+04 3.239391637615508047e-13
-4.992860894869405456e+04 1.661032876017745018e-07
-4.992854327231373463e+04 3.461314347825158566e-11
-4.992848840429781558e+04 2.377723077763963683e-12
-4.992788469606306899e+04 3.483676689633110625e-08
-4.992754595862964925e+04 2.710568546598929076e-13
-4.992731025486416911e+04 9.778001752912603155e-17
-4.992716495385499729e+04 2.105857144993519673e-06
-4.992712760281718511e+04 6.146442891332207438e-11
-4.992696736461418914e+04 1.031125120394866196e-13
-4.992665320932478062e+04 3.644756797587996517e-15
-4.992645760197580967e+04 1.246572195986599332e-09
-4.992640095518372982e+04 1.430585823131048130e-11
-4.992636743362891139e+04 1.432922217226489403e-12
-4.992582451716370997e+04 4.457674983163106568e-12
-4.992571612678581732e+04 1.357442579536917135e-08
-4.992535641995896003e+04 2.158985429148251141e-14
-4.992503412112834485e+04 3.388009223097593822e-12
-4.992502247443224769e+04 1.252509680212463697e-07
-4.992494068276855978e+04 1.133804388493987431e-10
-4.992438894771593186e+04 6.274875139864247018e-12
-4.992429688944890222e+04 5.336470311063738855e-07
-4.992405396098653000e+04 1.009977751718980184e-13
-4.992389951811888022e+04 1.712875314406659289e-14
-4.992353664687078708e+04 6.416408416279781837e-10
-4.992319047318794037e+04 4.044994707012944165e-13
-4.992301620561852906e+04 1.330094807186871570e-14
-4.992287390676397627e+04 2.775177509752553796e-06
-4.992287236245862005e+04 2.853973579028304646e-11
-4.992275770444495720e+04 3.809665820797800531e-10
-4.992271631652153883e+04 1.361482567516977622e-10
-4.992241321522126236e+04 8.069793506997664942e-12
-4.992212444357157074e+04 6.164814953624113534e-07
-4.992199052631881204e+04 1.669514919061570860e-12
-4.992170338302386517e+04 1.127569926505460201e-12
-4.992143962102275691e+04 3.112029555684843181e-05
-4.992134500969544752e+04 7.537653166621832406e-10
-4.992099487225945632e+04 1.328629707579333483e-15
-4.992071626363955147e+04 1.829662963523267562e-06
-4.992067736748141033e+04 2.424169608533230914e-11
-4.992052728441662475e+04 9.005476437995142880e-11
-4.992019306880432850e+04 1.101002959014233583e-12
-4.991993839345506422e+04 5.396565580604773692e-08
-4.991978196601584204e+04 5.471671815458848563e-13
-4.991950865326817438e+04 2.041781984106510832e-14
-4.991929964621496765e+04 1.159590611100261400e-05
-4.991914283218671335e+04 2.820074657727667690e-09
-4.991857668679322524e+04 1.240332477381732115e-09
-4.991854632007447071e+04 1.323445453047822474e-05
-4.991837523766303639e+04 1.373187344220363664e-11
-4.991829127938154124e+04 6.588729513726182630e-12
-4.991799325496589881e+04 1.377411922829414444e-12
-4.991773743587349600e+04 1.705219806287471604e-08
-4.991773209127152222e+04 2.950270281509826710e-11
-4.991732928593576071e+04 1.279159231363352355e-12
-4.991715092871234083e+04 5.801341020751548598e-05
-4.991713215543339902e+04 1.044673884457820032e-09
-4.991692107706311072e+04 1.101190753879824107e-09
-4.991661097144338419e+04 2.113654305434526424e-11
-4.991636118634880404e+04 3.982712013045931483e-06
-4.991616389903525123e+04 5.487490208749083473e-12
-4.991608749027083104e+04 6.548814946701589511e-13
-4.991574138670851244e+04 1.623957423687702037e-11
-4.991561579943793913e+04 4.587836387923698129e-12
-4.991552079583251179e+04 6.499922424751261305e-08
-4.991498475152833998e+04 1.104417959312822492e-04
-4.991484633994387696e+04 3.462768552735807520e-10
-4.991469427381600690e+04 2.378472847657357541e-09
-4.991438269658915669e+04 2.197942280323715564e-13
-4.991415870789304608e+04 3.089832784713389851e-07
-4.991400747536302515e+04 4.783820851165374489e-12
-4.991389140055429016e+04 2.565614526176753074e-11
-4.991351668776874430e+04 1.025467674944007731e-13
-4.991329324917658960e+04 3.369576188511687803e-08
-4.991326755487976334e+04 1.061399231678357650e-08
-4.991279448790061724e+04 1.385337145766089135e-04
-4.991257733460478630e+04 8.134907204776465030e-10
-4.991245374974144215e+04 2.627905893000404494e-09
-4.991239059191996057e+04 5.816936396969371383e-12
-4.991221771876581624e+04 1.458428600977825910e-11
-4.991199664595109061e+04 1.808509161045473136e-09
-4.991193753316773655e+04 2.762486583823900850e-06
-4.991166416818585276e+04 1.385948350387060450e-10
-4.991141247643127281e+04 6.467215979838029406e-04
-4.991140160720639687e+04 1.851016527913256291e-13
-4.991103856052269839e+04 1.221374966089064984e-08
-4.991057691507381242e+04 1.007418873921771114e-05
-4.991051874719484476e+04 1.162335159556057219e-09
-4.991022398413725750e+04 2.346383369712618261e-10
-4.990996551995124173e+04 1.619986706585780467e-10
-4.990980301071241411e+04 3.253565491534151426e-13
-4.990969698009485728e+04 2.100760099937412277e-06
-4.990945133673064265e+04 2.426374179724326940e-09
-4.990920695820692345e+04 3.261531129438562104e-03
-4.990916057027542411e+04 4.657046851422165827e-10
-4.990877216527814744e+04 1.217279056941111172e-07
-4.990833468563913630e+04 6.452251173554179620e-06
-4.990833125558278698e+04 1.428222310590793903e-04
-4.990795555973662704e+04 1.459754179271639738e-08
-4.990770779073646554e+04 2.775289091467697909e-10
-4.990753445217033004e+04 5.675994551058641220e-09
-4.990743582962860819e+04 1.591373169234582489e-06
-4.990708219696532615e+04 5.592673551999737270e-12
-4.990701937910825654e+04 1.662088627283469495e-11
-4.990696682890863303e+04 2.772451240288299778e-04
-4.990657130506543035e+04 8.345822293801342108e-09
-4.990648491396132886e+04 4.972140339231879278e-08
-4.990640900474748923e+04 7.792499568339859546e-10
-4.990605831477054744e+04 1.273448164268799242e-04
-4.990572813098123152e+04 4.924831023577765256e-09
-4.990563706663066114e+04 3.571253451140279963e-09
-4.990529426067134773e+04 5.643072259376341564e-09
-4.990515399620988319e+04 5.897957068059631774e-06
-4.990481594103544194e+04 6.239932059482031551e-09
-4.990468961899106944e+04 6.210382796756773807e-03
-4.990440824361475097e+04 5.257547555147486585e-09
-4.990418509693182568e+04 3.884625209957727616e-08
-4.990385798655951658e+04 8.186659558648496523e-08
-4.990375760242981050e+04 3.373036692846665259e-05
-4.990327158368755772e+04 1.631164427623240921e-08
-4.990315849243625416e+04 1.895564115239072409e-09
-4.990300785961269139e+04 3.050361303096312711e-13
-4.990284923305359553e+04 1.193274674836238174e-05
-4.990275005702753697e+04 1.807040995153094364e-09
-4.990237628673042491e+04 8.896845266694567919e-03
-4.990218801037047524e+04 1.178608308629022860e-07
-4.990186569565279933e+04 5.516324020008360761e-07
-4.990168897620606731e+04 2.672273682354288549e-09
-4.990146922005013766e+04 2.323575548678043974e-08
-4.990143003335667163e+04 6.155538169933653415e-03
-4.990134697487970698e+04 5.047555260746743322e-01
-4.990119375728079467e+04 9.528382580215630318e-09
-4.990111443033964315e+04 2.028418569941111042e-07
-4.990098216252757265e+04 1.810294510375633907e-07
-4.990075594698528585e+04 1.577316377085439795e-08
-4.990051994891072536e+04 1.583706515262246097e-05
-4.990002624276749702e+04 8.732877088534736834e-03
-4.989967864465359162e+04 2.892827074590315920e-07
-4.989951721933541558e+04 1.078724614316814961e-05
-4.989907814226456685e+04 3.135289582530499664e-02
-4.989900173705645284e+04 3.138055624957923895e-01
-4.989893667673240998e+04 2.478403669837185184e-05
-4.989876423272886313e+04 2.630054802738421378e-07
-4.989864374714036239e+04 7.072786376955353839e-07
-4.989817551349589485e+04 1.215798127496732046e-06
-4.989816319227578060e+04 1.246115743385896200e-05
-4.989763873157234048e+04 4.851168354888558965e-03
-4.989735819149915915e+04 2.453440234209654028e-07
-4.989718468018789281e+04 1.750830768628324345e-05
-4.989670020465788548e+04 1.261332943962303194e-02
-4.989660614261669980e+04 1.156608394886543328e-03
-4.989658270444647496e+04 7.580371880928335471e-02
-4.989657401391260646e+04 3.692615368214980753e-04
-4.989615097031019104e+04 3.066220395985987531e-08
-4.989606110801822797e+04 1.057198597463291615e-07
-4.989578539523839572e+04 4.633558889421951409e-06
-4.989566723959840601e+04 3.558264136164654161e-09
-4.989536534880621184e+04 3.094574858884830888e-08
-4.989521339884669578e+04 1.328271068580762822e-03
-4.989482943884939596e+04 1.007806003186794416e-05
-4.989449808144560666e+04 8.436481352353286157e-06
-4.989428945475139335e+04 2.160406305656008882e-03
-4.989416215636305424e+04 8.678805151534130900e-06
-4.989409775937563245e+04 1.412593171239802207e-02
-4.989358915844385774e+04 1.072741437449433889e-07
-4.989336906304502918e+04 3.315695026481059796e-07
-4.989309741147358000e+04 3.750913075305439568e-11
-4.989275097864709096e+04 1.965702139959056550e-04
-4.989263839546102827e+04 9.693661511987305703e-07
-4.989226853572897380e+04 3.823571415230711740e-06
-4.989207578745386854e+04 2.840149616149476448e-06
-4.989190592793768155e+04 3.277690861709875328e-08
-4.989184794548983336e+04 2.598084154902879439e-04
-4.989170907859707950e+04 1.249127655382407086e-06
-4.989155367629259126e+04 2.007564489775039412e-03
-4.989110486449054588e+04 5.457505862060180449e-09
-4.989087646106200555e+04 1.365432371587044605e-08
-4.989032093775207613e+04 1.651420071413776435e-07
-4.989025250909618626e+04 1.328770040950779536e-05
-4.989013335542169079e+04 1.412232641995190324e-07
-4.989000759025799925e+04 2.288386733294167846e-07
-4.988991673236290808e+04 7.473009428670697273e-08
-4.988977886482993199e+04 4.089714526392318647e-08
-4.988969366389160132e+04 4.097304997412551689e-07
-4.988938028598127858e+04 1.688444798756703877e-05
-4.988895902072358876e+04 1.456047967346806146e-04
-4.988870861535201402e+04 7.247502184844722978e-08
-4.988839725817822182e+04 4.948486952724025450e-08
-4.988781870773482660e+04 3.542795857400045160e-09
-4.988772338921449409e+04 9.281774607867861686e-09
-4.988743330876483378e+04 3.218677923731935073e-09
-4.988710497411047254e+04 1.375895428107148424e-09
-4.988691799315637763e+04 6.361118216458023404e-11
-4.988687796554455417e+04 1.246959317912738353e-07
-4.988632189698987349e+04 1.173422526659538432e-06
-4.988618195966061467e+04 6.300027640754268406e-10
-4.988600182083032269e+04 2.232558429727718186e-08
-4.988542981463510660e+04 6.970419033716934870e-09
-4.988522520050523599e+04 3.744555956748157980e-08
-4.988515101570036495e+04 6.077256903209882562e-07
-4.988485879238706548e+04 6.722103293127787811e-10
-4.988471488631996908e+04 1.223566463226215168e-08
-4.988438178861869528e+04 1.410698491416911289e-07
-4.988425994548749441e+04 1.341282008173915215e-08
-4.988388331732108054e+04 6.900166314996958860e-09
-4.988365281455431250e+04 1.207917465491594889e-06
-4.988350974988973030e+04 1.730541017720925855e-08
-4.988301611891880020e+04 7.522790058809420013e-11
-4.988260142605102737e+04 2.233128721351486809e-07
-4.988241533800342586e+04 5.779789851294300245e-08
-4.988228826941231091e+04 1.244201315909960785e-09
-4.988191995381857851e+04 8.584621896147421539e-08
-4.988154998450871790e+04 4.233646035522856867e-08
-4.988109972469708737e+04 9.653138254219533384e-09
-4.988094755640315270e+04 8.733814924053595435e-07
-4.988074126454312500e+04 7.205329146533597603e-09
-4.988022477831187280e+04 8.834823107452114450e-10
-4.988002070983749582e+04 3.246241111359863102e-08
-4.987994471848067042e+04 1.984354674748229299e-09
-4.987978846136635548e+04 1.589905721757713538e-08
-4.987949713141430402e+04 9.371212867428102443e-09
-4.987924674743808282e+04 1.459982335248916098e-08
-4.987894159362361097e+04 6.732339154233586554e-09
-4.987836003737392457e+04 4.488349559752927582e-09
-4.987822610569812969e+04 1.900919464182658968e-07
-4.987812616313189210e+04 1.623657853723688040e-09
-4.987801671624290611e+04 4.060721873168364242e-09
-4.987784937597638782e+04 6.129917964336572142e-11
-4.987773606978651515e+04 7.908453068111040788e-11
-4.987745656310438062e+04 1.503276730664013772e-09
-4.987718455791786255e+04 2.498194225684393250e-09
-4.987657710018251964e+04 2.282864195288357113e-09
-4.987612807402102771e+04 4.818446599567208428e-12
-4.987572538743444602e+04 1.418920704868636775e-10
-4.987551753175787599e+04 1.180906718005227481e-08
-4.987541972494191577e+04 5.413988197764944006e-09
-4.987525811176839488e+04 2.522098437179782384e-10
-4.987467174919009994e+04 2.482260702364937207e-11
-4.987412169262021052e+04 2.446457900254332651e-12
-4.987386185049625783e+04 1.471376699708577290e-15
-4.987357918259756843e+04 1.137258638926507180e-11
-4.987351599475447438e+04 8.257016929542750042e-12
-4.987293224849674152e+04 4.030130677873768165e-11
-4.987274621881017811e+04 3.778559520238243458e-13
-4.987268917023111135e+04 1.011994456072716931e-10
-4.987226701815204433e+04 2.190050300079842609e-14
-4.987200787280195073e+04 2.003939502451626443e-10
-4.987191452931112144e+04 5.956345502109388905e-13
-4.987144923922068119e+04 9.436250831390347286e-11
-4.987110170618849224e+04 2.138462109710104865e-11
-4.987061638321807550e+04 6.138434164964532691e-14
-4.987035802056539978e+04 2.086413883535657281e-11
-4.986995839730615990e+04 2.159937640635321726e-10
-4.986971260242549761e+04 5.213092764013462573e-13
-4.986955004135653144e+04 6.752787228794902662e-11
-4.986906647639096627e+04 7.356504299872655448e-11
-4.986856790340776934e+04 3.633216947887806017e-11
-4.986782313018216519e+04 1.105152036263943805e-11
-4.986761832411900104e+04 7.938027248456003249e-13
-4.986731328895054321e+04 4.862906955773373024e-11
-4.986712596996492357e+04 9.172825159727605704e-11
-4.986697568974084425e+04 7.748104787938277296e-12
-4.986689189397693553e+04 2.617054213756860924e-11
-4.986630651208412746e+04 1.226708348981655673e-11
-4.986603327970748796e+04 5.348813584360793996e-12
-4.986569848451520375e+04 3.140236621542918614e-12
-4.986536155774657527e+04 5.540823187809773924e-13
-4.986518852841731859e+04 2.346583865124769788e-12
-4.986490403269496892e+04 3.031455930157751181e-12
-4.986478228680590109e+04 7.011399346332384179e-13
-4.986432141974744445e+04 2.855501659322398047e-11
-4.986403341398863267e+04 2.478804709964036529e-15
-4.986374789434650302e+04 1.868923555222110464e-12
-4.986353711363011098e+04 3.773306283168403474e-13
-4.986312628208715614e+04 4.142252316667155250e-13
-4.986258464294186706e+04 1.901669070810009640e-13
-4.986170764681392757e+04 1.740311938272896270e-12
-4.986134348506337119e+04 3.169467556445311284e-13
-4.986111298547987099e+04 2.156950528695838295e-13
-4.986078278528050578e+04 2.100994570172411283e-14
-4.986065772688529978e+04 3.326435180584864070e-14
-4.986004468715057010e+04 1.494147511129014460e-15
-4.985992298715698416e+04 1.060488401499236751e-14
-4.985953360142544261e+04 3.638624530091813865e-15
-4.985923860849222547e+04 3.217057970172793698e-16
-4.985879468820045440e+04 2.939981176491918282e-16
-4.985854260724914639e+04 4.659427000563178027e-14
-4.985822110128725035e+04 3.760163479171469954e-17
-4.985791330293939973e+04 8.668431076459302874e-14
-4.985761412691897567e+04 1.370926969966477796e-14
-4.985720351397753984e+04 3.349156970212809042e-14
-4.985630407746669516e+04 6.481047483619079983e-16
-4.985599542389756971e+04 1.053831808036209060e-13
-4.985529228265275742e+04 4.168191051473230440e-14
-4.985491758059515996e+04 1.013385667275791015e-15
-4.985455965735300560e+04 2.482916665631628633e-14
-4.985397301629838330e+04 7.398255151153435461e-16
-4.985375942471774033e+04 9.396194793942988775e-15
-4.985341923816228518e+04 4.968628909743791229e-15
-4.985315399504942616e+04 2.960231582384102463e-14
-4.985276119743542222e+04 4.270546410462113731e-15
-4.985274364171076741e+04 3.093574254492839667e-15
-4.985215126526212407e+04 3.502889403225584122e-15
-4.985177697339835868e+04 1.111928112267810675e-15
-4.985105760068027303e+04 3.215343531903614522e-19
-4.985091970183845842e+04 2.983840382111442140e-15
-4.985064308645711571e+04 2.008965764076326273e-15
-4.985055151495282189e+04 4.045963667888580735e-17
-4.985015366025974072e+04 3.646361410945819075e-15
-4.984953549495290645e+04 2.390046005077338527e-16
-4.984898707582610223e+04 6.012748311237026749e-18
-4.984816417260629532e+04 2.331923060163741801e-17
-4.984782162062681164e+04 3.648024631973701924e-17
-4.984735254827227618e+04 1.276322425184812664e-16
-4.984699517289243522e+04 2.766104063896747855e-18
-4.984673547695183515e+04 1.170110775822633450e-17
-4.984641758587271761e+04 4.615947417660414167e-17
-4.984589357973546430e+04 2.658907586908525630e-17
-4.984520624133537785e+04 1.434965154118712869e-17
-4.984487952729848621e+04 1.463552909241607362e-17
-4.984451017278660584e+04 3.019070425725968329e-18
-4.984419518569950742e+04 1.042174826289513378e-19
-4.984394629581239860e+04 6.680027755232942846e-17
-4.984347208098846750e+04 2.134838354966940734e-17
-4.984272659513958206e+04 4.718717728776642028e-17
-4.984175710215068102e+04 2.025886906598102005e-17
-4.984105439790192031e+04 2.153242672042044313e-17
-4.984078182824182295e+04 2.139468244920415772e-18
-4.984025807239069400e+04 1.501587538898556907e-20
-4.983982858727072016e+04 1.722528341871355818e-17
-4.983952407272489654e+04 1.020719840057249444e-18
-4.983904646636292455e+04 1.436875888265951507e-18
-4.983897256124416890e+04 4.287898079170603084e-18
-4.983827573192509590e+04 6.858184778718586760e-19
-4.983779892281876528e+04 2.039337172160163451e-20
-4.983708520895819674e+04 3.250105062324097671e-19
-4.983648990138193039e+04 1.692967203087000455e-18
-4.983592081368274376e+04 4.817412806225988208e-20
-4.983519527200243465e+04 4.654475746610635526e-21
-4.983502354377563461e+04 9.506564447670857751e-22
-4.983467765131431224e+04 1.584016431126956185e-20
-4.983393504649260285e+04 8.422657185828735636e-21
-4.983368197118210082e+04 1.183935176122166489e-21
-4.983289495438722952e+04 5.381423928248112123e-21
-4.983264331571464572e+04 4.451023541797229881e-20
-4.983180884651790257e+04 6.933026757051685216e-20
-4.983163619263184228e+04 1.039631668032662825e-20
-4.983052532282942411e+04 1.312091432417587931e-20
-4.982954112297107349e+04 3.403384983252634778e-20
-4.982946875915370765e+04 7.271970877092546212e-21
-4.982862601832835935e+04 3.897420488610013661e-20
-4.982848456855132827e+04 7.227482873164781616e-21
-4.982724023536408640e+04 5.113425871666566027e-21
-4.982697957011841936e+04 1.752398692453003859e-21
-4.982615864160507044e+04 2.550132538987733904e-22
-4.982548984678675333e+04 6.208132871759206341e-21
-4.982492001634175540e+04 4.848031763091028576e-22
-4.982403706604299805e+04 7.683480494162746475e-22
-4.982385575984303432e+04 6.714608651705466646e-24
-4.982326510001273709e+04 3.362629322150449368e-23
-4.982218077584564890e+04 3.300068540013666619e-23
-4.982108540193000226e+04 4.247591941701268775e-23
-4.982105375737038412e+04 1.279188450584775685e-23
-4.982017101102545712e+04 3.984357844601459186e-24
-4.981993187348380889e+04 3.648180304436541493e-23
-4.981850395523623592e+04 0.000000000000000000e+00
-4.981808744710421888e+04 8.138330815876386387e-24
-4.981768643874469126e+04 2.364798806989096873e-23
-4.981703787425030896e+04 8.031912891986718120e-23
-4.981666646800670424e+04 1.817129917998773893e-23
-4.981580410393463535e+04 1.273917770930414671e-23
-4.981489869455712324e+04 4.901002472628267383e-24
-4.981343428189164842e+04 8.630494795459127271e-24
-4.981317039009209839e+04 0.000000000000000000e+00
-4.981226855154868099e+04 2.473240131187105531e-24
-4.981081193946944404e+04 0.000000000000000000e+00
-4.981019705493073707e+04 0.000000000000000000e+00
-4.980957996991866821e+04 0.000000000000000000e+00
-4.980878687861991784e+04 0.000000000000000000e+00
-4.980774294048410229e+04 0.000000000000000000e+00
-4.980723679447252653e+04 0.000000000000000000e+00
-4.980598209762196348e+04 0.000000000000000000e+00
-4.980549099266737176e+04 0.000000000000000000e+00
-4.980498563805105368e+04 0.000000000000000000e+00
-4.980384285125216411e+04 0.000000000000000000e+00
-4.980211351367445604e+04 0.000000000000000000e+00
-4.980116434174349706e+04 0.000000000000000000e+00
-4.979951753010589891e+04 0.000000000000000000e+00
-4.979911717649753700e+04 0.000000000000000000e+00
-4.979761931706681935e+04 0.000000000000000000e+00
-4.979732432815930224e+04 0.000000000000000000e+00
-4.979610215292550129e+04 0.000000000000000000e+00
-4.979358700469291216e+04 0.000000000000000000e+00
-4.979289893919937458e+04 0.000000000000000000e+00
-4.979231086078267981e+04 0.000000000000000000e+00
-4.979068806410102115e+04 0.000000000000000000e+00
-4.978953630490973592e+04 0.000000000000000000e+00
-4.978860437730509875e+04 0.000000000000000000e+00
-4.978628609394520026e+04 0.000000000000000000e+00
-4.978533526898410491e+04 0.000000000000000000e+00
-4.978042620003987395e+04 0.000000000000000000e+00
-4.977986201050984528e+04 0.000000000000000000e+00
-4.977709935701641371e+04 0.000000000000000000e+00
-4.977602885320617497e+04 0.000000000000000000e+00
-4.977541854434052220e+04 0.000000000000000000e+00
-4.977186967389333586e+04 0.000000000000000000e+00
-4.976893629897737992e+04 0.000000000000000000e+00
-4.976801135299581074e+04 0.000000000000000000e+00
-4.976473415694511641e+04 0.000000000000000000e+00
-4.975833904199855169e+04 0.000000000000000000e+00
-4.975768238519161969e+04 0.000000000000000000e+00
-4.974567544352290861e+04 0.000000000000000000e+00
-4.974514511492788006e+04 0.000000000000000000e+00
4.990486308993993589e+04 0.000000000000000000e+00
4.990489389409992873e+04 0.000000000000000000e+00
4.991195460539279156e+04 0.000000000000000000e+00
4.991198374845252692e+04 0.000000000000000000e+00
4.991676219511952513e+04 0.000000000000000000e+00
4.991678706810475705e+04 0.000000000000000000e+00
4.991823841648300731e+04 0.000000000000000000e+00
4.991946154222261248e+04 0.000000000000000000e+00
4.991976049881390645e+04 0.000000000000000000e+00
4.992013070746180892e+04 0.000000000000000000e+00
4.992104254687026696e+04 0.000000000000000000e+00
4.992196867417883914e+04 0.000000000000000000e+00
4.992297105297414964e+04 0.000000000000000000e+00
4.992407838659690606e+04 0.000000000000000000e+00
4.992531504561619658e+04 0.000000000000000000e+00
4.992662926143542427e+04 0.000000000000000000e+00
4.992798449260441703e+04 0.000000000000000000e+00
4.992854942941273475e+04 0.000000000000000000e+00
4.992942293318851443e+04 0.000000000000000000e+00
4.993060656397857383e+04 0.000000000000000000e+00
4.993092719960588875e+04 0.000000000000000000e+00
4.993238918779259984e+04 0.000000000000000000e+00
4.993264352446315024e+04 0.000000000000000000e+00
4.993388056551504269e+04 0.000000000000000000e+00
4.993454434983137617e+04 0.000000000000000000e+00
4.993536366465443280e+04 0.000000000000000000e+00
4.993632948933395528e+04 0.000000000000000000e+00
4.993681024699174304e+04 0.000000000000000000e+00
4.993792941209542914e+04 0.000000000000000000e+00
4.993821078800300165e+04 0.000000000000000000e+00
4.993858477639316698e+04 0.000000000000000000e+00
4.993880205938268045e+04 0.000000000000000000e+00
4.993888330955907441e+04 0.000000000000000000e+00
4.993924718342442065e+04 0.000000000000000000e+00
4.993972929076140281e+04 0.000000000000000000e+00
4.994014615804435743e+04 0.000000000000000000e+00
4.994018237882408721e+04 0.000000000000000000e+00
4.994030085254245205e+04 0.000000000000000000e+00
4.994071277632051351e+04 0.000000000000000000e+00
4.994081765418812574e+04 0.000000000000000000e+00
4.994115496368268214e+04 0.000000000000000000e+00
4.994173369207572978e+04 0.000000000000000000e+00
4.994217454431799706e+04 0.000000000000000000e+00
4.994272829266729968e+04 0.000000000000000000e+00
4.994283789548226196e+04 0.000000000000000000e+00
4.994296540925141016e+04 0.000000000000000000e+00
4.994349324560612149e+04 0.000000000000000000e+00
4.994361477776208631e+04 0.000000000000000000e+00
4.994450319660775131e+04 0.000000000000000000e+00
4.994486681289151602e+04 0.000000000000000000e+00
4.994492368938164145e+04 0.000000000000000000e+00
4.994541143235623167e+04 0.000000000000000000e+00
4.994625919449797948e+04 0.000000000000000000e+00
4.994657806552749389e+04 0.000000000000000000e+00
4.994697087065589585e+04 0.000000000000000000e+00
4.994717417341027613e+04 0.000000000000000000e+00
4.994779763686631486e+04 0.000000000000000000e+00
4.994859108978055156e+04 0.000000000000000000e+00
4.994874932555885607e+04 0.000000000000000000e+00
4.994901298927507014e+04 0.000000000000000000e+00
4.994952393918087910e+04 0.000000000000000000e+00
4.994991879705693282e+04 0.000000000000000000e+00
4.995073859192059899e+04 0.000000000000000000e+00
4.995098721118208050e+04 0.000000000000000000e+00
4.995099585383979866e+04 0.000000000000000000e+00
4.995148479331175622e+04 0.000000000000000000e+00
4.995202525557077752e+04 0.000000000000000000e+00
4.995287787429169111e+04 0.000000000000000000e+00
4.995292480129345495e+04 0.000000000000000000e+00
4.995321688172128779e+04 0.000000000000000000e+00
4.995443269438669086e+04 0.000000000000000000e+00
4.995466439183548209e+04 0.000000000000000000e+00
4.995491236625411693e+04 0.000000000000000000e+00
4.995501607034537301e+04 0.000000000000000000e+00
4.995565807648876944e+04 0.000000000000000000e+00
4.995669334832979075e+04 0.000000000000000000e+00
4.995675211791380571e+04 0.000000000000000000e+00
4.995713438876699365e+04 0.000000000000000000e+00
4.995766602596284793e+04 0.000000000000000000e+00
4.995819572977568896e+04 0.000000000000000000e+00
4.995848276686058671e+04 0.000000000000000000e+00
4.995859210053514107e+04 0.000000000000000000e+00
4.995913378807353001e+04 0.000000000000000000e+00
4.995926080593888764e+04 0.000000000000000000e+00
4.996016718009683973e+04 0.000000000000000000e+00
4.996074323401182482e+04 0.000000000000000000e+00
4.996086873602792912e+04 0.000000000000000000e+00
4.996131304683144845e+04 0.000000000000000000e+00
4.996145357042135583e+04 0.000000000000000000e+00
4.996179803405576240e+04 0.000000000000000000e+00
4.996237707592391962e+04 0.000000000000000000e+00
4.996273022279807628e+04 0.000000000000000000e+00
4.996289271876492421e+04 0.000000000000000000e+00
4.996331295210965618e+04 0.000000000000000000e+00
4.996346932191538508e+04 0.000000000000000000e+00
4.996427960427031212e+04 0.000000000000000000e+00
4.996450098829347553e+04 0.000000000000000000e+00
4.996503892252055812e+04 0.000000000000000000e+00
4.996536899650721170e+04 0.000000000000000000e+00
4.996547824529037462e+04 0.000000000000000000e+00
4.996577866746599466e+04 0.000000000000000000e+00
4.996617206051182438e+04 0.000000000000000000e+00
4.996646506806117395e+04 0.000000000000000000e+00
4.996712710111050546e+04 0.000000000000000000e+00
4.996718100667276303e+04 0.000000000000000000e+00
4.996750625666137785e+04 0.000000000000000000e+00
4.996768959039783658e+04 0.000000000000000000e+00
4.996783305633565033e+04 0.000000000000000000e+00
4.996823927027501486e+04 0.000000000000000000e+00
4.996859224281091156e+04 0.000000000000000000e+00
4.996905089559577755e+04 0.000000000000000000e+00
4.996929515610796807e+04 0.000000000000000000e+00
4.996931523208064027e+04 0.000000000000000000e+00
4.996949289129347017e+04 0.000000000000000000e+00
4.997025130876983894e+04 0.000000000000000000e+00
4.997068151668175415e+04 0.000000000000000000e+00
4.997074411758386123e+04 0.000000000000000000e+00
4.997118878086927725e+04 0.000000000000000000e+00
4.997135822516620829e+04 0.000000000000000000e+00
4.997143888746325683e+04 0.000000000000000000e+00
4.997170009010080685e+04 0.000000000000000000e+00
4.997223599189251399e+04 0.000000000000000000e+00
4.997278082926341449e+04 0.000000000000000000e+00
4.997289561386362038e+04 0.000000000000000000e+00
4.997302853350435907e+04 0.000000000000000000e+00
4.997335795092625631e+04 0.000000000000000000e+00
4.997355317426218244e+04 0.000000000000000000e+00
4.997385081130964682e+04 0.000000000000000000e+00
4.997406555128061882e+04 0.000000000000000000e+00
4.997488330166020023e+04 0.000000000000000000e+00
4.997504621743795724e+04 0.000000000000000000e+00
4.997511670522157510e+04 0.000000000000000000e+00
4.997526784889171540e+04 0.000000000000000000e+00
4.997565771786496043e+04 0.000000000000000000e+00
4.997612594114529929e+04 0.000000000000000000e+00
4.997682229853334866e+04 0.000000000000000000e+00
4.997695380325281440e+04 0.000000000000000000e+00
4.997719505481847591e+04 0.000000000000000000e+00
4.997755451843668561e+04 0.000000000000000000e+00
4.997774758129110705e+04 0.000000000000000000e+00
4.997794928680074372e+04 0.000000000000000000e+00
4.997859211791700363e+04 0.000000000000000000e+00
4.997859226508723077e+04 0.000000000000000000e+00
4.997865840548601409e+04 0.000000000000000000e+00
4.997934104308405949e+04 0.000000000000000000e+00
4.997956841761308169e+04 0.000000000000000000e+00
4.997980082451085764e+04 0.000000000000000000e+00
4.998006266919814516e+04 0.000000000000000000e+00
4.998030066933172202e+04 0.000000000000000000e+00
4.998074427053041290e+04 0.000000000000000000e+00
4.998106704023807106e+04 0.000000000000000000e+00
4.998148216248261451e+04 0.000000000000000000e+00
4.998153405529699376e+04 0.000000000000000000e+00
4.998187689658079034e+04 0.000000000000000000e+00
4.998251415949562215e+04 0.000000000000000000e+00
4.998262680729556450e+04 0.000000000000000000e+00
4.998289618600391987e+04 0.000000000000000000e+00
4.998299346279216843e+04 0.000000000000000000e+00
4.998343299302292144e+04 0.000000000000000000e+00
4.998362219700865535e+04 0.000000000000000000e+00
4.998396119858617021e+04 0.000000000000000000e+00
4.998440420851436647e+04 0.000000000000000000e+00
4.998500834740202845e+04 0.000000000000000000e+00
4.998504787605028832e+04 1.524550262481000004e-24
4.998533376897919516e+04 0.000000000000000000e+00
4.998575106756744208e+04 2.773442715930413293e-24
4.998583332507737214e+04 0.000000000000000000e+00
4.998604293781015440e+04 0.000000000000000000e+00
4.998641033146345580e+04 0.000000000000000000e+00
4.998675050541479141e+04 0.000000000000000000e+00
4.998719904445765133e+04 0.000000000000000000e+00
4.998736663920344290e+04 0.000000000000000000e+00
4.998785916349464242e+04 2.665815209975385888e-24
4.998789752845786279e+04 0.000000000000000000e+00
4.998804265168800339e+04 0.000000000000000000e+00
4.998846378455399099e+04 0.000000000000000000e+00
4.998854920154451247e+04 0.000000000000000000e+00
4.998859226834837318e+04 0.000000000000000000e+00
4.998934936471646506e+04 2.498062629357992622e-24
4.998945273954253207e+04 0.000000000000000000e+00
4.998985034799965797e+04 0.000000000000000000e+00
4.998998131241086230e+04 0.000000000000000000e+00
4.999034147558199038e+04 0.000000000000000000e+00
4.999074429718297324e+04 2.123289931999587168e-24
4.999083577632913511e+04 0.000000000000000000e+00
4.999126822194013221e+04 0.000000000000000000e+00
4.999141652636013896e+04 0.000000000000000000e+00
4.999149822846952156e+04 2.451269837996696902e-23
4.999182563644463517e+04 0.000000000000000000e+00
4.999209291568640765e+04 4.469738852226685233e-24
4.999229975791938341e+04 0.000000000000000000e+00
4.999289630878780736e+04 0.000000000000000000e+00
4.999297090095057501e+04 0.000000000000000000e+00
4.999349098176743428e+04 0.000000000000000000e+00
4.999364213233903865e+04 3.394256280190665645e-23
4.999368983381438738e+04 1.193395179447870587e-24
4.999380054522922728e+04 0.000000000000000000e+00
4.999418775687587913e+04 3.828345980319719051e-24
4.999450349220811768e+04 0.000000000000000000e+00
4.999504827022580866e+04 2.035282831968996466e-23
4.999516776393837790e+04 0.000000000000000000e+00
4.999548734233764117e+04 0.000000000000000000e+00
4.999578697877269587e+04 5.492296881836241843e-24
4.999607984792858042e+04 0.000000000000000000e+00
4.999613360740880307e+04 0.000000000000000000e+00
4.999634976824370096e+04 1.229863355243717746e-24
4.999675896724017366e+04 0.000000000000000000e+00
4.999707133983552922e+04 0.000000000000000000e+00
4.999720010547219135e+04 1.722664737896976134e-22
4.999784333913102455e+04 2.102276706771555920e-24
4.999792789511049341e+04 4.419950739466028508e-23
4.999808749092208745e+04 0.000000000000000000e+00
4.999831145253458089e+04 5.728021780056720374e-24
4.999859226879455673e+04 0.000000000000000000e+00
4.999877792944197427e+04 0.000000000000000000e+00
4.999878773282588372e+04 0.000000000000000000e+00
4.999935168012426584e+04 2.700272687585247542e-22
4.999944067433740565e+04 0.000000000000000000e+00
4.999976852289320959e+04 0.000000000000000000e+00
5.000006116440344340e+04 8.922706705826397705e-23
5.000031339216032939e+04 1.018938572296160623e-24
5.000070590882033139e+04 0.000000000000000000e+00
5.000074430147002568e+04 8.872769508496564533e-23
5.000078978051442391e+04 1.123324763353263818e-24
5.000131400719930389e+04 0.000000000000000000e+00
5.000150273445721541e+04 4.618658360219622037e-23
5.000175135187940032e+04 0.000000000000000000e+00
5.000218138048753462e+04 4.456817297666016363e-23
5.000232075848537352e+04 1.373186560408464177e-24
5.000248913713435468e+04 6.440362580840517697e-24
5.000277923526329687e+04 0.000000000000000000e+00
5.000289633114018943e+04 7.394158383689228549e-22
5.000359832067141542e+04 5.239418028575211744e-24
5.000365370669912227e+04 4.019276343800536698e-22
5.000393459271397296e+04 0.000000000000000000e+00
5.000422006397930090e+04 0.000000000000000000e+00
5.000430490180623019e+04 2.161697404673148751e-23
5.000446205383623601e+04 1.065388650424758165e-24
5.000484322807902208e+04 0.000000000000000000e+00
5.000504835004480265e+04 1.392014355977435110e-21
5.000560644920213235e+04 1.825355774145975458e-24
5.000580214477366098e+04 1.378107774079706381e-21
5.000597590964750998e+04 0.000000000000000000e+00
5.000630048564384924e+04 3.156081342051961924e-23
5.000641037499530648e+04 4.475430943304968979e-23
5.000646045388138009e+04 7.143485058681451175e-23
5.000719785165437497e+04 0.000000000000000000e+00
5.000720035715749691e+04 1.538270013813957251e-22
5.000746936628891854e+04 1.183630292721118480e-24
5.000794859100180474e+04 7.546055214299311372e-22
5.000803472611631150e+04 0.000000000000000000e+00
5.000832963395321713e+04 9.786395591856359612e-24
5.000852267358305107e+04 2.974066524082819340e-24
5.000859226885603857e+04 8.843283532654812831e-22
5.000891290330090851e+04 2.461219236327946504e-24
5.000919695672413218e+04 1.387076790996948859e-24
5.000935226138673897e+04 3.549255552116407976e-21
5.000974852610480593e+04 0.000000000000000000e+00
5.000996304845460691e+04 0.000000000000000000e+00
5.001009298436772951e+04 3.366755457816093244e-23
5.001029762836913142e+04 0.000000000000000000e+00
5.001045019615440106e+04 0.000000000000000000e+00
5.001062487871433405e+04 2.774622665280023329e-24
5.001074430213051528e+04 2.967215149122549312e-21
5.001077529088469601e+04 0.000000000000000000e+00
5.001150402671511983e+04 1.666564288228051981e-20
5.001169210959945485e+04 1.025575189308374596e-24
5.001210902868042467e+04 1.065338434129716141e-23
5.001223267496677727e+04 2.783677735233583581e-21
5.001236034619368729e+04 2.345151984135263962e-24
5.001268982090365898e+04 1.551099447951420138e-22
5.001289633486906678e+04 2.147556354581043587e-23
5.001322263726756501e+04 1.339644833056888359e-24
5.001365547907865403e+04 9.734783556829005747e-21
5.001376815232567606e+04 0.000000000000000000e+00
5.001390649680049683e+04 0.000000000000000000e+00
5.001429568224385730e+04 0.000000000000000000e+00
5.001434844252245239e+04 6.219117125141746048e-23
5.001439540599363681e+04 7.689170805559285588e-23
5.001475140889364411e+04 4.413803848580264267e-23
5.001504836554449867e+04 2.799021989561029078e-20
5.001514775811877189e+04 1.285024756407245477e-24
5.001580652325033589e+04 5.037457878095280236e-24
5.001593782142313285e+04 9.849781413957050126e-24
5.001622961469874281e+04 4.436426240990949365e-24
5.001632460413258377e+04 0.000000000000000000e+00
5.001650008574570529e+04 5.509147937800563439e-23
5.001683828343090136e+04 1.506701180784510384e-22
5.001720038979931996e+04 1.497375068936275887e-19
5.001766819954755920e+04 3.245311105778429837e-23
5.001779193731091800e+04 1.690548783525664245e-24
5.001795676234412531e+04 3.483290023377383329e-20
5.001848195037991536e+04 1.912680814216667254e-23
5.001859226886442048e+04 1.993984183159084882e-21
5.001862087053373398e+04 1.238434633884420632e-21
5.001865220292512095e+04 5.195749309375292796e-22
5.001890868731097726e+04 2.522234410085556411e-22
5.001935239728908346e+04 1.128978397329889803e-19
5.001940090880486969e+04 2.353321960106087792e-24
5.001959275843295472e+04 2.970527382862189151e-24
5.002010564994527522e+04 1.225201354149229914e-20
5.002044643427844130e+04 9.448093647772143601e-24
5.002063873463639175e+04 2.327960396781114656e-24
5.002071795127929363e+04 2.634508761161457392e-22
5.002074430223127274e+04 1.426191788299769046e-19
5.002083340778340062e+04 2.410620958993870514e-22
5.002088786276856990e+04 0.000000000000000000e+00
5.002133375400341174e+04 2.080046895371679893e-24
5.002150436639869440e+04 0.000000000000000000e+00
5.002225304722220608e+04 3.194061818814286769e-22
5.002235463828664069e+04 1.174563047701082552e-22
5.002251884896458796e+04 8.100104816568562405e-24
5.002276257068278937e+04 2.195640609239608631e-24
5.002285850093687623e+04 3.797188914440198913e-21
5.002289633551276347e+04 8.585850027454637916e-19
5.002292151567884866e+04 1.434960355845969329e-22
5.002365623687023617e+04 3.570480270985543486e-19
5.002373123430107808e+04 1.002639679004670358e-22
5.002419193608938076e+04 8.696296837013664861e-24
5.002439737082164356e+04 1.136725103522873082e-20
5.002442333362421050e+04 2.426142299001511700e-22
5.002488655491579266e+04 6.285451215882601143e-22
5.002495058068167418e+04 5.088436094761973653e-22
5.002501062613908289e+04 9.386547615854362731e-22
5.002504836844642705e+04 9.513807184862946653e-19
5.002576345223694807e+04 1.132344217268436697e-22
5.002580799992711400e+04 3.881763665729512599e-19
5.002634476297360379e+04 1.102103087181895362e-24
5.002640182703157916e+04 8.224765524356398403e-23
5.002653956277445104e+04 3.652104803211661044e-20
5.002686231945588952e+04 3.273282238589032512e-23
5.002706544043840404e+04 1.006158016392541335e-21
5.002720040021285968e+04 3.032183865344734373e-21
5.002773309808089107e+04 9.192798455069603918e-23
5.002795929294661619e+04 2.897632893123926756e-21
5.002804055162488658e+04 1.154008099846412475e-22
5.002845161195979745e+04 3.110827228705107193e-22
5.002859226886613033e+04 1.641739633729553659e-18
5.002867691312281386e+04 5.311380372832433189e-20
5.002897043302424572e+04 1.001845929554654234e-22
5.002910280638847325e+04 4.936979297274746561e-22
5.002925312299191137e+04 6.389710980507566436e-23
5.002935242887109780e+04 3.323258033304529097e-18
5.002993528065722057e+04 1.585372013930652209e-22
5.003011048047884105e+04 7.103872899974086238e-20
5.003037374742983229e+04 1.002418945856616616e-24
5.003064904512564681e+04 4.372489580560155780e-24
5.003074430225691322e+04 3.634344337582740004e-18
5.003081125946588145e+04 9.294445688488244674e-21
5.003121223222780827e+04 9.194062308168813852e-22
5.003150444940245507e+04 7.416267965645697485e-18
5.003157766026575700e+04 1.866507252765744416e-24
5.003184899365442107e+04 1.655681918789336376e-23
5.003189631131648639e+04 3.855455061073651816e-23
5.003226079406210920e+04 8.546188769605829060e-19
5.003240087649979250e+04 1.008386949360356194e-22
5.003273384818613704e+04 3.131201288293377791e-22
5.003289633571997547e+04 1.883945650801760999e-19
5.003294528366167651e+04 7.578649639193406849e-21
5.003299164988665143e+04 5.317480990263544768e-24
5.003329311741839047e+04 7.258488788690911476e-21
5.003365645370104176e+04 2.491481149080146073e-19
5.003370023210612271e+04 3.190029472265280151e-24
5.003399491561746981e+04 3.575446787479387660e-22
5.003441029474324750e+04 3.558795609659851768e-19
5.003481274301018129e+04 6.884913503347321669e-23
5.003504836960507237e+04 2.924097629590579276e-17
5.003506465348100028e+04 1.369239781145280666e-24
5.003518302681329078e+04 3.041508747606265625e-21
5.003540731367321132e+04 1.459735683813442435e-21
5.003558169893124432e+04 2.039227074439674701e-22
5.003580842897748516e+04 7.499229154889563338e-19
5.003655808719297784e+04 1.058542234877843810e-21
5.003689385584651609e+04 3.828981246708676447e-22
5.003705857420301618e+04 1.745613510897899985e-21
5.003718593041182612e+04 4.929948480642861261e-20
5.003720040520067414e+04 9.445940582748341851e-17
5.003742433194474870e+04 1.496224976544203590e-21
5.003765192227956140e+04 1.362242578381333792e-23
5.003796034889328439e+04 1.252407234280563935e-17
5.003807740172647755e+04 7.379551426298976799e-23
5.003859226889118145e+04 4.193143407944668609e-18
5.003870428022867418e+04 3.047560931048266518e-21
5.003876056884927675e+04 2.805761987260468815e-22
5.003903562149376376e+04 6.781447940803190705e-21
5.003917180069664028e+04 7.041313162016636230e-21
5.003932834910313977e+04 1.125495961600037558e-19
5.003935244625359337e+04 1.478946217083329541e-17
5.003989411134266993e+04 4.416831891378122675e-22
5.004011218853142054e+04 3.073784621783123414e-19
5.004040709650252393e+04 1.928239818158360239e-23
5.004044613998550631e+04 3.919964875184099228e-22
5.004074430252958700e+04 1.942289579201377463e-16
5.004077923438802827e+04 5.309795215193681242e-21
5.004085219436805346e+04 1.266288063527622347e-19
5.004139225246418209e+04 2.090116946545240369e-20
5.004150450220394850e+04 1.277467099033422966e-17
5.004180354202885064e+04 1.738244857376254719e-21
5.004218794686283218e+04 4.278740498119568206e-22
5.004226391834597598e+04 2.797650487607464377e-18
5.004240058293066249e+04 2.631630692302765621e-24
5.004260466786006145e+04 4.044759700537643247e-24
5.004289633729823981e+04 7.879631682099021510e-16
5.004292164314368711e+04 1.603075785920529465e-19
5.004299765237911924e+04 1.375960057268826432e-18
5.004348605575126567e+04 2.595289374931681735e-20
5.004364778544226283e+04 1.790460719687856220e-22
5.004365659462559415e+04 1.445475746048459349e-16
5.004399923625593510e+04 2.630936633622562678e-21
5.004416209931539925e+04 1.463661276616754924e-21
5.004441554651473416e+04 4.147413315673978125e-19
5.004504837650380068e+04 3.766685712772612342e-16
5.004512282929765934e+04 1.306725588168624517e-18
5.004520562423205411e+04 1.444773150804818237e-19
5.004550660778948077e+04 5.226948273407519779e-20
5.004577028232387966e+04 5.459062704281845969e-21
5.004580876948283549e+04 2.484320689936948104e-17
5.004597328906301118e+04 2.286824988828434879e-22
5.004654795008881047e+04 8.656087360886408380e-20
5.004656731024027977e+04 6.005022845306647117e-18
5.004691256772066845e+04 5.038893166533652436e-23
5.004709884705449076e+04 6.825726146533758645e-22
5.004720043126508972e+04 1.770196552527409298e-16
5.004726915887864016e+04 2.323050400086700000e-20
5.004767412695431995e+04 8.141908103218033031e-21
5.004796111674275016e+04 9.736547166058159760e-17
5.004816279520544776e+04 2.328313527565673848e-23
5.004842206016551063e+04 9.472423263373216215e-22
5.004859226912032318e+04 2.810227129399959298e-15
5.004871830902584770e+04 2.540595658311390648e-17
5.004903970140780439e+04 1.822568779254110079e-21
5.004931566198542714e+04 2.229850615836439871e-19
5.004935253384283715e+04 1.600054647998230534e-15
5.004945510143849970e+04 2.807660948515939100e-19
5.004978452198371815e+04 1.052663599767334408e-21
5.005011380161148554e+04 7.453861498194595894e-18
5.005027271566915442e+04 1.560372489765599893e-22
5.005070300948288059e+04 1.647692006633031108e-21
5.005074430589317490e+04 3.624970407426387187e-15
5.005086990867834538e+04 9.468324966602793228e-18
5.005106376301429555e+04 2.244652739240474721e-20
5.005122791330348991e+04 3.813783741499213218e-22
5.005150476279823488e+04 1.576372742911133511e-15
5.005154986404494412e+04 4.805807359509072092e-19
5.005168054367086734e+04 2.621456228581029770e-21
5.005226709462505096e+04 1.089444735501058113e-16
5.005236362899792584e+04 1.699099353634200992e-21
5.005258565006123536e+04 1.208122227444768420e-22
5.005289636067554966e+04 1.304955560024452143e-15
5.005299549426904559e+04 1.030489609314569681e-18
5.005303958635014715e+04 1.503893357155227253e-18
5.005330770737497369e+04 3.162366410236184667e-23
5.005361504776965739e+04 3.792709837586748274e-20
5.005365727977084316e+04 1.188200598094724555e-15
5.005365951191155182e+04 9.015798560553615757e-19
5.005413740987019992e+04 5.395709156781951645e-21
5.005442144835126965e+04 2.541041121835924036e-16
5.005494860244610027e+04 2.562001681982951776e-20
5.005504848003636289e+04 1.920434797238764937e-14
5.005517245106032351e+04 1.365939658557579670e-17
5.005520628100145404e+04 6.112228128769312659e-19
5.005545088089547789e+04 5.099780381921832025e-20
5.005581038845728472e+04 5.641159961792964919e-18
5.005581325726104842e+04 1.045563443447335803e-20
5.005621757917910872e+04 8.653936405550010969e-22
5.005657743839645991e+04 5.655412580067325785e-18
5.005668637780980498e+04 5.011723830715490170e-21
5.005677384923669888e+04 2.926535127296800671e-22
5.005712911136297771e+04 7.995446789852178297e-20
5.005720077263325948e+04 3.506779068917864522e-14
5.005732996601750347e+04 7.130236526576062055e-18
5.005768961391418998e+04 4.501102865909370228e-23
5.005784506134854746e+04 3.804103061937997119e-20
5.005796459323394811e+04 1.091516700988856509e-15
5.005859227548920899e+04 7.175409793873919609e-15
5.005873575627045648e+04 2.176121661539709310e-16
5.005876540732752619e+04 8.206314886507163391e-19
5.005891077182992012e+04 5.843043487316950784e-20
5.005920605685567716e+04 3.557608836789043368e-21
5.005935345736118325e+04 3.221247873819539884e-15
5.005947512753770570e+04 9.376706221670551959e-19
5.005973600190970319e+04 1.026439184539047322e-19
5.005997706114897301e+04 2.930223629092986386e-21
5.006012061518615519e+04 1.224882692693926076e-15
5.006074434899316111e+04 2.014290152666657961e-13
5.006079919828979473e+04 1.164060404827728040e-18
5.006089807465280319e+04 2.858631184966263133e-16
5.006106127539557929e+04 8.713189945157750991e-20
5.006132141585147474e+04 2.531656710245160360e-20
5.006150693893456628e+04 7.577112226358166999e-15
5.006165461913312174e+04 3.748907294105359524e-20
5.006214575592549227e+04 4.253379306268255221e-22
5.006227945516437467e+04 1.028550283418819692e-15
5.006249207449768437e+04 9.677181457089380230e-23
5.006257119607654749e+04 1.409939438833518214e-20
5.006289654324546427e+04 4.838294299281412929e-13
5.006299523943112581e+04 6.664552451520414295e-20
5.006306429835004383e+04 7.504076795411760874e-17
5.006337384969438426e+04 8.962451770603160781e-21
5.006359607114066603e+04 9.180227388351540253e-20
5.006366190457298944e+04 7.870566111714959475e-15
5.006375736231483461e+04 1.300236239969903650e-18
5.006383856251036923e+04 1.386389626998721097e-18
5.006444234292327019e+04 6.550690371448113429e-15
5.006450276538858452e+04 5.547614985716828768e-22
5.006503966411771398e+04 8.321698418255926683e-21
5.006504914241450024e+04 2.840452290075637304e-14
5.006523654438241647e+04 1.794521416154715622e-18
5.006544518444201822e+04 5.048153712710892026e-21
5.006576807902553264e+04 6.030642878887454699e-19
5.006581941933241615e+04 2.227205164466991672e-16
5.006618168198819330e+04 1.448304814663799327e-18
5.006642588550467190e+04 3.376246883668278195e-19
5.006661062298879551e+04 3.589024139759388091e-15
5.006686032559895830e+04 0.000000000000000000e+00
5.006712460698881478e+04 1.835492088662366402e-20
5.006720284997449926e+04 2.953744183453865610e-13
5.006738844140387664e+04 3.664945220660359639e-18
5.006742150317406777e+04 1.322740175290154107e-17
5.006796829181237990e+04 7.253626923720595929e-18
5.006798093166609033e+04 6.440481970682073952e-14
5.006803879790587234e+04 6.157373803122722258e-19
5.006813719809967006e+04 3.191105485106463480e-19
5.006859237063705950e+04 4.172204851296823620e-12
5.006878555711331137e+04 3.021618724920552057e-16
5.006917393058133166e+04 1.231061770023691441e-19
5.006935897254214797e+04 9.730691733081515403e-14
5.006944110318087769e+04 4.936394136981020631e-19
5.006959648569106503e+04 7.473428923400012375e-17
5.007006308147630625e+04 3.440645858587977432e-19
5.007014825320067030e+04 1.066503191053774199e-13
5.007026435604615108e+04 1.565119023836861843e-19
5.007074516348916950e+04 2.511008777699221525e-12
5.007096719487849623e+04 1.010244967400931166e-16
5.007110186832379259e+04 8.480148796235220403e-19
5.007122170558169455e+04 2.207569337115954578e-20
5.007149510631202429e+04 7.009508021371400843e-20
5.007151946292154753e+04 1.040943366067493770e-13
5.007168666079265677e+04 4.990930561371993197e-18
5.007181457614592364e+04 2.488833052496997605e-17
5.007193583311837574e+04 8.108304876747724953e-19
5.007232332346706244e+04 2.118806088969877468e-14
5.007288979476987151e+04 1.543371404740975527e-17
5.007289985357093246e+04 3.282673145168207000e-12
5.007310912025888683e+04 6.824930896648742111e-18
5.007316187644744059e+04 8.417658738242953369e-16
5.007346808271232294e+04 5.155576720053395323e-19
5.007368676749477891e+04 1.406355784373124876e-12
5.007379557374942669e+04 2.348644597568276897e-21
5.007397663207023288e+04 3.128146989201561280e-18
5.007405779718203121e+04 1.642618479776269324e-19
5.007450794205662532e+04 7.798016265313783755e-16
5.007464137335739360e+04 2.318483968239835704e-19
5.007505819645284646e+04 3.707806878825908994e-12
5.007510977844738227e+04 7.423313826585266992e-18
5.007536102246349765e+04 1.134716579051387318e-15
5.007541783983775531e+04 5.437347956758116638e-17
5.007586349925443210e+04 8.373817527021076626e-13
5.007604248578533588e+04 8.311658344790820024e-18
5.007635297592447751e+04 2.748139655766060629e-17
5.007655998640542384e+04 6.242870358552116985e-19
5.007670378906292171e+04 1.136858024742455668e-14
5.007722252658358775e+04 4.526789624747885332e-12
5.007723861973750172e+04 4.504981755284984765e-19
5.007740846560560749e+04 2.768738244863804605e-19
5.007751919827916572e+04 1.017236447809377436e-17
5.007757864900156710e+04 4.736974209063566781e-17
5.007775791415691492e+04 1.763389480221964725e-18
5.007805204075376241e+04 2.072254530288041980e-15
5.007807749824961502e+04 1.748219718918306075e-18
5.007843075872970803e+04 6.852576629036817812e-18
5.007859328833545442e+04 8.358433945014388393e-12
5.007877827526783221e+04 1.367744564238003192e-16
5.007891256380335835e+04 1.496348845880934382e-14
5.007939579906294966e+04 1.394879627718856639e-11
5.007946843411245209e+04 8.337523580557286780e-18
5.007973941611072951e+04 5.334389094453033165e-17
5.007981847991712857e+04 2.361431797657957728e-16
5.008025430764353223e+04 2.999969662929236557e-13
5.008029652121905383e+04 4.235700281883711677e-18
5.008064702344825491e+04 5.989876326635820530e-18
5.008074892444061697e+04 1.286904301688243058e-10
5.008095055396654061e+04 6.994746487708443792e-18
5.008113089018793835e+04 4.525931391581675098e-15
5.008158125540610490e+04 3.661029743003278106e-13
5.008188479602302687e+04 1.635501458413544473e-17
5.008202427458164311e+04 2.786410890271018181e-16
5.008211789575717557e+04 1.659923769386855567e-16
5.008244653109315550e+04 2.891144481344367151e-16
5.008247159395768540e+04 4.013889698281866909e-13
5.008273700039476535e+04 1.331043413227046409e-19
5.008291314153177518e+04 1.098719298336881197e-10
5.008315729672477028e+04 2.636102919026777750e-17
5.008332263330327987e+04 3.352749587309967648e-17
5.008338376364798023e+04 2.495562284825459096e-18
5.008378185220634623e+04 7.118076708007735997e-12
5.008383529574549902e+04 5.196808803820065195e-16
5.008425666641801217e+04 1.391506298322962702e-16
5.008432825783683074e+04 7.924137701660653437e-18
5.008468235760622338e+04 3.990170912467894293e-15
5.008470497796704149e+04 2.034968467600369538e-13
5.008481877818380599e+04 4.422391259458819288e-17
5.008509483892513526e+04 2.856634858590803168e-11
5.008558689850625524e+04 3.742866217656401443e-16
5.008565373126875784e+04 1.520488540873881029e-15
5.008599981508525525e+04 1.296550588464895299e-11
5.008612241477338830e+04 3.953581861821945063e-16
5.008648284403467551e+04 1.876329197854307140e-18
5.008650971969871171e+04 3.913687690046381985e-16
5.008694307697955082e+04 6.927912112916808871e-16
5.008695371968511608e+04 2.814116377105130943e-14
5.008723052526493848e+04 1.255901298860798392e-15
5.008730079096087866e+04 1.254890213034603792e-10
5.008784169215726433e+04 1.288472934313185623e-15
5.008789402282226365e+04 2.057608077057601551e-15
5.008805156266301492e+04 3.619411134939549122e-18
5.008822163503878255e+04 1.469500151937118367e-14
5.008823652634847531e+04 8.287845344183079951e-12
5.008847375104212551e+04 4.759419415624780050e-16
5.008862036038112274e+04 5.391624932340267949e-09
5.008876737404041342e+04 1.650949684868595488e-15
5.008904907036721124e+04 5.039551614882097560e-16
5.008922020105073898e+04 1.282708643170835382e-14
5.008953430786305398e+04 3.304843089198466171e-10
5.008998135824687779e+04 8.730886695091813908e-16
5.009013359683689487e+04 6.507716211855522195e-15
5.009049185851009679e+04 3.733312172217101499e-12
5.009050006900275912e+04 4.696390111882931350e-13
5.009065208602748316e+04 1.852542903850688129e-16
5.009084151812693744e+04 7.901629298674468012e-10
5.009100113101103489e+04 3.399343924018090056e-15
5.009127439883151965e+04 2.486878501325738404e-16
5.009150358784989658e+04 1.623478386872304166e-14
5.009179607810209563e+04 2.105026497666069463e-10
5.009224228578389739e+04 8.735442923953584954e-16
5.009242949919030070e+04 5.923041456449201218e-15
5.009276930696838826e+04 4.513251267593317670e-12
5.009278339346079883e+04 1.613897057852962986e-14
5.009293239942860964e+04 9.034182975457420070e-16
5.009309661015361780e+04 5.201881153522106289e-09
5.009338032982481673e+04 3.393803034770901670e-16
5.009346909775785025e+04 1.442479017881153876e-16
5.009380282103236823e+04 3.514596197607869482e-15
5.009393234887122526e+04 3.553206137322354354e-15
5.009405787779562525e+04 2.149124639332828659e-13
5.009408596793893958e+04 6.491212428976472594e-11
5.009472038269728364e+04 1.424249302483651200e-16
5.009481026481997833e+04 2.420064292510481338e-15
5.009506771980490885e+04 6.153716704099010595e-12
5.009518490110225684e+04 1.028067140245147560e-14
5.009538850155335240e+04 4.145865895327299537e-09
5.009561208778324362e+04 5.579403278135095056e-15
5.009600385230442043e+04 1.836039082362941255e-15
5.009612617380891606e+04 4.671127003881916657e-16
5.009640377101804188e+04 1.759233478925225930e-11
5.009657793949310144e+04 2.584829865980365431e-15
5.009712549528396630e+04 1.718837266872110027e-14
5.009730722938724648e+04 1.850107725701298308e-14
5.009739018171308271e+04 4.396720716209105208e-12
5.009750398746338760e+04 1.184260262477654126e-15
5.009771665239478170e+04 1.372926933369532330e-09
5.009784924247764138e+04 1.642023174062313214e-15
5.009827935575266019e+04 1.583893920399635624e-15
5.009846632942908764e+04 2.331314769024896407e-13
5.009867026817387523e+04 3.203760926751336978e-09
5.009875189502807916e+04 1.573048668052032639e-11
5.009881852888564754e+04 3.566300217582957178e-17
5.009896621277549275e+04 4.225966127982730327e-18
5.009928915211846470e+04 4.972230671473741585e-19
5.009938669339021726e+04 2.792956760826494422e-15
5.009944722594042105e+04 1.230463929426270893e-14
5.009971775018791232e+04 2.424380492835582527e-13
5.009973981203761650e+04 1.565720442911963824e-12
5.010008195670243731e+04 3.500460702993127345e-10
5.010075995268069528e+04 3.135030169893954455e-13
5.010085388541219436e+04 1.696073251461559197e-12
5.010101660158386221e+04 2.297218400049522022e-09
5.010113270878892217e+04 6.469708610416294305e-11
5.010148836446407222e+04 8.316721688551317561e-16
5.010175244319331250e+04 2.078781706440907215e-15
5.010181505173724872e+04 1.852854710380563286e-14
5.010211219611169508e+04 8.298007957256440639e-13
5.010231247862118471e+04 4.178506056885518508e-19
5.010248532350947062e+04 1.026875606319871036e-10
5.010318132760605658e+04 4.783288027366476469e-13
5.010325172680077230e+04 6.071041646484848269e-14
5.010342749965077383e+04 1.534174505454721962e-10
5.010355147111749102e+04 1.398647460844342561e-11
5.010384885837184993e+04 3.906805107460256958e-15
5.010394458532739372e+04 2.860096985165859111e-16
5.010430283162542037e+04 7.845786095056270581e-16
5.010442892415793176e+04 4.035540839265934422e-14
5.010451591648268368e+04 2.750548616134190995e-13
5.010487042977352394e+04 2.001601802530108153e-15
5.010492715317793045e+04 2.550580070018461014e-11
5.010516797827132541e+04 6.737528302531294465e-15
5.010557757457611297e+04 1.110385410274736810e-13
5.010588547383790137e+04 1.127621102693639897e-11
5.010600373198392481e+04 2.138526316717369517e-12
5.010603132522612577e+04 2.126241683511655579e-12
5.010632295308759058e+04 2.561724505394881996e-16
5.010684566776477004e+04 3.269688060037617504e-14
5.010696470998886798e+04 6.107152711887997049e-14
5.010732517436690250e+04 1.596541379354943639e-14
5.010740717617230257e+04 8.320587779970803878e-12
5.010784634358953190e+04 2.874281109880205589e-14
5.010816395652533538e+04 5.431642685314405658e-13
5.010837331245183304e+04 1.201985377756948923e-11
5.010841097663425171e+04 1.721773800228891554e-12
5.010855917387409136e+04 1.983744723267924276e-11
5.010863766616843350e+04 4.755643914556549325e-16
5.010884669258993381e+04 5.421804591607853957e-16
5.010928779768921231e+04 2.056054329990187794e-14
5.010951480199573416e+04 1.349164720027010711e-14
5.010992163113885181e+04 4.335152994857451934e-12
5.011013340818463621e+04 4.208895596715141441e-14
5.011028924050054047e+04 1.713460764246235260e-14
5.011045434025386930e+04 4.443877881908630983e-14
5.011061092117856606e+04 1.761843454588141814e-13
5.011071992577987839e+04 1.230731706587346229e-13
5.011082241671924567e+04 5.068342893972951675e-13
5.011088520984058414e+04 4.882652725453076022e-12
5.011115795286086359e+04 1.695901263500368640e-11
5.011170418596905074e+04 1.391498881914131775e-15
5.011198587774107727e+04 2.032028886478464778e-15
5.011246804857622192e+04 1.421400305136713605e-12
5.011262833153503016e+04 4.655798747317135052e-14
5.011300353147403075e+04 1.224041937370491113e-13
5.011337734894554887e+04 2.203062187166177143e-13
5.011341283318653586e+04 1.246852637376486537e-12
5.011371372409274773e+04 1.573527052658967749e-14
5.011380740716409491e+04 6.804665041528001519e-12
5.011435682990310306e+04 7.240737760266425744e-16
5.011441391823336744e+04 3.139888447549302634e-16
5.011499296037386375e+04 5.572431643366183758e-14
5.011507445380697754e+04 2.047477619710318891e-13
5.011523187692317879e+04 7.755399989215199916e-15
5.011567739641471417e+04 1.254940753009481022e-14
5.011578585331684008e+04 3.712695118113080225e-14
5.011594081914996787e+04 2.781993386132167172e-13
5.011625119223336515e+04 1.542648862971642954e-14
5.011649279891689366e+04 1.938198947365066404e-12
5.011672475093391404e+04 5.476850507434887568e-15
5.011687882740130590e+04 5.802477052982870150e-15
5.011746265477006091e+04 2.125261464022360073e-17
5.011765072061634419e+04 2.286587487977790652e-14
5.011803698672199243e+04 5.638908657226261915e-15
5.011820491335597762e+04 5.303361388264731725e-17
5.011845727137848007e+04 3.326655283844879224e-14
5.011891111021942925e+04 1.720851023986945615e-14
5.011921978938749817e+04 2.668352668314689196e-13
5.011957769546643976e+04 7.106165399562921064e-16
5.011971498629331472e+04 3.040589397147327585e-16
5.012021803207882476e+04 1.835897912048279862e-17
5.012031320595741272e+04 1.315324570853778615e-19
5.012051907060146186e+04 3.244514946228759666e-18
5.012071588318219437e+04 1.970023867563201520e-16
5.012093040386235953e+04 5.006293071369914927e-16
5.012117274229536997e+04 7.835064572182501749e-16
5.012148543079146475e+04 2.208752600930288305e-16
5.012195949529370409e+04 1.020927133943344492e-14
5.012213641321627074e+04 2.194250890691520889e-16
5.012230005425055424e+04 2.703297653017377561e-18
5.012241133797784278e+04 4.510528868797108315e-17
5.012273058889525419e+04 2.969657669233238789e-18
5.012282466206615936e+04 1.426375617071869574e-16
5.012289262332705403e+04 1.256310283074156282e-15
5.012319075589448767e+04 4.851076487707314986e-16
5.012378521140673547e+04 1.450751910992597850e-16
5.012431311303561233e+04 4.106031809001248431e-17
5.012470882768480806e+04 7.569447515663257899e-16
5.012481523725133593e+04 2.438789238037501001e-17
5.012505182913563476e+04 4.248866110795969789e-17
5.012537630773276032e+04 5.633790793674728262e-17
5.012564214932787581e+04 8.790173949708722072e-16
5.012624843038226390e+04 3.781041931007771434e-16
5.012664910165849142e+04 4.816561330747596082e-17
5.012689303064778505e+04 7.236453374825720491e-19
5.012694807707364816e+04 4.309541251738631596e-17
5.012745823968265177e+04 1.479534152070491511e-15
5.012763207949788193e+04 5.228501274875103426e-16
5.012779931357041642e+04 7.877683021339745878e-18
5.012823762361346598e+04 2.455660789768397861e-18
5.012831738385073550e+04 2.028287952641702437e-16
5.012868191776461026e+04 1.644074656848783327e-17
5.012893030228915450e+04 1.557380744454108342e-16
5.012940280130636529e+04 1.231077042934638847e-17
5.012990018489465001e+04 2.438470384593504817e-18
5.013009263733564148e+04 1.177548669753467081e-16
5.013032458297328412e+04 6.455646502526691237e-16
5.013087311589220917e+04 2.075657517198097192e-17
5.013104717904068093e+04 1.822846867273428366e-18
5.013135001286338229e+04 2.150131353543634994e-17
5.013187070890122413e+04 1.369869598885562157e-17
5.013265158553413494e+04 6.773469710278958256e-18
5.013288694550890068e+04 6.740232670669460661e-18
5.013307771906480775e+04 8.071126206579571401e-17
5.013324331571562652e+04 2.220085987285494122e-17
5.013344416518673825e+04 9.167324325918206518e-19
5.013356076653454511e+04 5.985124903228235230e-19
5.013406979287874128e+04 7.841481388337402261e-20
5.013447619675587339e+04 3.392627719576320488e-19
5.013485120062094938e+04 3.026117243428261126e-19
5.013518343783496675e+04 2.857676702023563412e-19
5.013529951195621106e+04 1.248361268638457758e-19
5.013555008199445001e+04 1.186681151632783846e-18
5.013570015642075305e+04 5.357233853280443220e-19
5.013601016544554295e+04 2.622499555086564502e-18
5.013641205385543435e+04 7.584071107285179655e-19
5.013676366448558110e+04 2.972373043251057271e-19
5.013699347951196251e+04 2.917508407665616929e-19
5.013741758865486190e+04 6.527378760973158711e-20
5.013791254270313220e+04 6.544622678713378270e-20
5.013870095832520019e+04 2.265050246693520917e-19
5.013906870007721591e+04 4.979496269450089831e-19
5.013939148556839791e+04 6.783047575453938240e-22
5.013965732697285421e+04 4.267211419374876184e-19
5.013983854738170339e+04 9.837600951617698408e-20
5.014041259596008604e+04 1.533416138599640412e-19
5.014061100558778708e+04 1.817623759732711061e-22
5.014106247096564766e+04 6.235053649003376898e-22
5.014122355817640346e+04 2.040932973015107009e-19
5.014165996224347327e+04 5.392291632363141063e-19
5.014191850816438091e+04 2.026508205076054498e-19
5.014233394205364311e+04 1.903747136062158437e-20
5.014253164632982225e+04 1.329126863922930383e-19
5.014311883459229284e+04 1.318489410274425294e-20
5.014329711556579423e+04 5.433871491541228948e-20
5.014428858101262449e+04 3.240829108185830070e-20
5.014441231476471876e+04 2.260623811451689330e-19
5.014512273581601767e+04 2.173425972937977021e-20
5.014558269161232602e+04 3.528317620172227768e-22
5.014588158876899979e+04 1.735488539107404143e-20
5.014650790219346527e+04 4.807033283323873663e-22
5.014670748030558025e+04 9.295851596315524885e-21
5.014710658071193029e+04 1.185093993512539821e-20
5.014729293169532320e+04 1.361036290754961576e-20
5.014772327221487649e+04 9.246827401253425225e-22
5.014797300788082066e+04 1.815315168354883656e-23
5.014832922738854541e+04 0.000000000000000000e+00
5.014883460183128045e+04 0.000000000000000000e+00
5.014945577538166981e+04 7.741621524340796927e-23
5.014955255003559432e+04 1.122599589376883958e-21
5.014978688888861507e+04 1.491091936677646831e-22
5.014999638491811493e+04 4.034587575366166249e-24
5.015027016385861498e+04 8.640380646776635858e-23
5.015093776546973822e+04 4.436242978612052344e-22
5.015150394937850797e+04 2.913564870928611695e-22
5.015247324656033743e+04 2.116463840887687734e-22
5.015279138075859373e+04 1.600288960331206139e-24
5.015309384529027011e+04 1.623459475090237399e-22
5.015350770906849357e+04 4.935410033560861826e-22
5.015380105464111693e+04 8.891175130695511964e-23
5.015407478365429415e+04 1.778727046751513673e-22
5.015472490537002886e+04 1.814684688226650074e-22
5.015536332218583266e+04 6.944366758394547979e-23
5.015572053706661245e+04 1.448903793897420257e-22
5.015606855887276470e+04 9.205828322689278320e-24
5.015635938846544741e+04 5.889169222144581966e-23
5.015660090326539648e+04 1.782539717802186585e-22
5.015700505307498679e+04 1.857919436487956384e-23
5.015778726470357651e+04 8.603316103263214313e-23
5.015881879686155298e+04 2.281104774783799328e-23
5.015948067813405942e+04 2.643873221037567249e-23
5.015968182378807978e+04 0.000000000000000000e+00
5.016028584429107286e+04 0.000000000000000000e+00
5.016070561082004861e+04 1.048326685562896853e-23
5.016102495904052921e+04 0.000000000000000000e+00
5.016151799899712205e+04 0.000000000000000000e+00
5.016161635116474645e+04 0.000000000000000000e+00
5.016231320017964754e+04 0.000000000000000000e+00
5.016273657539305714e+04 0.000000000000000000e+00
5.016351697145945946e+04 0.000000000000000000e+00
5.016400510837974434e+04 0.000000000000000000e+00
5.016466512978413812e+04 0.000000000000000000e+00
5.016519703859583387e+04 0.000000000000000000e+00
5.016538473049368622e+04 0.000000000000000000e+00
5.016579277169500710e+04 0.000000000000000000e+00
5.016674193015035416e+04 0.000000000000000000e+00
5.016693083990993182e+04 0.000000000000000000e+00
5.016771668105235585e+04 0.000000000000000000e+00
5.016787731993256602e+04 0.000000000000000000e+00
5.016868636506712937e+04 0.000000000000000000e+00
5.016900541713355778e+04 0.000000000000000000e+00
5.017003906861249561e+04 0.000000000000000000e+00
5.017100051333982265e+04 0.000000000000000000e+00
5.017116994424760196e+04 0.000000000000000000e+00
5.017182097735357820e+04 0.000000000000000000e+00
5.017209100318350102e+04 0.000000000000000000e+00
5.017342153147394856e+04 0.000000000000000000e+00
5.017383994243362395e+04 0.000000000000000000e+00
5.017440737552843348e+04 0.000000000000000000e+00
5.017502211420883395e+04 0.000000000000000000e+00
5.017563912596840964e+04 0.000000000000000000e+00
5.017654506123461761e+04 0.000000000000000000e+00
5.017664901296680182e+04 0.000000000000000000e+00
5.017731320964696351e+04 0.000000000000000000e+00
5.017859856092519476e+04 0.000000000000000000e+00
5.017948518302499724e+04 0.000000000000000000e+00
5.017969864345583483e+04 0.000000000000000000e+00
5.018051737258939829e+04 0.000000000000000000e+00
5.018076485777296330e+04 0.000000000000000000e+00
5.018202460368756147e+04 0.000000000000000000e+00
5.018243943139812473e+04 0.000000000000000000e+00
5.018287947521550086e+04 0.000000000000000000e+00
5.018345334896590066e+04 0.000000000000000000e+00
5.018389780068135587e+04 0.000000000000000000e+00
5.018475737974896037e+04 0.000000000000000000e+00
5.018577452621977136e+04 0.000000000000000000e+00
5.018728194860183430e+04 0.000000000000000000e+00
5.018742350864342006e+04 0.000000000000000000e+00
5.018846559199243347e+04 0.000000000000000000e+00
5.018990919292315812e+04 0.000000000000000000e+00
5.019031439182444592e+04 0.000000000000000000e+00
5.019101092732331745e+04 0.000000000000000000e+00
5.019187866627590847e+04 0.000000000000000000e+00
5.019286825145001058e+04 0.000000000000000000e+00
5.019332636321093014e+04 0.000000000000000000e+00
5.019482434542379633e+04 0.000000000000000000e+00
5.019517435015460069e+04 0.000000000000000000e+00
5.019575805654280703e+04 0.000000000000000000e+00
5.019706825123215822e+04 0.000000000000000000e+00
5.019849706420960865e+04 0.000000000000000000e+00
5.019962002992507041e+04 0.000000000000000000e+00
5.020110391562644509e+04 0.000000000000000000e+00
5.020161231795612548e+04 0.000000000000000000e+00
5.020281325059927622e+04 0.000000000000000000e+00
5.020309779057301057e+04 0.000000000000000000e+00
5.020453611021132383e+04 0.000000000000000000e+00
5.020713050797834148e+04 0.000000000000000000e+00
5.020784133093729179e+04 0.000000000000000000e+00
5.020821879438304313e+04 0.000000000000000000e+00
5.020989575972596504e+04 0.000000000000000000e+00
5.021094925046277785e+04 0.000000000000000000e+00
5.021192068796070089e+04 0.000000000000000000e+00
5.021454662446170551e+04 0.000000000000000000e+00
5.021538066248402174e+04 0.000000000000000000e+00
5.022025602020534279e+04 0.000000000000000000e+00
5.022102140662985039e+04 0.000000000000000000e+00
5.022352242782277608e+04 0.000000000000000000e+00
5.022434272858360055e+04 0.000000000000000000e+00
5.022518830596884800e+04 0.000000000000000000e+00
5.022893541898751573e+04 0.000000000000000000e+00
5.023168573994228791e+04 0.000000000000000000e+00
5.023251894268557953e+04 0.000000000000000000e+00
5.023628311494756781e+04 0.000000000000000000e+00
5.024259563948334107e+04 0.000000000000000000e+00
5.024343058250232571e+04 0.000000000000000000e+00
5.025470320006726979e+04 0.000000000000000000e+00
5.025530387992772012e+04 0.000000000000000000e+00
