-5.002005687717285036e+04 9.895245110003120458e-13
-5.001833855174021301e+04 2.759883691394356472e-17
-5.001832208242776687e+04 2.747602794953267696e-18
-5.001817526335046568e+04 4.178990632493561451e-13
-5.001648676695871836e+04 6.268736560158022191e-11
-5.001626873977630021e+04 2.472487537369051204e-17
-5.001625391000282252e+04 5.954501239702775190e-20
-5.001500604238947562e+04 3.037143572627387373e-13
-5.001375498845087714e+04 1.476031217594531899e-13
-5.001356411241687601e+04 1.368062121503788202e-12
-5.001354022857099335e+04 1.752218979501428636e-14
-5.001270974351005134e+04 3.611401415008626336e-11
-5.001200217824563879e+04 1.837332487156017376e-10
-5.001184411946343607e+04 5.826214346811958742e-15
-5.001179787871782173e+04 5.211059237799633753e-11
-5.001135968365416193e+04 6.620213876847161855e-11
-5.001097239011638885e+04 1.019383971880919510e-10
-5.001039513941528276e+04 5.684907260647989755e-12
-5.001003653256320104e+04 1.302766790201789131e-11
-5.000994570228452358e+04 8.401135568557300393e-12
-5.000943129645434237e+04 2.455441861638290323e-11
-5.000901913080480881e+04 4.617608764865270782e-11
-5.000831736046158767e+04 6.896589900542831767e-14
-5.000785164919639647e+04 1.343729312478998637e-11
-5.000773293515474506e+04 2.717621752770959173e-11
-5.000698089533424354e+04 4.720065910461474534e-12
-5.000628382054355461e+04 9.650917544390180354e-11
-5.000575894674083975e+04 7.554863046553601864e-10
-5.000542870051592763e+04 9.313490053672591204e-12
-5.000459358673900715e+04 2.367323546834897837e-11
-5.000377391705857735e+04 3.194092564887822475e-11
-5.000366861211428477e+04 8.521479163602904950e-11
-5.000265317545613652e+04 9.113881682318955305e-11
-5.000177508309829864e+04 1.244494850604177192e-08
-5.000169118791763321e+04 1.996004554875531091e-09
-5.000050201299267792e+04 9.622070892171831437e-10
-4.999993836737222591e+04 4.636183658516533233e-09
-4.999993714035102312e+04 4.202168110391929273e-10
-4.999934626112652040e+04 3.725978844879820494e-10
-4.999832321399701323e+04 1.597807204987555218e-10
-4.999780672146043798e+04 2.196306177605233834e-10
-4.999770180914160301e+04 1.481101076444778282e-10
-4.999705670720203489e+04 3.498750147585151756e-10
-4.999608242198355583e+04 3.740546511342701735e-10
-4.999568304443819943e+04 6.500168061234918723e-08
-4.999544425892595609e+04 3.337592793368348597e-09
-4.999447622578496521e+04 2.163320103552427769e-08
-4.999414596384104516e+04 5.419006929884668335e-09
-4.999357156756988115e+04 1.189542395369305153e-09
-4.999284961539837241e+04 3.138083414102449475e-09
-4.999230218685415457e+04 2.615965526505028484e-09
-4.999150472139468911e+04 5.911216497633849511e-08
-4.999126951799230301e+04 1.887794777151805254e-08
-4.999099866659073450e+04 1.455509309984640806e-09
-4.998993746537634433e+04 1.164835051438215163e-08
-4.998991063095683057e+04 4.830536050718138905e-09
-4.998938818841659668e+04 1.633896553389514886e-09
-4.998919296084911184e+04 1.112912331269447900e-08
-4.998814706718499656e+04 5.333309770376362371e-08
-4.998792856945542735e+04 1.462068171937655379e-08
-4.998780180743783421e+04 8.315839753140360613e-09
-4.998733416527911322e+04 8.716492111180078327e-07
-4.998685125287937262e+04 2.482388402515924813e-08
-4.998658084371541918e+04 7.441462204925353841e-09
-4.998566754976755328e+04 2.330382813253612649e-06
-4.998561536014310695e+04 3.201079944792780851e-09
-4.998527719858541968e+04 4.188712185518984673e-08
-4.998454460672537243e+04 1.001414298039613592e-08
-4.998422800780463876e+04 1.356165561617103390e-08
-4.998357205189195520e+04 5.135317454443968386e-08
-4.998353026050857443e+04 1.204880074850289449e-07
-4.998327931184825138e+04 3.153730418113609662e-07
-4.998294082908888231e+04 1.310393801061640441e-09
-4.998250598598040233e+04 4.451768409711792628e-08
-4.998173963558025571e+04 1.606697296797351817e-11
-4.998141877362309606e+04 7.699174559994143566e-06
-4.998139406793942180e+04 7.866526533907076984e-06
-4.998095245880572475e+04 9.390723390345408309e-09
-4.998029165324753558e+04 9.646198763839212301e-10
-4.997993730417028564e+04 3.299151542315966457e-06
-4.997969574745324644e+04 7.852479789871097151e-08
-4.997939740062853525e+04 1.108778073928706985e-11
-4.997928676380901015e+04 5.858120992681314757e-07
-4.997913598043591628e+04 3.988086278326086294e-08
-4.997837604372490023e+04 9.297151818187810838e-11
-4.997797860674791445e+04 2.115997089218022115e-09
-4.997780081979668466e+04 6.766423631569494329e-07
-4.997778324126632651e+04 6.046886136881170675e-08
-4.997732217731662240e+04 4.197491779716211861e-07
-4.997716191201745823e+04 1.300718508749413315e-05
-4.997678984992739424e+04 6.196272684161213066e-08
-4.997609772264983621e+04 5.137458254474499128e-09
-4.997580211054759275e+04 1.051407484465060867e-08
-4.997566346593998605e+04 1.411229555262835395e-04
-4.997546666504898167e+04 4.091776115117445141e-10
-4.997505193879664876e+04 3.720996066960504926e-07
-4.997459271055441059e+04 8.223242212729564861e-09
-4.997402890874636068e+04 1.360132867910909818e-10
-4.997378053825700044e+04 1.159855432727417630e-09
-4.997352362885452749e+04 6.669312148866403167e-06
-4.997320654396335885e+04 4.880234543843829900e-08
-4.997294917869329220e+04 6.855097488692921669e-07
-4.997240034330567141e+04 1.641292820272664181e-08
-4.997203176704228827e+04 1.346756192616343181e-07
-4.997190273528907710e+04 2.240199690268982274e-10
-4.997137683826192369e+04 4.426792338422993328e-04
-4.997100542316574138e+04 7.262014509512921913e-08
-4.997084303775998706e+04 8.000007400280895195e-09
-4.997039709784575825e+04 2.457023942402936968e-09
-4.997027372839277814e+04 2.101731736296824642e-08
-4.996993499220687227e+04 7.710548489170229210e-06
-4.996930236026486818e+04 1.508957398643408309e-07
-4.996921497436590289e+04 7.201938618642087116e-06
-4.996895615722214279e+04 1.251997597229451173e-07
-4.996855124664194591e+04 1.056437968250751971e-07
-4.996778583786513627e+04 4.159540205418411186e-05
-4.996769982383486058e+04 4.095567797252730810e-09
-4.996724525610006822e+04 7.022006405843308073e-08
-4.996703563971623225e+04 1.941203649612786646e-05
-4.996658100651633868e+04 1.453927766472136018e-08
-4.996647812476647232e+04 8.954671097160417073e-12
-4.996585093373461859e+04 1.044185227450512293e-07
-4.996561040738313750e+04 1.706352279698914939e-02
-4.996549549531733646e+04 5.536283028317244854e-06
-4.996491946047713282e+04 7.494064133116221208e-08
-4.996482959572065738e+04 6.484275550899329969e-07
-4.996447575897972274e+04 2.830591568910907874e-07
-4.996385083437176218e+04 1.215765744390383190e-09
-4.996340072832884471e+04 1.318348412503150401e-04
-4.996305095245794655e+04 5.816872851216226560e-08
-4.996260206435548025e+04 9.699074059722951986e-06
-4.996245955359788786e+04 1.757955242148323991e-07
-4.996237248561243905e+04 1.966760314428710577e-07
-4.996176602202393406e+04 1.863456452189318159e-09
-4.996124205132508359e+04 1.650340936677898838e-07
-4.996114847981319326e+04 1.122921587094977754e-04
-4.996087523258912552e+04 1.681993245380850320e-07
-4.996033147736694809e+04 5.479362850684755966e-06
-4.996022153741335205e+04 1.890301352706313842e-05
-4.995990108841190522e+04 9.794269425959738484e-01
-4.995976339224715775e+04 4.611385635904167857e-07
-4.995912338761282444e+04 4.575478313664218582e-08
-4.995884852529811178e+04 4.853782510645576633e-06
-4.995816372819949902e+04 6.548526218965959643e-07
-4.995804231749922474e+04 1.752567444392774112e-05
-4.995770162253123999e+04 2.311639904685335641e-03
-4.995760223673751898e+04 2.505348983066670878e-08
-4.995726612135677715e+04 1.425263897072408235e-07
-4.995649958784801856e+04 9.437861661059985640e-05
-4.995627652376520564e+04 5.226835207419448811e-07
-4.995578278080027667e+04 2.129133965733027121e-07
-4.995558755668033700e+04 7.465368666833439362e-08
-4.995537679810001282e+04 4.900874822094485141e-06
-4.995534461052829283e+04 6.400053023335114528e-10
-4.995475019225993310e+04 2.182281440488662054e-10
-4.995424845830884442e+04 4.201288916363380325e-08
-4.995409588222098682e+04 1.418769880099716192e-06
-4.995364359566593339e+04 2.449110356490221773e-09
-4.995340763128152321e+04 7.990773751731980276e-08
-4.995295145696080726e+04 1.612722230252421318e-06
-4.995280756109068170e+04 4.546797872200229993e-09
-4.995225092816962569e+04 2.856219462917957325e-09
-4.995165596080209070e+04 7.318042090231999644e-07
-4.995148287661497307e+04 3.616631699451179175e-13
-4.995110081353446003e+04 2.398583059343093469e-08
-4.995075884565783053e+04 8.768197133742723905e-08
-4.995044500203246571e+04 7.710238807818367817e-05
-4.995025357049529703e+04 1.142835389991609756e-07
-4.994963652024634939e+04 1.890228144896783477e-09
-4.994917181045174948e+04 2.088995279492531765e-10
-4.994905879581424233e+04 1.621629223171477473e-10
-4.994874085290024232e+04 7.019817010534283960e-08
-4.994864344572848495e+04 6.960035667222135672e-08
-4.994796037781905761e+04 4.369082110341251359e-09
-4.994787554186638590e+04 6.817938637632834676e-07
-4.994733212853786245e+04 3.359041709864445990e-11
-4.994674636936831666e+04 2.989976554994386448e-09
-4.994665110828768957e+04 1.373462667595830985e-07
-4.994643615978839807e+04 4.680041121309088362e-11
-4.994608569105339848e+04 5.368569761349450630e-10
-4.994526844784954301e+04 1.824100259444919311e-08
-4.994517493798942451e+04 3.168479466618293873e-09
-4.994461239767986262e+04 7.309607886526874095e-12
-4.994410199729786109e+04 3.131543891289829639e-09
-4.994392735636282305e+04 8.178855903719425440e-10
-4.994355963395469007e+04 1.230973958945685990e-11
-4.994291667871476966e+04 5.288625066385127822e-12
-4.994259805560929817e+04 1.613616803460501687e-10
-4.994208642180722381e+04 4.457124313780480153e-11
-4.994169978818108211e+04 1.495708805224817298e-10
-4.994151143687111471e+04 2.025560981347819676e-09
-4.994120364731878362e+04 2.878108990779698844e-14
-4.994005059139723016e+04 4.076919914395142121e-09
-4.993990577501622465e+04 2.240877282992681493e-08
-4.993979447799023910e+04 2.377279211022315278e-11
-4.993955439644861326e+04 3.211834979047429061e-09
-4.993892510659713298e+04 2.152331399751585786e-13
-4.993870889876110596e+04 2.950805064314639717e-10
-4.993805013871433766e+04 1.581811288925628376e-11
-4.993781612949432019e+04 2.698876764428833703e-11
-4.993748221421394555e+04 5.528380093174178664e-12
-4.993714634325822408e+04 4.477949018722242845e-10
-4.993680637194232258e+04 9.399119235801772762e-12
-4.993639580071344972e+04 5.395394483503819557e-11
-4.993630687008996756e+04 1.036200626717258169e-10
-4.993572628534569230e+04 1.398352352278891865e-13
-4.993535724073086749e+04 1.178417063837247786e-11
-4.993464673785705963e+04 1.404345060549542594e-12
-4.993440156869584462e+04 6.422402314170256724e-11
-4.993378503041144722e+04 9.867938891115819937e-12
-4.993366184419977799e+04 1.437464771238234475e-14
-4.993312092854004004e+04 2.113320777262890465e-12
-4.993282875092746690e+04 1.905677748425965947e-13
-4.993194677724788198e+04 2.593242972753763938e-14
-4.993165227531932032e+04 4.218696972364033208e-14
-4.993129207646416762e+04 2.094941341778226113e-12
-4.993104827218651917e+04 3.486337293072055734e-12
-4.993056801976240240e+04 2.759750594039447852e-13
-4.993042924304481858e+04 1.388569669536167691e-13
-4.992952297721821378e+04 8.833291230317258738e-15
-4.992890889013973356e+04 1.245429626178519581e-11
-4.992867924511127785e+04 1.796665171508987722e-12
-4.992819125755687128e+04 9.238808744827970396e-13
-4.992813294916730229e+04 3.717240576297132544e-13
-4.992784914819262485e+04 4.656004224597815504e-13
-4.992693691056571697e+04 7.203724231108892569e-15
-4.992616967987617682e+04 1.839504838262020553e-13
-4.992599113542159466e+04 2.551923985414539240e-14
-4.992570405425273930e+04 2.991662556437996342e-13
-4.992548385750620218e+04 3.440932900871836480e-18
-4.992514426032811025e+04 1.454996838396834382e-14
-4.992453199197375943e+04 7.939394569134889558e-16
-4.992385230058938760e+04 1.910180335905651199e-14
-4.992321603069932462e+04 7.528165380850555603e-14
-4.992305090799547179e+04 5.361282535832231449e-15
-4.992278977347347245e+04 2.598899548760987224e-14
-4.992267062415532564e+04 1.616898442684954858e-14
-4.992143402577667439e+04 3.670798856283553330e-16
-4.992068131478834403e+04 3.385136281112526019e-18
-4.992051328488592844e+04 8.883000634851521454e-15
-4.992021952862145554e+04 2.090841904047480752e-15
-4.992001155243563699e+04 3.206618590598430954e-15
-4.991957905897023738e+04 1.004703905230577755e-15
-4.991819680705191422e+04 1.132348958275889015e-15
-4.991807085139543778e+04 9.076747051255884183e-21
-4.991760056072722364e+04 2.417595772682192777e-17
-4.991740980398933607e+04 7.900407297528097073e-15
-4.991717640432582266e+04 4.555873714046442031e-16
-4.991681348688818252e+04 8.718450310492712567e-18
-4.991562231163484830e+04 3.656420904345898067e-18
-4.991505443209408259e+04 3.135700561962231795e-16
-4.991460374980848428e+04 4.478087946680094469e-17
-4.991455546100249194e+04 1.595763257755334874e-16
-4.991380464805909287e+04 2.197844545346754058e-17
-4.991286189684164128e+04 1.453990935293282501e-20
-4.991241485715729505e+04 1.031685395250576820e-17
-4.991185267766962352e+04 1.590917799172637137e-16
-4.991121263907068351e+04 8.904464741962034837e-18
-4.991080241881473921e+04 8.451453080813014137e-18
-4.990994311709418980e+04 6.330185672230773252e-18
-4.990982710325119115e+04 2.871637411943036669e-17
-4.990908207944752212e+04 1.264773592206876693e-19
-4.990872870246550156e+04 5.673815203374516856e-18
-4.990821678482465359e+04 1.634273104859615211e-18
-4.990786841906439076e+04 1.745964850307988642e-19
-4.990717904304900003e+04 8.990462212960952861e-19
-4.990619863093188178e+04 1.294613380528099612e-18
-4.990600303002704459e+04 3.796112303024851870e-18
-4.990586637413273274e+04 8.306376486953481573e-19
-4.990561448740483320e+04 3.411745379987342575e-20
-4.990384431502744701e+04 1.370850984556683357e-19
-4.990322841103410610e+04 5.258684478600103425e-20
-4.990318275788612664e+04 1.947178239448576474e-19
-4.990234430934377451e+04 6.771384888574903600e-22
-4.990187668377832597e+04 5.604300621027951820e-22
-4.990106017201544455e+04 3.069029653546785185e-20
-4.990025332618277753e+04 1.831256390957183979e-19
-4.989970166545526445e+04 1.820755067871850266e-20
-4.989934247831233370e+04 5.395953538751198524e-21
-4.989893513483866991e+04 1.460590253049907760e-20
-4.989784482572593697e+04 4.622381492943259441e-20
-4.989735588221188664e+04 4.987348408321428011e-21
-4.989653613137691718e+04 2.876636418048877905e-23
-4.989565107480349980e+04 3.619719125549798929e-23
-4.989517234210696188e+04 5.508215886567328067e-21
-4.989487397178328683e+04 2.754681730593546771e-22
-4.989359591632070806e+04 8.610422854523244988e-23
-4.989301830556320056e+04 8.954130109230460904e-24
-4.989296058563340921e+04 1.671308001733571398e-22
-4.989247556184022687e+04 1.649672359253882678e-22
-4.989200410355397617e+04 3.946743176711378582e-23
-4.989073374978659558e+04 1.388088729708088255e-24
-4.989036724002136907e+04 0.000000000000000000e+00
-4.989010792500402022e+04 4.293539053903417202e-23
-4.988941450827755034e+04 6.249295223752871193e-24
-4.988817249902524054e+04 3.150315352350124837e-22
-4.988746703133181290e+04 6.027731290436458900e-24
-4.988607785743814020e+04 2.836571601747477292e-23
-4.988538225726442033e+04 0.000000000000000000e+00
-4.988510624336820183e+04 1.259605442688174441e-23
-4.988411452388588805e+04 1.392701757629969674e-24
-4.988314436169446708e+04 0.000000000000000000e+00
-4.988304917378842947e+04 2.047791312443188990e-24
-4.988203762813983485e+04 0.000000000000000000e+00
-4.988120199199459603e+04 0.000000000000000000e+00
-4.988089702846621367e+04 0.000000000000000000e+00
-4.988054196230749221e+04 0.000000000000000000e+00
-4.987975619017273857e+04 0.000000000000000000e+00
-4.987823062365594524e+04 0.000000000000000000e+00
-4.987792665304503316e+04 0.000000000000000000e+00
-4.987722231932594150e+04 0.000000000000000000e+00
-4.987639299138198840e+04 0.000000000000000000e+00
-4.987475341798322916e+04 0.000000000000000000e+00
-4.987349209421870910e+04 0.000000000000000000e+00
-4.987335427701450681e+04 0.000000000000000000e+00
-4.987188439718190057e+04 0.000000000000000000e+00
-4.987033920358577598e+04 0.000000000000000000e+00
-4.986906463687802170e+04 0.000000000000000000e+00
-4.986806983394550480e+04 0.000000000000000000e+00
-4.986753275441268488e+04 0.000000000000000000e+00
-4.986598363642395270e+04 0.000000000000000000e+00
-4.986518938728118519e+04 0.000000000000000000e+00
-4.986493322640984843e+04 0.000000000000000000e+00
-4.986436776656844449e+04 0.000000000000000000e+00
-4.986298710541020409e+04 0.000000000000000000e+00
-4.986252497268810839e+04 0.000000000000000000e+00
-4.986179237161283527e+04 0.000000000000000000e+00
-4.985981768675211788e+04 0.000000000000000000e+00
-4.985933288355870172e+04 0.000000000000000000e+00
-4.985749175414194178e+04 0.000000000000000000e+00
-4.985604682562642120e+04 0.000000000000000000e+00
-4.985533295490448654e+04 0.000000000000000000e+00
-4.985401823897778377e+04 0.000000000000000000e+00
-4.985202550533489557e+04 0.000000000000000000e+00
-4.985091385865948541e+04 0.000000000000000000e+00
-4.984802286809603538e+04 0.000000000000000000e+00
-4.984717955225191690e+04 0.000000000000000000e+00
-4.984535394152244407e+04 0.000000000000000000e+00
-4.984442198898997594e+04 0.000000000000000000e+00
-4.984397654185717693e+04 0.000000000000000000e+00
-4.984174154502300371e+04 0.000000000000000000e+00
-4.984076978306581441e+04 0.000000000000000000e+00
-4.983829041266770946e+04 0.000000000000000000e+00
-4.983758379241473449e+04 0.000000000000000000e+00
-4.983457092083369207e+04 0.000000000000000000e+00
-4.983385399151827005e+04 0.000000000000000000e+00
-4.982334671285493823e+04 0.000000000000000000e+00
-4.982290813115657511e+04 0.000000000000000000e+00
-4.981958882867502689e+04 0.000000000000000000e+00
-4.981914391433410492e+04 0.000000000000000000e+00
4.997994672992031701e+04 6.823990939779387053e-20
4.998181980551291053e+04 3.502322643595014988e-22
4.998183522477484803e+04 1.341908489064282515e-17
4.998183753388018522e+04 6.570402086571843097e-23
4.998352998864455003e+04 7.079426663531241231e-18
4.998388740424438583e+04 3.061592467484735125e-23
4.998390327795410849e+04 1.633471951317096376e-22
4.998501698659940303e+04 5.623035662441633512e-16
4.998627839682903141e+04 5.791909578881505533e-17
4.998656029654070880e+04 9.553453109209901290e-18
4.998658369492546626e+04 7.337655786741702309e-19
4.998733105367064854e+04 2.097878225133733624e-15
4.998806707019858732e+04 2.399727639617511006e-16
4.998827570948641369e+04 4.011141477036909186e-18
4.998830452205648908e+04 4.690024750734031391e-17
4.998871428482677584e+04 7.124223878344431638e-17
4.998910653508821269e+04 6.344741216006702732e-17
4.998968292032454337e+04 8.987776423672665684e-19
4.999004227797826752e+04 1.429452199364702478e-17
4.999006602179731999e+04 2.733847923132380849e-17
4.999065547826571856e+04 2.240098842465992234e-17
4.999106845721497666e+04 7.163558489561791346e-18
4.999177050537038303e+04 1.541484617034610127e-17
4.999217558960966562e+04 3.208192358934462839e-15
4.999235011252624827e+04 2.388629319754681562e-16
4.999310801963663107e+04 2.190175296202727271e-17
4.999380493428968475e+04 1.549012911910409033e-19
4.999427886786704767e+04 5.813101727693620207e-17
4.999466059624105401e+04 5.001352671893151710e-20
4.999549661228058540e+04 1.034088382128014947e-17
4.999628835174266715e+04 9.864503779166199429e-15
4.999640812104826182e+04 3.850780598382868788e-15
4.999744008267145546e+04 5.850594392959329521e-16
4.999828467479081883e+04 1.516642213699196297e-15
4.999840042975534743e+04 5.829831919870914904e-16
4.999958833151292492e+04 7.930745090098073590e-16
5.000006971131364844e+04 1.633416062714235312e-18
5.000013802780218975e+04 3.448459256023019756e-14
5.000074055345232046e+04 1.066113032502240018e-14
5.000176463945669093e+04 8.198498985808342207e-16
5.000221695801999886e+04 7.626538921164959531e-17
5.000238217266407446e+04 7.996045999888005186e-16
5.000303833761500573e+04 1.166675040481190995e-14
5.000400213181407162e+04 7.325145994706568445e-14
5.000435586460860941e+04 5.425462858677005209e-15
5.000465269910134521e+04 3.742516234468676747e-15
5.000561659807551041e+04 7.081263857374361634e-17
5.000595171969851799e+04 1.778313849279684555e-14
5.000648180139801116e+04 9.407056428829645157e-13
5.000725041419352056e+04 4.176827260579486188e-14
5.000780117083748337e+04 2.874398689453355055e-15
5.000856605038249108e+04 1.510499141919275063e-15
5.000883161114685208e+04 9.190427534399318491e-16
5.000910548394776561e+04 4.382095950967553570e-15
5.001007057571514451e+04 1.810222601134756832e-14
5.001020177578973380e+04 1.252402963096093025e-13
5.001069551958235388e+04 1.074792520806990527e-12
5.001092737795919675e+04 3.447676293199014699e-14
5.001196583150486549e+04 1.871789854400483321e-14
5.001219862999916950e+04 7.573690129181683687e-14
5.001222241443315579e+04 7.479596387076257033e-12
5.001275754973159928e+04 6.071310374821808838e-14
5.001327075696708926e+04 4.139189993463390579e-14
5.001355940079280845e+04 2.637103952802152378e-14
5.001437214990209031e+04 1.809101086831551172e-15
5.001453394144186313e+04 2.326497086888210744e-13
5.001483676394857321e+04 1.388366192990918298e-12
5.001562854711745604e+04 2.978797578418151115e-15
5.001589032862622844e+04 6.015434082254672604e-15
5.001651722155480093e+04 5.828275289459236237e-12
5.001660045841541432e+04 7.819549368300787084e-14
5.001685421257420967e+04 6.061431715868306194e-14
5.001718049515814346e+04 2.339108379938803243e-14
5.001768057194911671e+04 1.671730224167222034e-15
5.001844816490236553e+04 6.590243958688211535e-15
5.001866207577782188e+04 7.250526167206538546e-13
5.001875301988890715e+04 2.659631339640798443e-14
5.001924090681707457e+04 3.882287292632900497e-14
5.001993807193664543e+04 3.597064141786960700e-14
5.002007074330520845e+04 1.668925053451125489e-16
5.002045489644870395e+04 7.880972494540239974e-18
5.002079791505359026e+04 3.836574853520000910e-11
5.002083598545035056e+04 2.209062569282180408e-12
5.002104444778670586e+04 3.454786795447522777e-13
5.002185184230399318e+04 3.818045980328987223e-14
5.002217564765422139e+04 2.038761358518817658e-14
5.002222313732138718e+04 2.341978548968671832e-12
5.002243087933391507e+04 2.235314318559835850e-15
5.002287517430235312e+04 1.914984106516785874e-13
5.002295123538758344e+04 5.655192225219665658e-13
5.002345666604684084e+04 3.014416133004851345e-15
5.002414538507076213e+04 4.306074538915302202e-15
5.002436301257833111e+04 1.911130806053902424e-13
5.002437688251689542e+04 4.175205025937026698e-12
5.002480104357916571e+04 2.899827259448636525e-14
5.002506661544011149e+04 2.261398182144894663e-13
5.002568982630995015e+04 3.233340672044824965e-15
5.002614491462425212e+04 2.013432486157470827e-13
5.002646404938819614e+04 1.190745441272551033e-14
5.002653192589762330e+04 9.038645535347920718e-10
5.002703713023435557e+04 4.242787862249629405e-15
5.002718126324858895e+04 2.360198925551197477e-14
5.002782207757025026e+04 2.281850818971191808e-16
5.002812877731007757e+04 4.583290109879797668e-15
5.002833094229735434e+04 1.616886373562035689e-16
5.002869445964614715e+04 1.017762654391365569e-11
5.002918767166631733e+04 5.003949697244173399e-14
5.002933429401129251e+04 3.474016239711321836e-14
5.002979094960377552e+04 5.672636786940961887e-15
5.002997798460032209e+04 9.308898529414935827e-18
5.003007308612684574e+04 3.979379910656445831e-11
5.003086873063594976e+04 2.037448239817851922e-12
5.003096549681537726e+04 3.742078455560625675e-14
5.003123194409564167e+04 6.051270886966645377e-17
5.003164448010345222e+04 2.680027795232157316e-15
5.003223843091223534e+04 1.611088650695945731e-08
5.003256341689082910e+04 4.163680413141351814e-14
5.003299004423779843e+04 3.682404916261060997e-14
5.003306851158085919e+04 2.064010100330889576e-13
5.003359951729563909e+04 6.297677270487660311e-14
5.003374762045802345e+04 5.939912544293966780e-16
5.003440410511996743e+04 3.103428063049728743e-14
5.003443045798509411e+04 8.588122169316919020e-11
5.003471164461700391e+04 5.287644399408283389e-15
5.003528693346567889e+04 8.058947224084828373e-13
5.003531120837378694e+04 6.748735592501073809e-14
5.003570772673200554e+04 2.536109981653053402e-15
5.003636673377367697e+04 1.329986738069367792e-15
5.003665670246390073e+04 5.331217342755405643e-13
5.003717321758330945e+04 1.520184745028399452e-16
5.003753865348855470e+04 4.808463328113977221e-14
5.003775252886459202e+04 1.121394714220030469e-14
5.003783613611778856e+04 1.365490270924630551e-15
5.003846390886041627e+04 8.134145392709964887e-16
5.003892521680215577e+04 1.570996382385998378e-13
5.003901403163671057e+04 1.888564720642848277e-16
5.003934676783331815e+04 7.624155710562563143e-15
5.003982162588068604e+04 4.633265386295588748e-13
5.003997164274649549e+04 1.077998960332075291e-16
5.004010331307667366e+04 2.424062641888437326e-11
5.004048718242845644e+04 4.705195284212627751e-15
5.004116048262932600e+04 3.016107931907794519e-16
5.004124182044393820e+04 1.741372925747463699e-11
5.004203865129453334e+04 1.190402114543828599e-16
5.004212822082899220e+04 4.024626435185526609e-14
5.004231202090840816e+04 3.688247213302874838e-11
5.004268023234404245e+04 4.673147706189570776e-17
5.004299210028244124e+04 1.077481343956003913e-16
5.004360769540222100e+04 1.951620754423987085e-13
5.004396034819170018e+04 3.569684700820761353e-17
5.004441910280197771e+04 1.516108761544746955e-14
5.004464352993994544e+04 8.821454302676596315e-13
5.004465192604482581e+04 9.569216344548972060e-13
5.004496211082034279e+04 1.081000810528786392e-17
5.004550374399442080e+04 7.905713288094243650e-18
5.004599447841242363e+04 1.279520047434673928e-13
5.004604033760691527e+04 1.358669527510863314e-13
5.004665528017625911e+04 2.560403659775849201e-15
5.004679285764284577e+04 8.243829880445408885e-14
5.004708517182066862e+04 1.186347866751451699e-10
5.004744107933543273e+04 5.286996509661250151e-14
5.004802739209248830e+04 1.905184657343892588e-15
5.004848380185313727e+04 4.573905275282015673e-15
5.004877868139326165e+04 4.772615682499052798e-15
5.004911840966290765e+04 1.163851083151467450e-13
5.004950471235553414e+04 1.270460121966372395e-15
5.004960592935008754e+04 7.572471550638446138e-13
5.005003014724131208e+04 9.124721836411940578e-17
5.005060943311561277e+04 1.977082871991686084e-15
5.005098524602389080e+04 2.452695129338038714e-13
5.005119545589784684e+04 7.082276477338682700e-16
5.005150926459404582e+04 1.380393035388142224e-15
5.005158783080244029e+04 8.941931263639192509e-17
5.005218875413952628e+04 9.950044536774730585e-15
5.005233298761711194e+04 1.097575899347510474e-17
5.005291809374753939e+04 4.305696308992734917e-18
5.005351832378186373e+04 4.350854029525443516e-15
5.005355380826981855e+04 3.621777525746187087e-16
5.005381266893340944e+04 1.611668280480412624e-16
5.005421803471023304e+04 2.091077606738241915e-17
5.005481944303062483e+04 3.488109994469435224e-15
5.005510763476493594e+04 2.276542792177494336e-17
5.005569010015340609e+04 1.738096387357464150e-18
5.005608830349591153e+04 2.445053090480630070e-15
5.005634976206814463e+04 1.005995460517051245e-17
5.005675709877462214e+04 1.194986414846144733e-16
5.005742894664735650e+04 1.378620454272109427e-14
5.005750773694838426e+04 1.023756458327642172e-13
5.005821168129803118e+04 1.089678983745463186e-17
5.005860873435869144e+04 1.469877549850105563e-15
5.005870416541628947e+04 4.472421537918893549e-16
5.005914705540828436e+04 1.732435981919621610e-16
5.006016236452156591e+04 8.534415911630054342e-16
5.006028484441983164e+04 5.417286465506771702e-16
5.006051021212394699e+04 4.731960934611027464e-17
5.006079474808559462e+04 9.872123666192485235e-17
5.006129974587554898e+04 6.558957200568428022e-16
5.006163644020681386e+04 1.376174906569165125e-17
5.006222361800197541e+04 2.585665454562575142e-18
5.006252351205927698e+04 2.710800664690600960e-18
5.006284049967066676e+04 1.882217912923957912e-17
5.006303804714273429e+04 1.325987943778582818e-17
5.006344051519567438e+04 2.176693142771031519e-18
5.006392226465429121e+04 1.307649224762187483e-17
5.006396281162029481e+04 8.856024011749105136e-18
5.006456906467685621e+04 3.632027324233505225e-19
5.006498774065936595e+04 2.409978716024398096e-20
5.006561547481139860e+04 1.301520714813269737e-19
5.006577216997690266e+04 1.648597536067826554e-18
5.006651813390400639e+04 1.265219442824044188e-17
5.006667864838290552e+04 1.512568152843042389e-18
5.006721977785545459e+04 1.853397755953559105e-21
5.006757061611887184e+04 3.057164923757575001e-19
5.006840722711091803e+04 3.550939080722352426e-17
5.006856823672063911e+04 6.835407514981482750e-17
5.006904733654070878e+04 4.073203023073354194e-18
5.006927427717132377e+04 2.773159256476639574e-18
5.006977278215742990e+04 1.469657514712625577e-18
5.006994453270482336e+04 6.406892632187561801e-19
5.007085631370626652e+04 1.031294534260890398e-19
5.007130332068427379e+04 2.211278402989401500e-18
5.007164957347227028e+04 2.076188698559524016e-19
5.007211651412257925e+04 1.146071115864192275e-18
5.007228516123776353e+04 2.895754569018876743e-22
5.007248655941420293e+04 9.099477006756635127e-22
5.007346176218306209e+04 1.634024354982255393e-21
5.007407710157634574e+04 2.164735061019717727e-19
5.007444241024839721e+04 3.502083126917429704e-22
5.007461693911568727e+04 1.350756798198539332e-21
5.007483543684433243e+04 1.050604022204864792e-19
5.007523711157625803e+04 3.982660474059082752e-22
5.007587398562531598e+04 9.232109210181165631e-23
5.007654262413669494e+04 4.465606809887858621e-23
5.007707382873441384e+04 1.541971430816236795e-21
5.007730610677188815e+04 3.942254330925408173e-20
5.007755498915419594e+04 1.196385963376636728e-20
5.007769887646906136e+04 1.289766994585832443e-21
5.007899687960049778e+04 3.083385601054851541e-21
5.007966611067012127e+04 3.284132987041912467e-20
5.007987192857998889e+04 3.000130158162967910e-21
5.008007153440485854e+04 5.808599056696065449e-20
5.008031873745248595e+04 7.012175354280101707e-21
5.008083775592227175e+04 1.374619147287787421e-21
5.008219826031150296e+04 1.012149112534021935e-21
5.008232268037949689e+04 6.153406394610509349e-22
5.008274335872025404e+04 6.260021406402585272e-22
5.008290346900961595e+04 3.119373204384056370e-21
5.008320340069014492e+04 9.367289464532827522e-23
5.008370697231193481e+04 3.737400830919478418e-24
5.008478755847013235e+04 1.638888662984002389e-22
5.008533427855255286e+04 1.535467201111946527e-23
5.008575075775273581e+04 7.034461238639403593e-22
5.008592196890797641e+04 1.889101587341460450e-24
5.008657829877311451e+04 0.000000000000000000e+00
5.008756956148696190e+04 1.574921496023453702e-23
5.008799095772225701e+04 1.703332095793397760e-22
5.008847425000037765e+04 0.000000000000000000e+00
5.008916772248296911e+04 1.764124457219007150e-23
5.008965382004126877e+04 4.886202636857051539e-24
5.009049573431117460e+04 0.000000000000000000e+00
5.009057250672599912e+04 5.975813941470344487e-24
5.009128462002458400e+04 7.883758237675479788e-23
5.009179727234220627e+04 9.168470318456059908e-24
5.009218199183824618e+04 0.000000000000000000e+00
5.009259904972572986e+04 4.397244974261759776e-24
5.009322673253285029e+04 5.477201673192507739e-24
5.009427528650344175e+04 2.322262815044786148e-24
5.009441437774563383e+04 1.042135960662481397e-24
5.009467324299189931e+04 0.000000000000000000e+00
5.009479217594510556e+04 0.000000000000000000e+00
5.009656256948724331e+04 0.000000000000000000e+00
5.009716877279173787e+04 1.336193883184986754e-24
5.009736373416292918e+04 0.000000000000000000e+00
5.009807644572258141e+04 0.000000000000000000e+00
5.009862837097416195e+04 0.000000000000000000e+00
5.009936064147394791e+04 0.000000000000000000e+00
5.010012898478833813e+04 0.000000000000000000e+00
5.010072940211192326e+04 0.000000000000000000e+00
5.010115569165972556e+04 0.000000000000000000e+00
5.010154560320577002e+04 0.000000000000000000e+00
5.010255174918071862e+04 0.000000000000000000e+00
5.010303978445005487e+04 0.000000000000000000e+00
5.010394462885005487e+04 0.000000000000000000e+00
5.010480861852885573e+04 0.000000000000000000e+00
5.010526911437125091e+04 0.000000000000000000e+00
5.010556656676850253e+04 0.000000000000000000e+00
5.010714896025704365e+04 0.000000000000000000e+00
5.010743450516705343e+04 0.000000000000000000e+00
5.010750970211544336e+04 0.000000000000000000e+00
5.010805636525052978e+04 0.000000000000000000e+00
5.010857578041378292e+04 0.000000000000000000e+00
5.010990972140675149e+04 0.000000000000000000e+00
5.011019867290391994e+04 0.000000000000000000e+00
5.011034717363650998e+04 0.000000000000000000e+00
5.011120999923138152e+04 0.000000000000000000e+00
5.011229523180832621e+04 0.000000000000000000e+00
5.011305917556201166e+04 0.000000000000000000e+00
5.011442898400517151e+04 0.000000000000000000e+00
5.011512986502663989e+04 0.000000000000000000e+00
5.011539338214872259e+04 0.000000000000000000e+00
5.011654266338812886e+04 0.000000000000000000e+00
5.011735781223315280e+04 0.000000000000000000e+00
5.011744517586928851e+04 0.000000000000000000e+00
5.011848484836977877e+04 0.000000000000000000e+00
5.011932605671212514e+04 0.000000000000000000e+00
5.011974426236363070e+04 0.000000000000000000e+00
5.012004403243591514e+04 0.000000000000000000e+00
5.012075424120795651e+04 0.000000000000000000e+00
5.012230693731018255e+04 0.000000000000000000e+00
5.012268566783249116e+04 0.000000000000000000e+00
5.012337453244589415e+04 0.000000000000000000e+00
5.012411700648513943e+04 0.000000000000000000e+00
5.012584398706080538e+04 0.000000000000000000e+00
5.012704523209552281e+04 0.000000000000000000e+00
5.012728678124042199e+04 0.000000000000000000e+00
5.012868429874962749e+04 0.000000000000000000e+00
5.013032810821550083e+04 0.000000000000000000e+00
5.013151910987492010e+04 0.000000000000000000e+00
5.013254124879885785e+04 0.000000000000000000e+00
5.013318392203610711e+04 0.000000000000000000e+00
5.013447018774672324e+04 0.000000000000000000e+00
5.013542622391879559e+04 0.000000000000000000e+00
5.013566087957643322e+04 0.000000000000000000e+00
5.013635596576328680e+04 0.000000000000000000e+00
5.013771718428350141e+04 0.000000000000000000e+00
5.013794075953112770e+04 0.000000000000000000e+00
5.013879039193085919e+04 0.000000000000000000e+00
5.014092746512513986e+04 0.000000000000000000e+00
5.014142530519944557e+04 0.000000000000000000e+00
5.014322086359698733e+04 0.000000000000000000e+00
5.014468632050824090e+04 0.000000000000000000e+00
5.014550297859876446e+04 0.000000000000000000e+00
5.014663739933133911e+04 0.000000000000000000e+00
5.014876011922730686e+04 0.000000000000000000e+00
5.014989731631984614e+04 0.000000000000000000e+00
5.015282563907149597e+04 0.000000000000000000e+00
5.015357575259191071e+04 0.000000000000000000e+00
5.015507234064382646e+04 0.000000000000000000e+00
5.015635005454468774e+04 0.000000000000000000e+00
5.015677534722669952e+04 0.000000000000000000e+00
5.015865784951044770e+04 0.000000000000000000e+00
5.015996514798259159e+04 0.000000000000000000e+00
5.016249986602257559e+04 0.000000000000000000e+00
5.016319992730292142e+04 0.000000000000000000e+00
5.016617293033745955e+04 0.000000000000000000e+00
5.016688823602634511e+04 0.000000000000000000e+00
5.017696919604411232e+04 0.000000000000000000e+00
5.017744043159732973e+04 0.000000000000000000e+00
5.018071457247727813e+04 0.000000000000000000e+00
5.018118234906893485e+04 0.000000000000000000e+00
