-5.019236928308581264e+04 0.000000000000000000e+00
-5.019199271462479373e+04 0.000000000000000000e+00
-5.017455211224129744e+04 0.000000000000000000e+00
-5.017367835647452011e+04 0.000000000000000000e+00
-5.016094016395544168e+04 0.000000000000000000e+00
-5.015894275330946402e+04 0.000000000000000000e+00
-5.015532270115899155e+04 0.000000000000000000e+00
-5.015488404929624085e+04 0.000000000000000000e+00
-5.014904808789174422e+04 6.342626874260089493e-23
-5.014603063718001067e+04 4.296352538530635745e-23
-5.014063707830358180e+04 5.951804373562760597e-23
-5.013981854644860141e+04 6.442442383985353064e-22
-5.013730346664370882e+04 6.978306532461373894e-21
-5.013518170723401272e+04 7.196153821277425504e-21
-5.012975876887955383e+04 2.194480704106448843e-20
-5.012834280145827506e+04 2.038267615954784074e-22
-5.012619726196514239e+04 3.539646980492057648e-21
-5.012478993166932923e+04 1.736740638001180637e-19
-5.012410339375065087e+04 9.873155057284445984e-20
-5.012324554547647131e+04 1.918712808242935766e-19
-5.011957928494638327e+04 3.064975826474746361e-19
-5.011856887857597030e+04 2.053843149356028584e-18
-5.011644925953735219e+04 4.251192897767908128e-18
-5.011561642102861515e+04 1.243715576449293112e-20
-5.011311732396292791e+04 5.730972806345064604e-18
-5.011209228707625880e+04 1.064204976017971694e-18
-5.011008612086074572e+04 2.318018714918481925e-20
-5.010901121937982680e+04 6.943320897852978681e-18
-5.010715768770324212e+04 5.166651420837732424e-21
-5.010613390707240615e+04 1.420596954572685374e-19
-5.010441153531747841e+04 3.798411283438605101e-18
-5.010295527271820902e+04 9.286776111149256550e-18
-5.010150614475443581e+04 4.105167203403124984e-17
-5.010098169443897496e+04 3.193666419842547639e-18
-5.009887165282486239e+04 4.296765098266863715e-17
-5.009823996475903550e+04 3.287626452837549032e-16
-5.009630322276875086e+04 6.769737660794884016e-17
-5.009610296572209336e+04 3.990121455848342669e-16
-5.009436855817368632e+04 3.513902806996148774e-16
-5.009353124409588054e+04 7.298673253576134797e-16
-5.009288455090629577e+04 3.438218709870711241e-16
-5.009208966621727450e+04 6.781475873388947096e-16
-5.009059036177945381e+04 1.331623344403533514e-15
-5.008997467214149947e+04 4.356861876300397209e-17
-5.008878405315254349e+04 1.821646403048480182e-15
-5.008757555800786940e+04 4.943761759648612530e-16
-5.008677506039389118e+04 7.285013710129831216e-17
-5.008612370283663040e+04 2.521730805989008831e-16
-5.008461243720853236e+04 4.824014480045210654e-16
-5.008405031837901333e+04 9.349428679024955093e-17
-5.008315115790815616e+04 6.245646539604717245e-16
-5.008197084433050622e+04 4.686808345845953559e-15
-5.008114508767262305e+04 7.705414044755353177e-19
-5.008048167689077673e+04 3.447564156867101231e-15
-5.007995539347712474e+04 1.665288592502407746e-15
-5.007823500288432842e+04 3.487752374165531782e-15
-5.007750945470591250e+04 8.537168168473915461e-14
-5.007706761701493815e+04 2.261994273235681741e-15
-5.007614640461710223e+04 3.290434561924919445e-14
-5.007527691067111300e+04 2.501813013389252696e-15
-5.007400452132298960e+04 2.365023216389328547e-14
-5.007302491043484042e+04 2.522223224485291785e-13
-5.007285457862455223e+04 1.513168841008393560e-13
-5.007208836344056908e+04 2.196810503395697248e-14
-5.007094417449396860e+04 4.676914791192127023e-14
-5.007020733914310404e+04 1.139846076456668685e-13
-5.006934196745916415e+04 1.384098459519705420e-15
-5.006856801650086709e+04 3.454558497893969601e-13
-5.006816835475867992e+04 3.210414293884146142e-13
-5.006714741584889271e+04 1.259215963413646989e-13
-5.006628256159235752e+04 1.632219152970073930e-14
-5.006576095113241900e+04 1.728062035859036422e-14
-5.006431526641326491e+04 1.050611317623366571e-14
-5.006403538482089061e+04 2.421851640319012202e-13
-5.006319936944682559e+04 4.157018217966271889e-13
-5.006316235414886614e+04 4.497012498435832026e-14
-5.006146741263205331e+04 3.064619010936757997e-14
-5.006096564808466792e+04 5.461518744452665715e-13
-5.006061094029452943e+04 6.497573358674355979e-13
-5.006004408647418313e+04 3.255298671145785576e-13
-5.005887211290291452e+04 9.958475224953563040e-14
-5.005829153917302028e+04 2.566632123856033805e-13
-5.005789039769951341e+04 4.335217643745682578e-12
-5.005736533028553094e+04 2.889876768010589949e-13
-5.005622542886217707e+04 1.067801904108109390e-11
-5.005603712838509819e+04 5.781276736090160224e-12
-5.005531711462573003e+04 1.324320805771568928e-12
-5.005425711855132977e+04 9.806457503662839329e-13
-5.005351491602304304e+04 2.266850706098608563e-12
-5.005279026055283612e+04 1.112306585794162395e-11
-5.005265134551855590e+04 1.773532812873951093e-11
-5.005226542941168736e+04 1.980742187580676878e-11
-5.005093608875774225e+04 8.505178923746801682e-12
-5.005079186907179974e+04 5.435070242078171413e-11
-5.004983284373064816e+04 2.583577682526030763e-13
-5.004934527207486826e+04 5.978391489320022101e-13
-5.004855294071486423e+04 1.171234242570252912e-12
-5.004796706286881818e+04 2.654577850961488001e-11
-5.004749403823679313e+04 9.379976526541307644e-11
-5.004724562619867356e+04 1.327651788820002063e-13
-5.004637132169785764e+04 3.886405058234978258e-11
-5.004553548058211891e+04 1.367632958502716244e-14
-5.004533861544451065e+04 9.063833542601008555e-11
-5.004423039298140066e+04 1.815456919332183750e-12
-5.004337739820266142e+04 7.413619430149323451e-12
-5.004282890326553752e+04 1.017895042682829998e-11
-5.004250905495811458e+04 9.344869955757143455e-11
-5.004197642898512277e+04 1.985117889963438698e-12
-5.004142267918189464e+04 1.064122741087865597e-10
-5.004080947373084200e+04 1.985209937740498789e-11
-5.003989833401746000e+04 9.646106373359410755e-12
-5.003962545723213407e+04 2.693276387234023605e-10
-5.003855271462789096e+04 1.618828789939815393e-10
-5.003758896104762243e+04 5.924439068980846616e-12
-5.003718017859513930e+04 2.413224048934327309e-11
-5.003689175518071715e+04 1.086092310425214543e-10
-5.003621558253303374e+04 2.402237798369353103e-10
-5.003589947398642107e+04 1.165765667565387782e-09
-5.003528876882245095e+04 5.909733976894103651e-10
-5.003400897546196211e+04 1.077835886294102245e-11
-5.003386600630698376e+04 6.456251897643326761e-10
-5.003275441870690702e+04 2.716547107359118197e-09
-5.003237159690323460e+04 1.886691081420435043e-09
-5.003136641319347837e+04 7.525697401768573386e-11
-5.003120845845235453e+04 4.748808331189802136e-11
-5.003102008416210447e+04 1.003659363526914129e-10
-5.003049068974757392e+04 4.934616650112304071e-09
-5.003042144443830330e+04 9.764973983702310997e-11
-5.002953911402550148e+04 9.061851276471879065e-09
-5.002824867591648217e+04 4.034819756412548854e-11
-5.002811064590604656e+04 2.115517999730064480e-10
-5.002760186938366678e+04 2.100587533778532955e-09
-5.002696449786736048e+04 3.050015907000206718e-09
-5.002679393614595028e+04 1.491663615444385197e-08
-5.002563589099670935e+04 5.010696156660938976e-09
-5.002525803950045520e+04 4.886474757540868852e-10
-5.002490096573655319e+04 5.092724501831684300e-09
-5.002465924477910448e+04 1.451535177589653978e-09
-5.002380234113191545e+04 1.980360535340911135e-08
-5.002330658663328359e+04 1.579562278445755769e-08
-5.002261553168180399e+04 5.555866702846021344e-10
-5.002235530216102779e+04 6.702513590208253591e-10
-5.002149175731707510e+04 4.860072448898984663e-09
-5.002111838433284720e+04 2.742773492377168092e-08
-5.002101309544791002e+04 5.014391770594325874e-09
-5.001996984475982754e+04 2.018190621841373349e-08
-5.001967801691237401e+04 2.692499866337237007e-10
-5.001904396174137946e+04 4.632984788508751034e-10
-5.001886008354650403e+04 3.227919072065322285e-09
-5.001876787381780741e+04 9.838572200505049341e-10
-5.001795013754267711e+04 6.284682745201237059e-08
-5.001704156079978566e+04 1.552312560642818575e-08
-5.001675110503161704e+04 7.442268828255893964e-10
-5.001673081030137109e+04 5.534705567032238630e-10
-5.001594852618323057e+04 3.481516589785919306e-08
-5.001529242522470304e+04 9.289056734171286258e-08
-5.001428806192143384e+04 7.475252582707219751e-08
-5.001413392427281360e+04 1.064812538975587771e-10
-5.001390604368155618e+04 1.569122252310673898e-08
-5.001319959794431634e+04 8.847873252462802860e-10
-5.001283865054084163e+04 6.137999122666711501e-09
-5.001238862907013390e+04 2.865079015855462517e-07
-5.001185655865786975e+04 7.269726809869453876e-09
-5.001143870868076192e+04 1.488913985817552190e-07
-5.001119036703938764e+04 5.173066164318080142e-09
-5.001048622208020970e+04 2.190783737856403974e-07
-5.000946513084215985e+04 3.317899476035098117e-07
-5.000871512251909735e+04 3.723937989772096038e-07
-5.000853969767279341e+04 1.791828372702036572e-07
-5.000835136385644000e+04 1.255493986895012263e-07
-5.000737932748857565e+04 2.632022497731108268e-07
-5.000728006053138961e+04 4.468871308555811691e-07
-5.000669183328448707e+04 4.308286528930136884e-07
-5.000641731411713408e+04 2.301376196150810878e-07
-5.000574204655933863e+04 1.284629844323751238e-06
-5.000554521029717580e+04 1.514259939649785231e-07
-5.000484604076069809e+04 1.259660759840195742e-06
-5.000386043928637810e+04 7.391519880916268987e-07
-5.000307602207117452e+04 1.905013235106377563e-07
-5.000289583512076206e+04 9.302542029235911778e-07
-5.000237692459540267e+04 2.203706021850055899e-06
-5.000179487767245882e+04 3.753963440208753722e-06
-5.000147068592740834e+04 1.492513149638935021e-08
-5.000106057252594474e+04 2.653444179350119839e-07
-5.000086652499205957e+04 9.064012637569398154e-07
-4.999991680320895102e+04 1.980161435383229981e-06
-4.999959543781290267e+04 2.937509629033148980e-06
-4.999913681048112630e+04 5.381124858025038499e-06
-4.999826124239966157e+04 1.746807807080726470e-06
-4.999749964487899706e+04 3.715606226225871160e-07
-4.999721788730907429e+04 3.907906059585131580e-06
-4.999628450636783964e+04 6.348842530116301863e-06
-4.999613396310625831e+04 8.683269044324584175e-06
-4.999557774164036528e+04 1.361631005894026537e-08
-4.999534858083964355e+04 1.832784457989986167e-06
-4.999518218479884672e+04 3.238180869824448222e-06
-4.999417786311829695e+04 8.243207989617435546e-06
-4.999358160435872560e+04 1.697568244323223091e-05
-4.999341283948422642e+04 4.913987651108961551e-06
-4.999260419446874585e+04 3.132423672487816194e-06
-4.999187608409192035e+04 1.816987774117513584e-06
-4.999137203603605303e+04 1.723369578461423252e-05
-4.999054227176622226e+04 3.852026749510017756e-05
-4.999022885555357061e+04 9.924191174832992270e-08
-4.998965156781550468e+04 7.669835823192609850e-07
-4.998954461477742007e+04 1.111650825202276408e-05
-4.998917760758994700e+04 6.846136334550481909e-06
-4.998844995377524174e+04 4.597360135115826312e-05
-4.998789939951516135e+04 6.098602466437307132e-05
-4.998756971741394955e+04 2.602402014540829011e-06
-4.998692749507346161e+04 6.525169992168197239e-06
-4.998612575150642806e+04 1.915808591769231566e-06
-4.998547023113891191e+04 1.448806604306179715e-04
-4.998497459110033378e+04 8.927478834923373904e-05
-4.998414523789719533e+04 1.508715967357150100e-08
-4.998373094471287914e+04 3.210865816545482653e-05
-4.998366289770678850e+04 1.737618008907903987e-05
-4.998306767918707919e+04 3.913577265568190492e-05
-4.998271307168263593e+04 3.204245798887277825e-04
-4.998219600839457416e+04 7.056244576603429373e-05
-4.998164113076674403e+04 6.957252804003336054e-05
-4.998108795378152718e+04 1.443331297926100485e-05
-4.998033777483271842e+04 1.031228295819641608e-06
-4.997980876033481036e+04 8.448505174995867657e-04
-4.997936200532515795e+04 7.117048589065591449e-05
-4.997801380272004462e+04 7.708892402921615735e-05
-4.997773754779810406e+04 3.637193731873956774e-04
-4.997766393852552574e+04 2.430058515490494294e-05
-4.997734609817442106e+04 2.414784140155029190e-04
-4.997707129301122768e+04 1.057611708783310006e-03
-4.997643117430715938e+04 7.376238643497071426e-06
-4.997537319280488009e+04 6.100292054841242873e-04
-4.997497829745145282e+04 4.683040860028059959e-06
-4.997443609481971362e+04 3.363678235370904778e-04
-4.997424676684691076e+04 2.264731238435476086e-03
-4.997368095182168327e+04 3.038146464373424707e-07
-4.997210266553542169e+04 3.389322390798104982e-03
-4.997185073759111401e+04 4.002988704045871049e-04
-4.997162307581084315e+04 1.149787515792792905e-04
-4.997149711278859468e+04 1.037392035685389801e-03
-4.997136627275218052e+04 1.890155546198256571e-04
-4.997058803064238600e+04 1.186911218609164781e-04
-4.996957596969466977e+04 3.949948015812648934e-03
-4.996877856624058768e+04 3.633387697866825817e-04
-4.996874581181989197e+04 3.905372404429075569e-03
-4.996819309985249856e+04 1.085637943448190178e-04
-4.996775599001876981e+04 7.892825672348548812e-04
-4.996660363883659011e+04 1.022861887414986543e-02
-4.996592962963972968e+04 7.384910142797907568e-04
-4.996576452362014970e+04 5.378693669774225539e-05
-4.996554620394251833e+04 5.653927378282842114e-05
-4.996501787528528075e+04 1.659513404264641775e-03
-4.996462220770418207e+04 2.080656240782094088e-03
-4.996385829489180469e+04 1.140291908195833863e-02
-4.996305354849500145e+04 1.327393232410200088e-03
-4.996268133478087839e+04 2.807143429485786570e-04
-4.996252527860472765e+04 6.008768896084737930e-03
-4.996173205223632976e+04 3.552953942368931341e-03
-4.996106643332935346e+04 1.527081729762985556e-02
-4.995998614159445424e+04 1.076042578627114845e-05
-4.995972335008822847e+04 2.509521414882347028e-03
-4.995944254781648488e+04 4.523047106789022812e-04
-4.995897122392226447e+04 1.728258682051295181e-02
-4.995840535735851881e+04 4.777340741843713774e-04
-4.995808845327002200e+04 9.384664740951427844e-03
-4.995745836406522722e+04 5.077957561547905528e-03
-4.995677562036488962e+04 1.091929229346556320e-02
-4.995654388235283841e+04 5.133357464231576642e-03
-4.995573209355341533e+04 2.080456753515817075e-02
-4.995532641676204366e+04 2.793825571510779888e-03
-4.995387504027553223e+04 1.192486924645496695e-02
-4.995364275679852290e+04 1.080343868196658591e-02
-4.995331646318383719e+04 1.473434675985273476e-05
-4.995328474127001391e+04 5.430584851781270102e-03
-4.995270227088610409e+04 2.199832935453780586e-02
-4.995221660997287108e+04 6.757676008552754646e-03
-4.995174386100097036e+04 1.807691047357560686e-04
-4.995072673811158165e+04 4.018658839196061205e-02
-4.995035719520426937e+04 5.443029833238292869e-03
-4.994998595154071518e+04 1.187276676245333298e-02
-4.994915551542882167e+04 4.139779104069092434e-03
-4.994822300360961526e+04 2.037750547320539909e-02
-4.994749125759519666e+04 1.442744978494088851e-02
-4.994738536706335435e+04 2.141259155590183316e-02
-4.994712238825942768e+04 5.288720426712232615e-03
-4.994698712355773023e+04 6.541772355416231553e-03
-4.994618111954914639e+04 1.673491429765265950e-03
-4.994545656824624166e+04 1.206955369595850633e-02
-4.994496358252531354e+04 3.006571558878468400e-02
-4.994458402772557747e+04 2.473116400162344089e-02
-4.994417305509333528e+04 1.034904363119530483e-02
-4.994348297845316119e+04 4.159008905862354374e-03
-4.994225460511664278e+04 5.514646962526938145e-02
-4.994145215001353063e+04 3.993620313921338386e-03
-4.994121213698052452e+04 5.655430215528091820e-04
-4.994103153619609657e+04 1.232565581345048365e-02
-4.994088032067918539e+04 4.137300413271731078e-03
-4.994017340278564370e+04 6.750825989732652833e-03
-4.993978945989692147e+04 4.707798640976197484e-03
-4.993924974525748985e+04 4.406401242526978429e-02
-4.993833251394544641e+04 1.813999807077371074e-02
-4.993812848123280855e+04 2.619279084772190101e-03
-4.993704354140387295e+04 4.268862670695624389e-02
-4.993650821670544974e+04 9.240808243106817324e-03
-4.993565858807901532e+04 1.593999165676048685e-02
-4.993550361835285730e+04 5.318532027824660058e-03
-4.993502314850989933e+04 9.058109991047636270e-03
-4.993480538408028224e+04 2.021804192453500060e-03
-4.993455739547655685e+04 3.103904741074300228e-03
-4.993353635949004820e+04 4.001244302259039654e-02
-4.993327042090695613e+04 2.339227739512423666e-03
-4.993190390688999469e+04 4.596846742306669176e-02
-4.993173435905780207e+04 7.921336548215224043e-04
-4.993137986064625147e+04 4.832197541023274673e-03
-4.993056078574919957e+04 9.559420217915601259e-03
-4.992996473571471142e+04 1.917045365747876247e-03
-4.992969611345816520e+04 1.931862564907948360e-02
-4.992873342111484089e+04 2.576201723499149665e-03
-4.992855852441113529e+04 1.498994691985480222e-02
-4.992821973576208984e+04 5.130179711667830648e-06
-4.992727816085515224e+04 9.211406102800766271e-03
-4.992668220435269177e+04 3.775862389312963866e-03
-4.992621120060111571e+04 3.572067101731097455e-02
-4.992571292402438121e+04 2.291654427284896007e-03
-4.992547379233789252e+04 2.063582633876233363e-02
-4.992462652656163846e+04 2.877191043214427630e-06
-4.992389360405730258e+04 1.000312475795539415e-03
-4.992350044337634608e+04 1.351556337386785461e-02
-4.992255786764957884e+04 8.538232440805447465e-03
-4.992223828097340447e+04 3.758962530231113272e-05
-4.992172966037149308e+04 1.606627137039049499e-04
-4.992062952298951859e+04 8.380721623601285891e-03
-4.992052619680339558e+04 5.695614158029086148e-05
-4.991984898149069340e+04 1.041823734594733708e-02
-4.991934781852840388e+04 2.105509055993310188e-02
-4.991908767512279883e+04 3.914576781086770256e-03
-4.991807103587992606e+04 2.371439822864462692e-03
-4.991795013297735568e+04 5.453569447110744386e-03
-4.991704613252758281e+04 2.363600803548959566e-03
-4.991651823733076162e+04 3.127019318535121436e-03
-4.991574369784472219e+04 2.086774739254479254e-03
-4.991520491528887942e+04 1.371127532746967180e-03
-4.991455314594089577e+04 6.977436590323462910e-04
-4.991385988122453273e+04 2.279372705792947519e-03
-4.991314264269502019e+04 2.633232873075866051e-03
-4.991288492999684240e+04 6.137510663502755877e-03
-4.991239516902586911e+04 1.385699901911033923e-03
-4.991206165445898660e+04 7.009138758481855275e-03
-4.991088809950945142e+04 1.396132725831778594e-03
-4.991070676195770648e+04 4.335652206663900138e-03
-4.990962980186437926e+04 4.786325460595378047e-04
-4.990887295133867156e+04 1.010396754210386629e-03
-4.990858966720497847e+04 1.838993820817166761e-03
-4.990793593587639043e+04 1.076374376648160907e-04
-4.990717611927285179e+04 1.265222729882732686e-03
-4.990658057311599987e+04 5.100904156885018937e-04
-4.990650321923050069e+04 6.916515182442434673e-04
-4.990602822523425129e+04 4.144769265632046820e-04
-4.990504298190823465e+04 2.489198679645812044e-03
-4.990422607277224597e+04 3.312658007860017659e-04
-4.990369780224920396e+04 2.805197407486573289e-03
-4.990272495908492419e+04 8.664042372267409512e-06
-4.990224401265349297e+04 4.716805671300028824e-04
-4.990165302857449569e+04 1.593059367469632382e-03
-4.990092267939118756e+04 3.324037365918877199e-06
-4.990055027637068270e+04 3.387512075106310298e-05
-4.989993631953058502e+04 5.765941313350839105e-04
-4.989960933704755735e+04 3.058495901282201807e-04
-4.989847982667859469e+04 2.051945281067298497e-06
-4.989756860246985161e+04 3.130171525376455074e-04
-4.989740002235380962e+04 3.442271144553139697e-05
-4.989637814999808325e+04 2.627986292792208137e-04
-4.989591242507928837e+04 4.660246036749772979e-04
-4.989572739278021618e+04 9.803863613093973873e-05
-4.989464710913533054e+04 3.448906709525705614e-04
-4.989437772211827541e+04 5.394135351608743629e-04
-4.989346484461761429e+04 5.138213608348633271e-06
-4.989257028238632483e+04 2.299844938794305422e-04
-4.989243138143671240e+04 1.766839405239617015e-06
-4.989077813619971857e+04 1.333422042848388975e-05
-4.989000769134519942e+04 1.448451768594209002e-05
-4.988974579046035069e+04 1.575817342361882279e-05
-4.988910174662199279e+04 2.238634310886832181e-05
-4.988857786726699123e+04 3.282999983718063239e-05
-4.988832833306061366e+04 1.277890124884933268e-06
-4.988784574658474594e+04 4.825027845045623553e-05
-4.988695848585724889e+04 2.184927133360691496e-04
-4.988590654252018430e+04 7.531102020440322525e-05
-4.988517347590614372e+04 1.071233404734302491e-05
-4.988496854835763952e+04 1.898706874650415210e-05
-4.988381361266590102e+04 9.249233136317248804e-06
-4.988243812253699434e+04 1.776219990309038088e-07
-4.988168945341955987e+04 6.578090544926209105e-08
-4.988151532855316327e+04 1.592408287864132091e-06
-4.988102686780309159e+04 2.110000249877474118e-06
-4.988015401067343191e+04 8.046502176690312595e-06
-4.987990872997935367e+04 1.886475428422057073e-05
-4.987878384386883408e+04 2.788179141057503668e-06
-4.987804387644674716e+04 2.282095584819473504e-05
-4.987757147732040903e+04 1.480575854856636325e-05
-4.987677629076984158e+04 1.821911097509988369e-06
-4.987638082928253425e+04 3.055351590711481838e-08
-4.987444462037298945e+04 5.645396348105392810e-08
-4.987396548052903381e+04 5.001649572278926612e-08
-4.987369118202447862e+04 1.063202801780077574e-07
-4.987295534565168782e+04 1.220095950164663310e-06
-4.987235313760985446e+04 1.978993128640475578e-06
-4.987130726507624786e+04 2.948613384964271814e-07
-4.987022151558207406e+04 6.611549159012430056e-07
-4.986976270539168036e+04 3.482281182910608511e-06
-4.986842866977191443e+04 8.996862909818897974e-08
-4.986837058547561173e+04 1.299819199666415567e-06
-4.986719810734979546e+04 1.218072817020253407e-07
-4.986678871112848719e+04 1.809585653540903541e-08
-4.986636822419457894e+04 3.584616002204399462e-09
-4.986496611268462584e+04 5.536424156232594442e-09
-4.986466182598836167e+04 1.384814836308007911e-08
-4.986373588324344746e+04 3.513673069685659465e-07
-4.986252451427510096e+04 3.334642753319912077e-08
-4.986091065061862173e+04 6.688150830005735013e-08
-4.986052203681478568e+04 2.476540505884294455e-07
-4.985936151431227336e+04 4.627335191653776724e-08
-4.985894994960397889e+04 2.312736075993266080e-09
-4.985845548034264357e+04 9.376364205662690877e-09
-4.985828162727667222e+04 5.492226792034655999e-09
-4.985705190965422662e+04 1.989250248906789509e-08
-4.985608477944270999e+04 5.341067519922021020e-09
-4.985529613172146492e+04 1.575424895906589242e-09
-4.985413257292374328e+04 1.714633978939658607e-08
-4.985241419110306742e+04 5.102934190419072165e-09
-4.985137019471224630e+04 1.550003503584599491e-09
-4.985096757491997414e+04 2.836715454787629464e-09
-4.985070556406959076e+04 6.934213598971503990e-09
-4.984951205205279257e+04 2.333661054391508394e-09
-4.984846328019742941e+04 2.164261872543267850e-10
-4.984828832011698978e+04 2.017839656238710512e-10
-4.984695672849216498e+04 7.028780678184268792e-10
-4.984541462638761004e+04 6.659484119654573505e-10
-4.984483179186785856e+04 5.311216021336067887e-12
-4.984398384488605370e+04 1.602479730869717103e-10
-4.984259578685170709e+04 2.649766727060690056e-10
-4.984159273822376417e+04 9.292351637258836036e-11
-4.984099679952400766e+04 3.366903251857182418e-12
-4.984050306013559748e+04 1.972820381104715636e-10
-4.983844684500050789e+04 3.090021741514716405e-11
-4.983772680094958923e+04 3.965861900719057557e-12
-4.983750933307981177e+04 3.053961199760616365e-12
-4.983635594588993263e+04 1.917514803644382891e-11
-4.983457464229357720e+04 5.777897874019444262e-12
-4.983346874093281804e+04 7.858859484354270304e-13
-4.983311545284154272e+04 2.110537442480955852e-12
-4.983176884258326754e+04 3.046883113736088359e-12
-4.983095799365477433e+04 2.026244821006084040e-12
-4.982981387343279494e+04 1.888934723594448343e-13
-4.982951844870608329e+04 7.803172310206896896e-13
-4.982704416771223623e+04 2.114857555755396736e-14
-4.982609179585293896e+04 3.120508294096745412e-13
-4.982572312089079060e+04 5.592124200208028333e-14
-4.982445551536908897e+04 1.118694180856248586e-16
-4.982340627416034113e+04 1.367284781820432154e-15
-4.982232049972286040e+04 1.522884495355325658e-14
-4.982159168216060061e+04 1.542755174106824317e-14
-4.982011599788579770e+04 9.390394110719406414e-15
-4.981847896196464717e+04 3.251819508907135515e-15
-4.981766486537308083e+04 9.027680698935032916e-15
-4.981666719658880902e+04 4.945597265583131145e-16
-4.981533315502430924e+04 2.314701387059754711e-19
-4.981445313305915624e+04 1.472214351830592820e-16
-4.981329557522270625e+04 2.663184507588913691e-15
-4.981257250758698501e+04 4.596220873732454164e-16
-4.981074689694039989e+04 4.395906741986729100e-16
-4.980927403796825092e+04 8.891527932607868763e-16
-4.980831839286150353e+04 2.878725796108724165e-17
-4.980774857373011037e+04 2.833834061537218304e-19
-4.980576109750099567e+04 4.042672510724812616e-17
-4.980491460036258650e+04 2.762931521498517350e-16
-4.980285111700610287e+04 9.567635402064265457e-18
-4.980263953546027187e+04 3.491190948204471599e-18
-4.980050399236963131e+04 4.889772427840667697e-18
-4.980041220899742621e+04 4.605988526821787137e-17
-4.979993684178898548e+04 1.423314525512002432e-18
-4.979770646950077207e+04 1.060732772586706445e-17
-4.979595923706643225e+04 1.899215780248780785e-18
-4.979375584933986829e+04 3.326272304919262004e-20
-4.979249117587799265e+04 1.142811668222139379e-18
-4.979190887073292106e+04 8.218109215873682070e-19
-4.979155952212375996e+04 5.473282679895434002e-21
-4.978914150289288955e+04 5.708011344708301372e-21
-4.978855585256726044e+04 1.019927176251199381e-20
-4.978726723643063451e+04 2.349221484244566161e-20
-4.978538057131512323e+04 2.664453754420684734e-20
-4.978460826233012631e+04 3.353389041471272739e-21
-4.978220377403114253e+04 3.432207957142791817e-20
-4.978149368401053653e+04 5.369205087748460866e-21
-4.977891873612887866e+04 3.206765181273210382e-22
-4.977808750127317035e+04 5.163055019319134873e-22
-4.977674805150196335e+04 8.404177486686652986e-22
-4.977640046523427009e+04 1.781095044234883058e-22
-4.977330226243269135e+04 1.774283454145333003e-23
-4.977270108523042290e+04 2.670516858727340398e-21
-4.977167841782703181e+04 1.230862025644190265e-22
-4.976995058737175714e+04 2.498851671155722279e-24
-4.976752992877240467e+04 7.266449089636116908e-23
-4.976628177035246335e+04 1.759889104319391127e-23
-4.976374524868121080e+04 1.190109914126131221e-23
-4.976328689234819467e+04 1.872220311869236570e-23
-4.976257176418038580e+04 4.018100127202282921e-24
-4.976037437510189193e+04 1.766401421530355217e-24
-4.975787338158427883e+04 2.267591526020535088e-24
-4.975657637893063657e+04 0.000000000000000000e+00
-4.975514112399570877e+04 0.000000000000000000e+00
-4.975432377228136465e+04 0.000000000000000000e+00
-4.975258064383322198e+04 0.000000000000000000e+00
-4.974978866920200380e+04 0.000000000000000000e+00
-4.974829167195629270e+04 0.000000000000000000e+00
-4.974613734541429585e+04 0.000000000000000000e+00
-4.974481865620091412e+04 0.000000000000000000e+00
-4.974293445815231098e+04 0.000000000000000000e+00
-4.974035479224305891e+04 0.000000000000000000e+00
-4.973853357635409338e+04 0.000000000000000000e+00
-4.973698665695358795e+04 0.000000000000000000e+00
-4.973602766300251096e+04 0.000000000000000000e+00
-4.973425338035216555e+04 0.000000000000000000e+00
-4.973144153721820476e+04 0.000000000000000000e+00
-4.972987166456459090e+04 0.000000000000000000e+00
-4.972757567071313679e+04 0.000000000000000000e+00
-4.972466617930184293e+04 0.000000000000000000e+00
-4.972303549418576586e+04 0.000000000000000000e+00
-4.972216831377528433e+04 0.000000000000000000e+00
-4.971799638587921072e+04 0.000000000000000000e+00
-4.971699180177760718e+04 0.000000000000000000e+00
-4.971483076640413492e+04 0.000000000000000000e+00
-4.971245052575466980e+04 0.000000000000000000e+00
-4.970960222137654637e+04 0.000000000000000000e+00
-4.970629416450368444e+04 0.000000000000000000e+00
-4.970290179763591004e+04 0.000000000000000000e+00
-4.970217980599714065e+04 0.000000000000000000e+00
-4.969761131393042888e+04 0.000000000000000000e+00
-4.969372959314668697e+04 0.000000000000000000e+00
-4.969286708582778374e+04 0.000000000000000000e+00
-4.968913582221825345e+04 0.000000000000000000e+00
-4.968542868219922821e+04 0.000000000000000000e+00
-4.968065514979304862e+04 0.000000000000000000e+00
-4.967866899197787279e+04 0.000000000000000000e+00
-4.967090490597837197e+04 0.000000000000000000e+00
-4.966935903441971459e+04 0.000000000000000000e+00
-4.966186615188919677e+04 0.000000000000000000e+00
-4.965350000123214704e+04 0.000000000000000000e+00
-4.964503816523548448e+04 0.000000000000000000e+00
-4.964220226211694535e+04 0.000000000000000000e+00
4.980791932845483825e+04 0.000000000000000000e+00
4.980831012712825759e+04 0.000000000000000000e+00
4.982571051985676604e+04 0.000000000000000000e+00
4.982661245920347574e+04 0.000000000000000000e+00
4.983929514416767051e+04 0.000000000000000000e+00
4.984134366456117277e+04 0.000000000000000000e+00
4.984518989422121376e+04 0.000000000000000000e+00
4.984563449345918343e+04 0.000000000000000000e+00
4.985118707809864281e+04 0.000000000000000000e+00
4.985426267403245583e+04 0.000000000000000000e+00
4.985982352181520400e+04 0.000000000000000000e+00
4.986060680879814026e+04 0.000000000000000000e+00
4.986300952851980401e+04 0.000000000000000000e+00
4.986512741530543281e+04 0.000000000000000000e+00
4.987063942693763966e+04 0.000000000000000000e+00
4.987200117010987015e+04 1.453152357972590072e-24
4.987423452613183326e+04 1.083155439226788883e-24
4.987568376913657266e+04 1.538676198687227612e-24
4.987658144263960276e+04 1.413923442114367139e-24
4.987747634059802658e+04 0.000000000000000000e+00
4.988082576198595780e+04 3.628491924163820680e-24
4.988182264850784122e+04 1.994099418560734045e-24
4.988397991238179384e+04 4.747030250766223234e-24
4.988482687744664145e+04 2.951591963840605855e-24
4.988740999191224546e+04 1.938386321189438538e-23
4.988854121086392115e+04 2.878034146427717784e-23
4.989031694681412046e+04 0.000000000000000000e+00
4.989145981378005672e+04 2.267178414947346505e-22
4.989330163005772920e+04 1.520146249732043442e-22
4.989434273522003787e+04 3.182697651241558240e-22
4.989610964460023388e+04 1.297164917423837984e-22
4.989761260682921420e+04 6.011918749090476421e-22
4.989898133471139590e+04 1.007446938912084007e-21
4.989943341959176905e+04 2.749414885245011139e-22
4.990165956195774925e+04 8.055113800478189556e-23
4.990233100996440771e+04 7.494246963172610469e-22
4.990414890971644490e+04 3.545055463450906382e-22
4.990455478618376947e+04 4.891183538457791926e-22
4.990641404400161264e+04 5.421723255397654417e-23
4.990703274764031084e+04 6.945849223008935729e-23
4.990768315964404610e+04 6.881504959584632829e-22
4.990852887576342619e+04 6.196400122437819896e-24
4.991003171202269732e+04 3.757836485363960074e-21
4.991059206727065612e+04 2.771318154645557545e-21
4.991183472881612397e+04 1.704348156383618808e-20
4.991297241457778000e+04 1.426188776527897715e-21
4.991375272578051226e+04 1.991652577972044050e-21
4.991452107234909636e+04 5.592420290777039605e-20
4.991598469099589420e+04 5.811409374917613090e-20
4.991651793990419537e+04 2.261532748019006513e-20
4.991731022697868320e+04 1.650474610834323821e-21
4.991869862113434647e+04 1.937647458144373369e-19
4.991944682083139196e+04 1.227608777428644350e-20
4.992009695680081495e+04 1.551632869856680028e-19
4.992053755348468985e+04 1.803300470735471786e-21
4.992232118848418031e+04 9.969743396506583627e-21
4.992313314327082480e+04 2.912831846822098062e-19
4.992337858000180859e+04 2.716688038310464592e-20
4.992439508901495719e+04 1.161642999444329437e-19
4.992527305256521504e+04 4.158546604950414366e-20
4.992647782528297830e+04 2.774260220348375011e-20
4.992756553992975387e+04 7.685522074727581710e-23
4.992782362340440886e+04 5.452675058894203922e-20
4.992846505690598133e+04 1.343111087403454867e-19
4.992952432254591986e+04 2.373303696921035926e-19
4.993042288995379931e+04 5.256312664400415338e-20
4.993115794591609301e+04 4.143072293597503410e-21
4.993203073193867021e+04 2.255002814119322621e-20
4.993238038656612480e+04 3.651076389088227951e-18
4.993345602604780288e+04 1.651482422306550317e-19
4.993420433319254516e+04 2.844726041418841300e-20
4.993480575697128370e+04 4.416866695804002826e-18
4.993625730424752692e+04 8.220803095774415827e-19
4.993656461493133975e+04 6.510619137675198194e-18
4.993728528229141375e+04 2.605801839683843281e-18
4.993737682174156362e+04 1.256526261065487146e-17
4.993910952915987582e+04 3.050926943536274208e-18
4.993963004250187805e+04 1.628455997730303104e-17
4.993999377155242837e+04 6.405861322276052418e-18
4.994055754179022188e+04 1.076598725818718521e-17
4.994178866615677543e+04 2.617437949232560206e-18
4.994223765359470417e+04 3.976514264965601145e-18
4.994268585362320300e+04 4.231260746492284022e-17
4.994312150956857658e+04 6.598600289997284715e-18
4.994433728089812212e+04 1.907189142718257453e-17
4.994463540056230704e+04 7.233355910927683213e-18
4.994519368035274965e+04 1.860886068901368720e-17
4.994615696706779272e+04 1.715129403623425379e-17
4.994708447771712963e+04 1.269163757623909946e-18
4.994770827408241894e+04 1.323908926409502784e-17
4.994792639618247631e+04 4.202466309031778728e-17
4.994821369752507599e+04 2.080732037024592059e-18
4.994959375744891440e+04 1.652403995873773188e-17
4.994983517652781302e+04 1.536268384400039098e-18
4.995086186359054409e+04 1.045712983466408416e-16
4.995125261392571701e+04 4.734354128818406940e-19
4.995202780407927639e+04 1.336647889875134366e-17
4.995250130014365277e+04 5.180344463637131407e-18
4.995303091561084875e+04 1.328701330863128746e-17
4.995326222239089839e+04 3.456450154766004128e-18
4.995407805930869654e+04 5.396729875635649382e-16
4.995498660526255844e+04 1.659910307622964069e-16
4.995521665351999400e+04 3.021188539131830374e-18
4.995629164535732707e+04 1.312694908133568895e-16
4.995705755427898112e+04 6.402615703093162935e-16
4.995768611347484693e+04 3.441188054737103468e-17
4.995795144067909132e+04 5.946642882143773493e-16
4.995845068921126949e+04 4.572306153249412972e-16
4.995910720246038545e+04 1.979830774827808946e-16
4.995967606212362443e+04 3.371715143242312172e-15
4.996057255335592345e+04 4.139252986066372775e-18
4.996080922807522438e+04 5.460220582061233691e-16
4.996188446628217207e+04 8.745151180951351440e-18
4.996288043893902068e+04 4.568222136066356452e-15
4.996317588716116734e+04 1.246605745454723923e-19
4.996360165268373385e+04 3.009625338347950145e-15
4.996415511658675678e+04 1.529886461934887207e-15
4.996460991638163978e+04 3.919784234118999344e-15
4.996515722565904434e+04 2.772294257448183625e-15
4.996640276579072815e+04 2.630632942151519092e-16
4.996654914488062786e+04 3.920226796222799867e-15
4.996762596921576187e+04 2.087249729202869313e-17
4.996812068691249442e+04 8.137671273300903384e-15
4.996895934160429169e+04 7.202542252491964736e-16
4.996939947001251858e+04 7.809499977572383505e-15
4.996987430123061495e+04 6.389115052320332665e-15
4.996992940103113506e+04 1.312156794166992064e-15
4.997017676246063638e+04 8.233796652772658150e-16
4.997084871353264316e+04 7.644678604070460802e-16
4.997208426035976299e+04 1.628659751483266532e-15
4.997234548308247759e+04 1.850732783653340727e-14
4.997314133689324808e+04 2.897871356506388712e-15
4.997351473635069124e+04 3.891374334289379179e-16
4.997392910015092639e+04 4.425989813154353657e-17
4.997469197980581521e+04 2.074885724365283362e-15
4.997513141752205411e+04 3.140298780482827278e-14
4.997548706376922928e+04 2.251351921224124217e-15
4.997572007550136186e+04 1.860569813674421694e-14
4.997662131680508901e+04 2.147300446980553162e-15
4.997746741803691111e+04 2.598568831572369146e-15
4.997775543959785136e+04 2.664523134457044600e-17
4.997803915015787061e+04 9.958716704520941060e-14
4.997900487692913885e+04 3.786241825094879846e-14
4.997927399527358648e+04 2.910994466747575377e-15
4.998015830683306558e+04 4.755603540385044941e-16
4.998035707716436445e+04 1.436712365582520607e-14
4.998068998737986112e+04 3.905039017259210134e-14
4.998125847482113750e+04 3.139374208297567250e-14
4.998159305146314000e+04 3.427081394177954765e-13
4.998181575170338328e+04 1.458145594598654474e-14
4.998244346163748560e+04 6.890253334813582292e-17
4.998327460204831732e+04 8.556947947277717252e-16
4.998361754128864413e+04 2.603897902530268593e-13
4.998439320830556971e+04 1.240131273430550013e-13
4.998456047015280637e+04 1.072457936365505611e-13
4.998505663053753233e+04 4.045796717995858477e-13
4.998603257572125585e+04 2.724681167593030799e-14
4.998623527660982654e+04 8.413175499601409088e-14
4.998661947793585568e+04 1.245778157994667929e-14
4.998707221124966600e+04 2.667397189457281948e-14
4.998754325128151686e+04 1.196226047743201665e-12
4.998802259183985007e+04 6.807074509579749892e-13
4.998888275602574140e+04 5.789363929388616970e-15
4.998902689196952997e+04 5.359015116088963463e-15
4.998915679052218911e+04 4.221959494521488422e-13
4.998994075490471005e+04 3.022501734175435596e-13
4.999086812006215041e+04 2.100211902986982191e-12
4.999171152558609901e+04 7.176811802443456058e-15
4.999177734935456101e+04 5.375544095799160106e-13
4.999198277418416546e+04 3.559880041745972201e-14
4.999289918623679841e+04 5.850894656891836453e-14
4.999318128235444601e+04 2.599644234043842138e-13
4.999371834541055432e+04 3.887923447759420388e-12
4.999412189034943731e+04 2.872616392419898795e-13
4.999458338678134896e+04 4.136054444035935272e-15
4.999473771738492360e+04 8.190042221468962035e-13
4.999550031624917028e+04 3.043978334810701503e-13
4.999645554911519139e+04 4.569184738122786255e-12
4.999733355381813453e+04 2.343846444636249002e-15
4.999744908845658210e+04 1.347272212060970698e-12
4.999790139352691767e+04 7.076198758676389498e-13
4.999860736382567848e+04 9.845313670727227103e-13
4.999877902865331998e+04 3.900894390065511118e-15
4.999929749371245998e+04 5.039922350885418429e-12
4.999954300629465433e+04 3.059731217189628410e-12
5.000033014756408375e+04 1.164679673963244269e-13
5.000069886125593621e+04 9.337059524648790268e-13
5.000117069112840545e+04 8.139501267186937550e-13
5.000200658370886958e+04 8.539835545081050072e-12
5.000296572701937839e+04 4.245940554651721154e-12
5.000306575958931353e+04 5.402461609694428036e-12
5.000399199274757120e+04 3.335177142749590681e-13
5.000416412300649972e+04 8.764472160324962658e-12
5.000465413907660695e+04 1.596107961450756064e-13
5.000489943150199542e+04 3.867149990532954781e-12
5.000518349459748424e+04 1.236580078023235209e-11
5.000606114498513489e+04 2.566614226280985227e-13
5.000672083924145409e+04 1.029281972515649179e-14
5.000688381438799843e+04 1.010162448741992877e-11
5.000764194730993768e+04 1.762180639650686995e-11
5.000847497247619322e+04 4.313038035150955175e-11
5.000892149616924871e+04 2.561697924184434544e-11
5.000973000288198091e+04 8.664705706609482968e-12
5.001002105497424054e+04 1.004106614197432367e-11
5.001056343910698342e+04 1.009705126012224671e-12
5.001067747999367566e+04 3.933162589161987658e-12
5.001109286630064162e+04 5.524774632002852197e-11
5.001179529260723211e+04 1.594974193151399739e-12
5.001235501175872923e+04 1.099799399968675660e-13
5.001276014207753178e+04 9.668513862544704442e-11
5.001331325696453132e+04 4.496014245630178069e-11
5.001410867919362499e+04 1.321653339010583700e-10
5.001483872067758057e+04 1.257219613415028804e-10
5.001525430960400263e+04 6.138705427469916867e-12
5.001608564602694969e+04 1.068987846442538849e-11
5.001647286512175197e+04 1.026725616221854798e-11
5.001655143659700843e+04 1.228016493376734312e-11
5.001717707895240164e+04 3.198474329912904058e-10
5.001754617664866237e+04 1.484909003656876357e-11
5.001799950491420896e+04 3.215256045047332536e-13
5.001864068123538163e+04 3.682562706650037969e-10
5.001913596931189386e+04 5.733352227410057270e-11
5.001984480477294710e+04 2.664954221377912983e-10
5.002049112430441164e+04 3.683267640134585152e-10
5.002083019990345929e+04 3.285209445777987334e-11
5.002220146409282461e+04 1.210080524682159091e-11
5.002248885099795007e+04 1.597663397775427910e-10
5.002252989761957724e+04 3.386386090624352289e-11
5.002289218190335669e+04 1.106178911469446140e-09
5.002317138639766199e+04 1.044499836437166913e-10
5.002374863844060746e+04 7.809862197481582045e-12
5.002488019180353876e+04 1.224043260683952314e-09
5.002522683444245922e+04 1.990800189479989583e-11
5.002570899374417058e+04 8.458679852117644301e-11
5.002599343836044864e+04 8.095217400413388772e-10
5.002650219904864935e+04 1.544955077684081446e-10
5.002815169696232624e+04 1.849072977910811790e-09
5.002836816613713017e+04 1.360812425547677448e-09
5.002855616865638876e+04 1.214331070543582657e-11
5.002868901099252980e+04 5.920116267820750236e-11
5.002882598607454565e+04 3.000903474688496235e-11
5.002959140305253823e+04 9.406358127428744497e-11
5.003067650424161548e+04 3.544801043695936533e-09
5.003139658864054945e+04 5.254696318507688659e-11
5.003146172405627294e+04 7.473842902448451930e-10
5.003195494727764162e+04 1.218484607563700109e-10
5.003243571268097730e+04 8.680435215837098659e-10
5.003363583205711620e+04 5.487647177879230110e-09
5.003422716767878592e+04 7.551924419898873214e-13
5.003442569621452276e+04 1.651811502737869826e-10
5.003461967828261550e+04 1.425144594512280408e-12
5.003516712949296925e+04 1.281188725892935893e-09
5.003556477876475401e+04 1.120885447451804818e-09
5.003636246529933851e+04 5.694220415012188606e-09
5.003711654800602992e+04 1.270133250309812157e-11
5.003746102045979205e+04 2.252342041633975399e-10
5.003765098509690870e+04 3.176580778774708903e-09
5.003849082549043669e+04 2.246460357094708492e-09
5.003913652776675735e+04 6.391178356995787118e-09
5.004014865860758437e+04 3.028429455819071871e-10
5.004044742954122921e+04 1.304637744367705559e-09
5.004071251085124823e+04 1.100846904539998264e-10
5.004123224964933615e+04 8.541748524683063414e-09
5.004177879612260585e+04 3.547184707610154689e-10
5.004208452531303919e+04 3.334218460881209833e-09
5.004274270009929751e+04 3.060283089363772394e-09
5.004337875864205853e+04 4.216579909665644233e-09
5.004359129578180000e+04 3.323210178913262643e-09
5.004449348971694417e+04 9.669479542120072604e-09
5.004482640004612040e+04 7.939708293161706926e-10
5.004628002674853633e+04 4.434222507419827452e-09
5.004650674445806362e+04 5.493451116473633420e-09
5.004683023838351801e+04 3.029968762823857724e-12
5.004687221239405335e+04 2.601808522889589783e-09
5.004750165337858925e+04 1.023576406480537147e-08
5.004794424059792073e+04 3.320676044962703889e-09
5.004845379517273977e+04 1.227497749852313206e-12
5.004943447226897842e+04 1.708643412790782583e-08
5.004981750899747567e+04 2.556322852280825839e-09
5.005015792089293973e+04 6.520766504345433014e-09
5.005102046629804681e+04 2.023351501830193467e-09
5.005193058995714819e+04 9.078084885913090238e-09
5.005264950734571175e+04 2.604401769804405749e-09
5.005281084798197844e+04 1.484888556377117438e-08
5.005301903855246201e+04 1.237269400615499535e-09
5.005316367766591429e+04 3.148926473719908550e-09
5.005395975526105030e+04 1.347977911902225201e-09
5.005474750342882180e+04 3.998299596666453046e-09
5.005519631515331275e+04 1.452746810052804759e-08
5.005557021710101253e+04 8.216104913551073904e-09
5.005598927892048232e+04 7.752499784043948404e-09
5.005664490795294114e+04 1.774843532795906507e-09
5.005793742313601979e+04 2.649229360564518760e-08
5.005870483616212005e+04 1.960073259234922743e-09
5.005891790256222157e+04 1.195978274951383684e-12
5.005915665019235894e+04 5.710391461186749465e-09
5.005926494253868441e+04 4.403753839561756673e-10
5.006000365834180411e+04 3.522403136287281385e-09
5.006034305747613689e+04 2.775530858995531353e-09
5.006094161898873426e+04 1.965034640974542691e-08
5.006180689486421034e+04 5.650960341324692073e-09
5.006199203259911883e+04 4.001792337177026309e-09
5.006313428235578613e+04 1.832081456683848429e-08
5.006362932092450501e+04 6.409674238893515775e-09
5.006452570432564244e+04 7.107570638234628294e-09
5.006467130338712013e+04 2.311266335420849987e-09
5.006514779001136048e+04 2.265526474983014100e-09
5.006534012111496850e+04 2.587559317666290203e-09
5.006558122165100212e+04 6.591399763141085999e-10
5.006662310003700986e+04 1.734161125987559356e-08
5.006685944944157382e+04 3.734038130903780334e-10
5.006824570589621726e+04 2.424899452373099206e-08
5.006841272163821122e+04 2.027126747722075812e-10
5.006879956107286853e+04 2.406505913943063248e-09
5.006962353980815533e+04 3.364139562236789053e-09
5.007021768720882392e+04 1.941545816769995957e-09
5.007045965075163986e+04 8.057336066320122313e-09
5.007141527526827122e+04 1.354022981039952541e-10
5.007160634118704911e+04 7.657031769332056000e-09
5.007190812704474229e+04 2.283527580382325021e-11
5.007285976839293289e+04 2.284790941103614836e-09
5.007346000814247964e+04 2.537172874543223549e-10
5.007394868997913727e+04 1.721518146259066970e-08
5.007446645164218353e+04 7.724792309170936838e-10
5.007468649308526801e+04 1.163878431735271393e-08
5.007553907612095645e+04 1.655010259313567607e-10
5.007632016283312259e+04 1.250262197700870317e-10
5.007663208269564348e+04 6.412970955910508976e-09
5.007762775830648752e+04 3.426963173772096808e-09
5.007790663192064676e+04 2.070200509966434141e-10
5.007839478533036163e+04 3.722379591411962311e-10
5.007956177467779344e+04 1.791655597409200257e-09
5.007962156477000099e+04 1.703061123424624656e-09
5.008031668975851790e+04 3.836632139844041129e-09
5.008081883573855157e+04 8.858809992924478127e-09
5.008106273066078575e+04 1.981402844228936519e-09
5.008214268762901338e+04 1.691792562478512533e-09
5.008220160654106439e+04 2.008191618537308982e-09
5.008312151572780567e+04 1.498219066967264516e-09
5.008363393014024041e+04 6.450603801801364463e-10
5.008441484589280299e+04 9.573777738117537789e-10
5.008491299780264671e+04 1.667797152937165628e-09
5.008564229043712839e+04 3.143839024722681544e-11
5.008630305206085177e+04 2.032390277451900166e-09
5.008701874651770777e+04 6.790139483717571403e-10
5.008729824079667014e+04 2.275808713106897892e-09
5.008782955200158176e+04 4.122208928513924706e-10
5.008811503749661642e+04 2.634910491462645848e-09
5.008927153356870986e+04 4.890467912315867863e-10
5.008947271589817683e+04 1.734731327729922745e-09
5.009050259863415704e+04 1.209099226049798144e-11
5.009130923046875978e+04 3.507369834845323581e-10
5.009155691919654055e+04 1.702676697296874199e-09
5.009222945452150452e+04 4.921832216444325353e-11
5.009301658355608379e+04 6.982422883132407222e-10
5.009361260822995246e+04 3.559478440386041754e-10
5.009371831505839509e+04 2.753661356437327354e-10
5.009413945435614733e+04 6.357331711609144042e-11
5.009512396055735007e+04 7.998724728314416057e-10
5.009595915213654371e+04 2.383400041441786181e-10
5.009644140325833723e+04 7.307600630830842529e-10
5.009744930901848420e+04 8.429006081577894523e-11
5.009796469382681971e+04 4.140186871492496005e-10
5.009851365625146718e+04 7.563758589611582322e-10
5.009931003787615191e+04 9.257732034200729077e-12
5.009967970009344572e+04 1.406131554796916129e-11
5.010025120035644795e+04 2.954848259823369839e-10
5.010055737455080816e+04 9.745488210574114483e-11
5.010166723467820702e+04 1.301530586471228944e-13
5.010263015419638396e+04 1.769283031778221822e-10
5.010278941076321644e+04 5.219810223577785195e-12
5.010379018576415547e+04 3.985383028882701398e-11
5.010428664951553219e+04 8.122039374690482057e-11
5.010446589646675420e+04 2.008686923945157746e-10
5.010558174881515151e+04 2.524126252175314087e-10
5.010580496213122387e+04 1.254510898185034287e-10
5.010675854065499880e+04 1.172861364868542919e-12
5.010761652146113920e+04 9.355541955596063619e-11
5.010778209982894623e+04 3.056806595790797606e-14
5.010940932040465123e+04 2.543177061770767583e-11
5.011022326288879412e+04 4.209797130203993618e-12
5.011049808303918689e+04 4.124401107234080082e-12
5.011110485916146717e+04 4.970566704735273780e-12
5.011167608110634319e+04 2.212307109294875621e-11
5.011181673072894046e+04 2.556332561292106258e-11
5.011238098906213418e+04 3.093146631051590185e-11
5.011316738180297398e+04 7.888174685445129980e-11
5.011430817276734160e+04 3.015046269837803402e-11
5.011503452979166468e+04 3.728261328773270865e-12
5.011528083538070496e+04 2.657499658044588876e-12
5.011642008499788790e+04 8.867887813530386780e-12
5.011779591255753621e+04 2.116937642138102986e-12
5.011856845326475013e+04 1.783612871126192380e-12
5.011876762713806966e+04 1.393673219962633346e-12
5.011923202049265819e+04 4.666501668350497928e-12
5.012008015339721896e+04 5.551043776157043420e-12
5.012027107839595556e+04 1.026396087786473964e-11
5.012142297533858800e+04 1.868297923810461813e-12
5.012208068242193985e+04 1.007162402152709851e-11
5.012266153935746843e+04 4.127767816934815601e-12
5.012349092810584989e+04 5.080761627884678266e-13
5.012385440777921758e+04 1.054207180152163303e-12
5.012588228418608924e+04 1.955184693947095459e-13
5.012631798853897635e+04 2.706848358968475398e-14
5.012654961825760984e+04 3.581771399934926467e-13
5.012728811841746210e+04 1.861972130216834259e-12
5.012793184856708103e+04 1.601987983600504361e-12
5.012897858078483114e+04 4.874726991669238177e-14
5.013001072407238826e+04 2.437730696275569768e-13
5.013040640463247837e+04 2.108774264383184249e-12
5.013176687891518668e+04 3.080314898212567638e-13
5.013187939536242629e+04 1.338313450759611933e-14
5.013306711665618059e+04 3.084885514373976193e-13
5.013354464596252365e+04 5.784108077069555030e-14
5.013395446398353670e+04 3.245828583265532699e-14
5.013533805054296681e+04 2.319077811791164110e-14
5.013562869315911666e+04 2.221442871199008168e-14
5.013652108469286759e+04 3.591331998510395189e-13
5.013781718118945719e+04 6.079039895204413237e-14
5.013934052217638964e+04 1.671749711497058546e-14
5.013967738580745936e+04 1.846738433179727973e-13
5.014092885280185146e+04 3.242450281090133758e-14
5.014141687923906284e+04 8.946854852314862370e-15
5.014183020571938687e+04 2.724608450672561627e-17
5.014201950871456211e+04 2.352650996786212420e-17
5.014323221342991746e+04 2.932229722988362065e-14
5.014424752341634303e+04 1.073472414609912411e-14
5.014507824899531261e+04 7.233627156794294582e-15
5.014613908014039771e+04 1.630864895974593536e-14
5.014792172753612977e+04 1.230617184083682189e-14
5.014896983860876207e+04 1.290656089124646676e-15
5.014933921070375072e+04 1.668452439377725493e-15
5.014960436111560557e+04 4.682940544175005544e-15
5.015082606599728024e+04 3.029186750512354919e-15
5.015192314069383428e+04 1.906933193700093132e-15
5.015202561187484389e+04 3.674335041847998303e-18
5.015335562185667368e+04 8.337893499768956491e-16
5.015496299292102049e+04 1.671239408932883817e-15
5.015552359883269673e+04 8.608418530800616395e-17
5.015636273046510178e+04 6.629171393894811240e-17
5.015777128569242632e+04 6.324321189961459183e-16
5.015879929687079857e+04 2.746477663302484471e-16
5.015940123730785126e+04 1.126663229404910658e-16
5.015980464330792893e+04 1.949250292471830879e-16
5.016192711646411044e+04 4.216082858148772048e-17
5.016266662077354704e+04 2.296138715063213047e-17
5.016289297471401369e+04 7.927126690614152715e-17
5.016396167066560884e+04 4.437153672584544746e-17
5.016583055050489929e+04 3.125796911360882258e-17
5.016695916784310975e+04 1.412947547899699808e-17
5.016727368856465182e+04 5.153244709175850627e-20
5.016869612279046123e+04 1.615784614073862906e-17
5.016941685201944347e+04 5.014682760771742668e-18
5.017058373438350827e+04 8.077122230644053032e-18
5.017088226894191757e+04 4.334901257051389499e-19
5.017346689309026988e+04 3.681668030207954147e-21
5.017426969011844631e+04 2.540769259015170970e-18
5.017470057719998294e+04 6.902276748766236797e-19
5.017594438815892499e+04 2.380218163624875522e-19
5.017702176348958892e+04 1.043538664112497223e-19
5.017811621399485011e+04 3.604144618399177126e-19
5.017885331738965033e+04 1.348358377722116594e-19
5.018033570556059567e+04 2.270865571791623158e-19
5.018205246085351973e+04 7.523621472187859002e-21
5.018275018561249453e+04 4.688001466630975401e-20
5.018378254356981051e+04 6.259217182149123019e-22
5.018526058910969732e+04 1.455612990351867182e-21
5.018593369605245243e+04 2.331457589305887837e-20
5.018718314167115750e+04 3.341249845072558046e-21
5.018790095600108907e+04 4.408008996788391461e-22
5.018976862735376199e+04 1.563050741699947542e-21
5.019119958255512029e+04 3.529132510262797599e-22
5.019207235841554939e+04 8.932175168257480863e-22
5.019272743929830904e+04 5.545505252681883708e-22
5.019484581021867780e+04 4.283787277066772180e-24
5.019556210540498432e+04 1.302382081448933933e-23
5.019777068049336958e+04 6.889727894150141120e-24
5.019798113370138890e+04 2.017324819000304459e-24
5.020002076266692893e+04 1.133158391568855796e-23
5.020009910058234527e+04 3.702139622238892993e-24
5.020045121019383078e+04 6.612772018705011290e-23
5.020279867514267244e+04 8.009725865113873897e-24
5.020465376041402487e+04 1.322135742150906715e-24
5.020680279302356212e+04 1.053635926844347441e-24
5.020806635573477251e+04 1.456124989607117165e-24
5.020871570917860663e+04 0.000000000000000000e+00
5.020885760327799653e+04 5.074140623831330068e-24
5.021144434532037849e+04 0.000000000000000000e+00
5.021221646969670110e+04 0.000000000000000000e+00
5.021336681692981074e+04 0.000000000000000000e+00
5.021514508345906506e+04 0.000000000000000000e+00
5.021595725980479619e+04 0.000000000000000000e+00
5.021825708535567537e+04 0.000000000000000000e+00
5.021918061575787578e+04 0.000000000000000000e+00
5.022168692567879771e+04 0.000000000000000000e+00
5.022258967810088507e+04 0.000000000000000000e+00
5.022388708534415491e+04 0.000000000000000000e+00
5.022416201863026799e+04 0.000000000000000000e+00
5.022764396232199215e+04 0.000000000000000000e+00
5.022782519905207300e+04 0.000000000000000000e+00
5.022903804692810081e+04 0.000000000000000000e+00
5.023065690538992931e+04 0.000000000000000000e+00
5.023304861491925112e+04 0.000000000000000000e+00
5.023448171127364913e+04 0.000000000000000000e+00
5.023684196307344973e+04 0.000000000000000000e+00
5.023730146500968840e+04 0.000000000000000000e+00
5.023818158613186097e+04 0.000000000000000000e+00
5.024036201852527302e+04 0.000000000000000000e+00
5.024274315509656299e+04 0.000000000000000000e+00
5.024439912378323061e+04 0.000000000000000000e+00
5.024572867854455399e+04 0.000000000000000000e+00
5.024631842345462064e+04 0.000000000000000000e+00
5.024808190965381800e+04 0.000000000000000000e+00
5.025105611772830161e+04 0.000000000000000000e+00
5.025237897320840420e+04 0.000000000000000000e+00
5.025464677607277554e+04 0.000000000000000000e+00
5.025587012939755368e+04 0.000000000000000000e+00
5.025787947156016889e+04 0.000000000000000000e+00
5.026046236047461571e+04 0.000000000000000000e+00
5.026229423899850372e+04 0.000000000000000000e+00
5.026406042530672130e+04 0.000000000000000000e+00
5.026471128398155270e+04 0.000000000000000000e+00
5.026653656253888767e+04 0.000000000000000000e+00
5.026935946673581930e+04 0.000000000000000000e+00
5.027092252713799826e+04 0.000000000000000000e+00
5.027322744695444271e+04 0.000000000000000000e+00
5.027619191859200509e+04 0.000000000000000000e+00
5.027802099832173553e+04 0.000000000000000000e+00
5.027868765717832866e+04 0.000000000000000000e+00
5.028287945978601783e+04 0.000000000000000000e+00
5.028422604113736452e+04 0.000000000000000000e+00
5.028597479927819222e+04 0.000000000000000000e+00
5.028848459271564934e+04 0.000000000000000000e+00
5.029130397372591688e+04 0.000000000000000000e+00
5.029454468712338712e+04 0.000000000000000000e+00
5.029824013488984929e+04 0.000000000000000000e+00
5.029886963886755984e+04 0.000000000000000000e+00
5.030326077975692897e+04 0.000000000000000000e+00
5.030778680755895039e+04 0.000000000000000000e+00
5.030815974637985346e+04 0.000000000000000000e+00
5.031185783088512107e+04 0.000000000000000000e+00
5.031566338504073792e+04 0.000000000000000000e+00
5.032031097459470038e+04 0.000000000000000000e+00
5.032238559065751178e+04 0.000000000000000000e+00
5.033013248479067988e+04 0.000000000000000000e+00
5.033228332856791531e+04 0.000000000000000000e+00
5.033923163612504868e+04 0.000000000000000000e+00
5.034750328623920359e+04 0.000000000000000000e+00
5.035658715868880972e+04 0.000000000000000000e+00
5.035937727018793521e+04 0.000000000000000000e+00
