-5.010159803775572800e+04 0.000000000000000000e+00
-5.010149119701011659e+04 0.000000000000000000e+00
-5.008944203043139714e+04 4.246627799958850407e-23
-5.008930010095269245e+04 2.382772453305759306e-23
-5.008012015803061513e+04 4.968097712827767856e-20
-5.007992911739727424e+04 4.620974517924283375e-21
-5.007245922049673391e+04 9.265640467728938059e-18
-5.007218685948062921e+04 1.098017032538821937e-19
-5.006614612783229677e+04 3.023968079370529782e-16
-5.006565187430914375e+04 1.925697426270365463e-16
-5.006319415962000494e+04 7.879030275403917771e-19
-5.006310498618687416e+04 7.459256098556152267e-18
-5.006139715064369375e+04 2.047606611209330448e-15
-5.005978286050735187e+04 7.933275121897109004e-15
-5.005658339607088419e+04 4.451526558637491086e-14
-5.005487133607001306e+04 1.884759846584939763e-17
-5.005478104202789109e+04 5.482992473336000401e-16
-5.005369486797084392e+04 1.131705409095059079e-17
-5.005060530267185823e+04 8.562938600995981107e-14
-5.004879632032618974e+04 4.161823888444941759e-17
-5.004874991646363924e+04 1.875327704538768238e-14
-5.004860229532020458e+04 4.109321138765668155e-14
-5.004683381428894063e+04 4.049746806833366158e-14
-5.004565559912439494e+04 1.939191796203911328e-15
-5.004480993773533555e+04 3.654160618858875710e-15
-5.004393605798075441e+04 3.240815589303646445e-14
-5.004285609795014898e+04 6.160723854465768219e-13
-5.004134175590376981e+04 1.551241811943172342e-12
-5.004007444043082069e+04 2.538955921176234014e-12
-5.003846825426271243e+04 9.916140893313516121e-13
-5.003720029482097743e+04 2.689506520933119731e-17
-5.003563220162669313e+04 2.046162016512752296e-12
-5.003528001081639377e+04 4.839674169920004062e-13
-5.003427740570864989e+04 7.852127799744644668e-12
-5.003392894665366475e+04 3.401113588647333927e-13
-5.003238656408544921e+04 5.636852440703224965e-12
-5.003222436073313293e+04 3.436364881135605022e-12
-5.003081495343174174e+04 4.649750330537750911e-15
-5.002984102079369768e+04 4.601979504427063631e-12
-5.002929425800939498e+04 7.081583512277961793e-13
-5.002883840924774995e+04 8.852637509385407215e-12
-5.002842449417548778e+04 8.473540942603794849e-12
-5.002788994733548316e+04 2.638576027984101133e-11
-5.002703852679047122e+04 4.476854084989602110e-11
-5.002650240060346550e+04 1.395342306368317835e-12
-5.002615520936989196e+04 5.854876964473889839e-11
-5.002519504094638978e+04 3.251823426444240678e-11
-5.002454446652263869e+04 1.743643234052417150e-11
-5.002425635922795482e+04 2.635070066576056338e-11
-5.002331298937561951e+04 7.605602593832237331e-12
-5.002284286095408606e+04 9.740761103769884705e-11
-5.002259092582896119e+04 1.277045601645901797e-10
-5.002162978610520076e+04 4.510161123998409772e-13
-5.002101040609179472e+04 8.236932100078932735e-10
-5.002035056365160563e+04 3.898928196620499964e-14
-5.001971262863193988e+04 2.744050146148280107e-10
-5.001893904001770716e+04 9.908207701202288556e-10
-5.001877074827498291e+04 7.212961084315965147e-12
-5.001752178836116946e+04 6.934147127751324623e-11
-5.001715788269092445e+04 2.923140512393277941e-10
-5.001595500936491590e+04 5.910836255579129406e-13
-5.001588915564188937e+04 4.313784062567527144e-13
-5.001482136190700112e+04 2.833217041952823485e-11
-5.001440407173938729e+04 2.284395404947873191e-10
-5.001421451026551222e+04 1.043853864477411919e-09
-5.001287581652386871e+04 1.253269370816102219e-11
-5.001278559173405665e+04 1.272905843287208702e-09
-5.001219680344021617e+04 4.347770952403446231e-10
-5.001191156202574348e+04 3.003871613711881802e-11
-5.001126920253098797e+04 1.332679431744815635e-09
-5.001013845224814577e+04 2.051399224639900083e-09
-5.000994558257667086e+04 1.844754510043148746e-11
-5.000961803247732314e+04 9.869192542134494231e-14
-5.000864504142262012e+04 1.086488791842713999e-09
-5.000823668017188174e+04 2.189373670596034369e-09
-5.000781606455546716e+04 2.114743187568112266e-08
-5.000694506293300219e+04 1.913789725807283797e-09
-5.000665781776145741e+04 6.834614112857473500e-11
-5.000571273126921005e+04 4.304776590265147044e-08
-5.000518149495154648e+04 9.093097914070744761e-09
-5.000510383859221474e+04 4.872720954664422252e-09
-5.000395668756176747e+04 4.863559469686299468e-08
-5.000390727902053186e+04 1.094375910702128355e-09
-5.000370872497707023e+04 1.322651607035114987e-10
-5.000302761989926512e+04 2.842649487199842070e-08
-5.000220627943673753e+04 2.290224540197238879e-13
-5.000186868381084059e+04 2.933780750784673876e-09
-5.000163674787258788e+04 2.138605694495478177e-07
-5.000113097447713517e+04 8.877553764039756360e-10
-5.000069356003530993e+04 5.177296889640095396e-11
-4.999993910672175116e+04 8.721026147133292714e-10
-4.999931984865970298e+04 2.964506198847484720e-07
-4.999927147438964312e+04 1.626944040847732517e-07
-4.999862389231349516e+04 1.235118717665766721e-08
-4.999825638397995499e+04 1.196178253918476488e-08
-4.999775888193006540e+04 1.317708500061677574e-08
-4.999690221616632334e+04 3.389984526252722582e-07
-4.999661556374589418e+04 1.304981518181595960e-09
-4.999642192651134974e+04 1.653199039060881898e-08
-4.999541848584716354e+04 1.446735353210821485e-08
-4.999515566762704111e+04 6.206580984569119581e-09
-4.999487339247707132e+04 4.330598034073400913e-09
-4.999444054726804461e+04 4.301099155457478881e-09
-4.999384812036835501e+04 2.732996264838792095e-10
-4.999376372972333775e+04 2.876196678979781024e-10
-4.999319881004519266e+04 2.637208528926888150e-10
-4.999222782026568166e+04 7.284402427189019898e-08
-4.999212090409266239e+04 4.899475433671095958e-08
-4.999183169630829070e+04 1.818418787490369813e-07
-4.999171308005618630e+04 2.174703114771698345e-08
-4.999115535816257034e+04 4.779761568663637493e-07
-4.999100781102413021e+04 2.098870518376232103e-09
-4.999004583280918450e+04 1.894559955459362472e-07
-4.998952406194782816e+04 4.134052452910759409e-07
-4.998934054637570807e+04 8.786353810652600355e-08
-4.998864436804302386e+04 3.915934137329570453e-08
-4.998846029210348206e+04 5.238306307346054044e-06
-4.998832628982234019e+04 1.302394746874284553e-06
-4.998793513701008487e+04 3.233546452562438997e-08
-4.998708524221594416e+04 9.993140557032758241e-08
-4.998688401134827291e+04 4.396905043598021031e-08
-4.998643452006590815e+04 5.735473461367841528e-08
-4.998573992669976724e+04 2.465758134586802880e-05
-4.998564052147073380e+04 7.909646826374293772e-08
-4.998511827156140498e+04 1.794476589968658329e-07
-4.998455849759209377e+04 8.886372441923536948e-08
-4.998413668418730231e+04 8.191994531813633638e-07
-4.998405819926675031e+04 2.659952915041906351e-07
-4.998333879149620770e+04 7.124176412974035697e-09
-4.998300774916500814e+04 4.127422168824149270e-05
-4.998257709085398528e+04 3.445137440672432622e-09
-4.998218440967652714e+04 2.209883037989712081e-05
-4.998212561944973277e+04 7.742326235601530565e-07
-4.998180666481694789e+04 1.508795814553761982e-09
-4.998082784716372407e+04 2.436377039075472239e-06
-4.998076202231823117e+04 5.220655345055316286e-06
-4.998025758381222840e+04 3.982012480943612183e-06
-4.998021336095286824e+04 1.852581258715410215e-05
-4.997958225795919134e+04 1.126530359444007519e-07
-4.997928567944789393e+04 9.968484781533894625e-05
-4.997902756236446294e+04 1.423227179914723589e-06
-4.997893830749838526e+04 5.964916598499306990e-07
-4.997788700875127688e+04 4.197214129712532629e-09
-4.997762760729974980e+04 3.565666294531553338e-06
-4.997715238954783126e+04 1.004240405813422824e-08
-4.997693411932846357e+04 2.391831446470750752e-08
-4.997674200442624715e+04 5.587037874017466511e-09
-4.997639397807854402e+04 1.686500140215729988e-04
-4.997583755512115022e+04 6.753243427576723105e-08
-4.997581777823744051e+04 3.720836338683494882e-09
-4.997502387112140423e+04 3.879546872740172081e-07
-4.997471546008955920e+04 5.268800628226714733e-06
-4.997437542438394303e+04 3.195500103900951038e-07
-4.997370031606475823e+04 2.190171153343161929e-06
-4.997351532699209929e+04 8.853064439121097185e-05
-4.997341383845400560e+04 5.090867927814575070e-09
-4.997296461897190602e+04 2.418604517180422881e-06
-4.997243602349923458e+04 6.147190426449883749e-06
-4.997210596143698785e+04 1.312981826780509586e-05
-4.997202845278919267e+04 2.923993765117038576e-04
-4.997172705726008280e+04 2.190332887120451834e-07
-4.997149315619162371e+04 3.796715839017104103e-06
-4.997081399343655357e+04 2.860400522724741882e-06
-4.997063493826872582e+04 6.890076953974134521e-06
-4.997018006627740397e+04 5.922123535908087028e-07
-4.997003773121416452e+04 1.418662026505026550e-08
-4.996942176147940336e+04 9.366997551997360507e-06
-4.996913303122684738e+04 5.851767067515329442e-06
-4.996871619154503423e+04 4.448935627569139349e-08
-4.996850589886524540e+04 2.874482052712024668e-03
-4.996821249574118701e+04 7.050540549401706972e-07
-4.996787813699695835e+04 1.646580045911729090e-04
-4.996775055592475110e+04 2.137344037046314481e-04
-4.996741236410391139e+04 1.501998519199243075e-05
-4.996686757430489524e+04 4.389399221838467211e-06
-4.996652536464067089e+04 4.061305739451148743e-07
-4.996617316751267208e+04 7.402235735238508988e-07
-4.996573715839166107e+04 1.304358770837382542e-07
-4.996517892839008709e+04 2.851776318481168398e-03
-4.996514551676126575e+04 8.954542623552871894e-03
-4.996492816803674214e+04 3.300405151483505606e-03
-4.996483074731489614e+04 6.812958245546361531e-06
-4.996436647715210711e+04 3.259823271133129793e-06
-4.996401598037654185e+04 1.470877101758690870e-07
-4.996345361070422950e+04 4.257520451517527884e-06
-4.996299052699824097e+04 1.553570644430477373e-05
-4.996262071770725743e+04 4.623349314896197503e-06
-4.996229682098506601e+04 4.857062255094586422e-05
-4.996207648486036487e+04 1.994484181295852390e-03
-4.996187602080558281e+04 3.928253542407537241e-02
-4.996180582379793486e+04 2.065463907956415802e-03
-4.996122339112385089e+04 1.738444437997592150e-07
-4.996106005331980850e+04 1.727995939743638516e-05
-4.996044817824930215e+04 8.940117875696714463e-08
-4.995968408172849013e+04 5.950124118811724837e-06
-4.995946692160419479e+04 1.577519450355910433e-04
-4.995916876174174831e+04 1.138646891264572447e-03
-4.995898677584167308e+04 7.958169088837789261e-06
-4.995880270779550483e+04 2.401978897122930068e-04
-4.995873719171287667e+04 8.666661657508265004e-02
-4.995799750686933839e+04 2.295493284877794296e-06
-4.995769585189480131e+04 8.827141230051157829e-06
-4.995729480842794874e+04 1.171522765990417860e-05
-4.995660994201795256e+04 5.456369738497973037e-04
-4.995645061610792618e+04 1.084097309753450115e-03
-4.995619773167659878e+04 1.334393288539809791e-03
-4.995567187188102253e+04 1.229296616843048168e-01
-4.995559347813066415e+04 9.782139718683144705e-03
-4.995517589839067659e+04 1.509126203493483465e-06
-4.995491463456484780e+04 5.753499800869549934e-08
-4.995423764374056918e+04 4.263167921538339451e-04
-4.995396233853398735e+04 1.131034189595895868e-04
-4.995366370026522782e+04 2.186298858152656288e-03
-4.995313110067416710e+04 3.073471186337546450e-03
-4.995265709200337733e+04 1.568548182905368515e-01
-4.995253420187158918e+04 5.768341195200660720e-04
-4.995232032689539483e+04 1.764116230984266905e-03
-4.995191165708402696e+04 1.317544560493930593e-04
-4.995157377039823041e+04 2.730101306325572515e-04
-4.995117902571237209e+04 3.316514215659129559e-04
-4.995076876015940798e+04 3.272116085151764373e-03
-4.995039743562721560e+04 4.133404831326725586e-03
-4.994983242622455145e+04 4.228144531960565636e-04
-4.994969292396228411e+04 1.469346997483768347e-01
-4.994940945210089558e+04 9.576685863950004998e-03
-4.994842567674161546e+04 1.624960548302157746e-03
-4.994832254552711674e+04 4.699359849880448690e-05
-4.994796827526343986e+04 3.392980284477134940e-05
-4.994770585911020316e+04 3.672258564090122995e-03
-4.994750005509080074e+04 3.223030316583983847e-03
-4.994691313387703121e+04 1.810907010320661828e-02
-4.994671865754073224e+04 1.076575707253566994e-01
-4.994652947309766023e+04 1.800548105871938726e-03
-4.994611131595089682e+04 3.580238035800431106e-03
-4.994537228738628619e+04 3.027519617492194096e-04
-4.994503775671574112e+04 7.272182960212650142e-03
-4.994467768623724987e+04 1.301504222372270106e-03
-4.994429255828163878e+04 4.500355854413826519e-04
-4.994381854729327461e+04 5.179534062505657815e-02
-4.994378626565111335e+04 3.383429294627993827e-02
-4.994309842752136319e+04 9.097384272249878917e-03
-4.994303136483562412e+04 1.890309431407797191e-04
-4.994226002698504453e+04 3.475886572062202240e-05
-4.994219574487561476e+04 2.377457399687317452e-03
-4.994150884876039345e+04 9.176525777843164491e-03
-4.994134457054104860e+04 3.598568077090141468e-03
-4.994084108115667186e+04 3.674684898270504790e-02
-4.994064520221033308e+04 4.761414122008453959e-03
-4.994046118549953826e+04 1.386447811097923487e-03
-4.993988473768383119e+04 5.357296730450183952e-03
-4.993961377399013872e+04 5.759472963346902973e-03
-4.993891890870063071e+04 2.094289936075476293e-03
-4.993846238410513615e+04 9.319430219934927116e-04
-4.993801338857649534e+04 2.217619453408961258e-02
-4.993782869554299396e+04 1.241283437175620501e-04
-4.993748059670320072e+04 6.409369190786141056e-03
-4.993672062033569819e+04 1.076980425692491421e-06
-4.993649767797195818e+04 2.075850852698947653e-03
-4.993616708843324159e+04 3.269569872467170506e-03
-4.993597859729718766e+04 1.789209921597464730e-03
-4.993544388619931851e+04 3.502893197789372099e-03
-4.993513672778158798e+04 9.488246700200678781e-04
-4.993473981411712157e+04 5.009895555945892073e-03
-4.993456036838928412e+04 5.845717032557654763e-03
-4.993407483941351529e+04 4.039308515553806161e-04
-4.993353439833819721e+04 2.918141856940558842e-04
-4.993303426061542268e+04 1.952266644213635738e-05
-4.993266546114165249e+04 3.199310886502648981e-03
-4.993211331703293399e+04 3.628045183229367134e-05
-4.993176693825791881e+04 1.903997900450740384e-03
-4.993150348240728636e+04 3.786768890649618111e-03
-4.993100320364300569e+04 3.561905412449487652e-05
-4.993076622188350302e+04 1.479774694299148716e-04
-4.993044121271243057e+04 5.828203309801083991e-04
-4.992987085039843805e+04 3.185809425546549202e-05
-4.992947253404636285e+04 1.278987196671893707e-03
-4.992899072369007627e+04 3.899241943244032373e-04
-4.992883182467801817e+04 9.491766063573664648e-06
-4.992828510206795181e+04 1.408463716957692423e-03
-4.992776414091162587e+04 1.684014571349981386e-04
-4.992731665821651404e+04 3.363365150112142981e-04
-4.992696134464636998e+04 2.413393524754592283e-06
-4.992664064610812784e+04 9.989849382463046395e-05
-4.992643998177445610e+04 1.017524351417535463e-04
-4.992575578856799984e+04 8.629502704596951363e-04
-4.992514964383401093e+04 2.614687123259037111e-05
-4.992485297151459235e+04 2.750988235828316691e-06
-4.992429700437552674e+04 2.465475330309851911e-04
-4.992390756414578209e+04 2.648127851791031493e-07
-4.992333196897316520e+04 8.535424473943819162e-07
-4.992271180546956020e+04 2.789985783872392811e-04
-4.992229085588398448e+04 5.023853886718310973e-05
-4.992204407625179738e+04 2.524703843420939855e-05
-4.992172772050924686e+04 3.909548595711127313e-05
-4.992145811429723835e+04 1.560644762545781755e-06
-4.992063572338044469e+04 4.875242430144292887e-05
-4.992027867468514160e+04 7.047367189800424061e-06
-4.992008159209964651e+04 1.476108787694890356e-05
-4.991936112638129271e+04 2.895009179847332553e-05
-4.991892614441660407e+04 3.640892121283133314e-05
-4.991843408380966139e+04 9.158817120692322737e-07
-4.991800036813231418e+04 2.081553394465630093e-05
-4.991770798739774909e+04 1.457524700369528546e-05
-4.991696117695190333e+04 1.637571872578019240e-09
-4.991671080928169977e+04 8.976646575795877053e-07
-4.991619281194819632e+04 1.101664428988563790e-05
-4.991544114178086602e+04 2.039653902781175282e-09
-4.991490334864155011e+04 6.106617935005006446e-06
-4.991463813821383519e+04 3.648619465005359901e-06
-4.991409559201737284e+04 3.465024980861276918e-06
-4.991379370444441884e+04 3.959713544798090322e-08
-4.991343003477755701e+04 4.368335517660838002e-07
-4.991291100554972218e+04 5.228591452723100085e-07
-4.991254462620906997e+04 2.007018536909879316e-06
-4.991196936061176530e+04 1.255166586359801583e-06
-4.991127885792242887e+04 7.303151145848951249e-08
-4.991058131595406303e+04 7.348229431615224531e-07
-4.990959625647003122e+04 8.779155296940528843e-09
-4.990942769719381613e+04 6.435634459570606254e-10
-4.990905258625216084e+04 4.506883645696439133e-07
-4.990863817143046617e+04 1.822837930759581128e-07
-4.990819802603156131e+04 1.781256360022932022e-07
-4.990774235921153013e+04 4.313091260343481074e-08
-4.990687984915976995e+04 1.135080665808639419e-08
-4.990596013688536914e+04 3.739977309061923206e-08
-4.990534092699046596e+04 4.673765363220167483e-09
-4.990480372062975221e+04 2.598392113243952150e-08
-4.990454710868234542e+04 5.258203799953717870e-09
-4.990428418732695718e+04 1.382415676845150905e-08
-4.990418045115350833e+04 1.009237765028935349e-08
-4.990342280230279721e+04 6.596196450629207895e-09
-4.990234483125602128e+04 7.265363016094819359e-11
-4.990173875384820712e+04 1.296893060934015785e-09
-4.990147489014243911e+04 4.198801300882989576e-10
-4.990060677968605887e+04 1.656972794236538308e-10
-4.990011050939457346e+04 9.295615081433793105e-11
-4.990000919481627352e+04 5.261993827926903942e-11
-4.989956291309876542e+04 9.831362062942426949e-10
-4.989814789042502525e+04 2.560252479807037684e-12
-4.989781644164733734e+04 7.745489505147620220e-11
-4.989711362847567216e+04 5.014606635118014936e-12
-4.989703370661505323e+04 1.109684901710934432e-10
-4.989638431833769573e+04 5.995019860576662182e-10
-4.989556492808220355e+04 2.226786614187826002e-13
-4.989529256445785722e+04 5.102442360233914848e-12
-4.989467383713574236e+04 5.793907282165631567e-11
-4.989439827077206428e+04 6.436832814387235343e-12
-4.989333152197321760e+04 4.124409173021566496e-11
-4.989182718486303202e+04 1.758467556082303632e-11
-4.989142268928975682e+04 9.274104483046778256e-14
-4.989050904030091624e+04 6.012052593211282326e-11
-4.989031663688473054e+04 2.846061568736138251e-11
-4.989002803471439984e+04 5.846183623925909476e-11
-4.988928035406466370e+04 8.143394127573993061e-12
-4.988859812671964755e+04 3.762419758583168635e-13
-4.988778160026507248e+04 2.897074754213384813e-12
-4.988610364453343209e+04 2.036855863572292546e-12
-4.988580854994484253e+04 1.191287841111026298e-12
-4.988549550607350102e+04 1.457705567407124138e-11
-4.988455630344829842e+04 5.029637388232012503e-13
-4.988431520206894493e+04 4.028007442652259189e-13
-4.988331844740305678e+04 4.156341065670142203e-14
-4.988278181596450304e+04 4.001270002313646664e-13
-4.988201919019283378e+04 4.179578035334206923e-13
-4.988108113822324231e+04 3.043665095217876517e-13
-4.988078268749394192e+04 1.007765960255698674e-13
-4.988020128553098766e+04 6.402402930388612297e-13
-4.987991000810470723e+04 2.175568911373480681e-14
-4.987802953662649088e+04 2.407633160369610298e-17
-4.987705119254989404e+04 6.496176230925805255e-15
-4.987655797017732402e+04 1.105812431433570962e-14
-4.987584510775888339e+04 1.467508282049838813e-16
-4.987550469813361997e+04 1.515769145794360777e-15
-4.987493838678175234e+04 1.197846171413961454e-14
-4.987363724681562599e+04 4.809880755683665944e-16
-4.987331265308726870e+04 1.739354978045926105e-15
-4.987133839947945671e+04 1.985758974821434564e-15
-4.987033258820712945e+04 1.678370151930588630e-15
-4.986971139333854080e+04 2.262042423066495836e-16
-4.986923829379236122e+04 5.526116168503006912e-15
-4.986883595410276757e+04 5.387250484997181831e-16
-4.986716846232943499e+04 3.256727168155835425e-17
-4.986572468878974178e+04 4.880863680505724901e-18
-4.986529301954714174e+04 4.340469955304168309e-17
-4.986437702716891363e+04 8.492184902055898701e-16
-4.986334831825644505e+04 6.129891030838375250e-17
-4.986185298076316394e+04 1.532765190609391238e-17
-4.986086297249596828e+04 4.092011805251606250e-17
-4.986064118079716718e+04 8.864732894869339523e-19
-4.986021642741161486e+04 5.040015151391378603e-17
-4.985888173549187195e+04 1.084338087222568050e-18
-4.985821188228423125e+04 2.064447853471021292e-18
-4.985713777358517837e+04 2.182872728955333038e-18
-4.985566227005967085e+04 1.497832321967377369e-18
-4.985442727612924500e+04 9.728867890691342028e-19
-4.985415517504990567e+04 3.843066375536772381e-20
-4.985384219797588594e+04 5.474941746184872100e-19
-4.985072761121529038e+04 3.551425297045491968e-20
-4.984978092414497951e+04 1.850659247415790533e-20
-4.984935888223677466e+04 4.175687841973849018e-19
-4.984695515456428257e+04 1.967301067656725786e-20
-4.984580095281597460e+04 1.390763817727426456e-19
-4.984442897223384352e+04 4.430219372442223875e-21
-4.984324234234409232e+04 9.067068618102127710e-21
-4.984294837503931922e+04 5.565321574976918657e-21
-4.984166544399537088e+04 1.166338301352953339e-20
-4.983965583635320218e+04 1.664663399793693530e-24
-4.983945105512877490e+04 9.844520857017679513e-22
-4.983657686271519196e+04 1.052877534490715693e-22
-4.983533154054325132e+04 2.287276108565521656e-22
-4.983445651107930462e+04 1.979752728013696321e-23
-4.983262827206884685e+04 6.803774657501359389e-23
-4.983016093044163426e+04 6.742239584192561530e-23
-4.982971793770084332e+04 1.574412536020362096e-23
-4.982697311516619084e+04 0.000000000000000000e+00
-4.982594406791524671e+04 0.000000000000000000e+00
-4.982553876416195999e+04 1.290648888844956656e-24
-4.982520197642135463e+04 7.116817826849053429e-24
-4.982287765757742454e+04 3.083759088940346068e-24
-4.982062396071857074e+04 0.000000000000000000e+00
-4.981796921800693235e+04 0.000000000000000000e+00
-4.981690087597831007e+04 0.000000000000000000e+00
-4.981447302953043254e+04 0.000000000000000000e+00
-4.981352831058992160e+04 0.000000000000000000e+00
-4.981011851596804627e+04 0.000000000000000000e+00
-4.981008719469633070e+04 0.000000000000000000e+00
-4.980812933732163947e+04 0.000000000000000000e+00
-4.980772664138230175e+04 0.000000000000000000e+00
-4.980424532551490120e+04 0.000000000000000000e+00
-4.980219915928026603e+04 0.000000000000000000e+00
-4.980065686896841362e+04 0.000000000000000000e+00
-4.979736892465829442e+04 0.000000000000000000e+00
-4.979509465909897699e+04 0.000000000000000000e+00
-4.979323623578349361e+04 0.000000000000000000e+00
-4.979100572885808651e+04 0.000000000000000000e+00
-4.978946890147598606e+04 0.000000000000000000e+00
-4.978646151906086016e+04 0.000000000000000000e+00
-4.978606614418372192e+04 0.000000000000000000e+00
-4.978282983038284874e+04 0.000000000000000000e+00
-4.977943112266602111e+04 0.000000000000000000e+00
-4.977519364356627921e+04 0.000000000000000000e+00
-4.977311447644833243e+04 0.000000000000000000e+00
-4.976814163057057158e+04 0.000000000000000000e+00
-4.976681693845948030e+04 0.000000000000000000e+00
-4.976250826073338249e+04 0.000000000000000000e+00
-4.975924875942385552e+04 0.000000000000000000e+00
-4.975140712885403627e+04 0.000000000000000000e+00
-4.974460219556863012e+04 0.000000000000000000e+00
-4.974121429756254656e+04 0.000000000000000000e+00
-4.973983835609970265e+04 0.000000000000000000e+00
4.989860749524385756e+04 0.000000000000000000e+00
4.989871900610304874e+04 0.000000000000000000e+00
4.991074597800339689e+04 0.000000000000000000e+00
4.991089352800713823e+04 0.000000000000000000e+00
4.992005209757922421e+04 0.000000000000000000e+00
4.992024987441804842e+04 0.000000000000000000e+00
4.992769664576915966e+04 3.021444207910352571e-24
4.992797708924169274e+04 7.701253072381007921e-23
4.993398973617349839e+04 1.146298991198439946e-21
4.993449434965020191e+04 2.452323716470101271e-21
4.993726027530379361e+04 0.000000000000000000e+00
4.993734992518108629e+04 2.254717736891646368e-23
4.993871409843682341e+04 2.231207052054074568e-20
4.994034574925907509e+04 3.826353726224865904e-20
4.994352970570680918e+04 1.197272131800795679e-19
4.994552464630257600e+04 1.594997770675782699e-21
4.994560248834671802e+04 4.681288971016693326e-20
4.994643972078139632e+04 8.518845342720031195e-19
4.994953222588412609e+04 2.291130300951642972e-19
4.995151831002891413e+04 2.557226742143686298e-21
4.995155873258117208e+04 5.985270616233820871e-24
4.995168994966876198e+04 1.286216583579409707e-21
4.995331904565911100e+04 5.780496517373907198e-19
4.995458112476248789e+04 1.034347065031610300e-20
4.995545074986555846e+04 1.199478877392242228e-18
4.995626993359999324e+04 5.382403372088758753e-19
4.995732516637795197e+04 2.921912937607049322e-18
4.995883792395223281e+04 2.401318651842606485e-20
4.996009604353553004e+04 3.748211885135062269e-18
4.996169991747980384e+04 1.566793825218207386e-17
4.996296025027527503e+04 1.992969019787166781e-17
4.996461554753976088e+04 1.731216727440230934e-17
4.996499970548917918e+04 2.338167067513523444e-18
4.996603812150283920e+04 1.478992341127946740e-18
4.996625500493135041e+04 1.414855858366288193e-17
4.996786695530695579e+04 8.616983217605154135e-17
4.996797475758691144e+04 4.537164956055963707e-17
4.996940912510246562e+04 1.202036239991268829e-16
4.997037089644538355e+04 2.301048693188219044e-16
4.997093089440528274e+04 9.981890559640586933e-18
4.997157258476276184e+04 8.828465763104100199e-17
4.997210610409914807e+04 2.753064314548227616e-17
4.997259241146336717e+04 2.900999081415587572e-17
4.997337496793131140e+04 1.622685645922133808e-18
4.997368781010233943e+04 2.979932307579328676e-18
4.997424100023076608e+04 1.057498568171925379e-17
4.997513164095314278e+04 4.862547061574304673e-17
4.997583382150332181e+04 1.579386410027930378e-16
4.997608604590548202e+04 2.384758377165335344e-16
4.997688401168044220e+04 2.441855933668273661e-16
4.997746672818395018e+04 2.042189190130414072e-17
4.997774524489173200e+04 3.278601055205347470e-16
4.997861651576429722e+04 1.478101132961895060e-16
4.997935153299271769e+04 1.117251764996041774e-17
4.997990958419540402e+04 1.913189663733443530e-16
4.998050017503444542e+04 1.575383510219267716e-16
4.998135607627079298e+04 1.944823232132117997e-15
4.998150836103637266e+04 8.865112491598461305e-16
4.998270713952888036e+04 5.581601992887685745e-16
4.998317704173550737e+04 6.240847181433132429e-15
4.998423660115112580e+04 2.341923944218699222e-15
4.998433616757022537e+04 3.429859320958568363e-15
4.998546338200464379e+04 8.935391543586017264e-16
4.998581446855949616e+04 6.360319274336253332e-15
4.998617738026601000e+04 5.772411202540627556e-15
4.998734993164631305e+04 5.973901563684188704e-16
4.998743459956744482e+04 1.140862544641000150e-15
4.998818412680818437e+04 2.827142745641755941e-14
4.998829324951883609e+04 9.581453714019256216e-15
4.998894239466838189e+04 1.198692045363615362e-15
4.999023375567327457e+04 5.723878063444132899e-14
4.999027550725006586e+04 1.457319371094999973e-15
4.999063505848554632e+04 2.873564768225291758e-14
4.999153507481733686e+04 2.694761083580903753e-15
4.999200179505254346e+04 7.124413935915059845e-18
4.999255494605292188e+04 6.159640180875544261e-14
4.999325193649326684e+04 2.565420308145878019e-15
4.999360046197992779e+04 1.584493083361955843e-15
4.999461784594385972e+04 1.999627941654515536e-15
4.999502649561055296e+04 9.862673258933809568e-19
4.999515070758226648e+04 2.560017217439374700e-16
4.999632366473993170e+04 2.435829664655869727e-15
4.999646437094712019e+04 4.953176499037347115e-15
4.999653355226391432e+04 2.477021407400845222e-15
4.999725887054237683e+04 4.596863287975413922e-14
4.999804661466590187e+04 4.990833464426969123e-15
4.999832736946031946e+04 1.527432808977221266e-16
4.999875781692273449e+04 3.737449516009043607e-14
4.999918256634100544e+04 6.469616993950018708e-14
4.999954712632550945e+04 5.130368166853115633e-15
5.000025115044520498e+04 5.984622674737892877e-14
5.000096558349774568e+04 2.013107514302596060e-14
5.000110362316449027e+04 6.282668745299588792e-13
5.000158686529577972e+04 7.615379261757762390e-15
5.000202146874422033e+04 2.595857116262587407e-14
5.000249675565041980e+04 2.411292473727584349e-16
5.000349148777210212e+04 2.437489015977813215e-12
5.000360303502617899e+04 1.110637078727218339e-13
5.000382685753099940e+04 3.778273766099111884e-14
5.000478386917026364e+04 1.099211743041949289e-13
5.000509521008293814e+04 2.239082386364886639e-14
5.000538342427252064e+04 1.142150482834205797e-14
5.000594440960366046e+04 4.006418376644315179e-12
5.000653909953079710e+04 3.446558189022674487e-13
5.000654327320865559e+04 1.438222465963934847e-12
5.000701039427188516e+04 2.087155937045896819e-13
5.000803712868909497e+04 6.561567887176247720e-13
5.000815257628774270e+04 4.224142453226677521e-14
5.000848156162544910e+04 6.805460048618370019e-14
5.000849170143843367e+04 1.965708603551878120e-12
5.000924068372332113e+04 8.522084307745216437e-12
5.000927275802331860e+04 1.098375684454781978e-12
5.001021876563954720e+04 2.007258080605425288e-13
5.001079103513083101e+04 1.553736228945071418e-13
5.001098374398504529e+04 8.965514181841970385e-14
5.001156829326087609e+04 6.432620668269323136e-14
5.001189419338716834e+04 2.859606511702753971e-12
5.001197124530238943e+04 1.518872005756027970e-11
5.001225505432242790e+04 1.955083576529285377e-13
5.001324051058852638e+04 1.816242757533673965e-13
5.001343291520100320e+04 1.516368288966454458e-13
5.001377691903772211e+04 7.761600042605109221e-14
5.001462120209607383e+04 9.184698410653246469e-16
5.001467797884763422e+04 1.308730923760836698e-11
5.001516342605397949e+04 1.414240861826641895e-13
5.001566958103404613e+04 1.378938024898699058e-14
5.001612657347814820e+04 3.479357607805710103e-13
5.001618147678321111e+04 8.143570417614331550e-13
5.001688765289843286e+04 9.196561254152986895e-14
5.001741505008019158e+04 5.605129830763255374e-13
5.001763758214913832e+04 4.012663856775466366e-16
5.001815638632301852e+04 6.243237564826968083e-13
5.001818597974255681e+04 1.646646879410765921e-11
5.001850298479079356e+04 8.282164482540144861e-14
5.001936258917747909e+04 2.255365561933660322e-14
5.001945323529934831e+04 6.458766993958784128e-14
5.001998797776792344e+04 1.183141961192360654e-13
5.002019106564923277e+04 8.338209989871437821e-12
5.002061410043873184e+04 2.117336289990740040e-15
5.002107036525997682e+04 1.356623451072451068e-10
5.002121196974117629e+04 1.221738682223190560e-12
5.002135180174435664e+04 1.899692969455329955e-13
5.002229985661266983e+04 3.516073726267507307e-14
5.002275982881840173e+04 2.155209417131016104e-11
5.002314666082927579e+04 2.464380950376417049e-12
5.002325195717925817e+04 2.924238805562726795e-12
5.002345689185193623e+04 1.155944546888804271e-14
5.002395701491231739e+04 5.280503220811679441e-10
5.002440377651927702e+04 3.483313000387057259e-12
5.002442947744517005e+04 6.296249240452396952e-12
5.002516929002738470e+04 1.594774690104225848e-12
5.002566008804804005e+04 1.702225693716539338e-11
5.002588022460098000e+04 2.063217394739884199e-13
5.002656263366383064e+04 6.639275669693838608e-13
5.002676641220849706e+04 3.456498830494928288e-13
5.002683407495966821e+04 1.285343833103486874e-09
5.002727063243208249e+04 4.588246062576593887e-12
5.002781956248881761e+04 3.764644183236118602e-12
5.002814716104914987e+04 1.565729130235921742e-12
5.002825281664734212e+04 3.919432692492990947e-12
5.002852576455989038e+04 1.852483691675044555e-13
5.002873800499935169e+04 1.035167151146868846e-12
5.002945010930946592e+04 6.175979104840343390e-11
5.002970686124432541e+04 2.056125918704526835e-09
5.003005152231887769e+04 1.092914351706524618e-11
5.003019057058545877e+04 3.433304323847651775e-12
5.003083511571092095e+04 4.732647885796850493e-12
5.003117575700075395e+04 6.510416654799714823e-12
5.003147093707884051e+04 1.755790119649798631e-12
5.003179930391735252e+04 1.140685656665726969e-10
5.003197742774970538e+04 8.648959262307801992e-12
5.003239940616444073e+04 3.742566409255358845e-10
5.003256405614037067e+04 2.001749251017341793e-09
5.003280311458412325e+04 7.283012155280954112e-11
5.003340448341625597e+04 2.997643322382666488e-12
5.003369029370073986e+04 1.211222023567268371e-11
5.003406344346202241e+04 4.657600836727445240e-11
5.003448280729657563e+04 3.972240018582628824e-11
5.003507156342657981e+04 3.552139589018232754e-11
5.003517063636147941e+04 6.688744597959831420e-10
5.003536027046012896e+04 3.864810238960814960e-11
5.003542403994339838e+04 2.197774517013912135e-09
5.003583661858283449e+04 4.738469805300143608e-12
5.003624927315845707e+04 2.797040779678615947e-12
5.003679905278007209e+04 2.852379081476544175e-12
5.003721265233820304e+04 3.626493508435152153e-11
5.003757296537297952e+04 1.806016289135262532e-11
5.003793600258632796e+04 2.998283692652988806e-11
5.003825353527478001e+04 1.637675486205881834e-11
5.003841577317543852e+04 4.813822466184920045e-10
5.003847481413681089e+04 4.580396655033749911e-09
5.003896754664339824e+04 5.550759300877923875e-14
5.003917114627837145e+04 2.474134894155005357e-12
5.003981480125139205e+04 1.947230321075172346e-13
5.004053594585732208e+04 4.843775379331320788e-12
5.004077325454316451e+04 3.930958388145307266e-11
5.004113950566064159e+04 2.955157395707594631e-10
5.004124030706621124e+04 3.847184152794520389e-12
5.004143722744592378e+04 8.847228871228233529e-12
5.004161725374058005e+04 1.002654686027228754e-08
5.004221116680295381e+04 1.013382198069079265e-11
5.004252201825995144e+04 1.199630600020983803e-11
5.004293136032206530e+04 7.418940598319089906e-11
5.004364701839417103e+04 1.103135459498929883e-10
5.004376374396581377e+04 7.627166600903144113e-10
5.004408174440611765e+04 7.981680594206806326e-10
5.004462138215737650e+04 1.305686504927975429e-09
5.004470656673553458e+04 1.404121314325850357e-08
5.004504736314297043e+04 1.159464113943071367e-11
5.004533208943863428e+04 7.515315900925190030e-11
5.004601758950170915e+04 6.576956707704285350e-10
5.004626619787541858e+04 8.793469370082038758e-11
5.004666444984082773e+04 1.463025916431878554e-09
5.004709525873048551e+04 1.004951720461332213e-09
5.004761550132885168e+04 6.924836697638016860e-11
5.004771833288529160e+04 1.809956189774008062e-08
5.004790469843697065e+04 1.633505377411321960e-10
5.004832491362730070e+04 3.918583986836478293e-12
5.004865524859399738e+04 6.250474752292246197e-10
5.004906203173899121e+04 1.321957034809223695e-10
5.004957871382103622e+04 1.994396357138341764e-09
5.004981770926914760e+04 1.617313973775888599e-09
5.005038115378787188e+04 6.043726133267662065e-12
5.005068579948371189e+04 1.487323921396241539e-08
5.005085308114517102e+04 1.780204348210381981e-09
5.005181851391121745e+04 1.042455274573293794e-09
5.005194649787437083e+04 4.269056120829163286e-10
5.005226655637120712e+04 1.764812385824114504e-11
5.005260218633187469e+04 1.640418905402323062e-09
5.005266534393199981e+04 5.428052554616035575e-10
5.005328753090740793e+04 1.771301586260866861e-09
5.005365087334189593e+04 9.081176396993481736e-09
5.005372089393032365e+04 2.410625535855693571e-09
5.005411402650419041e+04 2.791135592831560461e-10
5.005496165560445661e+04 4.331691669115715031e-10
5.005521723989621387e+04 1.917863198930728458e-09
5.005560731730262341e+04 6.529516594216390960e-10
5.005592543022352038e+04 3.654736603659400876e-12
5.005640872167421912e+04 1.126802905488229674e-10
5.005659790723241167e+04 7.365651534925492956e-09
5.005711493144562701e+04 1.623849614249408426e-09
5.005725073620353214e+04 4.696331755375784847e-12
5.005792073799542413e+04 2.075607547316365415e-11
5.005810953296159278e+04 8.734922265110037274e-10
5.005873711614269996e+04 1.087015987876038787e-09
5.005889015180394927e+04 2.763818256588018918e-10
5.005951080115245713e+04 1.023832458408697202e-09
5.005958523948099901e+04 2.085191694707634373e-09
5.005976079496958118e+04 3.646931210474030276e-10
5.006045230771820206e+04 5.943780257354177036e-10
5.006065817240373144e+04 1.128056001964188442e-09
5.006133620967245224e+04 3.797872204879528730e-10
5.006177456508362957e+04 1.334455889162522040e-11
5.006231066278723301e+04 1.651717017343602646e-09
5.006244129826688004e+04 7.236897408389818328e-11
5.006278902704519714e+04 4.080894793410392248e-10
5.006358886183084542e+04 5.868038437506192638e-11
5.006367217028362938e+04 3.397179300148902573e-10
5.006406677323007898e+04 6.031795659318076953e-10
5.006426677410637058e+04 1.524764883440096971e-10
5.006484044578723115e+04 2.715299718929281404e-10
5.006513492661281634e+04 7.165998316083437084e-12
5.006552569369704725e+04 3.392496120284626132e-10
5.006569743695488432e+04 6.465850579942390654e-10
5.006619928558798711e+04 3.382804467452058210e-15
5.006679154638610635e+04 3.810594891661720122e-11
5.006719357136712642e+04 1.354004924038553294e-12
5.006765085173396801e+04 2.689360075597854641e-10
5.006817479023873602e+04 1.000764761062664908e-11
5.006836750887169910e+04 2.704886854337741835e-10
5.006876911039627885e+04 3.024292070377688315e-10
5.006921508216116490e+04 5.913728910702524174e-14
5.006959098686812649e+04 3.353095739634755457e-11
5.006980095683413674e+04 9.289251070641726110e-11
5.007038391444738954e+04 4.354942148159484009e-12
5.007080119568577356e+04 6.505642650183181216e-11
5.007123085310349416e+04 3.687869141984589199e-11
5.007145523511060310e+04 1.317394824099648742e-11
5.007196929911080952e+04 1.442316128645739866e-10
5.007255707728327980e+04 5.530889361272779120e-12
5.007294172526595503e+04 3.701658990243508183e-11
5.007325505861365673e+04 1.215880977687723333e-11
5.007357857932590559e+04 2.870391374127890956e-11
5.007381853488669731e+04 1.919768439385961209e-11
5.007453607151944743e+04 7.598974591752163646e-11
5.007513946705200215e+04 1.181036527062143978e-11
5.007543728291213483e+04 5.853267011438608378e-14
5.007592328386782901e+04 1.642520739195655162e-11
5.007636817284460267e+04 2.080821813732603418e-13
5.007691571584033954e+04 1.911878553017271439e-12
5.007757071955513675e+04 5.060966420243688727e-11
5.007795089407535852e+04 3.977433179517109088e-13
5.007820038892190496e+04 2.236360430866993587e-12
5.007859308082972711e+04 4.837572169890230301e-12
5.007878177157765458e+04 5.619832549614351226e-13
5.007958023440784018e+04 3.502518847181830031e-12
5.007994366002097377e+04 3.720660133273155234e-12
5.008019636142366653e+04 1.455867290095407797e-12
5.008093118648444943e+04 8.087657022069628863e-12
5.008132796157865232e+04 7.371684170468011452e-12
5.008185855860812444e+04 1.770055042604546550e-14
5.008226118883721210e+04 2.347173649082609920e-12
5.008254525779595133e+04 2.775604466430877541e-12
5.008324907182592870e+04 3.148343979528780042e-14
5.008355533515132265e+04 7.466765949855015630e-14
5.008404943373794231e+04 1.785349685739711272e-12
5.008486818422579381e+04 2.601622775853238417e-14
5.008528374171773612e+04 3.090123265412853145e-12
5.008560450800961553e+04 9.636025672456665605e-13
5.008613252759593161e+04 1.015060957758861918e-12
5.008643984373088460e+04 9.220271201985199251e-15
5.008679824791766441e+04 1.152583781212044339e-13
5.008733834364426002e+04 2.167817224692348548e-13
5.008770333095914248e+04 4.841631388151086495e-13
5.008828943785538286e+04 4.569978210964514140e-13
5.008898885266942671e+04 9.669288854214197502e-15
5.008968309845556360e+04 4.175658038583356569e-13
5.009063048757275828e+04 9.083563790137504193e-14
5.009079574619326013e+04 3.276876160265298115e-14
5.009117230882331205e+04 3.366153504058969562e-13
5.009158640797824046e+04 6.544669087934714259e-14
5.009202743649209151e+04 1.413509972050408673e-13
5.009252516046031815e+04 2.556588646922070564e-14
5.009338278991549305e+04 8.637643440127964131e-15
5.009430181473397533e+04 2.544846046677831028e-14
5.009492738265301887e+04 3.178640748696153281e-14
5.009541087278821942e+04 7.188148027676939117e-14
5.009575396891911805e+04 1.549004674742091543e-14
5.009594282571849908e+04 1.092135371793523860e-14
5.009608283565593592e+04 6.364680473458846456e-15
5.009681173065496114e+04 2.399123567900727506e-15
5.009796434746182058e+04 2.146879856740561157e-15
5.009852169062339817e+04 3.155219113051225170e-17
5.009875106103382132e+04 1.875297641308807286e-14
5.009963215750728705e+04 1.032818026193766358e-19
5.010012282628534012e+04 4.574425919386224808e-15
5.010029899226350972e+04 1.191773024248163182e-15
5.010062276558084704e+04 5.615085592046890031e-15
5.010213484681732371e+04 9.163994949208578535e-17
5.010249204724818992e+04 3.185805255852349475e-16
5.010314313909960765e+04 8.924524513581909557e-17
5.010330830741820682e+04 1.144257543723920773e-17
5.010378432475757290e+04 1.455194194798852026e-15
5.010470147456812992e+04 2.153342842073120426e-16
5.010500122950031800e+04 2.368753338399740408e-16
5.010553456758904213e+04 4.257769837109062614e-16
5.010583493974549492e+04 7.708779407327808797e-18
5.010692360744800681e+04 1.703889336105840832e-16
5.010848253288444539e+04 1.778407589699895099e-18
5.010894233082200662e+04 1.236634100729999116e-18
5.010967943734545406e+04 2.698852478722091419e-18
5.011005595510341664e+04 2.615449081858891199e-18
5.011016887793820933e+04 5.813433681911417525e-17
5.011099820630759496e+04 4.281276805286704994e-20
5.011174127074124408e+04 2.551896641963698981e-18
5.011249801977270545e+04 4.658639646401535890e-19
5.011413722051151854e+04 8.418687446800128306e-19
5.011450330151079834e+04 3.990196951598024834e-19
5.011470314613755909e+04 1.585850977898373676e-19
5.011574493245834310e+04 1.242332038183206763e-18
5.011599684944537876e+04 2.520017167152036551e-19
5.011714395900668023e+04 6.820264802975147314e-20
5.011754517632594070e+04 4.586244067736190280e-19
5.011820370899473346e+04 1.066805533219849066e-18
5.011918941492820159e+04 7.464984867358807386e-20
5.011950622524064966e+04 9.878735605464647484e-20
5.012005066664677724e+04 9.756707272520477418e-20
5.012043908204280888e+04 1.996485966784359274e-21
5.012232480937935907e+04 9.479926073387957836e-22
5.012320467655039829e+04 1.805493989217218487e-19
5.012382151554995653e+04 1.502332803498307253e-20
5.012440861333810608e+04 2.206198753634410160e-19
5.012480913638251513e+04 4.168963337558804953e-20
5.012540842396809603e+04 3.190131146686533582e-21
5.012672160784891457e+04 9.574854938289722734e-22
5.012711358966006810e+04 1.039281522412467649e-21
5.012892458025179076e+04 5.282910348112459678e-21
5.012991089227892371e+04 1.894277236774931248e-20
5.013077892875619000e+04 4.862244057704665038e-22
5.013108454800854088e+04 1.302311148139693716e-21
5.013155897366502904e+04 1.340242305637197545e-21
5.013334677951684716e+04 3.195616324359964079e-23
5.013458924201920308e+04 2.203066766798941667e-22
5.013515360445527040e+04 3.760874587399016310e-22
5.013588823899654381e+04 1.052899795055294639e-22
5.013708161174572888e+04 1.772734669146555063e-24
5.013857352873129275e+04 4.877091731798763955e-23
5.013945136672358785e+04 4.131210629548776061e-23
5.013962709481150523e+04 3.256240536647078543e-24
5.014008170190659439e+04 3.786843004686532513e-24
5.014159046265546931e+04 0.000000000000000000e+00
5.014224458795752435e+04 2.444702351309138064e-24
5.014334753592070774e+04 4.237377158753229047e-24
5.014466182073995878e+04 1.494220627450458456e-23
5.014601700024407182e+04 9.070263768840700730e-24
5.014634699774321780e+04 0.000000000000000000e+00
5.014665694714620622e+04 1.586525758320876098e-24
5.014979022464255831e+04 0.000000000000000000e+00
5.015067845552099607e+04 0.000000000000000000e+00
5.015108072197177535e+04 1.114762961897592420e-24
5.015354629821352137e+04 0.000000000000000000e+00
5.015469274293541093e+04 0.000000000000000000e+00
5.015611760178024269e+04 0.000000000000000000e+00
5.015727970777250448e+04 0.000000000000000000e+00
5.015764459892551531e+04 0.000000000000000000e+00
5.015887168858823861e+04 0.000000000000000000e+00
5.016091593874219689e+04 0.000000000000000000e+00
5.016107720511747175e+04 0.000000000000000000e+00
5.016402019636184559e+04 0.000000000000000000e+00
5.016522481464105658e+04 0.000000000000000000e+00
5.016612282063009479e+04 0.000000000000000000e+00
5.016791289948862686e+04 0.000000000000000000e+00
5.017038126751947857e+04 0.000000000000000000e+00
5.017090086207276181e+04 0.000000000000000000e+00
5.017364530760299385e+04 0.000000000000000000e+00
5.017486099362503592e+04 0.000000000000000000e+00
5.017516001718525513e+04 0.000000000000000000e+00
5.017542843199442723e+04 0.000000000000000000e+00
5.017770719021076366e+04 0.000000000000000000e+00
5.017999631824465177e+04 0.000000000000000000e+00
5.018260436802722688e+04 0.000000000000000000e+00
5.018369367660190619e+04 0.000000000000000000e+00
5.018624557863061636e+04 0.000000000000000000e+00
5.018734732821972284e+04 0.000000000000000000e+00
5.019050524506851798e+04 0.000000000000000000e+00
5.019053159120681084e+04 0.000000000000000000e+00
5.019255862977886136e+04 0.000000000000000000e+00
5.019322551498866960e+04 0.000000000000000000e+00
5.019656933166399540e+04 0.000000000000000000e+00
5.019843834675285325e+04 0.000000000000000000e+00
5.020005205763804406e+04 0.000000000000000000e+00
5.020339500944201427e+04 0.000000000000000000e+00
5.020575667728915141e+04 0.000000000000000000e+00
5.020754528405779274e+04 0.000000000000000000e+00
5.020976864611323981e+04 0.000000000000000000e+00
5.021142315348097327e+04 0.000000000000000000e+00
5.021444055852338352e+04 0.000000000000000000e+00
5.021492847813025583e+04 0.000000000000000000e+00
5.021806238501572807e+04 0.000000000000000000e+00
5.022138556195528508e+04 0.000000000000000000e+00
5.022572004298607499e+04 0.000000000000000000e+00
5.022758003110402205e+04 0.000000000000000000e+00
5.023275704474436498e+04 0.000000000000000000e+00
5.023397493947522162e+04 0.000000000000000000e+00
5.023891424821640248e+04 0.000000000000000000e+00
5.024169422352762194e+04 0.000000000000000000e+00
5.024957487314426544e+04 0.000000000000000000e+00
5.025658467254557763e+04 0.000000000000000000e+00
5.025986847992679395e+04 0.000000000000000000e+00
5.026112915085550776e+04 0.000000000000000000e+00
