-5.001005096594722272e+04 6.114010280989489651e-09
-5.000816790631123149e+04 1.700111952405833756e-11
-5.000647689682120108e+04 1.019121211104429933e-07
-5.000499139788836328e+04 1.040363199594269512e-10
-5.000470727744891337e+04 1.158143419880616205e-13
-5.000469021399979829e+04 7.564509879201501327e-13
-5.000430275062203145e+04 2.028599185967291673e-12
-5.000428596519043640e+04 6.691447198201944544e-12
-5.000372068356765521e+04 4.011635003645627729e-08
-5.000268152431264025e+04 2.224091516988675468e-10
-5.000194384250886651e+04 1.168314361858905942e-07
-5.000168915063753229e+04 8.541550161607115179e-09
-5.000154924902536732e+04 9.219458248355830661e-09
-5.000136573650475475e+04 1.762196013040665458e-09
-5.000115541137071705e+04 5.304749025040812769e-08
-5.000085788104387029e+04 5.015642706330904876e-09
-5.000024846409580641e+04 5.204038952061568414e-10
-4.999994195103367383e+04 1.250382069800361754e-08
-4.999987523517587397e+04 2.873296778958020974e-09
-4.999927383411012124e+04 1.055260922643307571e-07
-4.999890283004051162e+04 6.440591942659761566e-09
-4.999814315384379006e+04 8.813166076696724729e-10
-4.999783318523809430e+04 5.389606236073334510e-10
-4.999770322437407594e+04 1.564230542500441686e-09
-4.999684335106908111e+04 1.556935906085599921e-07
-4.999635114459378383e+04 4.346912441444182435e-09
-4.999578053477319190e+04 2.170453340850877579e-06
-4.999528094753329060e+04 2.407910017492329406e-07
-4.999479088696640974e+04 6.933946363612516467e-09
-4.999370506308686163e+04 1.056144969802792248e-11
-4.999364050099590531e+04 3.533526630989899839e-07
-4.999304418569510017e+04 1.609220538625721012e-08
-4.999175370343782561e+04 1.138855986885249653e-05
-4.999163939697966271e+04 3.756723588556713653e-06
-4.999100702463577181e+04 8.155459695004770833e-10
-4.998993290117224387e+04 3.284016781058715494e-06
-4.998987848548914917e+04 2.727601797033834347e-08
-4.998947633915610641e+04 1.433683780817986716e-07
-4.998872638392436784e+04 1.552013024784325717e-09
-4.998805322398352291e+04 1.083496060788529126e-05
-4.998780057714000577e+04 1.862513716623145040e-08
-4.998687184766225982e+04 9.576495229729643156e-07
-4.998658816146014578e+04 1.456684809473101772e-09
-4.998580361175112193e+04 1.468401505489221415e-08
-4.998567463456500991e+04 1.435795003568423190e-04
-4.998479074302914523e+04 6.771582029456132350e-07
-4.998386134470657271e+04 4.510151040449690973e-08
-4.998365384450724378e+04 3.814085163784338023e-09
-4.998355776243564469e+04 1.949233428483277440e-07
-4.998252992810730939e+04 2.164205970588787938e-09
-4.998163274249521055e+04 1.222153599008615861e-05
-4.998145562936725037e+04 4.319964598195046046e-04
-4.998054142954131385e+04 3.078860455482554338e-06
-4.998045923229555046e+04 6.288226962238295956e-07
-4.997992984378167603e+04 7.201533285517880111e-06
-4.997947250878211344e+04 1.294699257494314053e-07
-4.997913949124392821e+04 9.660878046895286715e-08
-4.997845746340044570e+04 1.257245956246399826e-07
-4.997778134858457634e+04 1.163466118263142936e-06
-4.997734638712440938e+04 1.955286209521016566e-05
-4.997716072025574249e+04 4.890717952039486702e-07
-4.997684121624305408e+04 9.231144253389508871e-06
-4.997592520931304898e+04 1.636914065442077113e-10
-4.997560777821257216e+04 1.720462021367053299e-02
-4.997537882648956293e+04 1.586953198706168554e-05
-4.997504091367991350e+04 8.994955273551437041e-09
-4.997399322476679663e+04 7.785261170970186179e-09
-4.997340132502445340e+04 3.672955616019010133e-06
-4.997325411937359604e+04 3.456451030665107517e-06
-4.997274371258301107e+04 4.652142656703004781e-06
-4.997234972053616366e+04 2.752877737021643864e-08
-4.997195321181561303e+04 3.073255583987048139e-09
-4.997115639898871450e+04 1.298023148220343154e-04
-4.997114734169885924e+04 2.685609455154018178e-07
-4.997065881847150740e+04 3.639847598896107516e-08
-4.996989603146399895e+04 9.816400947890917550e-01
-4.996953640786383767e+04 5.721816031008892053e-05
-4.996887010751316120e+04 8.385301900344197722e-08
-4.996874785526653432e+04 2.503840379487428015e-05
-4.996818431184258225e+04 1.069693599353785410e-06
-4.996810846706388838e+04 4.669360242043981036e-07
-4.996769723397165217e+04 6.439211511961466300e-05
-4.996711648275412153e+04 9.239849746221612276e-09
-4.996656751114502549e+04 7.138038403842276608e-06
-4.996654667199427786e+04 9.464560387018778091e-05
-4.996621694159023900e+04 1.732744469397117846e-06
-4.996537354983451223e+04 6.380160345307155916e-07
-4.996484705722615035e+04 2.399670226538404892e-09
-4.996464260409439157e+04 3.366146539387687302e-09
-4.996421957062475849e+04 1.082931760361766371e-08
-4.996417146561326081e+04 4.801267303748239196e-08
-4.996314357415347331e+04 1.206963688685862281e-10
-4.996294884092132270e+04 4.195893567243890421e-08
-4.996230432204668614e+04 1.107168694643391830e-10
-4.996188709775992174e+04 8.084203047604604888e-07
-4.996163500124952407e+04 2.347621028166588429e-07
-4.996136028318790341e+04 4.109245022144546591e-09
-4.996046529392958473e+04 5.477956027944431306e-06
-4.996044560727255157e+04 7.295759274866402177e-05
-4.995995751005317288e+04 5.469984670126054969e-09
-4.995989641771569586e+04 8.961277742939129582e-07
-4.995931388149991108e+04 2.413444385403871744e-10
-4.995842581516956125e+04 3.500448802474894898e-09
-4.995794459373947757e+04 7.949694000765132254e-09
-4.995780204277505254e+04 1.199599745754705400e-08
-4.995694258921817527e+04 5.560118181575373196e-08
-4.995690298254269874e+04 1.032776561062517364e-07
-4.995661462011093681e+04 1.488178877598508999e-08
-4.995530731693022972e+04 2.069338563335823128e-08
-4.995525731426892889e+04 9.029263695998304348e-09
-4.995515356599268125e+04 5.858596450274805239e-09
-4.995444857082686940e+04 1.415082420960873849e-10
-4.995351731741450203e+04 1.145234805012917776e-12
-4.995325777320835914e+04 4.532675218747364791e-11
-4.995313504634267156e+04 4.145063331803874251e-14
-4.995258227937836637e+04 1.742424849781862349e-12
-4.995212251177127473e+04 8.571464547340965980e-10
-4.995209685004832863e+04 2.419214916167282992e-09
-4.995176366542316100e+04 1.466147546591033566e-11
-4.995106757919056690e+04 1.172447344268947112e-10
-4.994995449801914947e+04 1.250295928593042685e-09
-4.994990054481804691e+04 2.926376414463769244e-08
-4.994970936734776478e+04 6.259183990227357912e-10
-4.994893054773951008e+04 4.004322845146658388e-13
-4.994827157999591145e+04 1.128385306602079239e-10
-4.994807000059358688e+04 1.402010050251669246e-11
-4.994719194685794355e+04 3.095487143109490320e-11
-4.994715027290494618e+04 1.839352697038327219e-10
-4.994666448893221241e+04 6.559986210123751981e-15
-4.994628247808894230e+04 7.388816720561936565e-11
-4.994508395437884610e+04 3.225305795862417348e-13
-4.994505104520466557e+04 6.994277695938634974e-15
-4.994444359077788977e+04 9.541531144190613920e-11
-4.994393887817895302e+04 4.334952075349103043e-14
-4.994354594404429372e+04 1.295062609294906388e-12
-4.994343641579830728e+04 1.109899756006932323e-13
-4.994212378293260554e+04 6.695689282313573632e-12
-4.994203116579338530e+04 1.362888671682065779e-12
-4.994167843238716887e+04 4.030758761418071620e-15
-4.994104727461263246e+04 3.611705735186285888e-12
-4.993989391977022024e+04 3.708287371705641754e-15
-4.993976899973350373e+04 4.734454444252048550e-14
-4.993934967859295284e+04 1.293549764590405709e-12
-4.993888269348206086e+04 1.499587713812746666e-11
-4.993867528600151854e+04 5.375119673769641772e-15
-4.993796280671253771e+04 1.608869782008807760e-15
-4.993771745624459436e+04 1.116509638848105206e-14
-4.993725392549440585e+04 6.145409194737250262e-13
-4.993621117049152963e+04 6.995232454426921964e-15
-4.993592755921654316e+04 1.035687672501807566e-13
-4.993518736295395502e+04 1.349482484184996773e-15
-4.993435933300534089e+04 1.507584158512641078e-14
-4.993349919690994284e+04 3.215650784668021675e-17
-4.993337674664700171e+04 1.243940067396179975e-13
-4.993268211690885801e+04 1.822890340529643443e-14
-4.993241085859939631e+04 2.619461363738185251e-16
-4.993181701522952790e+04 3.491649683434433181e-14
-4.993087962040799175e+04 2.507104380752903421e-17
-4.993039856675061310e+04 4.480684809645692636e-18
-4.993031474934328435e+04 8.408015842171544412e-15
-4.992975958107051702e+04 2.008246083290410841e-18
-4.992811638863896951e+04 5.744655473484713153e-15
-4.992797167298689601e+04 8.168510318262654427e-17
-4.992750880261888233e+04 4.060484518254491457e-15
-4.992629608753489447e+04 1.035722310237188755e-15
-4.992569856192991574e+04 1.735770324574534578e-18
-4.992507835418022296e+04 5.332597036023140219e-18
-4.992416526351625362e+04 8.355457059156254952e-18
-4.992392823653099185e+04 9.841586612414113163e-18
-4.992380273428974760e+04 8.329525558961506434e-18
-4.992197948987072596e+04 4.795324098518578227e-17
-4.992195434606728668e+04 1.213107965051388890e-16
-4.992170498584381130e+04 6.315739615290474203e-19
-4.992117084322578739e+04 6.914241528569886672e-17
-4.991996561010656296e+04 4.470583694915651898e-17
-4.991941901518488885e+04 5.363580326069320761e-20
-4.991893660842986719e+04 5.318796686204359589e-21
-4.991780605635474785e+04 7.102441009978649861e-18
-4.991745829395354667e+04 9.473070971883102890e-21
-4.991713701039827720e+04 3.743207274127910972e-19
-4.991556017682517268e+04 2.460754851266692410e-18
-4.991547572921229585e+04 2.938792394152470497e-19
-4.991464636873653217e+04 3.586686640715188856e-22
-4.991354435803527304e+04 2.739033616954967186e-20
-4.991283173717132740e+04 6.641519303370815688e-21
-4.991174410445295507e+04 9.805628836048906631e-20
-4.991097119198992004e+04 3.994429195569193598e-23
-4.990969506017370441e+04 2.700158262382880162e-19
-4.990919979800426518e+04 1.745682002597837241e-21
-4.990869159372347349e+04 4.318556477595813255e-20
-4.990816152711687755e+04 3.282754770056417352e-21
-4.990721276146582386e+04 5.975541827650873671e-21
-4.990703869488324563e+04 5.523490291672999293e-22
-4.990632870003923745e+04 1.848335958301017052e-23
-4.990601725525247457e+04 3.933846499864150024e-23
-4.990465873941478640e+04 2.923874957701807237e-23
-4.990435800052995182e+04 1.752107698590895504e-21
-4.990229126898625691e+04 1.430235006582225688e-22
-4.990154784034415934e+04 7.314296480128491402e-24
-4.990047711203269864e+04 1.198071077746238377e-22
-4.989956409016851103e+04 0.000000000000000000e+00
-4.989923173135828256e+04 2.343192075506788649e-23
-4.989824874808648747e+04 4.461337758914994435e-22
-4.989792180132505018e+04 1.543887471066454762e-24
-4.989685882590953406e+04 0.000000000000000000e+00
-4.989659637859519717e+04 2.516809679689085801e-23
-4.989547887927551346e+04 0.000000000000000000e+00
-4.989391866651357850e+04 0.000000000000000000e+00
-4.989318984941999224e+04 1.074523394444744240e-24
-4.989098029722826323e+04 0.000000000000000000e+00
-4.989039850595581083e+04 0.000000000000000000e+00
-4.988895822642961866e+04 0.000000000000000000e+00
-4.988819852668608655e+04 0.000000000000000000e+00
-4.988777306946627505e+04 0.000000000000000000e+00
-4.988661674563494307e+04 0.000000000000000000e+00
-4.988626501019383431e+04 0.000000000000000000e+00
-4.988541349070447905e+04 0.000000000000000000e+00
-4.988524659257157327e+04 0.000000000000000000e+00
-4.988386792944595072e+04 0.000000000000000000e+00
-4.988262661480689712e+04 0.000000000000000000e+00
-4.988202144103366300e+04 0.000000000000000000e+00
-4.987927730663717375e+04 0.000000000000000000e+00
-4.987822976396763988e+04 0.000000000000000000e+00
-4.987755732351871848e+04 0.000000000000000000e+00
-4.987534356578870938e+04 0.000000000000000000e+00
-4.987476130586802174e+04 0.000000000000000000e+00
-4.987444004576542648e+04 0.000000000000000000e+00
-4.987348332999022387e+04 0.000000000000000000e+00
-4.987153021503171476e+04 0.000000000000000000e+00
-4.987059629921375017e+04 0.000000000000000000e+00
-4.987013012496793817e+04 0.000000000000000000e+00
-4.986723167802935495e+04 0.000000000000000000e+00
-4.986668885170018621e+04 0.000000000000000000e+00
-4.986364772744179209e+04 0.000000000000000000e+00
-4.986265450282752136e+04 0.000000000000000000e+00
-4.985964408885925513e+04 0.000000000000000000e+00
-4.985934187409963488e+04 0.000000000000000000e+00
-4.985642492222586588e+04 0.000000000000000000e+00
-4.985559314043915219e+04 0.000000000000000000e+00
-4.985451617871603958e+04 0.000000000000000000e+00
-4.985247397212724172e+04 0.000000000000000000e+00
-4.985140175157967315e+04 0.000000000000000000e+00
-4.984841918983472715e+04 0.000000000000000000e+00
-4.984789629793180939e+04 0.000000000000000000e+00
-4.984528272420859139e+04 0.000000000000000000e+00
-4.984472649706711672e+04 0.000000000000000000e+00
-4.983318479704037600e+04 0.000000000000000000e+00
-4.983270528584116255e+04 0.000000000000000000e+00
-4.982986737000913854e+04 0.000000000000000000e+00
-4.982939299665998260e+04 0.000000000000000000e+00
4.998995259055539645e+04 1.224734304795398556e-18
4.999184252318386280e+04 5.886094721987898025e-15
4.999353977202291571e+04 3.275065543042982922e-16
4.999503145945110737e+04 8.820447290488088274e-13
4.999548340408562217e+04 3.354180018421959466e-17
4.999550157070267596e+04 2.177997524296236307e-20
4.999588551669166918e+04 4.238248326191190916e-18
4.999590289830183610e+04 7.544716227401004142e-19
4.999630904055424617e+04 1.673459455762065992e-17
4.999735744690067077e+04 6.087734880833196838e-13
4.999811822971906804e+04 5.332148707655510037e-15
4.999841694319256203e+04 1.288672293163311745e-16
4.999857298242591060e+04 3.701036530278020338e-14
4.999875003161907807e+04 8.447974074966642964e-15
4.999896089940919046e+04 1.131216630470431604e-14
4.999923584209654655e+04 1.228825175338305181e-14
4.999984494682049262e+04 1.072312087973336228e-14
5.000006572024872730e+04 6.356230127822147051e-16
5.000022179808724468e+04 1.566049781329039118e-13
5.000082708774600906e+04 7.022428870914434357e-15
5.000120024465007737e+04 4.689306852618284016e-15
5.000196145789059665e+04 3.913921872648863933e-15
5.000218968913524441e+04 7.935885962712402973e-12
5.000240186816608912e+04 4.434203109013367941e-14
5.000326234728551208e+04 1.441038641476224926e-14
5.000375474738559569e+04 1.863934281933430075e-13
5.000425782908124529e+04 7.357608838244276332e-16
5.000482322558361193e+04 1.083865362874866826e-14
5.000531670648202999e+04 3.510243846568045507e-13
5.000634330442862847e+04 5.978624201363264559e-12
5.000646817815995746e+04 9.741212601319690440e-16
5.000706417148975743e+04 5.457872298574719905e-13
5.000831262386248272e+04 2.113237712501198849e-14
5.000846241767306492e+04 6.350261214341577785e-15
5.000910452357650502e+04 2.947415713354506578e-14
5.001007499574380927e+04 5.824110871860654889e-17
5.001019173453444819e+04 3.486860748531706487e-11
5.001063616980751249e+04 1.635775118965803750e-13
5.001138180303829722e+04 2.352747385392406962e-12
5.001202687828907074e+04 2.452442576272423410e-14
5.001222292504881625e+04 2.327802098455864466e-12
5.001323582090921263e+04 2.201977831911981044e-15
5.001351410054895678e+04 5.349608018434950138e-13
5.001429252644525695e+04 1.626327338463966747e-13
5.001436397400744318e+04 1.270728085565212819e-13
5.001531456219132815e+04 4.310094227598213300e-16
5.001624550582355005e+04 3.682272694206429174e-13
5.001645766613272281e+04 1.062130412157947022e-10
5.001649830378653132e+04 8.096533049331440885e-10
5.001757409175680368e+04 8.183618527812011576e-13
5.001848205267343292e+04 8.355921652936391938e-15
5.001861293516387377e+04 2.974264810997024482e-13
5.001956935288123350e+04 2.478517060146427048e-14
5.001965848998242291e+04 2.258673947747474925e-13
5.002007814095342474e+04 1.108651966959427667e-12
5.002062080756262731e+04 1.950073332146732138e-12
5.002096354395138042e+04 3.306955871219702931e-12
5.002167690000266884e+04 9.577472857784192744e-16
5.002224279261977063e+04 1.623376893127334556e-08
5.002275392426358303e+04 1.370007254992706874e-14
5.002297711235889437e+04 3.829565371094041676e-14
5.002327405694911431e+04 2.079414882919850222e-15
5.002419874117281142e+04 1.017486802594502741e-13
5.002443291748675983e+04 2.404319432850001436e-12
5.002477377827456803e+04 8.724184149224769367e-16
5.002506399721927301e+04 7.833198964182759199e-13
5.002616815761270846e+04 2.615948811964884058e-18
5.002665565970647731e+04 9.709314034324643927e-14
5.002686502748455678e+04 1.238051108373375981e-15
5.002737009874396608e+04 3.646795125753678503e-16
5.002782606139481504e+04 1.763359360141792115e-21
5.002816658364074101e+04 4.080617842488954474e-14
5.002891661330535135e+04 4.266039583189551079e-15
5.002901033315117820e+04 2.212823161251507548e-13
5.002949460566262132e+04 2.608292928334258782e-13
5.003010831280527782e+04 6.746050606502206545e-13
5.003064623794751969e+04 2.831521911567405812e-17
5.003121864112659387e+04 1.772940995492721446e-11
5.003139976220551762e+04 7.766431549698497934e-16
5.003198416945074132e+04 1.043753029178018352e-14
5.003208110395257245e+04 8.347802424036508837e-14
5.003231635795394686e+04 4.014928861784513052e-11
5.003303063563589967e+04 1.742283312637336717e-15
5.003355670980500872e+04 5.718621997484468768e-15
5.003360123187316640e+04 1.444952152113037692e-17
5.003396634261036525e+04 7.580744195364072799e-17
5.003465069730984396e+04 5.143911143477490910e-14
5.003534654051240796e+04 6.693465779060370666e-15
5.003555472431812814e+04 4.184883599718727297e-17
5.003594843911008502e+04 3.456591129676781501e-13
5.003597040776091308e+04 6.711707947947654434e-15
5.003707324921607506e+04 6.590358336666659286e-11
5.003710300988457311e+04 5.444495165518283776e-11
5.003786271751365712e+04 4.070077853380938318e-13
5.003826826674905169e+04 1.091763327150499719e-15
5.003851573089835438e+04 3.687381603394846890e-17
5.003887548669969692e+04 4.767877828090058946e-19
5.003960297560469189e+04 2.315965533273912995e-14
5.003970576767196326e+04 1.713426252707248947e-14
5.004027675000030285e+04 7.922163484755151819e-17
5.004029434323325404e+04 9.025142462139833435e-15
5.004083740647528612e+04 2.762722968390698029e-13
5.004184312494492769e+04 6.115967614964083886e-19
5.004215672610701586e+04 2.464480732908785384e-15
5.004234946269245120e+04 2.008051825035138258e-15
5.004325104582152562e+04 8.950424852530275707e-17
5.004335039813258481e+04 3.689187189426904891e-16
5.004364567522107973e+04 5.094499338310017015e-20
5.004480642702656041e+04 6.875597078799258422e-17
5.004499879825763492e+04 1.697656460193165269e-16
5.004506078437606629e+04 2.839632190986296772e-17
5.004573844862062106e+04 3.729718266457617448e-15
5.004669073750870302e+04 8.607774293030201103e-19
5.004700665849054349e+04 5.761673926338625995e-17
5.004709973980112409e+04 3.226843235101043221e-15
5.004751723968231090e+04 1.191260691702945847e-13
5.004807118828993407e+04 5.976989378330555565e-18
5.004811813954423269e+04 4.264839256990686902e-18
5.004852486378596222e+04 2.542509358324587024e-17
5.004918717887813546e+04 4.959256455093321752e-19
5.005021083713700500e+04 8.017108932649060614e-17
5.005031358107193228e+04 8.293987622779293970e-16
5.005057075065999379e+04 2.201224104646435478e-17
5.005131659986855811e+04 3.853469199413306420e-16
5.005205740665097255e+04 1.844087787303770460e-19
5.005222007822732849e+04 2.855590692287787372e-18
5.005293919521888165e+04 5.231170804323944246e-17
5.005310673186521308e+04 8.416630158691829683e-19
5.005367791580013727e+04 5.177410132396982071e-18
5.005394863978787907e+04 2.119305627847582621e-19
5.005521108518055553e+04 8.607311762600048909e-18
5.005526639487723151e+04 1.821648870300080617e-19
5.005570999206113629e+04 5.830254600788070688e-20
5.005631544194112939e+04 1.355543590549330844e-17
5.005680996925000363e+04 5.474479097758983011e-19
5.005690946905365854e+04 4.887381567874533361e-19
5.005815025374010293e+04 9.561541313898117270e-20
5.005830461714284320e+04 2.719046823803946272e-17
5.005851570023137901e+04 9.111307144839952062e-17
5.005919558370580489e+04 1.173028506444636916e-20
5.006038504787111015e+04 3.801536050662163717e-18
5.006050287382541865e+04 6.098727072256972978e-20
5.006097683612938999e+04 2.142298002331875574e-20
5.006133064674346679e+04 5.312203143493748213e-20
5.006158612375860685e+04 8.386534217169145685e-19
5.006229664567690634e+04 1.664165182764898006e-20
5.006263117401244381e+04 9.837271073613551593e-20
5.006309162047192513e+04 1.244233954009040616e-21
5.006400633572801598e+04 2.923727192934673000e-19
5.006434140582148393e+04 3.702187693696137501e-22
5.006516287362826552e+04 1.013918799980767002e-19
5.006593751965523552e+04 7.214625604482322723e-23
5.006676831427015713e+04 7.760435289108480717e-20
5.006685733302016888e+04 3.115847809419239979e-22
5.006767194245477003e+04 3.147798722870339631e-23
5.006789512243141507e+04 2.909887785243994495e-22
5.006850625043199398e+04 1.870873268113478343e-22
5.006942466855047678e+04 6.928083675763694064e-20
5.006991241006813652e+04 3.028283907679631359e-20
5.007001789897101116e+04 2.966976302246219491e-22
5.007056517027111113e+04 2.144368575354096321e-20
5.007220014132223878e+04 2.871941974896395220e-23
5.007234406885723729e+04 2.360153553406422962e-21
5.007283574566214520e+04 1.271654766706984055e-23
5.007400106527465687e+04 1.596638238574282259e-23
5.007466888682990248e+04 1.172555618857480349e-22
5.007523591564009257e+04 4.138497929584614196e-22
5.007614872299780836e+04 2.196389622870174870e-24
5.007639857976030908e+04 1.506049293175021118e-22
5.007649647182882472e+04 6.074211280717804097e-22
5.007833405177907116e+04 8.909534557885097502e-24
5.007836189079164615e+04 8.947005505952190590e-24
5.007858953613425547e+04 8.352579005596716477e-23
5.007923777587815857e+04 0.000000000000000000e+00
5.008031501009432395e+04 0.000000000000000000e+00
5.008095584659773886e+04 6.039896905049617014e-23
5.008139155966241378e+04 4.573018132168072171e-23
5.008254612716729025e+04 0.000000000000000000e+00
5.008283014599230955e+04 7.376148035958589936e-24
5.008324540006869211e+04 0.000000000000000000e+00
5.008477818031885545e+04 0.000000000000000000e+00
5.008488460390831460e+04 0.000000000000000000e+00
5.008575005437620712e+04 0.000000000000000000e+00
5.008684552511283255e+04 0.000000000000000000e+00
5.008751175086966396e+04 2.346339734144167319e-24
5.008861319308368547e+04 0.000000000000000000e+00
5.008941577813965705e+04 0.000000000000000000e+00
5.009066316846602422e+04 0.000000000000000000e+00
5.009116253501649044e+04 0.000000000000000000e+00
5.009172343586564966e+04 0.000000000000000000e+00
5.009228133043270645e+04 0.000000000000000000e+00
5.009323291006283398e+04 0.000000000000000000e+00
5.009334923237097246e+04 0.000000000000000000e+00
5.009408643648614088e+04 0.000000000000000000e+00
5.009433310352785338e+04 0.000000000000000000e+00
5.009580269771430176e+04 0.000000000000000000e+00
5.009601457900805690e+04 0.000000000000000000e+00
5.009811325465262780e+04 0.000000000000000000e+00
5.009883794737546123e+04 0.000000000000000000e+00
5.009988366328122356e+04 0.000000000000000000e+00
5.010084370805727667e+04 0.000000000000000000e+00
5.010122405081767647e+04 0.000000000000000000e+00
5.010216241667408030e+04 0.000000000000000000e+00
5.010243720349374780e+04 0.000000000000000000e+00
5.010359675243200036e+04 0.000000000000000000e+00
5.010396779692739074e+04 0.000000000000000000e+00
5.010494645652659528e+04 0.000000000000000000e+00
5.010663621123560733e+04 0.000000000000000000e+00
5.010725960389814281e+04 0.000000000000000000e+00
5.010952027687696682e+04 0.000000000000000000e+00
5.011006344405914570e+04 0.000000000000000000e+00
5.011147172967842926e+04 0.000000000000000000e+00
5.011230496364599094e+04 0.000000000000000000e+00
5.011271732628202881e+04 0.000000000000000000e+00
5.011392161213808140e+04 0.000000000000000000e+00
5.011416205220328993e+04 0.000000000000000000e+00
5.011521646681359562e+04 0.000000000000000000e+00
5.011530557055597455e+04 0.000000000000000000e+00
5.011665971822287975e+04 0.000000000000000000e+00
5.011802417517854337e+04 0.000000000000000000e+00
5.011859400336693943e+04 0.000000000000000000e+00
5.012133042129977548e+04 0.000000000000000000e+00
5.012234557251119259e+04 0.000000000000000000e+00
5.012304426901504485e+04 0.000000000000000000e+00
5.012520518486844958e+04 0.000000000000000000e+00
5.012582177538547694e+04 0.000000000000000000e+00
5.012627546094997524e+04 0.000000000000000000e+00
5.012704729541957931e+04 0.000000000000000000e+00
5.012914932669809787e+04 0.000000000000000000e+00
5.012991721868728928e+04 0.000000000000000000e+00
5.013071812283542386e+04 0.000000000000000000e+00
5.013354898896582017e+04 0.000000000000000000e+00
5.013394258554105909e+04 0.000000000000000000e+00
5.013695792603711016e+04 0.000000000000000000e+00
5.013805754792004154e+04 0.000000000000000000e+00
5.014103990677723777e+04 0.000000000000000000e+00
5.014157976904916723e+04 0.000000000000000000e+00
5.014444257991146151e+04 0.000000000000000000e+00
5.014481784918843914e+04 0.000000000000000000e+00
5.014611515569576295e+04 0.000000000000000000e+00
5.014790600945319602e+04 0.000000000000000000e+00
5.014917008492276364e+04 0.000000000000000000e+00
5.015237513005372602e+04 0.000000000000000000e+00
5.015283757025682280e+04 0.000000000000000000e+00
5.015543960401595541e+04 0.000000000000000000e+00
5.015595246760255395e+04 0.000000000000000000e+00
5.016712642507425335e+04 0.000000000000000000e+00
5.016764229564162088e+04 0.000000000000000000e+00
5.017042545995589899e+04 0.000000000000000000e+00
5.017092343032507779e+04 0.000000000000000000e+00
