-5.006005687717373075e+04 0.000000000000000000e+00
-5.005880905548292503e+04 0.000000000000000000e+00
-5.005879378114875726e+04 0.000000000000000000e+00
-5.005817526338931930e+04 0.000000000000000000e+00
-5.005672033535331866e+04 0.000000000000000000e+00
-5.005670645820764912e+04 0.000000000000000000e+00
-5.005648676698854251e+04 1.791163514314444009e-24
-5.005500605764440115e+04 1.706506300560718256e-24
-5.005378562027580483e+04 6.167229294864891498e-23
-5.005374750725996273e+04 1.842931684352373850e-24
-5.005370065107305709e+04 1.576801459685870665e-23
-5.005271596961596515e+04 0.000000000000000000e+00
-5.005208480756075733e+04 1.781942002533502045e-24
-5.005201002487924416e+04 3.111763100234853991e-23
-5.005189344302490645e+04 1.951778215435765982e-23
-5.005141044721298385e+04 1.796165962825220976e-22
-5.005103317500675621e+04 1.121950886270783584e-22
-5.005045792117874953e+04 5.664706721701664951e-23
-5.005010936750302790e+04 3.906014523294081089e-22
-5.004994642507044773e+04 1.195191628903234866e-24
-5.004951229478645837e+04 6.325598775354358308e-24
-5.004911082051029371e+04 1.566808784954078770e-22
-5.004841116051690187e+04 1.606317105116333279e-23
-5.004787934184685582e+04 5.283136491187546279e-23
-5.004780273908062372e+04 5.470079908055527669e-23
-5.004707945198930975e+04 7.222433470803298743e-23
-5.004638448381703347e+04 5.523184684432658886e-24
-5.004576697970334499e+04 7.593471934703115424e-24
-5.004552910568908555e+04 3.204234967042231033e-24
-5.004469833374953305e+04 8.124737013863885261e-24
-5.004384318252123194e+04 7.686970705493131577e-24
-5.004371130738564534e+04 1.687844291960824885e-23
-5.004276343603040732e+04 7.465444885018316402e-24
-5.004182529290670209e+04 1.380285272701413513e-22
-5.004176079971836589e+04 5.825330131948243886e-22
-5.004060593569409684e+04 9.071305568177555779e-23
-5.003997424309994676e+04 2.301552766064022524e-22
-5.003993826881421410e+04 8.078990043490450290e-24
-5.003943267142318655e+04 1.792498288068782503e-23
-5.003839019515365362e+04 3.397632508895788276e-21
-5.003780700500642706e+04 1.898085401785614440e-22
-5.003775904939578322e+04 1.100168957533150001e-20
-5.003715917643738794e+04 8.254799115417852674e-22
-5.003610313358428539e+04 5.135661031159340831e-22
-5.003568379698529316e+04 2.482616403609592934e-21
-5.003554041629449057e+04 1.348791945891914346e-21
-5.003453339116615825e+04 2.161640606861105289e-22
-5.003422650622637593e+04 9.456840796761823054e-22
-5.003357168058876414e+04 4.336886828813969771e-24
-5.003287276415374072e+04 1.452029161262317578e-20
-5.003239502221457951e+04 5.385014404706062723e-20
-5.003151073024859943e+04 1.437442163120924059e-20
-5.003133320302954235e+04 1.505187754975428064e-19
-5.003108190580141672e+04 9.541219446781185653e-20
-5.002996491691009578e+04 2.606436642753608276e-21
-5.002993746653103153e+04 2.394795110654026517e-22
-5.002940245991022675e+04 0.000000000000000000e+00
-5.002925844704706105e+04 4.000788894888662718e-20
-5.002825079562340397e+04 9.575329892098482608e-20
-5.002805054899997776e+04 2.651467721178913253e-21
-5.002780187169257260e+04 1.877650175510036075e-23
-5.002735755911118758e+04 2.888668354150569901e-19
-5.002702053798349516e+04 2.259538317964611053e-23
-5.002675774215746787e+04 3.837728773541390670e-21
-5.002594769433770853e+04 9.794367715378954094e-22
-5.002566779760748614e+04 7.045717836278249793e-21
-5.002537481020676205e+04 8.373163117304664775e-21
-5.002519277444282488e+04 5.243299220134967452e-20
-5.002485904001842573e+04 7.429892226048056306e-22
-5.002441587887310016e+04 7.399387997626628162e-20
-5.002426088100163906e+04 2.555589466352234075e-20
-5.002379876411387522e+04 5.031977068141510838e-22
-5.002353585180251685e+04 2.186094752563938235e-20
-5.002343614956844249e+04 1.987271698790007085e-18
-5.002331376508265384e+04 3.002071885791501198e-19
-5.002300662631004525e+04 9.877447267884766673e-19
-5.002261623669766414e+04 5.938254465194146782e-20
-5.002243608567841875e+04 1.902865194299458691e-20
-5.002176718796417117e+04 7.753960735500549807e-20
-5.002153008542578027e+04 9.298743092362413379e-20
-5.002140886467556993e+04 2.281735948898083318e-18
-5.002109831314046460e+04 2.029953531477260928e-19
-5.002060961365287949e+04 4.208533829686370844e-20
-5.001993738335712987e+04 3.398441877433788646e-20
-5.001984313952989760e+04 1.722917993584141688e-20
-5.001965716945665190e+04 5.468949617713119138e-19
-5.001930365133449959e+04 5.229010260650929826e-20
-5.001921932831537561e+04 1.081525929607468379e-20
-5.001869227220192261e+04 1.549044104361365256e-19
-5.001804991996487661e+04 7.112293900486238574e-20
-5.001790131896133244e+04 1.250066467573840308e-19
-5.001780133952717006e+04 2.118597368570628771e-20
-5.001744504037275328e+04 9.526366348776502500e-19
-5.001718032483680872e+04 9.238961767140552808e-18
-5.001666023473799578e+04 1.166979286439266121e-19
-5.001615353055535525e+04 9.789018432356342459e-18
-5.001584585461458482e+04 1.543213019183533408e-17
-5.001566549877695797e+04 5.054505391316063861e-18
-5.001514141591746011e+04 9.285716985742047110e-19
-5.001503465383613366e+04 4.739257642969575773e-19
-5.001420031454200216e+04 1.876474260885664431e-18
-5.001375051631608221e+04 2.157997343154752921e-18
-5.001353024991275743e+04 1.810553358730782322e-20
-5.001331831364902609e+04 1.119108933796362038e-18
-5.001301254554477782e+04 4.175120432289586598e-17
-5.001250912298727781e+04 4.039242306173566649e-19
-5.001233511443826137e+04 7.144840350054256659e-19
-5.001191774742210691e+04 2.274018996498074013e-23
-5.001139617531745171e+04 4.528613669034511950e-18
-5.001099091691417561e+04 2.690351858768995580e-18
-5.001080860562571615e+04 2.659025077546211038e-18
-5.001066698929850827e+04 3.990969585710789535e-19
-5.000993737422772392e+04 6.412578319559541244e-19
-5.000962963700728142e+04 1.351170330974213103e-18
-5.000926436280756025e+04 7.326310969602283568e-18
-5.000921316258562729e+04 8.202580766416797231e-19
-5.000899690356028441e+04 3.154604371656205706e-16
-5.000841972602551687e+04 6.554351941760731026e-17
-5.000791958260141837e+04 8.463560198707049093e-20
-5.000780126676040527e+04 1.054980602667660080e-19
-5.000730136082279205e+04 6.324739911549319462e-19
-5.000713547023077263e+04 6.746419545326276188e-16
-5.000688289905109559e+04 2.914664483582730644e-17
-5.000654563932260498e+04 1.272643021382241884e-18
-5.000566519566772331e+04 4.123475938176472256e-17
-5.000547573543245380e+04 4.445880388782933554e-18
-5.000518886175715306e+04 7.312705357659333417e-19
-5.000506694261672965e+04 8.685863260383144517e-17
-5.000501201114729338e+04 1.071325954325780439e-17
-5.000419183697273547e+04 4.265168266332546846e-18
-5.000393886464799289e+04 6.639965913475953801e-18
-5.000364947533712257e+04 1.621254645454479179e-17
-5.000352922384392878e+04 3.329966158075312515e-17
-5.000321290100085025e+04 1.376867400949972971e-17
-5.000289566207343887e+04 2.606524258112634135e-15
-5.000262487489417254e+04 4.456965078864001565e-17
-5.000224951550968399e+04 1.488141780135982989e-20
-5.000194804058928275e+04 3.372138243087892279e-17
-5.000139351031894330e+04 4.968853036180945006e-15
-5.000113228734782024e+04 7.217117207962399425e-16
-5.000088930141855963e+04 2.230290021053403507e-17
-5.000079050285024277e+04 2.264725304408898713e-16
-5.000025873472940293e+04 5.522273812340264963e-17
-4.999993737331807642e+04 1.629908940234342508e-16
-4.999987968851727783e+04 7.129668528248060261e-21
-4.999932391622597061e+04 8.705023778295882168e-17
-4.999925832272038679e+04 1.916104653605663910e-17
-4.999888663517971872e+04 6.700993917324843085e-17
-4.999875607574662718e+04 2.158940282146254290e-16
-4.999869240721789538e+04 3.310771575809408827e-15
-4.999796877835391206e+04 1.137697977132811710e-17
-4.999780885732436582e+04 1.325578168346641881e-16
-4.999780125780757953e+04 5.589092595936821080e-17
-4.999742576730348810e+04 6.957821403866301683e-17
-4.999712409386486979e+04 8.276592539970635630e-15
-4.999688559048884781e+04 2.008352407689777841e-16
-4.999661261190315417e+04 1.601797811741408294e-16
-4.999648444690401084e+04 3.874843245495667454e-19
-4.999621855718015286e+04 1.123270777374496055e-17
-4.999570625991951238e+04 4.234780869299969865e-18
-4.999566514728700713e+04 1.281637500762452241e-14
-4.999527838959368819e+04 8.792175215224288430e-17
-4.999499160596767615e+04 1.761767560168352063e-15
-4.999483182890327589e+04 1.133006277630036842e-16
-4.999455157059324847e+04 1.565368094210685323e-14
-4.999400663375976728e+04 1.518832424005735717e-16
-4.999393177882157033e+04 1.064554681321083007e-16
-4.999352905412700784e+04 1.985424439790700456e-18
-4.999322063842692296e+04 4.092980798795699825e-17
-4.999286143962538335e+04 7.966578954747994166e-14
-4.999263925502866914e+04 1.415272227951005746e-17
-4.999253331737295957e+04 1.160974326121997871e-15
-4.999232022822721046e+04 1.553319945018790198e-16
-4.999192628381251416e+04 6.505157180452294974e-17
-4.999139300977690436e+04 4.953791407998810281e-16
-4.999116667529681581e+04 2.416051874716163832e-17
-4.999090304751229996e+04 6.609362863453767599e-16
-4.999073509270386421e+04 5.378616514738444349e-16
-4.999064545385447855e+04 2.522293173213234024e-15
-4.999035074166957929e+04 7.349756016696048251e-15
-4.998993737322068773e+04 1.731317159684653658e-15
-4.998971968512306921e+04 3.591396105988028417e-17
-4.998952772887844185e+04 3.061358376978392432e-17
-4.998925708562770160e+04 1.230125947072603043e-14
-4.998903524364231271e+04 1.604743007809722404e-17
-4.998863814879570418e+04 9.868113778798471991e-14
-4.998858500009254203e+04 8.400009378553902855e-14
-4.998842704615561524e+04 2.201748501217267356e-17
-4.998811364482851059e+04 6.294682089386021254e-16
-4.998780125674280862e+04 5.911598701111262927e-16
-4.998726352529099677e+04 4.912516153622081412e-18
-4.998712156780007354e+04 1.138322626107081731e-12
-4.998707414221773797e+04 8.397623801047507370e-15
-4.998649942821254081e+04 2.110764944920860196e-14
-4.998648815491511778e+04 3.609282382566988011e-16
-4.998566514098383777e+04 1.961382487697102631e-13
-4.998561850722231611e+04 6.513974577316823672e-17
-4.998549386155995307e+04 2.034508599391074452e-17
-4.998498614848451689e+04 3.436209825964685883e-16
-4.998464027847143007e+04 2.849489133236041876e-16
-4.998440861108643003e+04 2.264992407605548389e-13
-4.998429385685973102e+04 7.759116187528548921e-15
-4.998411807287183910e+04 4.936881948839664578e-18
-4.998364872263962752e+04 1.110742583738151810e-15
-4.998352902784197067e+04 5.885278620361084342e-14
-4.998285203536675544e+04 9.871896750936093110e-13
-4.998284892616371508e+04 2.478668179973962167e-13
-4.998263128536245495e+04 9.105076294533561840e-16
-4.998232979654446535e+04 5.653704041382802769e-16
-4.998207580255613721e+04 3.388144036884538345e-16
-4.998197504790917446e+04 7.614949096219802237e-17
-4.998139292340918473e+04 9.572760781768430140e-12
-4.998114878623280674e+04 3.263854056372896476e-15
-4.998089318719568837e+04 1.582616958091002386e-16
-4.998071848261549167e+04 2.000207994566723643e-13
-4.998065116807461891e+04 5.712648556686384305e-17
-4.998021465362566232e+04 1.164051892205001105e-13
-4.997993737321083609e+04 7.586688778920005245e-13
-4.997948725862494030e+04 2.986473016667653473e-16
-4.997931493136279460e+04 1.594882079203637830e-15
-4.997925684195569920e+04 5.680950912047407206e-15
-4.997873164330307918e+04 3.007288865554246779e-15
-4.997858775864547351e+04 5.239826678641846418e-12
-4.997817627867989358e+04 2.046507414861799330e-14
-4.997811755662814539e+04 1.764227209143449291e-15
-4.997805615520542779e+04 3.072995631165697430e-15
-4.997780125661613420e+04 1.321346476862486465e-13
-4.997756438419746701e+04 9.841065777280359783e-16
-4.997715041596614901e+04 6.509533968860886841e-17
-4.997712081232302444e+04 2.708155431291872012e-12
-4.997647775660274056e+04 2.938609181467006591e-14
-4.997643322141711542e+04 1.872512664048349407e-15
-4.997627726935478859e+04 9.615001823120574304e-15
-4.997610181576125615e+04 2.418234762736120290e-13
-4.997589983647747431e+04 1.272705756059008789e-14
-4.997566514008733793e+04 3.118772397353278817e-11
-4.997510666377647431e+04 1.176430435932771803e-15
-4.997498489787301514e+04 1.817365464012489214e-12
-4.997489755819315906e+04 2.563414593300642876e-16
-4.997436967540802289e+04 5.763745420049593975e-13
-4.997431119340305304e+04 1.298381112614016026e-12
-4.997408011520409491e+04 1.161984329413224758e-14
-4.997395399194915080e+04 1.475409284940647701e-14
-4.997352902386063943e+04 2.325449058724881188e-13
-4.997339672903539031e+04 1.427751863132857979e-15
-4.997310952260681370e+04 2.024665731223398823e-15
-4.997284918899344484e+04 9.868289713168225564e-11
-4.997254929132462712e+04 1.190418673198423650e-14
-4.997221319603821030e+04 4.178146907378817753e-13
-4.997211646570687299e+04 4.348968120296732876e-14
-4.997203854517856962e+04 1.902226526241168646e-14
-4.997144552896069945e+04 9.261440978134669655e-15
-4.997139290859457105e+04 8.159304089443273557e-12
-4.997089433398550318e+04 4.001699935354242264e-15
-4.997071386977341899e+04 6.764745147162085344e-13
-4.997024908275698544e+04 6.961393279488746645e-15
-4.997023014345780393e+04 2.096655895708104410e-15
-4.997009850616360200e+04 6.027723416984876789e-12
-4.996993737320796936e+04 3.805293044241390293e-12
-4.996975340220450016e+04 3.518621329769461640e-16
-4.996925839839905530e+04 2.719305669140370379e-15
-4.996925679258735181e+04 1.320151441792656339e-11
-4.996869562464731280e+04 4.179622964694183044e-14
-4.996857904841061099e+04 1.696788403575569995e-11
-4.996838372559784329e+04 2.941302146699252832e-15
-4.996810768982587615e+04 1.799535562640641732e-14
-4.996799323938110319e+04 5.163767001667676494e-13
-4.996780125656907330e+04 2.650901053068413703e-12
-4.996747633601649432e+04 5.324203159776785732e-15
-4.996712069041193172e+04 1.451092468693831398e-09
-4.996687878581463883e+04 3.003882690656021606e-17
-4.996656969094793021e+04 2.259349794578439989e-16
-4.996644543130240345e+04 5.399918738486210887e-12
-4.996622851441218518e+04 8.318784801689048010e-15
-4.996589618012721621e+04 1.476582891731841075e-12
-4.996583679450889031e+04 1.197491855045288308e-14
-4.996566513965911872e+04 8.197281854804322918e-10
-4.996521030925519153e+04 1.139638414313385729e-14
-4.996513279183191480e+04 1.962387252263197392e-15
-4.996498459628004639e+04 1.270863916928118928e-11
-4.996436325401989598e+04 1.450570702241069516e-13
-4.996431325788576942e+04 1.340385953847859709e-10
-4.996408519770107523e+04 4.219227753242081828e-14
-4.996381807873912476e+04 8.533037487569792781e-14
-4.996375559498320217e+04 1.919922950865013067e-13
-4.996352902114878816e+04 7.231386701497698044e-11
-4.996327773962458014e+04 2.458349861309709381e-14
-4.996290956976266898e+04 4.010653684653398113e-16
-4.996284851463125233e+04 5.426670755428434776e-11
-4.996243950548979046e+04 3.886313997151273294e-15
-4.996218421695286816e+04 8.709037067780358470e-12
-4.996186022729281103e+04 2.112682994368610739e-14
-4.996180045002005500e+04 2.706348354479152453e-13
-4.996165756193611014e+04 1.531821915538442976e-13
-4.996139289582127822e+04 1.440899077574833555e-08
-4.996104963982365734e+04 1.096105552204116249e-14
-4.996071245720233128e+04 6.454129494447658261e-11
-4.996053748677531257e+04 1.864738682839585771e-14
-4.996020040068255912e+04 4.646967320817008843e-13
-4.996005158203699102e+04 2.684071756927814550e-11
-4.995993737308158597e+04 4.977683825624802293e-09
-4.995974518725079542e+04 8.570853384412264438e-14
-4.995958515754864493e+04 9.278344956933600539e-15
-4.995925674822391011e+04 1.637410877943372856e-10
-4.995887211035197834e+04 4.653135423861973234e-15
-4.995857640376640484e+04 2.878034559126016974e-09
-4.995835981919719779e+04 5.376450224026734956e-15
-4.995793564031825372e+04 1.927440374791954714e-12
-4.995791361518200574e+04 3.879894027335864589e-13
-4.995780125509522622e+04 2.310984093122314080e-10
-4.995759366477100411e+04 4.532753580837204481e-14
-4.995715589964012906e+04 2.925418581149244984e-16
-4.995712054032865854e+04 3.335499555414509814e-10
-4.995644030892998853e+04 1.580769106828283658e-10
-4.995642646731852437e+04 2.628616512327607329e-13
-4.995608273923363595e+04 2.306022592854162688e-14
-4.995581494693364948e+04 2.519967104959779554e-12
-4.995579365687487007e+04 2.158993329316427328e-12
-4.995566513107255741e+04 6.412523842768538772e-08
-4.995547047652964829e+04 6.008375559762105617e-15
-4.995498419104565983e+04 6.644326302850354591e-10
-4.995488288721609570e+04 1.186487316869815002e-14
-4.995462778540704312e+04 1.004881532024526475e-17
-4.995430401952701504e+04 6.365749075345075949e-10
-4.995411989934825397e+04 5.298930128392488867e-14
-4.995369419899327477e+04 4.139048957449257117e-13
-4.995362610378973477e+04 6.757525765428029716e-17
-4.995352898569440003e+04 1.391523028651190425e-09
-4.995349267827254516e+04 2.076969530526972091e-14
-4.995284755316070368e+04 5.789656220603985608e-08
-4.995283957068442396e+04 1.282554108440848544e-10
-4.995250814010374597e+04 7.135530976904877445e-14
-4.995240152849537844e+04 5.815590903367592907e-14
-4.995216720858066401e+04 3.909985673414123100e-11
-4.995180047273180389e+04 7.479405563063528503e-15
-4.995159356397507509e+04 4.485989185997960615e-15
-4.995157161364825151e+04 1.066909837784494849e-12
-4.995139277162180224e+04 7.354410049122777666e-08
-4.995125306416946114e+04 2.026499211610543787e-15
-4.995071027586990385e+04 2.749458232149531712e-09
-4.995067377170471445e+04 4.599813510641319079e-13
-4.995041756400881422e+04 1.144706435036613666e-16
-4.995002983890570613e+04 8.148647347585044044e-11
-4.994993737142885220e+04 1.181065206869322944e-08
-4.994965657485431439e+04 6.269657735078432263e-17
-4.994960728918320092e+04 9.846842469169661606e-15
-4.994946160247811349e+04 9.170800664207291231e-14
-4.994925635266645986e+04 5.931588341119350147e-09
-4.994872416467810399e+04 1.407133604916837131e-13
-4.994857186416567129e+04 1.629247217773021297e-08
-4.994821782682536286e+04 1.460580626701805243e-13
-4.994789032053401752e+04 5.113931481049387747e-12
-4.994780123134065798e+04 8.500757904489969525e-09
-4.994769290397138684e+04 4.619572621715440915e-15
-4.994747057574201608e+04 4.900673476655421475e-14
-4.994735456173018611e+04 5.727954175377335148e-13
-4.994711939993751002e+04 1.055022028558751138e-06
-4.994692962609816459e+04 4.322778526339073909e-14
-4.994643148261064198e+04 7.716639021516723456e-10
-4.994593987223495787e+04 1.550212175672434978e-14
-4.994585341543330287e+04 2.686217195518993023e-13
-4.994574872426895308e+04 2.428071915572904876e-11
-4.994566496214447398e+04 2.295495303846563151e-06
-4.994551545962214004e+04 1.484514848730969610e-14
-4.994524957807510509e+04 4.691532857212785024e-15
-4.994498125230635196e+04 4.400422665774331889e-08
-4.994495455909817974e+04 3.951858315153654597e-14
-4.994428788446025283e+04 1.498022710620487036e-09
-4.994420298566530982e+04 1.091513210172571364e-13
-4.994373692920168105e+04 1.429986324159844264e-14
-4.994359999675032304e+04 6.492834970111483906e-13
-4.994352823095365602e+04 5.287624037668381042e-08
-4.994338728843675926e+04 8.438867695595945978e-15
-4.994318173387707793e+04 5.333108703031156213e-14
-4.994304899789106275e+04 2.890552138952099368e-13
-4.994284076723826001e+04 4.530954476786368701e-07
-4.994220205341155815e+04 2.023194997063502559e-13
-4.994213939019406098e+04 8.517898659243725567e-11
-4.994169398828750127e+04 1.201972271706264824e-13
-4.994153658273128531e+04 3.459285069544254418e-14
-4.994144508079205116e+04 6.594592508451716196e-12
-4.994139034526008618e+04 1.573242121895793499e-05
-4.994110512862027099e+04 3.515154445847092949e-13
-4.994070253357623005e+04 8.964786144563471152e-13
-4.994069620470257360e+04 1.623845421063314414e-08
-4.994027157324513246e+04 1.237719296909165779e-13
-4.993998423268120678e+04 6.478562406875229277e-10
-4.993996616662680754e+04 8.814138344295063855e-12
-4.993993729425226775e+04 3.294988265575419444e-06
-4.993956497745135857e+04 6.072071820355934579e-15
-4.993928995829305495e+04 3.184355563691311009e-11
-4.993925012314544438e+04 6.126690139068023574e-07
-4.993891765347171895e+04 2.493623995035651439e-13
-4.993881385918606247e+04 8.564915655779819854e-13
-4.993854519407340558e+04 3.046334457629753018e-08
-4.993805417269973987e+04 1.993269477691222881e-15
-4.993795506508672406e+04 2.085330461823550932e-17
-4.993781913018121122e+04 6.926129661609316615e-13
-4.993780073270990397e+04 6.831187710313319411e-07
-4.993720966246056923e+04 1.095002267652386799e-11
-4.993712501881239587e+04 1.886048163243526668e-08
-4.993710566512674995e+04 1.355131552205477205e-05
-4.993676747789932415e+04 1.209432953475223965e-12
-4.993638483805203578e+04 1.695016393054727805e-09
-4.993626803468435537e+04 2.312143218762355224e-13
-4.993566315205855790e+04 1.412463928665028752e-04
-4.993565582399265986e+04 4.191684265831573376e-08
-4.993563588061986229e+04 6.622302925911198045e-09
-4.993521836104009708e+04 1.304465457092735474e-15
-4.993504897835279553e+04 2.070507036654022887e-16
-4.993495486221936881e+04 2.884283805116411419e-07
-4.993495063146898610e+04 4.481163936855716296e-08
-4.993449481504828145e+04 4.061916011938147104e-12
-4.993421189199286164e+04 1.889117727540746592e-08
-4.993379903240001295e+04 2.157315553358314951e-14
-4.993352250122667465e+04 6.662392839075860177e-06
-4.993345602708913066e+04 5.023327450591527068e-10
-4.993331698682338174e+04 1.758355615440449851e-12
-4.993293186416353274e+04 2.597812391470049856e-11
-4.993279245423861721e+04 5.479496803348658833e-07
-4.993276189545810485e+04 2.973235330383196012e-09
-4.993248107131849974e+04 4.315939127522500187e-13
-4.993202317458512698e+04 8.526287743125291111e-11
-4.993193390049270238e+04 2.506693562755880357e-13
-4.993148829975142144e+04 8.340290432262139010e-11
-4.993137391237829434e+04 4.431242690392539095e-04
-4.993124502140711411e+04 3.721056020388071809e-08
-4.993091616983691347e+04 1.361088129204136918e-11
-4.993061738203771529e+04 1.593930975325042934e-08
-4.993061069437077094e+04 6.508811573106247402e-09
-4.993053066780633526e+04 3.518538139165950039e-12
-4.992995851298927300e+04 7.730302503581934913e-12
-4.992993499171119038e+04 7.709055316089208373e-06
-4.992981574528330384e+04 2.774889098084371547e-08
-4.992931598651746754e+04 2.188602857918565404e-11
-4.992921027548048005e+04 7.312616173127855591e-06
-4.992906331836608297e+04 2.033400597589918051e-10
-4.992900994503137917e+04 5.842217354764207223e-10
-4.992854864269868267e+04 2.747426288550426577e-11
-4.992841994443881413e+04 2.270612937562877151e-07
-4.992837692754901218e+04 2.816428932241561804e-09
-4.992778582881289185e+04 4.158822642223613977e-05
-4.992758753479694133e+04 2.028738363188327864e-09
-4.992744620088723605e+04 9.973615005647855944e-13
-4.992721568438620307e+04 2.561771890507453999e-12
-4.992702367721751216e+04 1.927089013822423844e-05
-4.992677749878220493e+04 1.214503584171347253e-09
-4.992634721192225697e+04 2.311102093834636404e-11
-4.992620234932735912e+04 2.698938393789371308e-09
-4.992618489362671244e+04 8.404838731060238058e-11
-4.992599628592655063e+04 1.736056872460257191e-11
-4.992561034266230126e+04 1.706879522401638996e-02
-4.992539234445567126e+04 2.081530369379816105e-09
-4.992533604733825632e+04 3.448266632387715102e-07
-4.992518096894766495e+04 9.274618157612385393e-10
-4.992480707957220147e+04 6.785460385036228930e-07
-4.992451958383589226e+04 1.147296934146574243e-09
-4.992402594938565744e+04 1.119466837632507187e-09
-4.992395516761834733e+04 4.861423358659648060e-07
-4.992393708403680648e+04 4.282188341134428294e-09
-4.992368170199771703e+04 3.233071204676950893e-10
-4.992340061419123231e+04 1.291911233302312715e-04
-4.992340058010922803e+04 2.610401370507628243e-06
-4.992315212612397590e+04 6.511697242548392161e-12
-4.992306114340687054e+04 9.709642345504342759e-09
-4.992259556017272553e+04 8.905475891513335923e-12
-4.992255547496049257e+04 1.044278212348064614e-05
-4.992224251945530705e+04 1.777165652642893668e-08
-4.992178384294275747e+04 3.946164893904977233e-12
-4.992168269957802841e+04 6.389678031760900844e-08
-4.992124251586449827e+04 2.077975823128900194e-10
-4.992114817053755542e+04 1.121561678052011325e-04
-4.992100315242448414e+04 4.265519461451465085e-11
-4.992076252983555605e+04 5.236688557428553649e-07
-4.992044758840218128e+04 6.423132087570657324e-09
-4.992026614915355458e+04 1.107629770173119713e-05
-4.991995134457355016e+04 1.225314771335738079e-06
-4.991990109384414973e+04 9.794319669459522482e-01
-4.991978155592505937e+04 9.394008077404647248e-10
-4.991944486352267268e+04 4.180582438990863562e-08
-4.991938167935672391e+04 8.858570830369279730e-06
-4.991928323459225066e+04 4.768463173126253179e-09
-4.991884735456603812e+04 4.875175166533498882e-06
-4.991847629800419963e+04 1.023202146173593704e-10
-4.991843441513425932e+04 2.164335178468155419e-09
-4.991793829142046161e+04 1.746431977041498871e-05
-4.991770163634240453e+04 2.310610986082486766e-03
-4.991764205589849735e+04 2.503348032175565410e-09
-4.991747951131175796e+04 2.057695046421133247e-10
-4.991725181581883226e+04 6.737231879015417575e-11
-4.991709660674016050e+04 2.078645676638180662e-09
-4.991705213532060588e+04 1.730659026819697422e-07
-4.991655592230084585e+04 6.566292382291473032e-09
-4.991649604671621637e+04 9.462416164595291034e-05
-4.991609217220811115e+04 3.420423045445301393e-09
-4.991557243277557427e+04 2.801066490012530318e-07
-4.991537677514096868e+04 4.885938982474037166e-06
-4.991531918455634877e+04 1.309699079350371118e-11
-4.991520020593851223e+04 5.439127144078061442e-11
-4.991469514440151397e+04 1.551975105052714009e-09
-4.991434123664346407e+04 5.938612429624540282e-12
-4.991409518903106800e+04 1.457421863152254614e-06
-4.991382321276186121e+04 4.181958194177254187e-12
-4.991372398494025401e+04 2.185519246149167421e-12
-4.991362388196530082e+04 4.404744037156500708e-12
-4.991317027074239741e+04 8.115698010567650247e-08
-4.991302260851316532e+04 7.246780573750522797e-11
-4.991298212092488393e+04 8.655014943349579548e-10
-4.991295088732131990e+04 1.628814909757661394e-06
-4.991266250623908127e+04 4.652543927744217129e-11
-4.991231032014529046e+04 6.903627568419382764e-12
-4.991164785538261640e+04 7.102037318163159078e-07
-4.991147353801493591e+04 3.572682410502078051e-11
-4.991134062270719005e+04 2.690922974934797246e-09
-4.991131706689394923e+04 1.686764531001059552e-09
-4.991104803730506683e+04 1.071218366662677988e-10
-4.991080332948503201e+04 4.891208341435202985e-10
-4.991073450192292512e+04 9.686030169635096255e-08
-4.991065150932187680e+04 8.158163932020131820e-10
-4.991044481880929379e+04 7.714220732340299391e-05
-4.991017469525702472e+04 7.149323636792441492e-11
-4.990989914208346454e+04 1.352833141017130748e-07
-4.990919476122397464e+04 6.635523295299029049e-12
-4.990915845140183228e+04 7.001899950073485867e-10
-4.990892149055216578e+04 6.807442829069925449e-13
-4.990849671584661701e+04 9.553403569182324204e-10
-4.990832256661612337e+04 1.200594564623244723e-08
-4.990825394041406980e+04 8.816359260788084123e-08
-4.990814233716041053e+04 3.484808093613417821e-11
-4.990787553369742091e+04 6.759488259741652213e-07
-4.990751132352010609e+04 3.419931441754112281e-10
-4.990746023215942114e+04 4.258393694632896245e-09
-4.990709997533859860e+04 6.956126236776029824e-14
-4.990663355200801016e+04 1.263039704664650552e-07
-4.990648314536186081e+04 5.770038184373465013e-09
-4.990605002679364407e+04 3.997818855409001725e-11
-4.990575857239788456e+04 1.296026596663263085e-09
-4.990565998097824195e+04 1.098154686274860291e-11
-4.990525822849618271e+04 2.114126636572381858e-08
-4.990507219928199629e+04 5.301186746868081766e-11
-4.990499746096416493e+04 3.745552660347655136e-10
-4.990470205494838592e+04 8.978746967699138827e-14
-4.990420547533015633e+04 5.882085445511594636e-12
-4.990408879384468310e+04 2.366451045262341400e-09
-4.990400817968977935e+04 9.442533658074396565e-10
-4.990323774973062973e+04 5.362177335599829612e-10
-4.990301545892206195e+04 4.184119296481215828e-12
-4.990262032195512438e+04 1.198994785226053084e-10
-4.990249776297684002e+04 4.949625773702506149e-11
-4.990196627493239066e+04 1.151329597933178646e-12
-4.990159701191836211e+04 3.293730952443563444e-10
-4.990157345755656570e+04 3.035477051214547335e-12
-4.990145280988590093e+04 1.637003265025178550e-09
-4.990118794469792920e+04 3.828284921479869125e-13
-4.990068699188092432e+04 1.878710391704898327e-11
-4.990047068867011694e+04 7.421205984904293249e-12
-4.990041672939467389e+04 5.549572746097784621e-14
-4.990005027468416665e+04 4.172638168313480983e-09
-4.989986295509186311e+04 2.558700612801592216e-08
-4.989971332103192981e+04 1.757274877901831611e-12
-4.989907759391379659e+04 5.055941357195175966e-14
-4.989888415563813032e+04 6.787515570165027953e-14
-4.989883438334464881e+04 4.254699577201716686e-12
-4.989852115006449458e+04 5.381994574485416502e-13
-4.989812403826839000e+04 2.779790599483588102e-10
-4.989801899152318219e+04 4.858910944745871863e-11
-4.989784596711352060e+04 2.516469903667765307e-12
-4.989752452806927613e+04 2.095884653017082891e-11
-4.989730427369855897e+04 3.442347398117836831e-12
-4.989714864731688431e+04 4.304445278919709796e-10
-4.989660186450518086e+04 1.276957633584134142e-12
-4.989619279059414112e+04 1.370175036924496107e-10
-4.989583633038309927e+04 5.147353322131286517e-13
-4.989553103935505351e+04 6.264359199090954073e-12
-4.989536767922960280e+04 1.114697685520676917e-12
-4.989508989839631249e+04 4.395585154306807121e-14
-4.989498317034191859e+04 4.045983394772875705e-12
-4.989443354928784538e+04 2.295221804784614912e-11
-4.989439284541195229e+04 4.601899607351993100e-11
-4.989398626278334996e+04 1.113670957778850942e-13
-4.989352698448106821e+04 4.965465451200511743e-12
-4.989310684627400769e+04 1.218872290958952811e-13
-4.989291961858230934e+04 4.016501598528179336e-12
-4.989253114760782773e+04 6.391784948944172745e-14
-4.989241140450045350e+04 7.803059805959507399e-14
-4.989216532300345716e+04 7.021908605437169755e-16
-4.989183464785148681e+04 5.116525290316516975e-17
-4.989164157738123322e+04 8.510037074882280126e-14
-4.989085807591368939e+04 4.683397107486807643e-12
-4.989055135551492276e+04 1.499831584211906921e-13
-4.989030887201997393e+04 2.121817427337584093e-14
-4.988985513353857095e+04 2.725898924688491387e-14
-4.988977428820197383e+04 3.516141632488231931e-14
-4.988887775232332933e+04 1.408969652373772728e-11
-4.988863947085307154e+04 8.070786468462974352e-13
-4.988841211495675088e+04 1.443400721000453333e-16
-4.988815821194053569e+04 8.756065933088095026e-14
-4.988805790158046148e+04 1.118412618478247742e-13
-4.988784458002186147e+04 3.629559150704414519e-14
-4.988760004584983108e+04 6.051464668566817071e-13
-4.988737107239883335e+04 2.186724781675256945e-13
-4.988717170727488701e+04 3.242664920006818145e-15
-4.988610234546019637e+04 2.858273785862538687e-13
-4.988588122995365120e+04 4.390723671486850844e-14
-4.988561992329686473e+04 5.635958488069040134e-15
-4.988543566823783476e+04 9.730457170272450456e-14
-4.988532898609274707e+04 1.177956600122117617e-14
-4.988512013224970724e+04 4.643135948163128595e-15
-4.988490670721202332e+04 2.728529653322751325e-14
-4.988470148521196097e+04 4.294531691523387913e-15
-4.988444115833484102e+04 6.242908445612970752e-15
-4.988330602004173852e+04 1.029282023198414752e-13
-4.988276266327622579e+04 1.970322649526414803e-15
-4.988269392079511454e+04 4.813692691293073816e-15
-4.988249351810748340e+04 9.510782081976730731e-15
-4.988223530794431281e+04 1.562516797930801852e-14
-4.988192297112625965e+04 1.086554508112741646e-15
-4.988191102851297182e+04 3.274872717377643540e-15
-4.988129399791540345e+04 2.202628127667486215e-16
-4.988052442496170988e+04 5.910675778470537350e-16
-4.988026490935590118e+04 1.496676689595279744e-15
-4.987990651430726575e+04 6.837248762285480563e-15
-4.987965872998590930e+04 1.892461477006474524e-17
-4.987961738604994753e+04 1.895601649888481866e-15
-4.987918983524621581e+04 2.298582312920385083e-17
-4.987881714795622975e+04 1.216472267950700397e-19
-4.987811476328490971e+04 2.863993115064116497e-17
-4.987773741566913668e+04 6.429507332434222324e-15
-4.987743922555501922e+04 1.300176777661758248e-17
-4.987701065786284744e+04 6.713014142238524007e-16
-4.987678296362051333e+04 2.363616026046030214e-15
-4.987547694455645978e+04 7.767768235958696593e-18
-4.987526124815861112e+04 1.438159346828440456e-18
-4.987500502829279867e+04 6.963247985973017145e-17
-4.987474128434534941e+04 1.427653344567488693e-16
-4.987443796954731079e+04 3.909705133437410576e-18
-4.987437129385057051e+04 2.181263780569233984e-17
-4.987425726388317707e+04 3.506039663768005832e-17
-4.987395821942236944e+04 1.040918369730706044e-16
-4.987264698112840415e+04 1.307741878816131676e-19
-4.987229916503863933e+04 1.113816279911710295e-17
-4.987204087063930638e+04 9.000454555115385861e-17
-4.987185516958583321e+04 1.535030445474080886e-17
-4.987151103256289935e+04 1.755955020337912032e-18
-4.987148334014343709e+04 9.437805636103094858e-19
-4.987142154946087248e+04 3.708636247280582367e-19
-4.987098902271850966e+04 7.778520643344740027e-17
-4.986931566334517265e+04 4.066409562573533390e-19
-4.986911909850174561e+04 5.650382852106483968e-20
-4.986889536572623183e+04 1.917000233532514891e-17
-4.986831085042596533e+04 3.729852612965765982e-19
-4.986824684935561527e+04 1.881883233470722496e-18
-4.986806059548971098e+04 4.810589185990131806e-19
-4.986710175562447694e+04 3.463686047406577713e-19
-4.986683551899678423e+04 2.626545296088805312e-19
-4.986607553589006420e+04 7.017666619816039610e-19
-4.986574517024184752e+04 4.180604466198185394e-18
-4.986539492220364627e+04 7.613773889236895903e-20
-4.986522643914238142e+04 3.182018631910713382e-21
-4.986458734100997390e+04 1.187462705406996182e-19
-4.986439586746536224e+04 1.469675920885145096e-20
-4.986374203011947975e+04 6.860351738607283114e-21
-4.986318684033013415e+04 1.910382386702976822e-20
-4.986285539747770235e+04 2.095774437868366997e-19
-4.986188188045840070e+04 1.796934811624299849e-22
-4.986151758999098820e+04 2.617804430543805805e-20
-4.986102720595014398e+04 2.021321842764346008e-21
-4.986033377706375904e+04 1.040863126512456774e-21
-4.985995017374050803e+04 2.227220950632095620e-19
-4.985968491466418345e+04 2.127137143210386129e-22
-4.985956446146911185e+04 1.418022776520295463e-21
-4.985877272093754436e+04 2.730936523173831119e-21
-4.985819556072825799e+04 2.264995549455989709e-21
-4.985757793465589930e+04 1.848056814288638927e-21
-4.985738172378241870e+04 3.022117658380140181e-20
-4.985702607919852016e+04 3.941817182006743039e-21
-4.985661714912561729e+04 3.565604428923599397e-24
-4.985648233297673869e+04 1.383756003290042871e-23
-4.985491342957947927e+04 2.033743113263330155e-21
-4.985463035291870619e+04 4.304890259604225800e-22
-4.985455004879850458e+04 1.537357548036994894e-21
-4.985397862422498292e+04 4.667767531133069593e-22
-4.985313280929655593e+04 8.476889099777752155e-23
-4.985213947249298508e+04 5.600685739973815835e-24
-4.985188264761985920e+04 1.308898155990584782e-22
-4.985107873323939566e+04 6.647397770367041915e-23
-4.985094006601572619e+04 7.067296721660114225e-24
-4.985015367395953217e+04 1.223092731560309855e-23
-4.984993451620728592e+04 0.000000000000000000e+00
-4.984910975097490882e+04 1.293044447141436896e-23
-4.984838930947180052e+04 2.381024424473525334e-22
-4.984768877166377206e+04 6.102528797115221382e-24
-4.984700748263209243e+04 3.209896193195475877e-24
-4.984640296064184076e+04 7.323524078181337755e-23
-4.984592902935514576e+04 2.097680438933685149e-24
-4.984527886294112250e+04 9.740085336146057526e-24
-4.984383712002862012e+04 0.000000000000000000e+00
-4.984349196788194968e+04 1.152145370044147617e-24
-4.984332124998871586e+04 0.000000000000000000e+00
-4.984300085190724349e+04 0.000000000000000000e+00
-4.984269125710376829e+04 0.000000000000000000e+00
-4.984191022583740414e+04 0.000000000000000000e+00
-4.984064034731654101e+04 0.000000000000000000e+00
-4.984014554198138649e+04 0.000000000000000000e+00
-4.983974141815569601e+04 0.000000000000000000e+00
-4.983894193489575264e+04 0.000000000000000000e+00
-4.983873117383567296e+04 0.000000000000000000e+00
-4.983777596707822522e+04 0.000000000000000000e+00
-4.983610276251184405e+04 0.000000000000000000e+00
-4.983576094677335641e+04 0.000000000000000000e+00
-4.983536375204254000e+04 0.000000000000000000e+00
-4.983465245030727237e+04 0.000000000000000000e+00
-4.983287453021743568e+04 0.000000000000000000e+00
-4.983243633891029458e+04 0.000000000000000000e+00
-4.983198475947712723e+04 0.000000000000000000e+00
-4.983107278325938387e+04 0.000000000000000000e+00
-4.982889522435390973e+04 0.000000000000000000e+00
-4.982816363875988463e+04 0.000000000000000000e+00
-4.982759677892802574e+04 0.000000000000000000e+00
-4.982646163049234019e+04 0.000000000000000000e+00
-4.982575529834332701e+04 0.000000000000000000e+00
-4.982473809407422232e+04 0.000000000000000000e+00
-4.982457907499407156e+04 0.000000000000000000e+00
-4.982331165876273008e+04 0.000000000000000000e+00
-4.982263573913573055e+04 0.000000000000000000e+00
-4.982233169937098864e+04 0.000000000000000000e+00
-4.982133767519102548e+04 0.000000000000000000e+00
-4.981956954040272103e+04 0.000000000000000000e+00
-4.981894241065985989e+04 0.000000000000000000e+00
-4.981726955840417941e+04 0.000000000000000000e+00
-4.981571910097364162e+04 0.000000000000000000e+00
-4.981515985980021651e+04 0.000000000000000000e+00
-4.981379788161558099e+04 0.000000000000000000e+00
-4.981188759549446695e+04 0.000000000000000000e+00
-4.981072787477403472e+04 0.000000000000000000e+00
-4.980787142363697058e+04 0.000000000000000000e+00
-4.980701651534883422e+04 0.000000000000000000e+00
-4.980533512772132235e+04 0.000000000000000000e+00
-4.980438835365571140e+04 0.000000000000000000e+00
-4.980387651669891784e+04 0.000000000000000000e+00
-4.980172613479068968e+04 0.000000000000000000e+00
-4.980073589178254770e+04 0.000000000000000000e+00
-4.979827092113793333e+04 0.000000000000000000e+00
-4.979755825013421418e+04 0.000000000000000000e+00
-4.979455042779717769e+04 0.000000000000000000e+00
-4.979382477612570801e+04 0.000000000000000000e+00
-4.978334607244767540e+04 0.000000000000000000e+00
-4.978290693637747609e+04 0.000000000000000000e+00
-4.977958813260530587e+04 0.000000000000000000e+00
-4.977914258628727111e+04 0.000000000000000000e+00
4.993994672991945117e+04 0.000000000000000000e+00
4.994133646292029152e+04 0.000000000000000000e+00
4.994135290901243570e+04 0.000000000000000000e+00
4.994183522465636634e+04 0.000000000000000000e+00
4.994342355978789419e+04 0.000000000000000000e+00
4.994343840162457491e+04 0.000000000000000000e+00
4.994352998872834723e+04 0.000000000000000000e+00
4.994501697309630981e+04 0.000000000000000000e+00
4.994626948652029387e+04 0.000000000000000000e+00
4.994637175745957211e+04 0.000000000000000000e+00
4.994639816468099161e+04 0.000000000000000000e+00
4.994732430441632459e+04 0.000000000000000000e+00
4.994800513566537848e+04 0.000000000000000000e+00
4.994810676568242343e+04 0.000000000000000000e+00
4.994818684925031994e+04 0.000000000000000000e+00
4.994866100835894031e+04 0.000000000000000000e+00
4.994904371943368460e+04 0.000000000000000000e+00
4.994961742512939236e+04 0.000000000000000000e+00
4.994997039969488105e+04 0.000000000000000000e+00
4.995006163964844745e+04 0.000000000000000000e+00
4.995057171746484528e+04 0.000000000000000000e+00
4.995097335132976150e+04 0.000000000000000000e+00
4.995167331622347410e+04 0.000000000000000000e+00
4.995216412442281580e+04 0.000000000000000000e+00
4.995226041285403335e+04 0.000000000000000000e+00
4.995300565350697434e+04 0.000000000000000000e+00
4.995370091263591166e+04 0.000000000000000000e+00
4.995427145050614490e+04 0.000000000000000000e+00
4.995455513718875591e+04 0.000000000000000000e+00
4.995538801262890047e+04 0.000000000000000000e+00
4.995623662013588182e+04 0.000000000000000000e+00
4.995634377009641321e+04 0.000000000000000000e+00
4.995732551487912860e+04 0.000000000000000000e+00
4.995825382951344363e+04 0.000000000000000000e+00
4.995830723093952111e+04 0.000000000000000000e+00
4.995948063539851137e+04 0.000000000000000000e+00
4.996006970844970056e+04 0.000000000000000000e+00
4.996010149082275166e+04 0.000000000000000000e+00
4.996064867860792583e+04 0.000000000000000000e+00
4.996169681208863767e+04 0.000000000000000000e+00
4.996221686310238147e+04 0.000000000000000000e+00
4.996232107064004958e+04 0.000000000000000000e+00
4.996293208465787029e+04 0.000000000000000000e+00
4.996398060731095029e+04 0.000000000000000000e+00
4.996435538448191801e+04 0.000000000000000000e+00
4.996455225651209184e+04 0.000000000000000000e+00
4.996555807845875097e+04 0.000000000000000000e+00
4.996586714224804746e+04 0.000000000000000000e+00
4.996648167861650290e+04 0.000000000000000000e+00
4.996722689067013562e+04 1.834996477784421580e-24
4.996770406121352426e+04 0.000000000000000000e+00
4.996856169603828312e+04 0.000000000000000000e+00
4.996876433800990344e+04 0.000000000000000000e+00
4.996901895793556469e+04 0.000000000000000000e+00
4.997007057356092264e+04 0.000000000000000000e+00
4.997014754199016170e+04 0.000000000000000000e+00
4.997068351212858397e+04 3.426948066011713971e-24
4.997085625017251004e+04 0.000000000000000000e+00
4.997185889047423552e+04 0.000000000000000000e+00
4.997207570807316370e+04 1.486608191099547821e-24
4.997222206504888163e+04 0.000000000000000000e+00
4.997273534770881088e+04 0.000000000000000000e+00
4.997310145965852280e+04 0.000000000000000000e+00
4.997337945764789038e+04 0.000000000000000000e+00
4.997421617664474616e+04 1.010442806888654396e-24
4.997437190613280109e+04 0.000000000000000000e+00
4.997475356948997069e+04 3.615461875325080306e-24
4.997498420602349506e+04 1.266346272208476922e-24
4.997534652220843418e+04 0.000000000000000000e+00
4.997576507198104810e+04 0.000000000000000000e+00
4.997592071775465593e+04 0.000000000000000000e+00
4.997640885343607079e+04 0.000000000000000000e+00
4.997652058221827610e+04 6.179632728072960239e-24
4.997670626815384458e+04 1.118657599874209692e-24
4.997684210807473573e+04 0.000000000000000000e+00
4.997716661040834879e+04 0.000000000000000000e+00
4.997759570989837812e+04 0.000000000000000000e+00
4.997777941182858922e+04 0.000000000000000000e+00
4.997844434353035467e+04 0.000000000000000000e+00
4.997862226429441944e+04 2.741382160208993391e-23
4.997866412360596587e+04 3.782990969193808032e-24
4.997908401893242262e+04 1.328774418093203599e-23
4.997959987107362394e+04 0.000000000000000000e+00
4.998007066435443994e+04 0.000000000000000000e+00
4.998033963358376059e+04 2.225754985839047632e-24
4.998049814677665563e+04 0.000000000000000000e+00
4.998078860439189157e+04 0.000000000000000000e+00
4.998094359986983181e+04 0.000000000000000000e+00
4.998149980318851158e+04 0.000000000000000000e+00
4.998208780534253310e+04 4.473829415050871054e-23
4.998222261623405211e+04 1.060914972896799793e-24
4.998227284088124725e+04 3.583943285815723925e-23
4.998272668055567920e+04 4.307999827634437155e-23
4.998292098204369540e+04 1.308346741823443657e-23
4.998350962778489338e+04 1.137192532701101550e-23
4.998403789786306879e+04 0.000000000000000000e+00
4.998431463245728082e+04 1.966118213547242743e-23
4.998437439204650582e+04 0.000000000000000000e+00
4.998499943215478561e+04 5.266758009365351984e-22
4.998514798467489891e+04 1.290687004996924386e-22
4.998595561732922943e+04 6.233638675488631040e-23
4.998646045024993509e+04 1.564471005502337362e-23
4.998652543657621572e+04 1.046278525603914551e-22
4.998681755541892198e+04 2.283368328810302000e-24
4.998711354262171517e+04 2.514800614278923614e-24
4.998769514192420320e+04 1.535622044434351599e-23
4.998781995923371869e+04 0.000000000000000000e+00
4.998821814954242291e+04 3.749808700855717974e-24
4.998867524237977341e+04 2.858987721493523531e-23
4.998915020629354694e+04 6.624534660767130167e-22
4.998939464412082452e+04 2.869111048775374623e-23
4.998949012502651021e+04 2.472803244395272071e-22
4.999007067413293407e+04 0.000000000000000000e+00
4.999056445638058358e+04 3.939071738968829567e-23
4.999082287897861534e+04 3.869878909009792273e-21
4.999097715862411860e+04 1.152107892196273045e-23
4.999115601149303984e+04 1.614389766405767054e-22
4.999177277705906454e+04 2.648554166823417159e-24
4.999222269689615496e+04 4.327742560702015737e-22
4.999227408127928356e+04 1.211295820811602938e-23
4.999288778120520146e+04 8.877834302492167221e-22
4.999296679864487669e+04 7.795615839084357746e-24
4.999328941833665158e+04 1.942398425616488497e-21
4.999365214460669085e+04 4.185838625721949658e-22
4.999437468063243432e+04 4.881931955189591830e-23
4.999472332764338353e+04 4.041679657928805944e-23
4.999501083324458887e+04 2.191736439421977250e-22
4.999510501752559503e+04 1.241748793837920869e-21
4.999510822589076270e+04 1.852856203907680833e-24
4.999599357170287840e+04 1.568872090439554390e-23
4.999624066506736563e+04 1.780189337579828826e-23
4.999652654600038659e+04 9.136225510493576069e-21
4.999657295134331071e+04 1.800803322841421629e-22
4.999696645333606284e+04 2.410251117463664795e-21
4.999723577511984331e+04 1.226076626313530204e-21
4.999755942044645781e+04 1.274210140128146903e-23
4.999796331594806543e+04 9.052480418430938125e-22
4.999828666564812011e+04 3.444124856538253136e-23
4.999867814077527146e+04 1.437769895706431057e-22
4.999905151982243842e+04 8.433957789867633024e-22
4.999935339076245873e+04 4.143664657920226724e-20
4.999935865687221667e+04 1.650035811144219469e-20
4.999995500635734788e+04 3.540018064553266692e-22
5.000007067515424569e+04 6.573704625337252454e-24
5.000039065725709224e+04 6.026639851685122453e-24
5.000082901964569464e+04 5.178221889261499827e-21
5.000085888768722361e+04 4.422819339322116743e-21
5.000134230585943442e+04 8.301610087463571832e-22
5.000146343095734483e+04 2.637377765319416738e-23
5.000152529738346493e+04 5.194761134163355685e-22
5.000222270729007869e+04 1.353649262676928278e-21
5.000228290609195392e+04 5.659766105342582517e-22
5.000243979342702369e+04 0.000000000000000000e+00
5.000284540698325145e+04 1.096548847918442853e-22
5.000297917690109171e+04 6.940438235414957435e-21
5.000337122913217900e+04 1.911459640912346258e-21
5.000356301355079631e+04 3.546157928822833403e-20
5.000380875447292055e+04 7.671465321701439075e-22
5.000400985822221992e+04 1.226552014534377607e-21
5.000437473376272101e+04 1.475394942133556133e-21
5.000457839598506689e+04 3.709464619510536003e-23
5.000498902506050217e+04 3.639010538065538861e-23
5.000512720366036956e+04 6.568676958154581323e-19
5.000545850610385241e+04 3.372269257729639306e-22
5.000563080988520232e+04 7.436966552749261730e-21
5.000627968471735221e+04 8.848670986208546987e-23
5.000631231867823226e+04 7.477077530783910523e-22
5.000652674072917580e+04 2.723193779895459557e-19
5.000707320158019138e+04 2.357579803564944997e-22
5.000727327535983204e+04 1.980893717683370097e-21
5.000762327527495654e+04 2.245676890859501543e-21
5.000766377809319238e+04 1.145397303356795307e-19
5.000791017808802280e+04 9.266346938394138475e-21
5.000834841981763020e+04 4.820947485197893982e-21
5.000867869215019891e+04 2.794168621926804887e-20
5.000909012790697307e+04 4.745715159403889219e-23
5.000930386641779478e+04 2.005019797783687234e-23
5.000941454569638154e+04 1.594321190326829004e-19
5.000958767181931762e+04 1.421723777882353012e-21
5.000987845528756588e+04 2.949890608550808124e-21
5.001007067526225728e+04 2.828520187510632146e-21
5.001050782612145122e+04 3.930364038972609533e-22
5.001069083951957873e+04 0.000000000000000000e+00
5.001083050798391923e+04 4.466364829410490668e-18
5.001122019821320282e+04 4.138082477630081347e-21
5.001154247053849394e+04 6.644123816646118227e-20
5.001164874255187169e+04 1.312165692563822446e-20
5.001179307219503971e+04 8.975140023467439560e-22
5.001214610467856983e+04 1.672649331294051244e-21
5.001222270850637142e+04 1.247724511802654419e-18
5.001298201253943989e+04 4.198670506293367132e-20
5.001302224436142569e+04 1.283592164942754561e-20
5.001318126048056001e+04 4.387807095275979019e-21
5.001367883383184380e+04 2.428221841933194774e-18
5.001374236137712433e+04 1.949258955814845673e-20
5.001437474095285870e+04 5.788616038842361719e-20
5.001467264933972183e+04 3.175925492782947373e-23
5.001476849269819650e+04 7.308121353244372793e-24
5.001513313393729186e+04 5.084944393613471429e-21
5.001559742903606093e+04 6.910334129441133426e-20
5.001578689691282489e+04 3.642650135572487464e-20
5.001599988107992249e+04 6.113865269875714666e-23
5.001613902384389803e+04 6.013330662964796580e-21
5.001652677028628386e+04 1.247805686269470043e-17
5.001667741480174300e+04 1.173390392912436651e-22
5.001728336933116225e+04 5.820100068179409684e-19
5.001739717900412506e+04 1.487820702807866994e-20
5.001763784546796524e+04 6.784835478082889902e-22
5.001788280808873242e+04 1.097264135851733128e-19
5.001820118979687686e+04 3.524256985222573500e-22
5.001834586986021168e+04 4.179303077916494436e-20
5.001867878961512179e+04 4.846929982685713177e-19
5.001910923549831205e+04 3.230346595651793116e-21
5.001935769169343257e+04 5.767947024716119817e-24
5.001943216783156095e+04 3.812462962803108180e-17
5.001963230147214199e+04 3.996194468324452142e-21
5.002000293923482241e+04 6.670843746346060412e-20
5.002007067527360050e+04 8.182989434189143530e-21
5.002079611962001945e+04 1.338561548607075187e-20
5.002083078336118342e+04 2.434440990771204649e-17
5.002095133470056317e+04 5.396437096544045753e-22
5.002156455439612910e+04 4.621776827931188740e-20
5.002158002873526129e+04 6.272945959574075105e-19
5.002206522353180480e+04 1.348834849325948701e-18
5.002218074954085023e+04 9.846563066999093376e-20
5.002222270865261817e+04 1.108226831005692023e-18
5.002223149642999488e+04 7.440478586034741358e-20
5.002270790021409630e+04 1.796230872705031974e-21
5.002298271626479254e+04 3.449177822054205516e-18
5.002313700587841595e+04 6.591000658399063973e-22
5.002371821374849242e+04 3.918228675297457935e-19
5.002385719589452492e+04 2.455571807757292616e-20
5.002399713488516863e+04 3.947875496032507329e-23
5.002414373320870800e+04 1.803086253760670892e-19
5.002436366333273327e+04 2.703007167579433406e-21
5.002437474195461255e+04 3.236814399350446043e-18
5.002513451777205773e+04 4.523129800714567005e-16
5.002518309257068904e+04 2.745690119653186010e-24
5.002541510184311483e+04 5.960660661068188557e-22
5.002585406181748840e+04 8.861708606543238095e-19
5.002595486937987880e+04 1.178065989495235620e-20
5.002618003924741788e+04 5.302309914663783879e-19
5.002640433064968238e+04 1.711253542836080409e-23
5.002652677486028551e+04 5.882456885692693346e-16
5.002690671714635391e+04 2.330271400847949030e-20
5.002721985680060607e+04 2.626853464721057895e-20
5.002728609245882399e+04 9.532643839297419212e-18
5.002779810495511629e+04 1.495798576438905979e-19
5.002799861118873378e+04 3.119114415267808448e-17
5.002817426241344947e+04 2.666080942566804267e-19
5.002829171825951198e+04 2.729763525908362229e-20
5.002867880648226128e+04 1.480411951021694297e-17
5.002887466370067705e+04 8.153611360949850459e-21
5.002943363260915794e+04 4.327654493047001539e-20
5.002943720839708840e+04 8.816418411535469232e-18
5.003005167662606982e+04 1.563358173307890701e-19
5.003007067527675099e+04 7.736221726445800006e-18
5.003011464005324524e+04 1.276409357835435083e-19
5.003012682745124039e+04 2.113655566301974063e-18
5.003057664466905408e+04 2.336106985781662044e-20
5.003083083464598894e+04 3.574105069625519949e-15
5.003109686702345789e+04 1.696660737856103878e-21
5.003158747041133029e+04 8.188509816245576210e-18
5.003167869228959898e+04 1.501783984158326362e-20
5.003190291761868866e+04 6.721659068322206346e-22
5.003218957625766052e+04 1.987727468742111438e-19
5.003222270870232751e+04 3.306143254089694277e-15
5.003224551049248112e+04 6.718911208767255089e-18
5.003289415768336767e+04 1.098026799189746689e-19
5.003298285458317696e+04 1.058897590443069816e-16
5.003345050311904924e+04 2.316443427430011046e-20
5.003371956516410864e+04 1.467591860067870820e-19
5.003373701066461217e+04 5.828795862199940906e-16
5.003407266477184021e+04 7.851243326407754218e-20
5.003435302907995356e+04 7.078997166816891334e-19
5.003437474239907169e+04 3.891278180983178624e-17
5.003452945566539711e+04 9.261546620104970818e-21
5.003512558166109375e+04 2.595295741217787693e-18
5.003513487243256532e+04 1.289256876912693194e-15
5.003519097162340040e+04 2.860459673455376855e-21
5.003588458760002686e+04 3.534239249972875415e-17
5.003595770009380067e+04 2.548323843710588841e-20
5.003625884574664087e+04 1.114207839556086705e-19
5.003644903281764709e+04 9.484342223860171621e-19
5.003652677775328630e+04 1.234903490602688561e-14
5.003657068156566675e+04 1.099905770071217634e-19
5.003706544810760533e+04 1.060371998815672692e-20
5.003728684060095111e+04 5.345780092456402983e-17
5.003741268412743375e+04 1.303760954724355871e-20
5.003788180869012285e+04 3.820784402968094210e-19
5.003802967073601758e+04 1.316924541531600644e-16
5.003847429994566482e+04 3.718698940845344395e-19
5.003852206524214125e+04 3.166747624138227336e-20
5.003866430867352028e+04 7.940240499758844755e-21
5.003867882020773686e+04 8.659413337954941824e-16
5.003927219509968563e+04 5.882730540115592602e-20
5.003943879294420913e+04 9.478388040045991514e-15
5.003980594721434318e+04 6.816438416790215918e-22
5.004007067540779099e+04 5.234747828128758395e-18
5.004014472289174591e+04 2.048660978377129127e-18
5.004018531113271456e+04 6.189782265220494723e-18
5.004055297429885104e+04 1.971908083009156037e-19
5.004075574259641871e+04 9.084322123741368666e-21
5.004083088572396809e+04 4.857811831178776008e-14
5.004150158015645138e+04 7.138606593120344546e-21
5.004159071466311434e+04 5.238934573952219048e-16
5.004198050254658301e+04 5.569304270578354075e-20
5.004222271021697816e+04 1.245291765119093635e-16
5.004231455227619881e+04 9.515663071452864239e-18
5.004240752098067605e+04 2.153980785813365337e-19
5.004273672231096862e+04 5.325311125641562168e-21
5.004298301303240441e+04 2.228281910719679917e-16
5.004325495651130041e+04 1.944966088846850720e-21
5.004374266363140487e+04 3.013549233389357416e-15
5.004393906875840185e+04 2.335186604529635240e-20
5.004427601893893006e+04 3.696669346213563576e-20
5.004437475111490494e+04 5.093876608772235496e-15
5.004445063833110180e+04 9.241168285123193910e-19
5.004455385967207258e+04 1.051984235056670151e-21
5.004488840781585895e+04 4.879841900564209705e-20
5.004513528580502316e+04 1.294472306702409639e-13
5.004551913432619040e+04 2.140521701538875383e-20
5.004574515631124814e+04 1.173017410514740862e-23
5.004589474198240350e+04 1.376634675706561950e-16
5.004627330251170497e+04 9.175406435908951683e-21
5.004652681335396483e+04 9.427578415034344875e-13
5.004658091859757405e+04 3.565792109873475933e-18
5.004672024997782137e+04 1.364922108225697558e-20
5.004686105696645973e+04 3.059544497157778290e-22
5.004728786958898127e+04 6.951773221514022049e-15
5.004750774837580684e+04 6.146800038761389375e-20
5.004784090071149694e+04 2.964017818292643593e-20
5.004801266896327434e+04 2.129425070441046158e-18
5.004804777422491316e+04 1.142696973589507445e-16
5.004855703513224580e+04 1.449552451080351247e-20
5.004867894449371670e+04 5.278234726492847593e-16
5.004871211111945013e+04 7.135745403670590738e-20
5.004880151492361620e+04 2.195853592988195573e-20
5.004905922537670267e+04 1.399288259156151127e-19
5.004944107578050171e+04 7.202274504736127447e-14
5.004967649101265852e+04 5.403751972675015367e-19
5.005000074257656524e+04 8.735795215704752346e-20
5.005007067706825910e+04 1.812977331397851797e-14
5.005020039825671847e+04 8.762459381883862741e-18
5.005069235354335979e+04 0.000000000000000000e+00
5.005076495328544115e+04 5.835441674684740900e-20
5.005083128289386514e+04 1.294607353377496741e-12
5.005083685662576318e+04 1.404285316290096412e-16
5.005159543871038477e+04 2.459455732316839822e-15
5.005170218727105384e+04 8.439427524127608054e-20
5.005219038401867147e+04 2.360050733591893209e-19
5.005222273454963579e+04 7.525036440305935554e-12
5.005235613947771344e+04 4.010914783474703549e-17
5.005267576012728387e+04 7.104417789034700333e-21
5.005293668264384905e+04 1.164867068243215016e-19
5.005298416736430227e+04 7.808415080043053267e-14
5.005298604677507683e+04 3.504451162077836863e-17
5.005350983357429504e+04 2.126898199956855590e-20
5.005375181888858788e+04 1.377613499673916729e-15
5.005437492553282209e+04 1.948817478156694008e-15
5.005449256361108564e+04 4.821995355297300450e-20
5.005451402882416733e+04 2.477866106205649124e-19
5.005457081785859918e+04 1.552894319901970034e-22
5.005489497658270557e+04 9.573124171863262919e-22
5.005508135695037345e+04 8.259889050623456885e-19
5.005513827854498959e+04 1.742836228086927091e-12
5.005543868239030417e+04 5.720344947154394271e-21
5.005591146914019191e+04 1.056308967589101705e-16
5.005624078615737380e+04 4.650214669225655824e-21
5.005652759299208265e+04 6.027602675196139360e-12
5.005665164952640043e+04 5.178254852955855059e-18
5.005670796196956508e+04 1.532566131468940424e-18
5.005704737920068146e+04 7.152524101340974166e-20
5.005716558599987911e+04 2.028077355690541239e-19
5.005729478724703949e+04 4.371357617807814604e-14
5.005735074607191927e+04 5.757779088237222600e-19
5.005807609427616262e+04 6.244624456914289393e-16
5.005819100805495691e+04 2.341025184202163414e-24
5.005868144181027310e+04 6.849662524033836849e-13
5.005873051198427856e+04 2.113949687992157083e-19
5.005885146835335763e+04 3.202888270241501735e-19
5.005891253305260034e+04 1.937765091932651796e-21
5.005924270231531409e+04 5.497316402985393079e-19
5.005945547986147722e+04 1.589305045910572409e-14
5.005970024078775896e+04 2.684379373587112135e-21
5.006007075412759150e+04 1.683463337873863208e-16
5.006013281631774589e+04 7.832305748335758529e-20
5.006024775844630494e+04 3.646580650834327339e-19
5.006048445825275849e+04 1.322936974799268691e-19
5.006083765918974677e+04 4.124482110800953714e-11
5.006085602999853290e+04 1.175182266185522795e-17
5.006101755139666784e+04 1.401083637944024872e-16
5.006145475961018383e+04 3.285987697491351330e-19
5.006157811825245153e+04 1.658832745126231651e-18
5.006162279802466219e+04 1.493101925228086108e-15
5.006222322341058316e+04 2.329166335839708122e-12
5.006236667562746152e+04 3.679329833978999405e-19
5.006242879339869251e+04 1.818816265881485178e-16
5.006248952860210557e+04 1.407094519945593455e-19
5.006299812658250448e+04 7.155904211375381154e-13
5.006319173752937786e+04 5.711950307893158439e-18
5.006323235535588174e+04 1.263625798269268566e-18
5.006362579907007603e+04 5.085549983032902192e-18
5.006379963135185244e+04 1.106447593254919714e-14
5.006416567272235261e+04 4.291765214800372121e-20
5.006437667663382308e+04 4.364730230914936977e-12
5.006462099300158297e+04 6.977408105621616092e-18
5.006478706623220205e+04 1.404045847735477741e-19
5.006516560892728739e+04 1.305857329941465072e-13
5.006525044026654359e+04 3.280954541610117309e-19
5.006537828817041736e+04 1.812920101879842093e-19
5.006538769205637800e+04 1.479097054081882009e-18
5.006593820347846486e+04 3.776007796967299612e-20
5.006598935481338413e+04 5.446684183996101329e-17
5.006653315983454377e+04 9.040647765483994411e-10
5.006666742417831847e+04 1.352970552000897888e-19
5.006682728785646759e+04 3.518665727064718407e-15
5.006711015261078865e+04 1.576195472122649023e-18
5.006734376425106166e+04 8.147751600189752230e-15
5.006752319454379176e+04 4.142063294724604633e-19
5.006761612005496863e+04 1.899239887773551879e-18
5.006796720746887149e+04 7.642940178087514200e-18
5.006819498644865962e+04 1.068208731839589364e-14
5.006854471995365748e+04 9.825161444924600304e-19
5.006869764446267072e+04 1.014406280196171809e-11
5.006898851388438925e+04 6.262595075203996961e-18
5.006905638649583125e+04 7.387923814199559510e-17
5.006953681302363839e+04 8.536853177353346347e-14
5.006954451629186951e+04 6.746190101079943536e-16
5.006976688458835997e+04 2.544271015230510837e-18
5.006988140331100294e+04 2.545962088863312952e-19
5.007007308704837487e+04 3.979291011509896916e-11
5.007041953713417024e+04 2.360258834829887403e-16
5.007052033693106205e+04 3.055873696572694461e-20
5.007087738806020934e+04 2.028652193545450612e-12
5.007115854928959743e+04 1.705041148340879566e-18
5.007129572239579284e+04 2.186667244517546963e-16
5.007140163723798469e+04 3.480657300108546974e-17
5.007174928751762491e+04 1.726406937322380613e-16
5.007187098954508110e+04 4.699548489897316196e-18
5.007201275488257670e+04 2.340845749479574794e-16
5.007223844015365466e+04 1.611086810482527252e-08
5.007266539807635854e+04 5.528858559278833395e-14
5.007303004727434018e+04 2.903561752644857070e-17
5.007308043380873278e+04 1.759355975474843966e-13
5.007324729571351781e+04 9.606611406946299603e-18
5.007355605151334748e+04 3.777578669194541989e-17
5.007398482865213737e+04 7.954405379380345673e-14
5.007411000456221518e+04 1.162115929901206641e-16
5.007423637663511181e+04 1.997023343512400219e-16
5.007443049440845789e+04 8.590672561386392239e-11
5.007446392705030303e+04 4.530899482074781360e-17
5.007493413674196927e+04 1.276506917434662667e-15
5.007509701377588499e+04 5.387889255815189028e-20
5.007530838488740119e+04 4.121166971222499937e-17
5.007531387929252378e+04 8.800328701947317035e-13
5.007583038787851547e+04 5.094747327525195126e-16
5.007624639972634759e+04 3.676032828954914097e-15
5.007641279035057232e+04 2.185705463603171575e-17
5.007653300419596781e+04 2.703407672719389205e-18
5.007665681880416378e+04 5.344961201513808540e-13
5.007680214369780879e+04 3.388437232499214734e-18
5.007713980647519202e+04 7.393892469997803432e-18
5.007722735432656918e+04 2.519213555356639991e-15
5.007731734769179457e+04 6.088257785937858549e-18
5.007758272678128560e+04 4.817616425417789323e-14
5.007791166269726091e+04 1.028171789942593710e-18
5.007812407361887745e+04 5.366441258164085453e-17
5.007853582924931834e+04 1.714925779951804319e-14
5.007866713009816158e+04 1.100571903729955938e-16
5.007892576910708885e+04 1.561151911950916470e-13
5.007924603561832919e+04 1.193457289414904264e-18
5.007951829827175243e+04 4.975794362272016555e-17
5.007954756644649751e+04 4.516377344632030231e-16
5.007988964377827506e+04 4.622536670479629720e-13
5.008007598344775033e+04 6.722592470619657435e-17
5.008010330174575938e+04 2.424946178167927399e-11
5.008043255813490396e+04 3.050124616598948882e-16
5.008073363195627462e+04 2.491061948235144849e-19
5.008085407511181984e+04 1.304907094453659853e-15
5.008101585405880178e+04 6.203620668498938947e-18
5.008122118035244785e+04 2.128485227262570605e-18
5.008124305874299171e+04 1.740127058895759701e-11
5.008188347863288800e+04 1.070984553867424972e-15
5.008204795377911796e+04 9.026925180132035165e-17
5.008223535258205811e+04 9.713190124871368523e-14
5.008231204196823091e+04 3.682602120235647047e-11
5.008276191631735128e+04 1.530362911910362663e-17
5.008301764203196944e+04 3.151588334399412865e-20
5.008319962109912740e+04 1.377864442960134932e-16
5.008323034145368001e+04 3.851223200657699573e-17
5.008340645593553927e+04 1.092464033326250941e-18
5.008361090347995923e+04 1.944840857349150985e-13
5.008399407336177683e+04 7.784523102861255351e-19
5.008425187463963084e+04 3.716836731203785927e-16
5.008461877151050430e+04 2.333325929652970164e-15
5.008464829658631061e+04 1.858724600734703406e-12
5.008510287933538348e+04 3.311046039274652609e-16
5.008528103759966325e+04 8.233280168422781518e-19
5.008557625538145658e+04 1.325032350581222043e-16
5.008602846898136340e+04 2.541093417116483872e-13
5.008621766517806100e+04 6.624234506979861005e-19
5.008663406759220379e+04 2.257786664975368687e-14
5.008666109383798903e+04 2.988823324402945213e-15
5.008683253506649635e+04 3.634668441885515109e-17
5.008703951929216419e+04 3.109970128760304496e-12
5.008708656977388455e+04 1.156282660133276630e-10
5.008742077598269680e+04 2.646611106941699792e-16
5.008751481369672547e+04 4.101481200089884409e-16
5.008786566268386377e+04 5.908289463167389101e-17
5.008797859030523250e+04 4.184551023290309194e-14
5.008849280598024052e+04 6.420557292934183956e-15
5.008904392241694586e+04 3.708303056597586137e-17
5.008904988120975031e+04 1.894564824993600046e-19
5.008916251655090309e+04 3.089408247135040659e-18
5.008940654839167109e+04 6.926202233545512371e-17
5.008949553972586727e+04 1.370495841722190195e-13
5.008960581061931589e+04 7.147806149530445566e-13
5.008976280125282210e+04 6.972484319091995866e-17
5.008988801622894971e+04 1.533510103442400910e-17
5.009033961238909978e+04 1.648858080621752221e-17
5.009040732537933945e+04 1.226830350592948872e-15
5.009099978640436166e+04 2.400502256036565602e-13
5.009129296828007500e+04 4.280567619334615126e-18
5.009147625346205314e+04 3.043826190789060385e-16
5.009197816563704691e+04 1.815831062093590666e-15
5.009205790269359568e+04 1.450203702182070075e-16
5.009218990400176699e+04 9.571002467867913947e-15
5.009228032661452016e+04 3.297308688743612705e-18
5.009241173566110228e+04 1.528342372596816434e-19
5.009286065335949388e+04 4.209354138785092304e-17
5.009302143145974696e+04 1.112035698674449246e-19
5.009349490395079192e+04 3.349060391175462713e-18
5.009354479307617294e+04 4.555323600627456194e-15
5.009392871822149027e+04 6.166298363560080037e-18
5.009443499665214040e+04 6.745493059628668701e-17
5.009452204851435090e+04 1.497763178971095106e-16
5.009482516638968809e+04 3.562076542881703683e-15
5.009488747471202805e+04 1.994373856452373548e-20
5.009533745960899978e+04 1.860201378975941307e-17
5.009543430357155012e+04 8.137445539513844674e-20
5.009588836629559955e+04 6.699550473101517977e-19
5.009612236585583742e+04 2.218271461524390658e-15
5.009628987118126679e+04 3.785923048074165746e-19
5.009640799765491829e+04 4.045403406987350354e-18
5.009705237858871988e+04 1.318285144094854841e-16
5.009749905934974231e+04 1.139314242967189565e-13
5.009759848256418627e+04 1.434262746727020302e-16
5.009784060523048538e+04 3.506376985322407593e-15
5.009855778572991403e+04 3.945078679765224418e-18
5.009872728553236811e+04 3.287577525929314789e-18
5.009888786303997040e+04 1.059599613648297202e-19
5.009894687418366811e+04 1.348204324343497326e-18
5.009926698626061261e+04 1.608774511805653571e-18
5.009962274615380738e+04 8.289738024914942494e-16
5.010004669165936502e+04 1.334982455452652414e-17
5.010017503008137282e+04 2.902216065221054082e-16
5.010020495399156789e+04 8.965673341279215455e-16
5.010039121858120780e+04 1.962230206426301636e-16
5.010079934829582635e+04 2.456423909732555131e-19
5.010134610807459831e+04 4.549446735399194379e-16
5.010146396947535686e+04 1.781324267507963692e-16
5.010162452904880774e+04 2.309784419856147500e-18
5.010196549871488969e+04 7.676666133726780334e-20
5.010221473512498051e+04 1.504321738829198346e-17
5.010250565513219044e+04 6.533062338202463146e-19
5.010278382225030509e+04 6.794459570515613670e-19
5.010285140266207600e+04 1.463008347153689246e-17
5.010302008337625739e+04 1.798801288929081522e-17
5.010319573692264385e+04 1.884388567684169112e-20
5.010392604666254920e+04 4.284034627706049375e-18
5.010407417039564461e+04 1.383695534550305752e-17
5.010477396882947505e+04 2.808706586241431078e-20
5.010482697312949313e+04 3.614237705701816369e-18
5.010525469242029794e+04 1.384703194389696918e-20
5.010543162117137399e+04 2.241176676252064984e-20
5.010548341991894995e+04 1.448676268452590484e-20
5.010576060095134744e+04 1.446300610913494398e-18
5.010615499986943178e+04 1.645432332182653409e-19
5.010661090135674021e+04 2.589827363200925977e-18
5.010675498645994230e+04 8.819431831383667815e-18
5.010744432572788355e+04 5.343804211322651275e-20
5.010747494154088054e+04 1.997619755893417025e-20
5.010798186811235064e+04 7.024703074937355539e-19
5.010805312807308655e+04 3.443339492340791911e-18
5.010835422015637596e+04 4.130721983824485090e-19
5.010853778015903663e+04 1.046800854263168923e-16
5.010876274775488127e+04 6.172706433108950539e-19
5.010943025200339616e+04 3.932767047115423355e-20
5.011005345170023065e+04 7.891247269946426460e-19
5.011009095571827493e+04 3.208388146450411479e-18
5.011066227471971069e+04 1.407033437122188449e-21
5.011070295812445693e+04 2.028767198034187735e-19
5.011133195278803760e+04 1.888397964834670975e-18
5.011187564375143120e+04 2.407939075721820017e-20
5.011210656701522385e+04 3.187999656782764635e-19
5.011216591180933756e+04 6.992303535555589353e-19
5.011237486327742954e+04 1.264742048372756117e-23
5.011265089116834861e+04 9.933888327558737410e-20
5.011285418865762040e+04 3.884598742626109065e-20
5.011315311116077646e+04 1.723597669245961699e-20
5.011336198368831538e+04 1.796438563878705291e-20
5.011413921079010470e+04 2.151714118471121242e-19
5.011461767163050536e+04 1.094991609375476857e-20
5.011487892686833220e+04 3.550462371463014611e-20
5.011495177109837823e+04 4.701107286264218556e-21
5.011507683876539522e+04 2.278763690415457815e-21
5.011541062512974895e+04 1.574327016188483553e-20
5.011557125278015883e+04 1.589939973666995840e-20
5.011580360710427340e+04 6.596573234288842195e-21
5.011617491227010760e+04 4.834912842182481463e-23
5.011695371967269602e+04 2.172282195769132281e-24
5.011763347914595215e+04 4.036672674545331062e-20
5.011794719452011486e+04 8.022102922885771814e-22
5.011801922699080751e+04 2.105754403448037902e-22
5.011828333264526009e+04 9.146207465634618722e-23
5.011854682706678432e+04 0.000000000000000000e+00
5.011872761729175545e+04 1.827596533942609698e-22
5.011940903472364153e+04 1.972203409629397129e-21
5.011977209697235230e+04 8.579017182178362140e-20
5.012027074503451149e+04 1.051125238775526140e-22
5.012055346397790709e+04 1.450260787153681478e-21
5.012080336619251466e+04 1.479312937508165704e-20
5.012095557768228900e+04 1.000470379034527656e-22
5.012127850571773888e+04 2.604333953653632191e-21
5.012182618882197858e+04 8.826682542172051731e-24
5.012254254847083212e+04 1.216291703141880175e-21
5.012264337239911401e+04 7.515308953168855891e-22
5.012307103788206587e+04 4.871009794219512053e-22
5.012341835735275527e+04 1.145101514494932937e-21
5.012364507102173957e+04 3.947148243001795050e-22
5.012510252284699527e+04 0.000000000000000000e+00
5.012528848659771029e+04 2.928375316025197192e-22
5.012552558852477523e+04 1.430426380471064572e-22
5.012584183158101223e+04 2.879762483111386276e-23
5.012598767859794316e+04 0.000000000000000000e+00
5.012607189802514768e+04 6.511644155176637002e-24
5.012613105789825204e+04 1.134181480295231785e-22
5.012649017680191173e+04 2.750098183419061817e-22
5.012788775673467899e+04 0.000000000000000000e+00
5.012823711272480432e+04 6.878254665857750374e-24
5.012849275018068147e+04 1.770448624091233072e-24
5.012878468806763703e+04 2.640647349821657485e-23
5.012891190320734313e+04 5.539197978732971207e-23
5.012896221100084222e+04 2.347436612381181495e-23
5.012900190937689331e+04 0.000000000000000000e+00
5.012946601456754433e+04 1.685721978378802963e-24
5.013108990832259587e+04 5.797515245723084039e-23
5.013155607365863398e+04 1.038701881761713697e-23
5.013161357354480424e+04 1.546246795170168625e-24
5.013217193158055306e+04 1.362576873826103429e-23
5.013224407800124027e+04 6.963042324445725174e-24
5.013246823332498752e+04 7.769863334619943248e-24
5.013349169120091392e+04 0.000000000000000000e+00
5.013402265200981492e+04 0.000000000000000000e+00
5.013439667200476833e+04 1.364164600552434956e-24
5.013468976759833458e+04 2.466978913417491358e-24
5.013509284548470168e+04 0.000000000000000000e+00
5.013529013423517608e+04 0.000000000000000000e+00
5.013608594640876254e+04 0.000000000000000000e+00
5.013618296386906877e+04 0.000000000000000000e+00
5.013708110452746769e+04 0.000000000000000000e+00
5.013729025460088451e+04 0.000000000000000000e+00
5.013756417310763936e+04 1.331693058440686516e-24
5.013872025074387784e+04 0.000000000000000000e+00
5.013906487072873279e+04 0.000000000000000000e+00
5.013965571710095537e+04 0.000000000000000000e+00
5.014014467975698062e+04 0.000000000000000000e+00
5.014046751488410519e+04 0.000000000000000000e+00
5.014074655358480959e+04 0.000000000000000000e+00
5.014088235449657805e+04 0.000000000000000000e+00
5.014175997590387124e+04 0.000000000000000000e+00
5.014250061219422059e+04 0.000000000000000000e+00
5.014303830217511131e+04 0.000000000000000000e+00
5.014317442234068585e+04 0.000000000000000000e+00
5.014342233393835340e+04 0.000000000000000000e+00
5.014381461391742050e+04 0.000000000000000000e+00
5.014395235581645829e+04 0.000000000000000000e+00
5.014562727668692969e+04 0.000000000000000000e+00
5.014588668810566742e+04 0.000000000000000000e+00
5.014607895333136548e+04 0.000000000000000000e+00
5.014660982850281289e+04 0.000000000000000000e+00
5.014739090777323145e+04 0.000000000000000000e+00
5.014842539233706339e+04 0.000000000000000000e+00
5.014862950747713330e+04 0.000000000000000000e+00
5.014950920995895285e+04 0.000000000000000000e+00
5.014986443855824473e+04 0.000000000000000000e+00
5.015044002173993067e+04 0.000000000000000000e+00
5.015078039158973843e+04 0.000000000000000000e+00
5.015145665615506005e+04 0.000000000000000000e+00
5.015227025573600258e+04 0.000000000000000000e+00
5.015311286749586725e+04 0.000000000000000000e+00
5.015373552541096433e+04 0.000000000000000000e+00
5.015413935421482893e+04 0.000000000000000000e+00
5.015478115701889328e+04 0.000000000000000000e+00
5.015536967618000926e+04 0.000000000000000000e+00
5.015680065845310310e+04 0.000000000000000000e+00
5.015701501983429625e+04 0.000000000000000000e+00
5.015721792949781229e+04 0.000000000000000000e+00
5.015758172167850717e+04 0.000000000000000000e+00
5.015793097901165311e+04 0.000000000000000000e+00
5.015865400701858016e+04 0.000000000000000000e+00
5.015999594954005443e+04 0.000000000000000000e+00
5.016034404319320311e+04 0.000000000000000000e+00
5.016078199322595174e+04 0.000000000000000000e+00
5.016163366740747006e+04 0.000000000000000000e+00
5.016197692194707633e+04 0.000000000000000000e+00
5.016277178994716087e+04 0.000000000000000000e+00
5.016451074441249511e+04 0.000000000000000000e+00
5.016486577473198849e+04 0.000000000000000000e+00
5.016526666950753861e+04 0.000000000000000000e+00
5.016590901131473220e+04 0.000000000000000000e+00
5.016773340186863788e+04 0.000000000000000000e+00
5.016813212563031266e+04 0.000000000000000000e+00
5.016876855730619718e+04 0.000000000000000000e+00
5.016956994817924715e+04 0.000000000000000000e+00
5.017181534328082489e+04 0.000000000000000000e+00
5.017253215025769896e+04 0.000000000000000000e+00
5.017300794046501687e+04 0.000000000000000000e+00
5.017415629992150207e+04 0.000000000000000000e+00
5.017472264692559111e+04 0.000000000000000000e+00
5.017598379379477410e+04 0.000000000000000000e+00
5.017600441947276704e+04 0.000000000000000000e+00
5.017736100131860439e+04 0.000000000000000000e+00
5.017801557612382749e+04 0.000000000000000000e+00
5.017818917098812381e+04 0.000000000000000000e+00
5.017934598132107931e+04 0.000000000000000000e+00
5.018121104485885007e+04 0.000000000000000000e+00
5.018181608177379530e+04 0.000000000000000000e+00
5.018344765291907970e+04 0.000000000000000000e+00
5.018501827570064052e+04 0.000000000000000000e+00
5.018568293451276259e+04 0.000000000000000000e+00
5.018686353604951728e+04 0.000000000000000000e+00
5.018891008614860766e+04 0.000000000000000000e+00
5.019011667644378758e+04 0.000000000000000000e+00
5.019299669088912924e+04 0.000000000000000000e+00
5.019375781031273073e+04 0.000000000000000000e+00
5.019509703549528786e+04 0.000000000000000000e+00
5.019640654999200342e+04 0.000000000000000000e+00
5.019688163007028197e+04 0.000000000000000000e+00
5.019867997785946500e+04 0.000000000000000000e+00
5.020002408636398468e+04 0.000000000000000000e+00
5.020252086213794973e+04 0.000000000000000000e+00
5.020323259833989141e+04 0.000000000000000000e+00
5.020619466143694444e+04 0.000000000000000000e+00
5.020692516732821241e+04 0.000000000000000000e+00
5.021697001943280338e+04 0.000000000000000000e+00
5.021744202638430579e+04 0.000000000000000000e+00
5.022071545881641941e+04 0.000000000000000000e+00
5.022118409154187248e+04 0.000000000000000000e+00
