-5.023430652141945029e+04 0.000000000000000000e+00
-5.023365888553298282e+04 0.000000000000000000e+00
-5.021394451258422487e+04 0.000000000000000000e+00
-5.021225557329066942e+04 0.000000000000000000e+00
-5.019865167226362246e+04 0.000000000000000000e+00
-5.019704459462314844e+04 0.000000000000000000e+00
-5.019624108297525527e+04 0.000000000000000000e+00
-5.019467325501713640e+04 0.000000000000000000e+00
-5.018360985012678429e+04 0.000000000000000000e+00
-5.018106787932617590e+04 1.341353783527048262e-23
-5.017912843949608941e+04 8.638123388043518011e-24
-5.017748909429259220e+04 1.223310370873118435e-23
-5.017053624998422310e+04 8.338732406795561866e-22
-5.016852175486335182e+04 2.389357711752284984e-22
-5.016618823603546480e+04 7.948734672185551056e-23
-5.016511050683779467e+04 7.802701081593547328e-22
-5.016451490819903847e+04 1.930321857934015994e-22
-5.016236741467961838e+04 3.306873723471520103e-23
-5.015788390113690548e+04 3.441032588980387467e-22
-5.015616212994199304e+04 3.539223507658331023e-20
-5.015402205523110024e+04 5.616311781552042158e-22
-5.015181450871542620e+04 6.075813637071652433e-20
-5.015007552620724891e+04 1.349281016557595383e-19
-5.014899695332682313e+04 6.868285545188530020e-21
-5.014619414993535611e+04 4.343019461858350319e-19
-5.014465394854027545e+04 9.488541149930924469e-19
-5.014233607031487190e+04 1.541965775552793971e-19
-5.014163067250281165e+04 1.358147049173101093e-21
-5.013947536463640427e+04 1.680515279409142943e-18
-5.013767047008593363e+04 6.705517911423574370e-20
-5.013652923127736722e+04 2.722869708551032455e-19
-5.013589659592898533e+04 2.886868523299866757e-20
-5.013448109461183776e+04 1.676000890091066788e-18
-5.013239923960055603e+04 7.597698920728792565e-19
-5.013072171304685617e+04 9.908164322618082476e-18
-5.012993037711721990e+04 2.237004232646444698e-19
-5.012976371562253917e+04 1.160070119322745192e-19
-5.012686016976859537e+04 2.739239165082708299e-17
-5.012558100360861135e+04 2.903791239793505546e-17
-5.012537405873760144e+04 4.605859275728756109e-17
-5.012416941515394137e+04 3.225853187162806975e-18
-5.012275047948185238e+04 5.675948385640643119e-17
-5.012075717215773329e+04 2.204107466033753749e-16
-5.012003153916335577e+04 1.522860038354386997e-16
-5.011857832682930893e+04 8.150081856695282011e-18
-5.011812144351741881e+04 1.212914017514739607e-16
-5.011738790892953693e+04 7.877649022324703079e-17
-5.011523297765224561e+04 5.678936930771687698e-16
-5.011408766600689705e+04 1.597742589118011311e-17
-5.011346510561876494e+04 2.195514018239838051e-16
-5.011278613756477716e+04 1.566960227818091825e-16
-5.011070180706491374e+04 2.287679733652324898e-16
-5.011031438456296019e+04 4.418235082982031465e-16
-5.010932857459232036e+04 4.169783954773884374e-17
-5.010776588551110763e+04 3.332709633205770324e-15
-5.010694092954395455e+04 1.326684310801423621e-15
-5.010627146798421018e+04 2.157363536271919061e-18
-5.010590661464655568e+04 5.246710402163553476e-17
-5.010386021150950546e+04 2.900386179207666212e-15
-5.010313754311119555e+04 1.383288123643876459e-14
-5.010203036734189664e+04 7.012822521872291713e-15
-5.010168364291657781e+04 1.296533281701332359e-15
-5.010059512589246879e+04 4.946660229991898356e-16
-5.009930832400039799e+04 2.477246091215811050e-14
-5.009880022226196161e+04 3.517091870043676883e-14
-5.009791434628488787e+04 1.917601073268755645e-15
-5.009704789449591772e+04 1.786744783502178209e-15
-5.009648250202096824e+04 1.461648089688001198e-14
-5.009529808056412730e+04 6.364244504267822289e-14
-5.009416018470128620e+04 6.303708354417721583e-15
-5.009335251017754490e+04 9.862884003680847614e-14
-5.009307296520961245e+04 2.849695416198564905e-14
-5.009202339723476325e+04 4.950426949047778639e-15
-5.009085352388501633e+04 1.068900297824200142e-13
-5.009020538049025345e+04 3.051877883003743810e-17
-5.008936245254351525e+04 7.488064495926091560e-15
-5.008882338394661201e+04 5.344892921271608350e-14
-5.008775791257913079e+04 1.422275608910858693e-13
-5.008655261414386769e+04 5.656831026821052931e-15
-5.008594827639970754e+04 3.285445973463755763e-13
-5.008537848090448824e+04 4.031026032280139828e-13
-5.008472497732759075e+04 4.044890681874415979e-13
-5.008408420831590047e+04 1.800408615589944090e-13
-5.008275391714447323e+04 2.479596382046501774e-15
-5.008164343108623871e+04 1.162240062272715878e-14
-5.008085612069648778e+04 3.828306688358243585e-13
-5.008032033231255627e+04 1.652682467439414859e-13
-5.007958877885020047e+04 3.394107172314930887e-12
-5.007886318371914240e+04 4.669964813581625465e-12
-5.007792154476503492e+04 4.588057116435444333e-13
-5.007744676921583596e+04 1.321488764886605241e-12
-5.007623827365037141e+04 2.472950706497389186e-13
-5.007539333816197905e+04 1.389517301278875629e-13
-5.007423413169249397e+04 6.775923037262529297e-13
-5.007377011226990726e+04 7.825003903135626939e-12
-5.007333809750989167e+04 1.156308183381337303e-11
-5.007246785230805108e+04 1.180601698370664916e-11
-5.007176808686208096e+04 1.918326262700301128e-13
-5.007076881043646426e+04 1.055472240229627343e-11
-5.007060487558660679e+04 4.287710928122647850e-12
-5.006992172506496718e+04 8.251057029177893063e-12
-5.006865646587415540e+04 9.429996739815341685e-12
-5.006800049825113820e+04 6.756006926635076402e-15
-5.006752647405667085e+04 4.344977456674383515e-12
-5.006692990847249166e+04 2.676473841196686554e-11
-5.006615039765825350e+04 3.182363376756334775e-12
-5.006511489340560365e+04 3.391680803316122809e-11
-5.006460492729416001e+04 1.304980532994779804e-11
-5.006430273848719662e+04 5.935149650811317010e-11
-5.006350650474771828e+04 1.032284151790264750e-11
-5.006234351788122149e+04 3.530056289501831086e-12
-5.006162651018023462e+04 5.358982962934995569e-11
-5.006121046853371081e+04 1.112254321099710029e-12
-5.006079864407874265e+04 1.813576186848668402e-10
-5.006062826560941903e+04 2.372049388279940345e-11
-5.005994186368224473e+04 5.643604554956760374e-12
-5.005870400686866196e+04 6.635973132624020543e-12
-5.005809237685154949e+04 1.369681772974754425e-10
-5.005764201320923894e+04 6.253058827652015568e-15
-5.005702410151890217e+04 6.354984657394561589e-10
-5.005616756743155565e+04 5.999427517688458355e-11
-5.005547961584558652e+04 8.085446768019022752e-13
-5.005473155491131911e+04 2.468850790055418171e-12
-5.005452614925875241e+04 3.528370265334010029e-11
-5.005379237525715143e+04 1.172215344898553413e-11
-5.005303330394140357e+04 1.111262167716621164e-09
-5.005280067545930069e+04 9.339079480725106663e-10
-5.005131752989205415e+04 1.674692111405509340e-09
-5.005096292557625566e+04 5.065654094605309653e-10
-5.005089089145908656e+04 4.210691870172165258e-11
-5.004932075728447671e+04 1.125743494831335846e-09
-5.004884586377600499e+04 1.422488436936373435e-09
-5.004860069362162903e+04 8.847193888536166311e-12
-5.004807417878940032e+04 2.298449096987345996e-10
-5.004728018597197661e+04 1.439392087054761322e-09
-5.004676933401713177e+04 4.642913302904639928e-10
-5.004552881725216139e+04 7.114782882254099760e-10
-5.004503798736646422e+04 4.310896774612746585e-09
-5.004433677363317838e+04 6.142759690346430059e-12
-5.004397894034037017e+04 1.537677916131208288e-08
-5.004348802410639473e+04 1.764312779091426573e-14
-5.004224756242414878e+04 5.844361185978881064e-10
-5.004148858102727536e+04 5.376402003548607186e-11
-5.004145007686308963e+04 5.661945093378995291e-10
-5.004104766126236791e+04 1.115568129366858225e-09
-5.003986390595991543e+04 2.854428185183424112e-09
-5.003969688212205074e+04 2.258913744824142356e-08
-5.003813004609580821e+04 6.951913242845183302e-11
-5.003765474604429619e+04 5.016106370011873889e-09
-5.003707762889338483e+04 7.198141924048773641e-10
-5.003649277794283989e+04 4.530076258109354655e-08
-5.003617870199731988e+04 1.988206673819756242e-09
-5.003537136222058325e+04 1.437765527568508453e-08
-5.003477764363411552e+04 1.414181554996106017e-09
-5.003434223924237449e+04 2.402143668108792125e-11
-5.003309652845490200e+04 7.141878792748413070e-08
-5.003273928565025562e+04 1.113920581602878077e-08
-5.003212814449090365e+04 6.036516118217043622e-08
-5.003111178678765282e+04 4.896499825737840705e-09
-5.003069777161086677e+04 4.252389547751549280e-08
-5.002926060446221527e+04 1.756179146320910945e-07
-5.002907202487655741e+04 1.185239633329894117e-08
-5.002860693643071863e+04 7.937364524653000395e-09
-5.002846189938784664e+04 8.556861090776766287e-08
-5.002788289709925448e+04 2.015309002131939157e-09
-5.002715675400842156e+04 3.600720910683982901e-08
-5.002584407655294490e+04 5.064763783519000594e-07
-5.002522581446239928e+04 2.869338788117145068e-07
-5.002441397893495741e+04 1.249332812859802612e-08
-5.002420728078441607e+04 2.104590917892454261e-08
-5.002354419282291929e+04 2.708529662542856758e-07
-5.002217804081860231e+04 6.286391440098750424e-07
-5.002186462826217030e+04 2.337292053168085175e-08
-5.002144886526765913e+04 6.481750968584528272e-07
-5.002094857520219375e+04 5.466352240101473450e-09
-5.002003745425772649e+04 2.542989860223808555e-07
-5.001974720318357140e+04 5.933206109843001529e-07
-5.001885406543007412e+04 1.910542544947393141e-06
-5.001775306880023709e+04 4.443862881900874337e-07
-5.001766348398977425e+04 6.397664595228653223e-08
-5.001644730446513131e+04 6.167793211698911121e-07
-5.001613283231150854e+04 2.106477964772263840e-06
-5.001530283358047018e+04 2.704899245983520285e-06
-5.001494594786947710e+04 4.936519259359144684e-07
-5.001407860880464432e+04 4.018463250146607886e-07
-5.001389999304255616e+04 3.456040603192969044e-09
-5.001234362654425058e+04 7.531050655271784949e-06
-5.001187669208400621e+04 5.256676045524754094e-06
-5.001104779842824064e+04 8.903979769720068045e-08
-5.001093064062450867e+04 1.531339103096592489e-07
-5.001040003051484382e+04 1.612906162644580938e-08
-5.000929501724653528e+04 2.854952877402228668e-06
-5.000856515754580323e+04 1.375767432786073699e-08
-5.000838945557695115e+04 2.314508261768476394e-05
-5.000763514365260198e+04 3.249784317267641305e-07
-5.000682093802413146e+04 1.549893481192515493e-06
-5.000674344617583120e+04 7.421012072193638851e-10
-5.000498790362988802e+04 4.348396124582561638e-05
-5.000461912786394532e+04 1.237471231343001487e-06
-5.000412967642537114e+04 4.078677571040482743e-06
-5.000327037323438708e+04 9.091000372781774932e-06
-5.000237690503463818e+04 4.685415292328379485e-06
-5.000175571255304385e+04 2.680450096520513844e-06
-5.000154803488598554e+04 1.339356781539853081e-07
-5.000124963409138581e+04 9.178123972834480832e-05
-5.000036815246732294e+04 2.110880555796977007e-08
-4.999972022227902926e+04 2.696023940932533089e-05
-4.999884395245033375e+04 1.476606958985810756e-05
-4.999790009610644483e+04 1.052384327225794190e-04
-4.999730830287036952e+04 5.986368783745244074e-05
-4.999720329745711933e+04 4.856096494651838613e-06
-4.999594818288854731e+04 9.740550302407755792e-05
-4.999520795655191614e+04 9.373189371139305559e-06
-4.999488487342789449e+04 2.903745047776219164e-06
-4.999420442582563555e+04 3.329881619447779451e-04
-4.999332943076429365e+04 8.259608777044728849e-10
-4.999257001853561815e+04 1.764047286803055892e-04
-4.999219146878151514e+04 1.172317026471380734e-06
-4.999130160841326142e+04 2.749794120633280233e-04
-4.999043237987151952e+04 3.235743732893022221e-04
-4.999020552566537663e+04 3.012648350535360310e-07
-4.999001550368190510e+04 9.514634236475159336e-05
-4.998848639170022943e+04 6.554757706725050691e-04
-4.998819515347691777e+04 8.387297807882569713e-06
-4.998791458391922060e+04 4.623143739553060036e-05
-4.998707446772162803e+04 9.281293306188032532e-04
-4.998629990934537636e+04 1.802494814424295673e-06
-4.998523259099317511e+04 8.363432608559488463e-04
-4.998437540528547106e+04 6.814086969230404283e-04
-4.998353237469556188e+04 1.105397240941452270e-03
-4.998330604514401784e+04 4.363356801503487641e-05
-4.998254918693228683e+04 3.145952492605704419e-04
-4.998207155216444517e+04 1.431932021392010306e-04
-4.998125841214100365e+04 1.485240908394540446e-03
-4.998103930106704502e+04 7.201400976017765685e-04
-4.998062534948089160e+04 1.334979355719494902e-03
-4.997969605755175144e+04 1.347875998339943381e-03
-4.997916557307500625e+04 3.244691472714417591e-05
-4.997780598039618781e+04 4.221939760557254402e-03
-4.997742581699480070e+04 6.472087132541800300e-05
-4.997663510523943842e+04 2.668588240552052619e-03
-4.997618651099692943e+04 6.421497762467658207e-04
-4.997499913888465380e+04 1.487475390881550256e-03
-4.997424751019915857e+04 1.114021994421767999e-03
-4.997409314771181380e+04 3.617033522544851540e-03
-4.997355193274624617e+04 4.789250817082109542e-03
-4.997242652487512532e+04 1.461076570434812188e-03
-4.997208587397300289e+04 2.184493253513913446e-04
-4.997139048916994216e+04 2.614987239951235571e-03
-4.997072710191764054e+04 4.500693254409052907e-03
-4.997004526367346989e+04 8.189170431387164661e-03
-4.996966099773556925e+04 6.624845018601577826e-04
-4.996904635056461848e+04 3.234093767767281993e-03
-4.996766546913530328e+04 1.236970314329309973e-03
-4.996721432506192650e+04 2.954905575752822446e-03
-4.996693953513185261e+04 1.136379700995381048e-02
-4.996647064209490054e+04 6.631929531301728256e-03
-4.996532201768968662e+04 1.770454088682943015e-03
-4.996408221182232228e+04 1.051063727068491521e-02
-4.996349310857592354e+04 4.461363600641607072e-03
-4.996302991143421968e+04 1.588824328793069646e-02
-4.996231170220515924e+04 2.708986536538576188e-03
-4.996187976163734129e+04 2.464074631817271804e-03
-4.996124997349055775e+04 5.061223546675609405e-03
-4.996029464913030824e+04 1.025431532675233392e-03
-4.996018521064049128e+04 2.459261708222266335e-03
-4.995972198001146899e+04 2.033943596038898308e-02
-4.995949422367660736e+04 1.120348994527220997e-02
-4.995816451518209942e+04 2.183489028926956579e-03
-4.995717979737558926e+04 2.526185057648466098e-03
-4.995640010344110487e+04 3.841466279590625282e-02
-4.995610150985731161e+04 9.471714370263919353e-03
-4.995437516092835722e+04 1.236397612605619374e-02
-4.995354746490834077e+04 2.205940939760580970e-03
-4.995339138988802006e+04 1.878131525942252841e-02
-4.995306826975762669e+04 4.001777884425923755e-03
-4.995228617125607707e+04 2.268880728576475395e-02
-4.995191861524794513e+04 1.537012765920581442e-03
-4.995157687357139366e+04 4.609297682520083900e-03
-4.995094937767747615e+04 2.180273002580050419e-04
-4.995019077625522186e+04 2.965198358450674143e-03
-4.994929916243984189e+04 5.762549548759825224e-02
-4.994878414488719864e+04 5.048854397941844596e-03
-4.994725464864172682e+04 7.375139886723668624e-03
-4.994667122696922888e+04 1.775427227385968643e-02
-4.994614936776000832e+04 4.057498502906623644e-02
-4.994581816415648063e+04 4.947363679632574805e-04
-4.994500115348183317e+04 1.446556534478499710e-02
-4.994435839570112876e+04 2.970449054471645557e-05
-4.994312078380438470e+04 1.463043401537557006e-02
-4.994267888392216264e+04 2.824403912279986259e-02
-4.994173260664450936e+04 2.141095595970639656e-02
-4.994148560933971748e+04 1.232952668586379614e-04
-4.994087891315913294e+04 3.925258691208574797e-03
-4.994058292596528918e+04 5.467987065776292073e-03
-4.993936282177340036e+04 3.457173692624503775e-02
-4.993906845362931927e+04 4.168426799981629627e-02
-4.993851428478353046e+04 3.754038972564717686e-04
-4.993783952465403127e+04 2.744184666395664985e-03
-4.993759419554257329e+04 9.614328846014943974e-03
-4.993577362479206204e+04 4.921344921331990280e-02
-4.993520330140902661e+04 8.592477714518169732e-03
-4.993412360561332025e+04 8.208349267629481440e-05
-4.993322034256426559e+04 8.232580946191893258e-04
-4.993227695998299168e+04 2.596097061852520877e-05
-4.993212157205688709e+04 3.238041963546923769e-03
-4.993200870493111870e+04 7.026604573474569404e-02
-4.993121969141283626e+04 3.014553793146533805e-03
-4.993083923397162289e+04 1.005829614760328982e-03
-4.993076774487767398e+04 1.310902258617697427e-03
-4.993001519581124739e+04 1.003904911395964508e-02
-4.992851775768183143e+04 4.324553976506750191e-02
-4.992811785774693999e+04 7.901151470156886000e-03
-4.992699920137034496e+04 1.199363031321478128e-04
-4.992599737702438870e+04 7.314830044857652779e-04
-4.992502969218086218e+04 2.235473268122470727e-02
-4.992464898423862905e+04 2.993797619251212933e-02
-4.992413250396666263e+04 5.462651820128749209e-04
-4.992360135847933270e+04 2.559999527010510621e-03
-4.992257349310802238e+04 3.029992841912470310e-03
-4.992170800720420084e+04 7.697878238782945685e-03
-4.992126768877401628e+04 2.323247910060478871e-03
-4.992076103553384746e+04 3.073226350515505245e-02
-4.992039900188607862e+04 6.991593755974820227e-04
-4.991952979537015199e+04 3.288088601805682536e-05
-4.991899785890102066e+04 4.143671312833651591e-04
-4.991772789059150091e+04 1.274836640142098555e-02
-4.991731932257305743e+04 2.281512561066867395e-02
-4.991678223565088410e+04 3.842326205459061731e-03
-4.991615360949547903e+04 4.417802166629535877e-03
-4.991443130374328030e+04 1.623539958603012739e-03
-4.991411932870704914e+04 5.146792620919401747e-05
-4.991277293441770598e+04 5.044770700107802965e-03
-4.991232324821512884e+04 4.759583364321539473e-03
-4.991200493048859789e+04 4.963503451602104856e-03
-4.991179341316924547e+04 2.025918659657541514e-03
-4.991055541712584090e+04 1.022729223569603151e-03
-4.990984388168278383e+04 1.603816607894335139e-02
-4.990952345043194509e+04 1.044796927154790303e-05
-4.990913177471098606e+04 1.050225754078111529e-02
-4.990821094034273119e+04 8.786910030277365023e-04
-4.990681762743373110e+04 1.844109297682624670e-04
-4.990665013498235203e+04 8.283045769468092056e-04
-4.990509251797997422e+04 4.316805480479728218e-04
-4.990478335282944317e+04 6.521846334895397852e-04
-4.990400714954736759e+04 7.812727792179553071e-04
-4.990284644652070710e+04 3.524301816986715017e-04
-4.990227584975105856e+04 5.357236426467896183e-03
-4.990151302938271692e+04 2.907663669919425924e-03
-4.990114892792026512e+04 8.216988634595450564e-03
-4.990088023053952202e+04 5.563190751799518882e-04
-4.989952241463616519e+04 2.413620401889860815e-05
-4.989886098377659800e+04 3.163474924599762525e-04
-4.989841846348324179e+04 2.037606428552049011e-04
-4.989719299920884077e+04 1.218705054439163458e-04
-4.989683405133070482e+04 2.921629425578488543e-05
-4.989608885012318933e+04 2.160796052750297929e-04
-4.989469488587689557e+04 7.260281308173774877e-06
-4.989425037844183680e+04 1.368135106966609756e-03
-4.989280928218679037e+04 1.784221684202433539e-03
-4.989231779946312599e+04 2.870128456213101587e-03
-4.989216130040463031e+04 3.925457277450339837e-05
-4.989116345319621178e+04 9.009347013168410442e-05
-4.989072651316267729e+04 3.597890065687753703e-04
-4.988978932780485775e+04 1.780387431474662790e-05
-4.988922865837989229e+04 2.579999302052278279e-05
-4.988792383305746625e+04 8.828932214765954913e-05
-4.988698485469556908e+04 5.374698066177377961e-06
-4.988628846869589324e+04 1.014916403656520466e-04
-4.988569710708582716e+04 3.206948627671926525e-04
-4.988461520329586347e+04 1.127772720219951199e-04
-4.988410195595949335e+04 2.716921972727041673e-04
-4.988323412318830378e+04 6.877974087623721236e-04
-4.988258662336861016e+04 5.302617950718478710e-06
-4.988163981599002000e+04 3.286052553743339186e-04
-4.988108927676216263e+04 8.150271644285418099e-07
-4.987974138109868363e+04 3.561972427445409292e-06
-4.987935001181301050e+04 3.727090216532583003e-05
-4.987858774628842366e+04 1.150161039381503885e-05
-4.987759966490318766e+04 1.782363392025402277e-05
-4.987638018906574143e+04 1.059276234446532744e-04
-4.987581838025461911e+04 3.901067231648557248e-05
-4.987483591365539178e+04 4.468235241223701496e-06
-4.987397223937979288e+04 4.366438823148422070e-09
-4.987379521368465794e+04 1.393483823314285285e-04
-4.987273154803937359e+04 1.571295956322528632e-05
-4.987165141174798919e+04 7.051162288366088582e-05
-4.987067639959855296e+04 2.668727073950043047e-10
-4.986988205522629141e+04 2.279468327195143827e-07
-4.986963872301780793e+04 1.148191870212330131e-05
-4.986826048833914683e+04 2.798279261392811960e-06
-4.986751963065279415e+04 3.657419121503370641e-07
-4.986668786630476825e+04 3.103715896975008456e-05
-4.986528131856382970e+04 8.050233493443737553e-07
-4.986446244294180360e+04 2.561168576599713806e-06
-4.986380320816196763e+04 7.113748463594598819e-06
-4.986300008296380111e+04 1.022460746741280870e-05
-4.986209034755896573e+04 7.994657908070480841e-06
-4.986128141808947112e+04 2.655452347125960022e-08
-4.986036214959314384e+04 4.009747048314665442e-06
-4.986000672178166860e+04 9.849127499798886513e-07
-4.985877481668788096e+04 4.698164839425868480e-07
-4.985725744264699460e+04 8.412297713509943457e-07
-4.985648293443800503e+04 3.922614970702386216e-06
-4.985576290787267499e+04 3.708379520169712974e-07
-4.985552536067336041e+04 2.958166764002209554e-09
-4.985323566425732861e+04 1.569824471541496229e-07
-4.985273445805468509e+04 1.365761816559443548e-06
-4.985212803725407139e+04 6.643924686142968160e-07
-4.985099165952216572e+04 6.612966080755750354e-07
-4.985000959861028969e+04 4.196670356812693039e-08
-4.984944942744322179e+04 2.978715355766042481e-07
-4.984913136529376061e+04 6.578739090983381357e-08
-4.984652603386255942e+04 1.239354166689030612e-07
-4.984630599058308871e+04 2.724094282326824703e-07
-4.984550126598956558e+04 2.448241598294815215e-08
-4.984492665350950847e+04 1.053528165693912815e-07
-4.984315198758260522e+04 5.920409373187704309e-08
-4.984234853068046505e+04 4.146188715225804812e-08
-4.984088139837217022e+04 4.084196064508117138e-08
-4.984020509163973475e+04 7.837826696491661451e-08
-4.983953710810542543e+04 2.796202646484423769e-08
-4.983877940085649607e+04 3.359902436160265529e-11
-4.983723353639581910e+04 3.586454453411409819e-09
-4.983629564533883968e+04 1.559489303302056432e-08
-4.983552222602596885e+04 1.159103059939024466e-08
-4.983411734462989261e+04 8.269340577189181552e-09
-4.983345951768516534e+04 1.593360384608477968e-09
-4.983251969413634652e+04 8.168231697855665115e-09
-4.983127882264366053e+04 8.191109005108248236e-10
-4.982952292770108761e+04 5.079511679260792178e-12
-4.982883360476409871e+04 6.999841097865169710e-09
-4.982827679763848573e+04 1.208630253961782719e-13
-4.982720108235337102e+04 4.165896425423183952e-11
-4.982525619843105233e+04 1.306109213758418515e-09
-4.982470681301859440e+04 1.062961815706947261e-10
-4.982366085048292007e+04 1.594092917505109280e-10
-4.982234487571974023e+04 3.553518728290863471e-10
-4.982188354564674228e+04 2.596599716482365233e-12
-4.982100138183654781e+04 4.227162074792062562e-10
-4.981943118595871783e+04 9.420844899459866887e-12
-4.981778730809557601e+04 2.821454572257038144e-11
-4.981705163161972450e+04 1.742758111111024119e-10
-4.981566142554227554e+04 5.272561748302343163e-12
-4.981501933798322716e+04 1.010901514762386765e-12
-4.981333478688858304e+04 5.243356639236884268e-11
-4.981197819194264594e+04 5.824371919530002260e-15
-4.981055515746687888e+04 6.466076291860900155e-13
-4.980995186813490000e+04 2.040868322760918572e-13
-4.980982845500479743e+04 9.124425717598733294e-12
-4.980857756749384134e+04 6.314666352866525856e-12
-4.980699729768472025e+04 5.820332425569711444e-13
-4.980537859455866419e+04 2.781736262632162785e-12
-4.980385293851626921e+04 7.693500261782446299e-13
-4.980263541391699255e+04 1.456809352208474854e-14
-4.980198154925442941e+04 7.404268947834707237e-14
-4.980054498181274539e+04 7.593169282185120852e-13
-4.979908546582323470e+04 1.375599381588357452e-15
-4.979742216215037479e+04 1.080225932341863035e-14
-4.979671750335536490e+04 6.301362183313044052e-14
-4.979618075499998668e+04 3.407516187977047792e-14
-4.979511368861396477e+04 1.142934043397180932e-14
-4.979353339597315789e+04 1.091941608465993721e-14
-4.979240816370919492e+04 2.432051261072192287e-14
-4.978918817578363814e+04 2.353931088453159405e-16
-4.978890081821659987e+04 1.324371261819340668e-15
-4.978793975237981067e+04 1.360445124997578531e-15
-4.978700184358598199e+04 2.528267737902534001e-15
-4.978559109041901684e+04 2.408884582943373761e-18
-4.978397103394593432e+04 5.429729474914071845e-17
-4.978313531488232547e+04 7.502727264891908491e-17
-4.978075835873671895e+04 3.362837656679662962e-17
-4.978020265294797719e+04 1.049808492619273791e-16
-4.977907595692307950e+04 4.635624293562080162e-17
-4.977860296403281973e+04 1.690101293013442402e-17
-4.977500849923900387e+04 9.422577910019667254e-19
-4.977358940339559194e+04 2.873905164337799138e-18
-4.977241054447412171e+04 5.060950467074170485e-18
-4.977195060694450513e+04 5.882194758264211658e-18
-4.977082109266716725e+04 6.357797033680807795e-18
-4.976961725605221727e+04 4.824640145954447618e-20
-4.976871098942376557e+04 2.476720992803896746e-19
-4.976543218062737287e+04 8.148744015002444090e-20
-4.976401886391657899e+04 7.815200124872715829e-19
-4.976350487253510073e+04 2.768279863166953954e-19
-4.976236136788916338e+04 5.013268791055791622e-19
-4.976000401105164929e+04 2.053248636184988682e-20
-4.975867880392394000e+04 1.030806334534485806e-19
-4.975634400881979673e+04 2.968838319873904611e-20
-4.975507892214341700e+04 2.733254337887017859e-20
-4.975425646018784028e+04 4.430337784933688182e-21
-4.975327892356435768e+04 5.527650910418998744e-22
-4.975237110760300857e+04 1.460199219130467723e-20
-4.974943432161425881e+04 1.597793330150165578e-24
-4.974749542769655091e+04 9.195390549823001866e-23
-4.974625565003792872e+04 2.377176042146834104e-21
-4.974401844818464451e+04 2.030876841729718201e-22
-4.974347158473909076e+04 0.000000000000000000e+00
-4.974247439989872510e+04 1.510988381079474985e-23
-4.973952423432836076e+04 2.565737283837698111e-24
-4.973761205766101193e+04 1.780106449071294961e-24
-4.973666068245799397e+04 3.832135031367780905e-24
-4.973503910999660002e+04 4.013402991907754090e-23
-4.973308278578056343e+04 1.468511090632664029e-23
-4.973221678369426081e+04 4.610057248603427369e-24
-4.972941251090605510e+04 0.000000000000000000e+00
-4.972756613277656288e+04 0.000000000000000000e+00
-4.972556661331258510e+04 0.000000000000000000e+00
-4.972389919563307922e+04 1.317241677095824292e-24
-4.972208595184656588e+04 0.000000000000000000e+00
-4.972147336689084477e+04 0.000000000000000000e+00
-4.971879122788324457e+04 0.000000000000000000e+00
-4.971789425698584091e+04 0.000000000000000000e+00
-4.971449049656580610e+04 0.000000000000000000e+00
-4.971374958385888021e+04 0.000000000000000000e+00
-4.971136821217861871e+04 0.000000000000000000e+00
-4.971011050939465349e+04 0.000000000000000000e+00
-4.970642277075792663e+04 0.000000000000000000e+00
-4.970462032273977820e+04 0.000000000000000000e+00
-4.970240823083303258e+04 0.000000000000000000e+00
-4.970004860442176141e+04 0.000000000000000000e+00
-4.969898586698348663e+04 0.000000000000000000e+00
-4.969731167706981796e+04 0.000000000000000000e+00
-4.969446749805848231e+04 0.000000000000000000e+00
-4.969377700891078712e+04 0.000000000000000000e+00
-4.969025844625769241e+04 0.000000000000000000e+00
-4.968743848960104515e+04 0.000000000000000000e+00
-4.968542550212502101e+04 0.000000000000000000e+00
-4.968509224629829987e+04 0.000000000000000000e+00
-4.968007727447300567e+04 0.000000000000000000e+00
-4.967794465122326801e+04 0.000000000000000000e+00
-4.967688535860154661e+04 0.000000000000000000e+00
-4.967321894604243425e+04 0.000000000000000000e+00
-4.967080515913828276e+04 0.000000000000000000e+00
-4.966880835314556316e+04 0.000000000000000000e+00
-4.966387804139051877e+04 0.000000000000000000e+00
-4.966229431102728995e+04 0.000000000000000000e+00
-4.965942518237297918e+04 0.000000000000000000e+00
-4.965292137081473629e+04 0.000000000000000000e+00
-4.965240537506355759e+04 0.000000000000000000e+00
-4.964958145735856669e+04 0.000000000000000000e+00
-4.964457819047781959e+04 0.000000000000000000e+00
-4.964028439164481097e+04 0.000000000000000000e+00
-4.963699511050756701e+04 0.000000000000000000e+00
-4.963010132949318358e+04 0.000000000000000000e+00
-4.962732547299452563e+04 0.000000000000000000e+00
-4.962041166679224261e+04 0.000000000000000000e+00
-4.961155779929584241e+04 0.000000000000000000e+00
-4.960080490981349431e+04 0.000000000000000000e+00
-4.959677633548077574e+04 0.000000000000000000e+00
4.976603655992999848e+04 0.000000000000000000e+00
4.976670811404874257e+04 0.000000000000000000e+00
4.978636452603901125e+04 0.000000000000000000e+00
4.978810489054606296e+04 0.000000000000000000e+00
4.980171675765402324e+04 0.000000000000000000e+00
4.980350724464144150e+04 0.000000000000000000e+00
4.980426117177534616e+04 0.000000000000000000e+00
4.980573463708368217e+04 0.000000000000000000e+00
4.981671960639579629e+04 0.000000000000000000e+00
4.981933451883977978e+04 0.000000000000000000e+00
4.982135249090487196e+04 0.000000000000000000e+00
4.982308815645313734e+04 0.000000000000000000e+00
4.982981782806452975e+04 0.000000000000000000e+00
4.983198426689144253e+04 0.000000000000000000e+00
4.983460206784612092e+04 0.000000000000000000e+00
4.983543233902253996e+04 0.000000000000000000e+00
4.983621076978574274e+04 0.000000000000000000e+00
4.983826923315077147e+04 0.000000000000000000e+00
4.984247903830936411e+04 0.000000000000000000e+00
4.984431064631218760e+04 0.000000000000000000e+00
4.984667569482856197e+04 0.000000000000000000e+00
4.984871634470793651e+04 0.000000000000000000e+00
4.985054270520654245e+04 0.000000000000000000e+00
4.985177262758188590e+04 0.000000000000000000e+00
4.985421353938721586e+04 1.680275775731333471e-24
4.985586244313597854e+04 1.524465488490089457e-24
4.985830941660998360e+04 2.038411297475636033e-24
4.985916116524002427e+04 0.000000000000000000e+00
4.986106018031850545e+04 8.664482409235074448e-24
4.986304350838134997e+04 3.623667552673449943e-23
4.986425178370901995e+04 1.259188274117553812e-24
4.986491450114001054e+04 0.000000000000000000e+00
4.986615571452969743e+04 4.641700959133077295e-23
4.986831340296017152e+04 1.831136180370541621e-22
4.986997463738581428e+04 6.506832267338413562e-23
4.987066277483943122e+04 2.472963207892742709e-23
4.987113227183105482e+04 3.990808930584794263e-23
4.987380113866774627e+04 4.512914216558842299e-22
4.987496524537363439e+04 1.807099590950846038e-23
4.987532028386420279e+04 5.947235387333137417e-24
4.987675200474067969e+04 9.240327244423557422e-23
4.987785448107530101e+04 3.068406502971220642e-22
4.987987850057262403e+04 1.889250805764334746e-23
4.988067447197317233e+04 6.658947458422615409e-22
4.988227255086537480e+04 5.794590501121919223e-22
4.988251964298201347e+04 1.081216666362803839e-22
4.988326381747853884e+04 1.490588664220663629e-23
4.988538912248891575e+04 5.749474494358119661e-21
4.988647130172147445e+04 2.467755884899285457e-22
4.988734381761427358e+04 4.115794901225258389e-21
4.988806024392147083e+04 1.195395189940794424e-21
4.988988563738189259e+04 1.559092000235824360e-20
4.989046830391994445e+04 1.977948922490322224e-23
4.989123630598369346e+04 1.574454525325392693e-20
4.989308572926181660e+04 3.440463628016248551e-20
4.989389147844372201e+04 1.201525319103604574e-20
4.989436207483054750e+04 1.218615061899149284e-20
4.989468388374386268e+04 2.384956650133909623e-21
4.989692198781861225e+04 7.480287274542967916e-21
4.989765813608130702e+04 9.662207362795324269e-20
4.989857452190200274e+04 3.713795164285005318e-21
4.989905897895572707e+04 6.543201279837985850e-20
4.990013287068469799e+04 7.433189124827159444e-21
4.990147019869741052e+04 5.272325117049022977e-20
4.990191295481504494e+04 5.055511521817965293e-21
4.990268283115803206e+04 1.303411283882269117e-20
4.990366945755880442e+04 1.317533778439637682e-20
4.990439624264984013e+04 2.468546024383115767e-19
4.990550446671216923e+04 1.896394223386616886e-19
4.990645709767494554e+04 2.867255915865197618e-20
4.990737051549476018e+04 4.119904290142810217e-19
4.990745552130143187e+04 1.041824459197946583e-20
4.990868487810910301e+04 1.730353503164807953e-19
4.991003592922870303e+04 1.001127614134204861e-18
4.991042922713493317e+04 1.172074406932820486e-19
4.991115946326031553e+04 2.807405400149009937e-19
4.991189073747929797e+04 2.593190805604258829e-18
4.991304322277031315e+04 3.312475751102911314e-19
4.991400786508389137e+04 6.736980140004687091e-19
4.991475155813281162e+04 1.695259450457774890e-21
4.991513947122202808e+04 2.750579231651641870e-19
4.991600352364962600e+04 1.091890090638698496e-17
4.991658830536668393e+04 1.015509437788415544e-18
4.991782803761501418e+04 5.160953905388276870e-20
4.991884260241776792e+04 2.205040126430634760e-18
4.991985626640306145e+04 5.826073834349241429e-18
4.992022235719102900e+04 9.879293225154359045e-18
4.992109094217354141e+04 1.104098816801049600e-18
4.992177133267017780e+04 2.255667701427586711e-18
4.992263726943745860e+04 2.668902725724471489e-18
4.992318727717380534e+04 3.117087978666038749e-17
4.992431682644796820e+04 2.701650708201402794e-18
4.992514379359676241e+04 6.570064546778971542e-20
4.992640005600773293e+04 5.481477606835027061e-18
4.992674068414260546e+04 5.304754097040882431e-19
4.992736638428403967e+04 4.278959985492367158e-17
4.992818214049268136e+04 2.378240155905527899e-17
4.992881131088105030e+04 6.131151303268296084e-18
4.992995698259066558e+04 3.481571185098492907e-17
4.993051865502994042e+04 7.400413408054432015e-17
4.993066043754065322e+04 8.733928215205580968e-18
4.993186320133924892e+04 1.461768915544801464e-17
4.993262515147528757e+04 2.379801801328332727e-18
4.993305327893968933e+04 2.326662069374311272e-17
4.993386314751549799e+04 2.011083466177052799e-16
4.993438618643040536e+04 4.157080403193430846e-17
4.993539380536324461e+04 3.729452662958639195e-16
4.993607810758164851e+04 4.823964231206723090e-17
4.993642363920896605e+04 3.015538046839171856e-16
4.993710327583191975e+04 4.325976691635493416e-17
4.993816809009896679e+04 4.394676310747073370e-19
4.993896527262027666e+04 2.660176202126601343e-17
4.993966397964543285e+04 1.044992873050578292e-16
4.993990691259434243e+04 2.285695870356643522e-16
4.994039606817072490e+04 3.897529639892615436e-16
4.994069220701160521e+04 6.983184323848036889e-16
4.994175321100502333e+04 7.969734614261791450e-16
4.994253990226829774e+04 2.766767525656299775e-15
4.994301054863208992e+04 1.529473523667979359e-16
4.994338398750257329e+04 1.388976974746288718e-16
4.994435050999461964e+04 9.639294195737836518e-17
4.994523298095140490e+04 6.928324307627916312e-16
4.994596198835342511e+04 1.971594392675582889e-16
4.994623711715214449e+04 6.922139632403362342e-17
4.994690865382963239e+04 1.587869573832917744e-15
4.994729597119125538e+04 3.086957302940949596e-17
4.994770543390206876e+04 6.109316413758101500e-16
4.994917585480620619e+04 1.078477650909521670e-14
4.994957364877439250e+04 1.807806212412318087e-15
4.994971795279439539e+04 5.565221045176434407e-16
4.995107579532649106e+04 9.500560070439275902e-16
4.995162342328491650e+04 1.006492276364087131e-15
4.995201766478300851e+04 5.485004856877706384e-15
4.995263519982400612e+04 1.610735642850275753e-15
4.995316143606131664e+04 2.111967380624579004e-15
4.995384848795091239e+04 9.801749982089627038e-16
4.995492648290601210e+04 1.480766296840054424e-16
4.995524672640490462e+04 1.120380609078545464e-14
4.995626592554840317e+04 4.103075446290522638e-16
4.995645877235690568e+04 2.435839526389136094e-14
4.995696910015830508e+04 2.793173675547955619e-16
4.995830083540527994e+04 3.801875128709343343e-15
4.995895931239909260e+04 1.107442153298301709e-15
4.995915987068956019e+04 6.073460103416713908e-14
4.995928672428803839e+04 1.004861035398264764e-14
4.996051557562989183e+04 9.886941431560270057e-15
4.996081969794999895e+04 2.576072457911772100e-16
4.996233024792432843e+04 8.880724363556350302e-15
4.996288654192101967e+04 1.334016008952094469e-14
4.996318248831297387e+04 1.621013458768924456e-13
4.996384997077272419e+04 1.367696648770475250e-14
4.996428141153221804e+04 1.569416514766092019e-14
4.996509279263835924e+04 2.734315099122277465e-14
4.996574301349778398e+04 6.341452033327958191e-14
4.996611822781026422e+04 2.361529236485715856e-15
4.996717919470237393e+04 3.643894457615641651e-13
4.996771386456444452e+04 3.158050209746524863e-14
4.996818605730689887e+04 3.031343982189647981e-14
4.996939253671313782e+04 3.037823026298289031e-14
4.996973918944548495e+04 2.024075921638682933e-13
4.997103317782407976e+04 4.406265540570856238e-13
4.997133047920166428e+04 1.255691770954742875e-13
4.997171969884171267e+04 2.728928656588145413e-13
4.997189037381811795e+04 6.975447617342108121e-14
4.997257879557341948e+04 3.939229469690026207e-13
4.997321922247308248e+04 1.253355305531640429e-13
4.997457615833941964e+04 4.245755326011683190e-14
4.997504567143839813e+04 5.357075781515695035e-13
4.997600865558786609e+04 1.209426061161919013e-13
4.997609356227377430e+04 1.323151278655387868e-12
4.997685821828975168e+04 8.207600728660596822e-13
4.997823367438713467e+04 9.645605525400097806e-14
4.997851730309416598e+04 5.045034688448955692e-15
4.997882941012350057e+04 3.738822613787178669e-13
4.997945586421984626e+04 2.254863535478681148e-12
4.998017231545590766e+04 9.840915222025431967e-13
4.998054352857383492e+04 8.947298900461367483e-13
4.998152916149808152e+04 9.048217880928087084e-16
4.998253048306264827e+04 5.888178252699212071e-14
4.998274007571514812e+04 2.417807116323524164e-12
4.998390590054685890e+04 5.957755809200003595e-13
4.998412274511843134e+04 5.124895916093048182e-12
4.998507539092504157e+04 8.162027105486839543e-15
4.998540579991479171e+04 2.538315529462990668e-12
4.998619960695771442e+04 1.354509295530695340e-12
4.998645269601229666e+04 2.808051460272145299e-12
4.998792812312090246e+04 6.077062944449375796e-12
4.998846436614327104e+04 2.613542122944824422e-14
4.998910439262724685e+04 3.366708458876110549e-13
4.998943894686819112e+04 7.303488837615611161e-12
4.998986915623136156e+04 7.604928243978184704e-12
4.999103364593944571e+04 6.755247826204540847e-12
4.999177199641914194e+04 1.268386636319857662e-13
4.999191867586715671e+04 1.796539094927822008e-12
4.999263977169012651e+04 1.931412431794175606e-11
4.999345370831673063e+04 1.183491320617976168e-11
4.999353065700470324e+04 8.171935193684741049e-12
4.999533311777579365e+04 7.869477098839029038e-12
4.999563118760289217e+04 5.725117738086031262e-12
4.999620046240220108e+04 2.064521065216600536e-11
4.999698368407958333e+04 5.572666498488732460e-11
4.999789080248110986e+04 2.192918768875127270e-11
4.999854117330116424e+04 5.595848087333930927e-15
4.999865010161859391e+04 3.448106624788472395e-12
4.999903428387331951e+04 3.847189556073579737e-12
4.999991235350129136e+04 8.586687909329037094e-11
5.000053855447254318e+04 6.117860427661366650e-11
5.000135336664882925e+04 4.201081784829837082e-11
5.000239951412160008e+04 1.659497395561533960e-11
5.000296770853028283e+04 2.262743639190902614e-13
5.000305766808753106e+04 9.807291838260218966e-11
5.000427704022816033e+04 2.504914373338774971e-10
5.000507823461973021e+04 7.383016974950921178e-11
5.000542360928266135e+04 1.964263125185174295e-12
5.000606304414332408e+04 3.968731062306481904e-11
5.000693116281935363e+04 1.943708250363684961e-10
5.000765369969091262e+04 3.178759655451358138e-10
5.000792519732397341e+04 2.525597421305061701e-11
5.000897527678829647e+04 2.592161660008679009e-10
5.000982839433365734e+04 1.959243955402470767e-12
5.001000355875019159e+04 1.737577808654744357e-11
5.001020629099277721e+04 3.021056171628914055e-10
5.001173680112489819e+04 8.582086737666999369e-10
5.001207149814412696e+04 1.955261049091019136e-10
5.001236265635195741e+04 6.722561894521067865e-11
5.001316041957819107e+04 1.829766473368508296e-10
5.001393765101783356e+04 2.521386437173736203e-10
5.001497514565040910e+04 1.333612185510778261e-09
5.001589284922002844e+04 7.807754070109639258e-10
5.001671125195421337e+04 7.333106051860066366e-11
5.001691034389423294e+04 1.760866387178161435e-11
5.001760581923964492e+04 7.403175953111847489e-10
5.001812279664092057e+04 3.109843258812048938e-10
5.001899072963868093e+04 1.737668620806977049e-09
5.001918396637476690e+04 5.564360231193149532e-11
5.001959013791349571e+04 1.445940812426074169e-09
5.002051106776329107e+04 1.606552289859974055e-10
5.002103429533537565e+04 3.107787455544122522e-10
5.002241702103208809e+04 5.095429257172078414e-09
5.002278328907406831e+04 2.704383975776569512e-10
5.002359392483307602e+04 4.851572210818002784e-10
5.002406169383331871e+04 8.591025156101012481e-11
5.002521178267683717e+04 3.070756449496495531e-09
5.002599514524570986e+04 1.265448404515745967e-09
5.002612029753524257e+04 1.865406752926476366e-09
5.002665825200873951e+04 3.093575968862069986e-09
5.002778719373574131e+04 2.525268344891520926e-10
5.002802033123189904e+04 5.290171647241886035e-10
5.002877734432548459e+04 2.216635121694699602e-09
5.002948501357053465e+04 5.497728438497898197e-09
5.003015291585082014e+04 5.124454070789671027e-09
5.003055084582096606e+04 8.053953101114444728e-12
5.003117100060435041e+04 1.655786055368172539e-09
5.003252834125209483e+04 3.224813884460589723e-09
5.003301622012050939e+04 2.786946563360515699e-09
5.003326134632885078e+04 6.836047333058467725e-09
5.003373827547040128e+04 4.278039933595475511e-09
5.003488830714099458e+04 3.841420552656569457e-10
5.003612661236998247e+04 1.059087650565617568e-08
5.003672926044306223e+04 2.934483265275177296e-09
5.003717472591783007e+04 8.885394330094554309e-09
5.003781987940035469e+04 1.556422507431711630e-09
5.003826575407828204e+04 3.471513421720317788e-09
5.003891025796739996e+04 3.027708219502901688e-09
5.003990005708958779e+04 4.564415165006323497e-11
5.004002144431352644e+04 2.480193261758504442e-09
5.004046401041915669e+04 1.616785928158965227e-08
5.004069868831383064e+04 6.383056903348446894e-09
5.004202866108456510e+04 1.023459108566936953e-09
5.004304610619728192e+04 3.271373296252870856e-09
5.004380662512686831e+04 2.767092873820399389e-08
5.004409723267584195e+04 5.412169112031138583e-09
5.004581649274197116e+04 9.671252100102671646e-09
5.004665285200914514e+04 1.444836422166836758e-09
5.004681535042226460e+04 1.255163678433932417e-08
5.004712402164945524e+04 2.225359919751572341e-09
5.004788395848392247e+04 1.644099361456687498e-08
5.004818187379007577e+04 7.007266959786950577e-10
5.004856084993032709e+04 3.717523437761288840e-09
5.004925614136175864e+04 3.102902263005409634e-10
5.005001116086132970e+04 1.687664291165583742e-09
5.005088479122451827e+04 4.114501035166840476e-08
5.005138272390406200e+04 2.991617525723776927e-09
5.005295745891964179e+04 5.583832978031256147e-09
5.005352231767156627e+04 1.204838377330093388e-08
5.005405678653586801e+04 2.897457396607782228e-08
5.005436948286180268e+04 3.844113962556905473e-10
5.005517240760951972e+04 1.052620521201212031e-08
5.005588794966642308e+04 4.373530855374925544e-13
5.005706275629738229e+04 1.002419133478051853e-08
5.005748682229880797e+04 2.114571386573028708e-08
5.005838178700907883e+04 1.430057406171384281e-08
5.005864624438807368e+04 5.310599333038299073e-10
5.005926963417567458e+04 2.333213736055759404e-09
5.005961246546797338e+04 2.372040977639279711e-09
5.006082605819073069e+04 2.487336429281230252e-08
5.006113431539481826e+04 2.871353285269355720e-08
5.006166651199434273e+04 9.925419275025449467e-10
5.006236658592977619e+04 3.874114778964063990e-09
5.006261162158590014e+04 5.037899883132971414e-09
5.006440424074346811e+04 3.606320699426362805e-08
5.006499788820043614e+04 6.352026930122359253e-09
5.006609816166508244e+04 6.092563916904916939e-11
5.006696378343895776e+04 8.816972960413031501e-10
5.006786056458092935e+04 9.775167257482297558e-11
5.006805708860341110e+04 2.201765778312376350e-09
5.006815763862686435e+04 4.566607762965185575e-08
5.006897236976335989e+04 4.661793599383272538e-09
5.006931271784634737e+04 2.257886869358006785e-10
5.006940743635159015e+04 2.488048725607862682e-09
5.007012752103816456e+04 5.945002952038467252e-09
5.007164809900562977e+04 3.014134400926888518e-08
5.007209779062003508e+04 4.891835360146965535e-09
5.007323131043190369e+04 1.466153866590791516e-10
5.007423445281269960e+04 7.686262779175327259e-10
5.007516109676611086e+04 1.932746717729329164e-08
5.007553795355311740e+04 1.636424155546246276e-08
5.007604275992470502e+04 3.505260480767143864e-09
5.007661338996516133e+04 3.119095556484223266e-09
5.007757576343807887e+04 2.458318694531333034e-09
5.007839743731284398e+04 4.049044603170715355e-09
5.007894411361211678e+04 1.283638849053313679e-09
5.007938853674829443e+04 1.884038153877661525e-08
5.007975370950915385e+04 1.499120097435953483e-10
5.008070269704781822e+04 4.748801880196762595e-11
5.008123696364201896e+04 4.218081448017186264e-10
5.008246886211297533e+04 1.086852381301078340e-08
5.008286312260993873e+04 1.142630995875486264e-08
5.008338031264649180e+04 7.736211270811956123e-09
5.008406366134405835e+04 3.782052078586019886e-09
5.008575815374054218e+04 1.070788146380488020e-09
5.008611459662807465e+04 6.168954914168467856e-11
5.008742146853167651e+04 3.630063599257345753e-09
5.008789258109517687e+04 2.987465901981509254e-09
5.008815325261373073e+04 2.050828804762322463e-09
5.008839494230788114e+04 5.393705768761760621e-10
5.008965858029701485e+04 5.800599618507731816e-10
5.009029819277182105e+04 9.404020650757811757e-09
5.009063845360621781e+04 1.065628099485704781e-09
5.009103510496956005e+04 9.138347181951174138e-09
5.009198905446099525e+04 6.452121712533911485e-10
5.009343175815503491e+04 1.410676920066015437e-10
5.009356052163827553e+04 4.736257268606025076e-10
5.009515932007025549e+04 3.569496842767905473e-10
5.009547665262594819e+04 4.293304528331971443e-10
5.009620228184855659e+04 5.387429057250770136e-10
5.009734892882149143e+04 4.403001660752716001e-10
5.009790817916761443e+04 4.423596839792324201e-09
5.009860231951198512e+04 4.669009588720041424e-10
5.009899245958287065e+04 5.905175768662654967e-09
5.009929893479108432e+04 3.398431839755573967e-10
5.010074167531444255e+04 1.697510961651654483e-11
5.010136921537202579e+04 1.860724695946138789e-10
5.010179382584012637e+04 1.258448953544114176e-10
5.010308614251947438e+04 1.054703250153884017e-10
5.010339066953575093e+04 3.135532092491535763e-11
5.010412702496851125e+04 2.848923383852840082e-10
5.010553570752916858e+04 1.097395619613391418e-11
5.010594451098252466e+04 1.566284432244197021e-09
5.010737117168868281e+04 1.585199495871081559e-09
5.010781533873459557e+04 1.052507201596637310e-09
5.010811228637983004e+04 3.186939956078797367e-12
5.010903272941760224e+04 6.281645692135589958e-12
5.010949174157757807e+04 1.588385314927615490e-10
5.011043606808535696e+04 3.089467751599815606e-11
5.011106488241046463e+04 1.723331385978272907e-11
5.011229059089825751e+04 1.731725069932774396e-10
5.011326358204786084e+04 2.160599179687195496e-13
5.011394478316624009e+04 9.756315204715837521e-11
5.011449669142255152e+04 3.980369077655559744e-10
5.011565796042268630e+04 1.080685898500352262e-10
5.011612947198336769e+04 2.462066180063843041e-10
5.011695734815769538e+04 3.012603619415106704e-10
5.011767701893600315e+04 1.635618579396954395e-11
5.011853024418821587e+04 1.192816518415838987e-10
5.011921230123003625e+04 3.328590699638357340e-12
5.012045542070224474e+04 3.081498677709572863e-12
5.012087833861794934e+04 6.576486015226042958e-11
5.012169008494418813e+04 1.065134270864723109e-11
5.012267837232073362e+04 2.168863697372095000e-11
5.012384870081584086e+04 1.097391992803530779e-10
5.012445664106695040e+04 4.172125235890920039e-11
5.012540873434561945e+04 3.788163494738614606e-12
5.012631051752588974e+04 1.537844609060193733e-12
5.012640184823002346e+04 7.556895450069504295e-11
5.012756833839181490e+04 7.390016553628340188e-12
5.012854167131399299e+04 3.458384708958478740e-11
5.012960413774930930e+04 7.166949099009944936e-12
5.013040224906710500e+04 5.080092476361026370e-13
5.013062307452536334e+04 1.026500933428043102e-11
5.013197514626208431e+04 9.989003327492104393e-13
5.013279788728576386e+04 1.720162664742286040e-12
5.013353541812920594e+04 3.070964102821730464e-11
5.013502093280363624e+04 2.349235968847512487e-12
5.013583782628966583e+04 2.050302669563650458e-12
5.013648334690354386e+04 3.148952600360215864e-12
5.013722534073613497e+04 4.691940982532582576e-12
5.013820144686660933e+04 7.973908540102299566e-12
5.013904138383390818e+04 4.398643281518612871e-13
5.013987651573620678e+04 6.195789571715912582e-13
5.014027301431116211e+04 1.663662244425553806e-12
5.014156595893602207e+04 1.154370632164504126e-12
5.014298541362991091e+04 3.382817166343580339e-13
5.014380043962514173e+04 4.408360201049129290e-12
5.014452727322336432e+04 7.372714983654398201e-14
5.014481477028654626e+04 6.314080606043603783e-14
5.014709477876761957e+04 3.927284084324844641e-14
5.014760153834667290e+04 1.548023072367111635e-12
5.014815277311775571e+04 1.209278354652525802e-13
5.014930584377768537e+04 5.673774628040536006e-13
5.015030035492207389e+04 3.643396362713958743e-14
5.015088625934532320e+04 3.122667944188749427e-13
5.015115504625532776e+04 3.623780332201050655e-14
5.015380449122949358e+04 1.176445965823087940e-13
5.015403917538798851e+04 3.725531422236249415e-13
5.015481973550638941e+04 1.277207648957486102e-17
5.015535608744384808e+04 5.516515534454919487e-14
5.015721795517532155e+04 1.022897703797459670e-13
5.015805337915761629e+04 6.036368320406756934e-14
5.015940122224244260e+04 1.357560718739452125e-14
5.016012524572732218e+04 5.784898762364642132e-14
5.016082014276515838e+04 4.727458670170440764e-14
5.016158872339612572e+04 6.114878740092500950e-15
5.016307288831744518e+04 4.908787163147152131e-17
5.016407380797812948e+04 1.979265811904207791e-14
5.016484538507828984e+04 2.204068968070768285e-14
5.016623762573862041e+04 2.723568480562174306e-15
5.016688624891559448e+04 6.482587509226768940e-16
5.016786419206771097e+04 1.549108185903753578e-14
5.016914214005615941e+04 1.721009289337751333e-15
5.017084410766728979e+04 3.019881774867232715e-18
5.017152742476373533e+04 7.286275665029052695e-15
5.017207247447922418e+04 9.845308720896863129e-16
5.017321487818998867e+04 8.747719749247710712e-17
5.017513443728342099e+04 2.515048679739352819e-15
5.017566603329366626e+04 6.336074216947807581e-17
5.017671899036600371e+04 3.752609615537027536e-16
5.017803872179379687e+04 1.116707235119628400e-16
5.017856866977721802e+04 8.588960231577448604e-18
5.017939435917259107e+04 1.082792189405633726e-15
5.018100976267979422e+04 3.393529082851231479e-17
5.018261334838247421e+04 9.595280186024889229e-17
5.018334299944523082e+04 2.558068557326587404e-16
5.018473285897313326e+04 4.507577678256469003e-18
5.018544227371906891e+04 6.243300502745137612e-18
5.018707042742848716e+04 1.487295927777434810e-16
5.018845111691261263e+04 2.090006090334307581e-21
5.018985638701375865e+04 1.789497255813200353e-20
5.019058984824646905e+04 6.667410692220172083e-18
5.019060758663841989e+04 6.119850062623279061e-19
5.019183947178947710e+04 3.033732389813481982e-17
5.019347008040473156e+04 2.899845963456321753e-18
5.019505539147729723e+04 1.029350909142514111e-17
5.019654282149262872e+04 4.050787666251802997e-19
5.019789198473611759e+04 6.102341491090159068e-20
5.019848994276035955e+04 5.530371955257884310e-20
5.019987357858732139e+04 4.033880568454440480e-18
5.020137791512928379e+04 8.528457730966129822e-21
5.020317107728905830e+04 1.605343554080774625e-19
5.020384170215085760e+04 2.293344677445506796e-19
5.020422447018981620e+04 2.887959325688592185e-21
5.020537804432389385e+04 2.188993948334385287e-19
5.020695527484494232e+04 9.396765559156511715e-20
5.020805486441198445e+04 1.820496846382577436e-19
5.021132646635151468e+04 4.247377212805639267e-21
5.021161881664457178e+04 9.393442438714808847e-23
5.021256877906863519e+04 7.560532015612681095e-23
5.021345809844415635e+04 4.330430853583442987e-20
5.021489009340618213e+04 2.267466306223523155e-21
5.021669741642524605e+04 2.068587185959032997e-21
5.021749531434135861e+04 1.843875727174468421e-21
5.021982507925230311e+04 3.046017546327745003e-23
5.022021042832066451e+04 1.191671035190716841e-21
5.022143661545933719e+04 9.852130027445245960e-22
5.022190732304405537e+04 7.333964837547316958e-22
5.022568169276449771e+04 1.612864440639916675e-23
5.022696283814248454e+04 8.677883638396763633e-23
5.022814686848456040e+04 5.212073527678819578e-23
5.022852722258019639e+04 4.337844873808261364e-23
5.022962715071227285e+04 1.358759224157067745e-23
5.023108889159456157e+04 5.005543553529477960e-24
5.023200348850198498e+04 0.000000000000000000e+00
5.023528481420411117e+04 0.000000000000000000e+00
5.023647483035337063e+04 3.335717995337157715e-24
5.023707280634909694e+04 0.000000000000000000e+00
5.023809650007012533e+04 0.000000000000000000e+00
5.024073234313519788e+04 0.000000000000000000e+00
5.024193332159215061e+04 0.000000000000000000e+00
5.024433375485728175e+04 0.000000000000000000e+00
5.024547712043665524e+04 0.000000000000000000e+00
5.024644790689728688e+04 0.000000000000000000e+00
5.024747809082585445e+04 0.000000000000000000e+00
5.024816717112491460e+04 0.000000000000000000e+00
5.025135948256364645e+04 0.000000000000000000e+00
5.025308395146171097e+04 0.000000000000000000e+00
5.025433296835242072e+04 0.000000000000000000e+00
5.025661880270075198e+04 0.000000000000000000e+00
5.025725952912314096e+04 0.000000000000000000e+00
5.025816071735045261e+04 0.000000000000000000e+00
5.026122649079168332e+04 0.000000000000000000e+00
5.026311921737901139e+04 0.000000000000000000e+00
5.026425833598116878e+04 0.000000000000000000e+00
5.026558138010482799e+04 0.000000000000000000e+00
5.026762136172749888e+04 0.000000000000000000e+00
5.026856027703118161e+04 0.000000000000000000e+00
5.027125677726278082e+04 0.000000000000000000e+00
5.027312680848799209e+04 0.000000000000000000e+00
5.027525413685450621e+04 0.000000000000000000e+00
5.027680427452816366e+04 0.000000000000000000e+00
5.027864186941629305e+04 0.000000000000000000e+00
5.027918635290556995e+04 0.000000000000000000e+00
5.028234381104360364e+04 0.000000000000000000e+00
5.028280550124675210e+04 0.000000000000000000e+00
5.028645883735360985e+04 0.000000000000000000e+00
5.028700415083177359e+04 0.000000000000000000e+00
5.028935915471849148e+04 0.000000000000000000e+00
5.029063845359044353e+04 0.000000000000000000e+00
5.029456532523288479e+04 0.000000000000000000e+00
5.029622737401581981e+04 0.000000000000000000e+00
5.029836536740574957e+04 0.000000000000000000e+00
5.030073225036582880e+04 0.000000000000000000e+00
5.030216911765214172e+04 0.000000000000000000e+00
5.030353766406099021e+04 0.000000000000000000e+00
5.030636446538030577e+04 0.000000000000000000e+00
5.030702341478122980e+04 0.000000000000000000e+00
5.031057441302832740e+04 0.000000000000000000e+00
5.031341943582960812e+04 0.000000000000000000e+00
5.031570972265860473e+04 0.000000000000000000e+00
5.031584975745201518e+04 0.000000000000000000e+00
5.032087969545011583e+04 0.000000000000000000e+00
5.032287533158399310e+04 0.000000000000000000e+00
5.032450250826285628e+04 0.000000000000000000e+00
5.032777319199468911e+04 0.000000000000000000e+00
5.033010868220225530e+04 0.000000000000000000e+00
5.033212555123722268e+04 0.000000000000000000e+00
5.033737974772015150e+04 0.000000000000000000e+00
5.033867791876941919e+04 0.000000000000000000e+00
5.034151875385403400e+04 0.000000000000000000e+00
5.034856125353654352e+04 0.000000000000000000e+00
5.034872841769423394e+04 0.000000000000000000e+00
5.035151691639269120e+04 0.000000000000000000e+00
5.035672418623932026e+04 0.000000000000000000e+00
5.036079126176522550e+04 0.000000000000000000e+00
5.036405313215696515e+04 0.000000000000000000e+00
5.037099888091793400e+04 0.000000000000000000e+00
5.037438596987905476e+04 0.000000000000000000e+00
5.038085487208561244e+04 0.000000000000000000e+00
5.038953489465981693e+04 0.000000000000000000e+00
5.040095395954768901e+04 0.000000000000000000e+00
5.040489539932728803e+04 0.000000000000000000e+00
