-5.006005349942405155e+04 0.000000000000000000e+00
-5.005847784019653045e+04 0.000000000000000000e+00
-5.005846262150681287e+04 0.000000000000000000e+00
-5.005817106222216535e+04 0.000000000000000000e+00
-5.005704800409484596e+04 0.000000000000000000e+00
-5.005703361395355751e+04 0.000000000000000000e+00
-5.005648115492326906e+04 1.697000670438536433e-24
-5.005499786382398452e+04 0.000000000000000000e+00
-5.005373672944503051e+04 7.821473105359434865e-23
-5.005347043342656252e+04 0.000000000000000000e+00
-5.005345191073636670e+04 1.800139386689301068e-24
-5.005269059982200997e+04 0.000000000000000000e+00
-5.005231635319291672e+04 3.789319458886983465e-24
-5.005227883064113848e+04 2.047654656208982828e-23
-5.005186604903985426e+04 2.762288149760376786e-24
-5.005134451059596904e+04 1.131560161871114777e-22
-5.005093416025264742e+04 2.606310859263617798e-22
-5.005047418052886496e+04 1.430640336792179370e-22
-5.005010240351335233e+04 2.292890134858581306e-22
-5.004994256514149311e+04 2.129269541094459860e-24
-5.004961495554928115e+04 5.626891698048008034e-24
-5.004905902214379603e+04 1.785792740107065724e-22
-5.004849531286055571e+04 1.721543035553758028e-23
-5.004785269938436977e+04 1.803655024231250095e-23
-5.004776480762225401e+04 1.125496852244464817e-22
-5.004716429243540915e+04 4.731852265133476372e-23
-5.004631367240664986e+04 0.000000000000000000e+00
-5.004576165712381044e+04 7.263596817559302522e-24
-5.004561600115728652e+04 1.088293771549183528e-24
-5.004462585146210040e+04 1.634107556114021489e-23
-5.004392052258054900e+04 8.345026880977250719e-24
-5.004372173039810150e+04 5.425642926277975980e-24
-5.004268193337407865e+04 9.576952111027215081e-24
-5.004190472277260415e+04 1.238890151760674860e-23
-5.004176804046666803e+04 6.907677748996649059e-22
-5.004051468775183457e+04 1.094570226114804485e-22
-5.004002676160971168e+04 1.197239192387546928e-22
-5.003993524391794926e+04 8.247880458854826886e-24
-5.003948298672020610e+04 1.228077156999814560e-23
-5.003834731324858149e+04 4.365031215833947067e-21
-5.003780369001099461e+04 3.913169775224874391e-23
-5.003769940675672842e+04 1.044113832524917503e-20
-5.003725645931743929e+04 9.207204491749736695e-22
-5.003610550941785914e+04 2.309392145994725173e-22
-5.003568015754059888e+04 2.327287871576518601e-21
-5.003547144175590074e+04 1.374842290938383534e-21
-5.003454243854786182e+04 7.418329483616981327e-23
-5.003428670445940224e+04 5.941723728802694404e-22
-5.003356854110882705e+04 1.873829872514349587e-24
-5.003287254156729614e+04 6.589712299775726750e-21
-5.003233502182809752e+04 6.781935508827493789e-20
-5.003150379829551093e+04 8.704033202464656322e-21
-5.003133568240210298e+04 8.686486391667052838e-20
-5.003112437483900430e+04 1.652450842820934225e-19
-5.002996859863758436e+04 1.251573471442017264e-21
-5.002993444809502398e+04 2.441234804865859225e-22
-5.002938526391010237e+04 1.262433766811688639e-24
-5.002924268078216846e+04 4.131755553420494039e-20
-5.002820435682449170e+04 6.847153294061393204e-20
-5.002805168250833231e+04 3.054263928237753797e-20
-5.002779885249304061e+04 5.982321711418311742e-24
-5.002734091760720185e+04 2.738848635906225006e-19
-5.002703760655054066e+04 1.231463309321378094e-22
-5.002678010765075305e+04 8.244283695027954077e-21
-5.002592616943315807e+04 5.788342735259174187e-22
-5.002566474958796607e+04 6.669598326934252846e-21
-5.002533004505166173e+04 8.279252198118309669e-21
-5.002511451566993492e+04 2.674388481860451058e-20
-5.002470199125060753e+04 5.774334246568653856e-21
-5.002435710408765590e+04 7.137946378558084904e-20
-5.002412211783549719e+04 4.379048588493939488e-20
-5.002379986759999883e+04 7.242782420462771787e-20
-5.002353299731289735e+04 2.113238443521522132e-20
-5.002343314204423950e+04 5.948968848493416995e-19
-5.002337925966369221e+04 1.635009542487818928e-18
-5.002307527269743878e+04 8.789727748637279620e-19
-5.002280670489864133e+04 9.637434517873142954e-20
-5.002239443527077674e+04 1.372509130491738912e-19
-5.002178728021402640e+04 5.366364680946092760e-20
-5.002151716955140000e+04 1.202811530050146964e-19
-5.002140553719375021e+04 2.281847296269838010e-18
-5.002116253639160277e+04 8.233716836837637144e-20
-5.002067862639360828e+04 3.843005886266455049e-20
-5.001993436557846871e+04 3.331228953398008984e-20
-5.001980359971043072e+04 8.615218250302015680e-21
-5.001962346275101299e+04 5.955231775210900800e-19
-5.001929463642741757e+04 3.357446030176407862e-20
-5.001913918782953260e+04 3.691222316887168791e-22
-5.001879370807403757e+04 9.008969304928745045e-20
-5.001813703055027872e+04 1.315938343987146243e-20
-5.001781524578169774e+04 6.783205641207902353e-20
-5.001779832062507921e+04 9.109348493967208218e-21
-5.001749744342389022e+04 5.137788540555509729e-19
-5.001717700672753563e+04 9.636511493806109999e-18
-5.001665074399932200e+04 3.713028915667991079e-20
-5.001616076152084861e+04 1.097855172796442434e-17
-5.001581917039434484e+04 1.551558836620432896e-17
-5.001566247294483037e+04 5.076477263543039839e-18
-5.001520926407995285e+04 3.026689928311501138e-19
-5.001506209383421810e+04 3.859630174722335405e-19
-5.001420043613183952e+04 8.361037430005376472e-19
-5.001366807406412408e+04 2.840522952007517488e-18
-5.001352722404323140e+04 7.257506934556166649e-21
-5.001326045038407756e+04 2.008901136063195439e-18
-5.001300726278508955e+04 4.021247417255024015e-17
-5.001260415638191625e+04 2.060170224848007726e-19
-5.001229704562263942e+04 5.487935610610082998e-19
-5.001200642451516615e+04 6.528055813976488941e-21
-5.001139312964586134e+04 4.851603359835249327e-18
-5.001098716292920290e+04 1.246550451647660277e-18
-5.001073838987065392e+04 2.552472484758068737e-18
-5.001067415634419740e+04 1.089253673997443382e-20
-5.000993435666328878e+04 6.450943336426350620e-19
-5.000963825553212519e+04 7.772329708933349152e-19
-5.000926221807269758e+04 2.951857534377374968e-18
-5.000925388570248469e+04 4.651162593130939537e-19
-5.000898923941626708e+04 3.346935319744159751e-16
-5.000836150689762144e+04 5.770352857076483562e-17
-5.000796370824213227e+04 2.864751004832096893e-20
-5.000779824911909964e+04 4.632872902888119296e-20
-5.000733860320184613e+04 8.498863299314290544e-20
-5.000713239918846375e+04 6.729396903951254409e-16
-5.000685846948753897e+04 1.523439714837730018e-17
-5.000656559116714925e+04 5.529858337149377020e-18
-5.000566217698287073e+04 3.976282883529389077e-17
-5.000539813201349170e+04 3.123693599278808484e-18
-5.000520113942298485e+04 1.193793445089083740e-19
-5.000506361340641888e+04 8.690520814807408641e-17
-5.000500927754615259e+04 4.185518370630943832e-18
-5.000422045028033608e+04 2.834905024610510909e-18
-5.000391559095196862e+04 4.370668123659497038e-18
-5.000359097813992412e+04 2.201071930369986931e-17
-5.000352620465685322e+04 1.490356223837627027e-17
-5.000324631535557273e+04 7.224639960276432820e-18
-5.000289220081799431e+04 2.683476811088594281e-15
-5.000264307038119296e+04 2.478493614585305272e-17
-5.000224667189204774e+04 5.101910960444334837e-19
-5.000197615202888846e+04 4.670101574837850662e-17
-5.000139048702915170e+04 4.964272267995459562e-15
-5.000111460976832313e+04 7.663936174626894969e-16
-5.000091212003475084e+04 2.802464765154202132e-17
-5.000078679352446488e+04 9.929847642001791249e-17
-5.000020043901577446e+04 5.980191311381330513e-17
-4.999993435576855700e+04 1.603485725949850584e-16
-4.999978895701279544e+04 2.933684332866837131e-19
-4.999932427950290003e+04 3.606069078592182494e-17
-4.999925529180094600e+04 8.707101347039736925e-18
-4.999898114987733425e+04 2.578710439726450173e-17
-4.999873555676661636e+04 1.905093672707912416e-16
-4.999868970364114648e+04 3.377848076985057046e-15
-4.999791253088876692e+04 4.602816070351688431e-18
-4.999779824024085974e+04 2.480576208535176497e-17
-4.999778475404492201e+04 1.996668261521626137e-16
-4.999730791305020830e+04 5.952904285890235423e-17
-4.999712100606832246e+04 8.551608382867419096e-15
-4.999691362616201513e+04 1.684506732846012122e-16
-4.999661386544815468e+04 7.704288067429489696e-17
-4.999643421097206738e+04 2.222355375238998507e-17
-4.999633087927009183e+04 5.944250558187044738e-18
-4.999583996416151786e+04 7.463726150646153414e-18
-4.999566212963010184e+04 1.283165566122931738e-14
-4.999521124486610643e+04 6.786299765314088710e-17
-4.999498852544987312e+04 7.830808018817972691e-16
-4.999483128803324507e+04 2.347885946458518633e-16
-4.999454798882699106e+04 1.613208594008425325e-14
-4.999397831075417344e+04 8.119884643604844781e-17
-4.999393464929510083e+04 1.379133983430862782e-16
-4.999352603609586367e+04 7.751825708667107269e-19
-4.999328133074176003e+04 2.805796253741969243e-19
-4.999285841621831059e+04 8.003000973610878485e-14
-4.999254877132498223e+04 3.026870432700258615e-17
-4.999252762647438067e+04 5.047250862283450942e-16
-4.999233691480897687e+04 8.441476095101666885e-17
-4.999203641158030950e+04 2.008569970894403836e-17
-4.999138999110792065e+04 6.336832823894171578e-16
-4.999117012527201587e+04 3.187318965391371650e-17
-4.999090171595967695e+04 5.088511378018195308e-16
-4.999073188365470560e+04 2.328811096533879258e-16
-4.999063389527294930e+04 3.090759728149897738e-15
-4.999033528646926425e+04 7.534237547463406300e-15
-4.998993435567493725e+04 1.750146628062051036e-15
-4.998967085724787466e+04 2.951877088145981074e-17
-4.998954637179279962e+04 2.877373875941269025e-17
-4.998925406533944624e+04 5.484146969238159489e-15
-4.998905932055259473e+04 7.343813762573281110e-18
-4.998862292174749018e+04 1.560206266485594325e-13
-4.998854896087228553e+04 3.168320639502048969e-14
-4.998842677255628223e+04 1.089752606861270573e-16
-4.998822447512997314e+04 7.138570912186210446e-16
-4.998779823919474438e+04 2.606240970411186594e-16
-4.998731320750606392e+04 6.692515070447711878e-19
-4.998711851035701693e+04 1.145200026521046430e-12
-4.998706039983835217e+04 7.080571613781315907e-15
-4.998649577442298323e+04 9.378339364900180870e-15
-4.998647854287192604e+04 1.783213180358576979e-15
-4.998566212339750928e+04 1.919055687016819579e-13
-4.998557129867878393e+04 7.835832548356891088e-17
-4.998549262237579387e+04 1.577132956501207181e-18
-4.998498311931198259e+04 1.625094972412074932e-16
-4.998462821408714808e+04 8.129396584462481614e-17
-4.998440180487224279e+04 2.387344472416436927e-13
-4.998430770793645206e+04 2.788324205999509199e-15
-4.998411342645823606e+04 6.095856357974812156e-17
-4.998357276550846291e+04 5.538992587714063549e-16
-4.998352601022852468e+04 2.622205827842429715e-14
-4.998284870018924266e+04 1.226774424923246446e-12
-4.998283326027158910e+04 4.665102190279530431e-14
-4.998263224644406000e+04 5.208188105719726394e-16
-4.998235195207624929e+04 1.102492823919136539e-16
-4.998209625564000453e+04 3.382396432451647312e-16
-4.998205423164575768e+04 3.529196379182722967e-17
-4.998138990562137042e+04 9.615997558795487003e-12
-4.998110712240832072e+04 1.859447040104526054e-15
-4.998088534812747093e+04 8.797234856492445437e-16
-4.998071961468971858e+04 2.310712056579215732e-14
-4.998071433974305546e+04 6.688090065629186155e-14
-4.998021135193880764e+04 1.201442292056160479e-13
-4.997993435566526023e+04 7.497511564822985816e-13
-4.997944176069027890e+04 7.208340777908482096e-17
-4.997933081434125052e+04 1.118664102199301772e-15
-4.997925382371558953e+04 2.443452765149836034e-15
-4.997871192539001640e+04 1.076568679519065920e-15
-4.997858469620161486e+04 5.354052637091829281e-12
-4.997815810533706099e+04 1.101065848418166804e-14
-4.997805468522250885e+04 4.964830960037825640e-17
-4.997798794604444265e+04 6.539857780901784705e-16
-4.997779823907031096e+04 5.882506223800952664e-14
-4.997761026252772717e+04 1.522491982018744413e-15
-4.997719051330978982e+04 2.788482112837487844e-20
-4.997711779318421759e+04 2.842258136094162709e-12
-4.997655553978626267e+04 4.966261438152888599e-15
-4.997645077570263675e+04 8.683266315544110756e-15
-4.997628488785932132e+04 4.587113819337176000e-15
-4.997610426463203476e+04 2.678450438335925293e-13
-4.997588040512348380e+04 1.363917735968790352e-14
-4.997566212254011771e+04 3.133858984107185551e-11
-4.997510086867221253e+04 8.848674081564899398e-16
-4.997498187613331538e+04 8.133837353930989351e-13
-4.997477442817523843e+04 1.139850007083124455e-15
-4.997441417523253040e+04 1.269023118560242841e-13
-4.997432060104021366e+04 1.790737535380896045e-12
-4.997407077353120258e+04 7.019119280184037784e-15
-4.997384478579639108e+04 1.109285240558673418e-14
-4.997352600630792585e+04 1.023990046851563928e-13
-4.997341269268577162e+04 1.241741257937168086e-15
-4.997321077404301468e+04 6.177193131541307919e-16
-4.997284616406094574e+04 1.002093741022969831e-10
-4.997253095655631478e+04 7.252796456965388259e-15
-4.997221324579023349e+04 2.355236117939173926e-13
-4.997218677413544356e+04 2.652004332535510288e-15
-4.997205080224894482e+04 4.789238229837970041e-14
-4.997141754825348471e+04 7.072731502521593665e-15
-4.997138989097516605e+04 7.675033301045952264e-12
-4.997087967331436812e+04 2.419164352184043906e-15
-4.997071083693404216e+04 3.012384024777695650e-13
-4.997024438122662104e+04 4.690797980169017578e-16
-4.997021778401843039e+04 3.040575160442562092e-16
-4.997009539545853477e+04 6.349046516424524791e-12
-4.996993435566245898e+04 3.870327773707428164e-12
-4.996975285203400563e+04 2.098061050537553611e-16
-4.996925377877115534e+04 5.895677274470062599e-12
-4.996918320392620808e+04 1.211527876316687515e-14
-4.996880197871718701e+04 2.327512552776761675e-14
-4.996857605481095379e+04 1.745961688985956268e-11
-4.996835645006525738e+04 3.097234769426450366e-15
-4.996809841063494969e+04 2.456307079842158167e-14
-4.996799154955139966e+04 2.371947977731283283e-13
-4.996779823902461794e+04 1.173759507025203697e-12
-4.996757240644800913e+04 3.078767220019844033e-15
-4.996711767270460405e+04 1.467934869058355890e-09
-4.996680457128730632e+04 2.554357311777087815e-16
-4.996660083700932591e+04 1.069458834252707950e-17
-4.996644237350722688e+04 2.430404123926745052e-12
-4.996623751803976484e+04 4.067273688773066932e-15
-4.996589237601448258e+04 1.644821135887873356e-12
-4.996575833479352877e+04 4.396648605640520065e-16
-4.996566212212388200e+04 8.108747901767570711e-10
-4.996522424806541676e+04 1.944865483270082872e-15
-4.996513128230960865e+04 1.665768411080284009e-14
-4.996498157874846220e+04 5.657010917176135273e-12
-4.996435061371218035e+04 2.378789197553687400e-13
-4.996431018681119167e+04 1.392997257517999173e-10
-4.996417941618166515e+04 1.469085621049047386e-13
-4.996380961114345700e+04 6.469828820456817707e-14
-4.996367319621181377e+04 7.461911086151973816e-14
-4.996352600366318802e+04 3.228801629073632785e-11
-4.996330539684668474e+04 3.984298136648376470e-14
-4.996289695960930840e+04 2.425615674084430887e-17
-4.996284549729978608e+04 5.657224609519141085e-11
-4.996247242604707571e+04 1.083263690030569051e-15
-4.996218193114439055e+04 3.914976450432006703e-12
-4.996193723263320862e+04 4.371212642190909037e-14
-4.996176308016345865e+04 4.172239981820256912e-13
-4.996157208974556852e+04 3.918694650650209344e-14
-4.996138987852339051e+04 1.453928603733000811e-08
-4.996114682723831356e+04 5.917693092746466138e-15
-4.996070943988113868e+04 2.900437587400231365e-11
-4.996053699810356920e+04 1.716680736840592970e-14
-4.996013375167002960e+04 1.465962705475869910e-12
-4.996004678540715395e+04 2.819643039438002614e-11
-4.995993435553960444e+04 4.946905943131101481e-09
-4.995979143902933720e+04 5.881402765669448480e-14
-4.995961228198773460e+04 9.140241530356205524e-15
-4.995925373147906066e+04 7.281028127465065852e-11
-4.995891912331431377e+04 1.843641008423625497e-15
-4.995857338726130547e+04 2.967092063079949535e-09
-4.995838021310012846e+04 2.799185614397201439e-15
-4.995792572593536897e+04 1.095100573493600886e-12
-4.995788029242634366e+04 3.842689668037561483e-14
-4.995779823758325801e+04 1.030202468223969720e-10
-4.995757853288559272e+04 4.190161555935297894e-14
-4.995711752541300666e+04 3.184886503446184225e-10
-4.995707232296049915e+04 3.049404262267465333e-15
-4.995643728607030789e+04 7.131723927387259396e-11
-4.995638655646259576e+04 2.634204948060235984e-14
-4.995615391797020857e+04 9.215305568250628624e-15
-4.995580378024441598e+04 5.048689811023263554e-12
-4.995575570250154851e+04 1.584114838573190577e-13
-4.995566211369117809e+04 6.462375262812830392e-08
-4.995545204217666469e+04 2.431774698814287246e-15
-4.995498117870194255e+04 2.983170480001325677e-10
-4.995496846920291136e+04 1.045310223556121437e-14
-4.995465834273998917e+04 2.933643047073799848e-17
-4.995430100420161034e+04 6.806728635308960381e-10
-4.995401091615197220e+04 8.798204670889056506e-15
-4.995369043751189747e+04 1.976493456456298480e-13
-4.995361829734122148e+04 2.136854359939837530e-15
-4.995352596877334872e+04 6.181331633521218550e-10
-4.995349264140875312e+04 1.570236025662756576e-14
-4.995290971895851544e+04 1.766216054880079920e-12
-4.995284452730413614e+04 5.938055336246113501e-08
-4.995246956623499136e+04 4.729536312789903431e-14
-4.995235601520098862e+04 3.377838562221377031e-14
-4.995216419682418200e+04 1.778235874040235447e-11
-4.995182610444789316e+04 2.075294165110788773e-14
-4.995166371660490404e+04 9.538841460670285584e-15
-4.995156915567401302e+04 1.157235649110336290e-12
-4.995138975620405836e+04 7.292571198522618519e-08
-4.995127457035289262e+04 8.819120043145252336e-16
-4.995071061585609277e+04 2.073346897349905727e-11
-4.995070721805420908e+04 1.214763232178052132e-09
-4.995037430379599391e+04 1.266510700943145154e-15
-4.995002694713538949e+04 8.947703221204306160e-11
-4.994993435393355321e+04 1.203232227029252296e-08
-4.994972604545462673e+04 1.332533073950729621e-14
-4.994960990395485715e+04 1.357419343420065273e-14
-4.994945872755069286e+04 4.226409465772780841e-14
-4.994925334149799164e+04 2.660965021527424062e-09
-4.994863376579031319e+04 8.682374731605635758e-13
-4.994856888674090442e+04 1.715007927467628759e-08
-4.994822801105029066e+04 8.015207496809195523e-14
-4.994788738980325434e+04 2.347271938787932191e-12
-4.994779821439427178e+04 3.774113270406272856e-09
-4.994770408289334591e+04 3.144824375815653079e-15
-4.994744812077220558e+04 8.542821010652964684e-14
-4.994734932887027389e+04 5.927415238444523410e-13
-4.994711639878442656e+04 1.073641939013510986e-06
-4.994691609175750636e+04 2.019396440462150027e-14
-4.994642853897504392e+04 3.495561208956145202e-10
-4.994594748625163629e+04 2.261202913667448595e-14
-4.994586167850586207e+04 8.370796559677062206e-14
-4.994574690541203017e+04 2.563746103333442818e-11
-4.994566194788464054e+04 2.285926105306037809e-06
-4.994554453112752526e+04 7.409704028979811065e-14
-4.994524862121180922e+04 2.540525467619962782e-15
-4.994497827118988062e+04 1.972255336960964294e-08
-4.994491315638826200e+04 1.483573837925139649e-14
-4.994428498573526304e+04 1.635389827900321277e-09
-4.994424256609868462e+04 2.027769157125288829e-13
-4.994371298306708923e+04 1.309694418206878162e-14
-4.994359468337008730e+04 2.910066667403803876e-13
-4.994352522448037053e+04 2.368044472394403201e-08
-4.994338378005266713e+04 1.068094130537198117e-14
-4.994318347958916274e+04 3.087552533381080980e-14
-4.994308234484939021e+04 2.586369382223608101e-13
-4.994283782096527284e+04 4.699056217476897476e-07
-4.994217414099275629e+04 2.137563644402980197e-13
-4.994213655376822135e+04 3.899059364665595865e-11
-4.994167633408253459e+04 8.597423019776126395e-14
-4.994159470629589487e+04 1.020828526890969827e-13
-4.994144109972019942e+04 6.557347676392809779e-12
-4.994138735532063583e+04 1.594732598038173444e-05
-4.994108335361731588e+04 1.638916357819777580e-13
-4.994069331281862833e+04 7.322206848881110750e-09
-4.994068117698077549e+04 3.443014747853108360e-13
-4.994031835400688578e+04 6.463134139039368390e-14
-4.993998132316418196e+04 6.790043940588503054e-10
-4.993994512450816546e+04 1.428952548079643807e-12
-4.993993427788890403e+04 3.250802066000926173e-06
-4.993961007408860314e+04 7.271172183042340262e-18
-4.993928766570744483e+04 1.352002460419472034e-11
-4.993924716326240014e+04 2.740323066210605711e-07
-4.993894394828008808e+04 5.870632244371149208e-14
-4.993882895642265794e+04 1.240216366367505836e-12
-4.993854237419879792e+04 3.302031790023046671e-08
-4.993801630470918462e+04 6.950016941318016213e-16
-4.993795276868854125e+04 9.837449442010391203e-17
-4.993781640323135071e+04 3.631920523748326733e-13
-4.993779772071848129e+04 3.048879070509713759e-07
-4.993723974980486673e+04 2.305492087757496415e-12
-4.993712256454889575e+04 1.856549342699287829e-08
-4.993710275406856817e+04 1.387097251275184346e-05
-4.993677972414502437e+04 6.023394288335953146e-13
-4.993638210611725663e+04 7.723360752008101214e-10
-4.993619201885701477e+04 5.032424708205773989e-14
-4.993566015329974471e+04 1.429448600390921813e-04
-4.993564194284457335e+04 2.078871805974196286e-08
-4.993559053857311665e+04 5.399038156576428664e-11
-4.993527491974903387e+04 5.355714137577455308e-14
-4.993507898355312500e+04 3.057804935314512666e-13
-4.993495232260363991e+04 1.103007105623607078e-07
-4.993494900895001047e+04 3.933337810467960754e-08
-4.993449068324464315e+04 4.779437966132192190e-12
-4.993420925831326895e+04 1.944964150545965211e-08
-4.993373686381241714e+04 4.476235320129775107e-15
-4.993351954558071156e+04 2.974582013127788202e-06
-4.993345459921747533e+04 2.327338323629930342e-10
-4.993332607545481005e+04 1.337199596975677601e-12
-4.993301382573237788e+04 6.747619933433664769e-12
-4.993278973264920933e+04 5.887409823134222861e-07
-4.993276180162086530e+04 4.081573519095590460e-09
-4.993248182283750066e+04 2.249819864011189833e-13
-4.993202063827449456e+04 3.852363391077232196e-11
-4.993191206184935436e+04 3.514435548899148392e-13
-4.993148232334847125e+04 4.777365722124784476e-11
-4.993137103866149846e+04 4.488727634266920967e-04
-4.993124337586570618e+04 3.879399305189758055e-08
-4.993094187762960064e+04 2.360633875087607257e-11
-4.993061340420797933e+04 9.878790471573549183e-09
-4.993059417136791308e+04 3.452535852990815405e-10
-4.993052629496048030e+04 3.159921903912403714e-14
-4.992995050613714557e+04 4.383889804140612599e-12
-4.992993200567633903e+04 7.342005486830429369e-06
-4.992981332147751527e+04 2.785153438221244112e-08
-4.992934746347004693e+04 4.848098873846509629e-12
-4.992920751919398026e+04 3.270548999286895819e-06
-4.992913870700517145e+04 5.512682379005813857e-11
-4.992901382782632572e+04 3.315780721243062521e-10
-4.992855567033515399e+04 1.149859047732876106e-11
-4.992841744666093291e+04 2.335840624312841055e-07
-4.992837607911731902e+04 3.275045015218987796e-09
-4.992778295738653833e+04 1.852943922344199839e-05
-4.992758510178524739e+04 9.191785001783697756e-10
-4.992741462057074386e+04 2.680905975136443334e-13
-4.992727527000471309e+04 7.548512951995081079e-13
-4.992702105260773533e+04 2.026823047363341640e-05
-4.992677509560376348e+04 1.330560510641087931e-09
-4.992625892290187767e+04 5.020668750783726910e-11
-4.992619837412921333e+04 1.217613344621580181e-09
-4.992615443981670978e+04 2.410092808130047476e-14
-4.992589438324980438e+04 1.443873629630973933e-10
-4.992560760801401921e+04 1.715737362686621525e-02
-4.992545973668922670e+04 4.504535495982468293e-10
-4.992533388235478924e+04 3.627113193077126341e-07
-4.992510253934369393e+04 5.276672841499518778e-10
-4.992480457863435004e+04 3.066731218062302301e-07
-4.992451779855061613e+04 5.158150405930382626e-10
-4.992407081537691556e+04 5.654094305653387153e-12
-4.992397924218232947e+04 1.881602475943706041e-08
-4.992395171091116208e+04 4.906271671049656862e-07
-4.992376251656954992e+04 3.177730642134748851e-10
-4.992339802430513373e+04 5.876777288591337914e-05
-4.992330985310867982e+04 3.694252770391084450e-11
-4.992312696473404503e+04 2.250876113807434550e-14
-4.992305874976103223e+04 4.446674314095391353e-09
-4.992270066439123912e+04 8.417489976349022827e-12
-4.992255307445845392e+04 1.075560781248160086e-05
-4.992223981238360284e+04 1.900111687952278171e-08
-4.992179289871871151e+04 2.323257034979516499e-13
-4.992168038971647911e+04 2.886551609948123017e-08
-4.992125985365342785e+04 8.982833039046304114e-11
-4.992114571077670553e+04 1.203853659188217800e-04
-4.992096628954120388e+04 6.415804920103334204e-11
-4.992076074784358207e+04 5.424938804131815353e-07
-4.992052069832563575e+04 8.468755339768131708e-09
-4.992026382393694075e+04 4.935371833452775533e-06
-4.991994810020113800e+04 5.648005480605723363e-07
-4.991989817560790834e+04 9.807268810136763326e-01
-4.991974864203022298e+04 7.228831556005205954e-10
-4.991942626327819016e+04 1.013953339739956878e-07
-4.991937910006671154e+04 8.895913958108136302e-06
-4.991918014403099369e+04 2.993593680013087914e-10
-4.991884499887852144e+04 2.145054796564145900e-06
-4.991854428952793387e+04 2.483836784523018423e-14
-4.991843587984720216e+04 1.065121613076316622e-09
-4.991793600494059501e+04 1.501743238106693004e-05
-4.991769901712629508e+04 1.028295077986188721e-03
-4.991764401019471552e+04 1.255665522755273083e-10
-4.991758517866375041e+04 7.251001762396501535e-10
-4.991726881738752854e+04 1.132085325459179351e-11
-4.991716832499509474e+04 1.864069306277291988e-10
-4.991705019233122584e+04 7.871007620206438723e-08
-4.991651931743321620e+04 4.479649639916765678e-08
-4.991649376082560048e+04 9.741340100888299801e-05
-4.991608963378878980e+04 3.134635129346282328e-09
-4.991557013584522792e+04 1.158720096567261902e-07
-4.991537436579936912e+04 1.989851179406026338e-06
-4.991531173648584081e+04 2.390498693577557374e-11
-4.991519463295200694e+04 8.185863101307711187e-11
-4.991469296131902956e+04 3.479607548349093274e-09
-4.991432953149982495e+04 3.573265272846823298e-12
-4.991409296492388239e+04 6.564585531785530451e-07
-4.991376870456391771e+04 1.125562665854983121e-13
-4.991372128136696119e+04 1.478332750016660535e-12
-4.991351867232022778e+04 1.043042560170937833e-11
-4.991316792260166403e+04 1.062111444832480494e-07
-4.991301931956171757e+04 1.011587760902601848e-10
-4.991299615599662502e+04 6.629192906138528658e-11
-4.991294864678556769e+04 7.055742490388934688e-07
-4.991260094022538397e+04 5.471616122294206115e-11
-4.991230820521876740e+04 5.695563586219553157e-12
-4.991164566903775267e+04 7.751023082800000882e-07
-4.991150168518155988e+04 1.257882990411206222e-12
-4.991133706608552893e+04 2.857038233122067557e-09
-4.991131104420748306e+04 1.689826729312149749e-09
-4.991115927451464813e+04 1.707868163790311749e-10
-4.991073888779336994e+04 2.959474293159156656e-08
-4.991071755292593298e+04 1.493336202881637026e-08
-4.991065290562619339e+04 1.577236879206879927e-10
-4.991044268283477140e+04 7.825052080449100924e-05
-4.991029748135706177e+04 1.953943928812193516e-10
-4.990989705463494465e+04 1.374608405324809801e-07
-4.990922394561992405e+04 1.766124798916031804e-12
-4.990915632704668678e+04 2.852257608760629948e-10
-4.990891897680731927e+04 2.985671470175992712e-13
-4.990850497027051460e+04 3.743621057492270151e-10
-4.990835510890380101e+04 7.237205151381229265e-09
-4.990825300028821948e+04 8.537658351297882979e-08
-4.990812501021357457e+04 5.861010491454368102e-11
-4.990787347591628350e+04 3.025836423472412393e-07
-4.990746142210409744e+04 2.070263551866976564e-09
-4.990739105694938917e+04 3.319411510907939403e-12
-4.990705463125522510e+04 3.193651476378484648e-12
-4.990663134146720404e+04 1.303457026651754754e-07
-4.990647902274891385e+04 5.734016752244619747e-09
-4.990606755741644156e+04 1.559483671527087041e-11
-4.990577273805209552e+04 2.411877854645301859e-10
-4.990574379468894040e+04 3.275532464197659807e-10
-4.990525622582148208e+04 2.771119656559446029e-08
-4.990514980341070623e+04 3.757468289612460516e-11
-4.990499777131390147e+04 5.747221852443236863e-10
-4.990477926646365813e+04 8.502610466997368440e-14
-4.990421377965177089e+04 5.717554744563019102e-13
-4.990408890515092207e+04 1.051325401750062413e-09
-4.990400697691627283e+04 4.486861209978742560e-10
-4.990323403090779175e+04 6.186275038701361277e-10
-4.990296081036347459e+04 2.036847986506622928e-12
-4.990261852525166614e+04 4.793435706209167050e-11
-4.990249605895152490e+04 2.003426871378569805e-11
-4.990195760909015371e+04 5.236022777621830665e-13
-4.990159309995130752e+04 3.684389631135564648e-10
-4.990146907910367008e+04 3.536725469742581218e-10
-4.990144605527930253e+04 1.446412331253878641e-09
-4.990109806239188765e+04 3.730647561074589276e-14
-4.990068760107637354e+04 8.501385627319833568e-12
-4.990048173127068003e+04 8.629731991367781495e-14
-4.990042747604022588e+04 1.158333548816224574e-11
-4.990004559887039795e+04 4.323681003626275032e-09
-4.989986078997554432e+04 2.592433765988582442e-08
-4.989961639776046650e+04 8.470311294986433696e-12
-4.989909525571163249e+04 2.710349472608529323e-14
-4.989900517094517272e+04 7.033250129973072968e-14
-4.989883305041573476e+04 2.012407287845327261e-12
-4.989860379991820082e+04 7.819458966467592853e-14
-4.989811936356319347e+04 2.633011974698339843e-10
-4.989805304650474864e+04 5.743295454815641813e-11
-4.989783355380511784e+04 5.014043162126560787e-12
-4.989753849071143486e+04 7.959291590458428640e-12
-4.989737375558669737e+04 2.756099405388345787e-12
-4.989714678189623373e+04 1.932588546406065980e-10
-4.989657463874779205e+04 2.174970082839270247e-12
-4.989618920866863482e+04 1.387376494406590265e-10
-4.989574920507866773e+04 3.390596722773534268e-13
-4.989553382404511649e+04 2.585755431968231140e-12
-4.989538970275485917e+04 6.770219161965966184e-13
-4.989498506973715121e+04 4.623614441223472407e-12
-4.989497316769394092e+04 6.446778371175339033e-14
-4.989441751415932958e+04 5.724414891835183065e-11
-4.989437408172860887e+04 2.382874718486628542e-11
-4.989403633527884085e+04 2.957305627979432114e-14
-4.989352527080115397e+04 2.230125252465453412e-12
-4.989321792238147464e+04 5.123344177118296023e-14
-4.989291536928619462e+04 4.549217002670424332e-12
-4.989255803075846779e+04 5.935825615427492459e-14
-4.989241581379668787e+04 3.237362799567658964e-14
-4.989221725381799479e+04 6.322190386633409294e-15
-4.989190371762337600e+04 2.051005088597454436e-16
-4.989163996965520346e+04 4.490968986694013663e-14
-4.989085526248838141e+04 5.161434996239331800e-12
-4.989052016054404521e+04 1.409494678853574221e-13
-4.989031034342360363e+04 9.906678643573008732e-15
-4.988984074315536418e+04 2.217960117683958569e-14
-4.988979778477752552e+04 3.583845533789158841e-14
-4.988887345598770480e+04 1.458442445933227703e-11
-4.988853519481412513e+04 5.198307668875959410e-13
-4.988833164658619353e+04 5.341874069066319736e-17
-4.988815692508551729e+04 3.870786004060604734e-14
-4.988798804731211567e+04 1.383404473779321230e-13
-4.988787661031028983e+04 2.666541372396489899e-15
-4.988758303957998578e+04 6.702911214737873185e-13
-4.988732717000911362e+04 1.565432748744625736e-13
-4.988719006846078992e+04 2.797204013300231489e-16
-4.988610997230139037e+04 1.126524726181023964e-13
-4.988595598792272358e+04 3.473515134125043068e-14
-4.988568829033539077e+04 1.135046469198420309e-15
-4.988544383264594944e+04 3.930622697141171498e-14
-4.988542393980090128e+04 6.683915168030509071e-14
-4.988510293281877966e+04 1.678147795551602179e-15
-4.988492739326274022e+04 1.809938462278259662e-14
-4.988474872962541122e+04 2.648185538682315300e-15
-4.988441723936746712e+04 6.138500307886119210e-15
-4.988330355884644814e+04 1.176692152667106294e-13
-4.988272768486196583e+04 2.746421667781287940e-15
-4.988260543853137642e+04 1.882029478761023967e-16
-4.988243814063845639e+04 1.228506246885297380e-14
-4.988227878867470281e+04 1.614178366442389597e-14
-4.988188706116548565e+04 4.083905976730877249e-15
-4.988182569159544073e+04 7.408693349778523042e-16
-4.988134273795242916e+04 1.714198970540577453e-16
-4.988052523685587221e+04 2.747047839247361253e-16
-4.988021223477779131e+04 1.892950043479686472e-15
-4.987996638700250332e+04 5.081389043621380071e-15
-4.987969848714953696e+04 1.254066764551805989e-15
-4.987967112624244328e+04 2.720513066417808212e-15
-4.987923411355664575e+04 1.124034677104915406e-17
-4.987892806301606470e+04 2.324779810769458723e-20
-4.987809060703354771e+04 4.170095402739047507e-17
-4.987773419498529256e+04 6.471307831315983511e-15
-4.987747080893118255e+04 4.219543458172154374e-18
-4.987701046501503151e+04 2.909931864673028686e-16
-4.987678129689148773e+04 2.562565745089787086e-15
-4.987541879811288527e+04 6.231018293184209011e-18
-4.987526680487149133e+04 8.624282829533286737e-21
-4.987499156514524657e+04 4.317040472112406382e-17
-4.987471372120430897e+04 5.653065036516069057e-17
-4.987433541738929489e+04 8.006781245284480646e-18
-4.987430001074824395e+04 3.065938411556713083e-17
-4.987421666121717135e+04 1.252648017854665973e-17
-4.987399334698200255e+04 5.238856870592459528e-17
-4.987270054555812385e+04 4.102559820867689201e-21
-4.987223974413787073e+04 1.650480453985956104e-17
-4.987202966934120923e+04 1.101180115335513964e-16
-4.987194843931774085e+04 3.587946147190366070e-18
-4.987160987814276450e+04 1.273926594754329031e-21
-4.987156018548791326e+04 3.208798390794421035e-19
-4.987147412861165503e+04 1.092974838696601707e-18
-4.987098581017129618e+04 8.640292346828826738e-17
-4.986932420601703052e+04 2.128531455724607150e-19
-4.986913455050754419e+04 1.730617804150166891e-20
-4.986887994384055492e+04 2.005947651323777947e-17
-4.986824909042995569e+04 5.601744840059478373e-19
-4.986819479346939625e+04 1.512655659142604624e-18
-4.986804525313062913e+04 9.500080086007119905e-20
-4.986703933033885551e+04 4.885343606831273410e-19
-4.986674841364585154e+04 2.060245509116715795e-19
-4.986608960630015645e+04 3.006101563449544265e-19
-4.986571502007445088e+04 4.025918010382242251e-18
-4.986546128869895620e+04 5.997738441758698511e-20
-4.986533610672036593e+04 8.039318899135561006e-21
-4.986455583062658843e+04 7.888399987697125231e-20
-4.986445346849902853e+04 2.403688331038849114e-20
-4.986386008091552503e+04 2.647080379451692253e-21
-4.986317754427704494e+04 8.775091872033401692e-21
-4.986286814556149329e+04 9.450496789990591089e-20
-4.986182893767055793e+04 1.756029893959134008e-23
-4.986155686038854765e+04 2.317398092604218927e-20
-4.986096613249473739e+04 2.119492311036644502e-21
-4.986034936210705200e+04 4.766639078384485934e-22
-4.985993838523697195e+04 2.491653615042163544e-19
-4.985957999848105101e+04 4.340204181034043446e-22
-4.985945499677315820e+04 1.130860544124062486e-21
-4.985883262483910221e+04 1.205392701634649318e-21
-4.985818453412569943e+04 1.313881596091131439e-21
-4.985761331157999666e+04 3.428860205717838646e-21
-4.985737385881952650e+04 3.114899695786241236e-20
-4.985704134110755695e+04 1.847368603668531718e-21
-4.985672950049379142e+04 1.911154641386968921e-24
-4.985659259316270618e+04 1.057707340046388056e-23
-4.985486501507239154e+04 1.866978847095063378e-21
-4.985469157394133799e+04 3.859246044693022375e-22
-4.985452582990281371e+04 7.197764054239901669e-22
-4.985396885506307444e+04 5.611948968741363047e-22
-4.985305744638979377e+04 4.024318917138041529e-23
-4.985208040227952006e+04 0.000000000000000000e+00
-4.985190850870573922e+04 5.630805110920502396e-23
-4.985114403640413366e+04 2.946250750320673276e-23
-4.985084859732074256e+04 1.621925263390338423e-23
-4.985017122290697444e+04 6.543626570356360608e-24
-4.984991407467587123e+04 7.482454963221514462e-24
-4.984918302104401664e+04 6.617729712033898540e-24
-4.984834208095807116e+04 2.697760735960638210e-22
-4.984775219545344589e+04 4.557222503780110691e-24
-4.984709311291217455e+04 0.000000000000000000e+00
-4.984636969116933324e+04 7.598843544790649251e-23
-4.984584559973061550e+04 2.253339608406650459e-24
-4.984536334859676572e+04 4.915400032016627618e-24
-4.984375586027157988e+04 0.000000000000000000e+00
-4.984347077091498795e+04 0.000000000000000000e+00
-4.984328097560520109e+04 0.000000000000000000e+00
-4.984289855915605585e+04 0.000000000000000000e+00
-4.984277566490100435e+04 0.000000000000000000e+00
-4.984190626044095552e+04 0.000000000000000000e+00
-4.984068068466207478e+04 0.000000000000000000e+00
-4.984026497165527690e+04 0.000000000000000000e+00
-4.983984394852527475e+04 0.000000000000000000e+00
-4.983896522702291259e+04 0.000000000000000000e+00
-4.983870037955349108e+04 0.000000000000000000e+00
-4.983774343760735792e+04 0.000000000000000000e+00
-4.983597448459923908e+04 0.000000000000000000e+00
-4.983571005160970526e+04 0.000000000000000000e+00
-4.983542156316977344e+04 0.000000000000000000e+00
-4.983474512772516755e+04 0.000000000000000000e+00
-4.983291340069931175e+04 0.000000000000000000e+00
-4.983246165001342888e+04 0.000000000000000000e+00
-4.983197688848945108e+04 0.000000000000000000e+00
-4.983106709477910772e+04 0.000000000000000000e+00
-4.982894763901399710e+04 0.000000000000000000e+00
-4.982811789165264781e+04 0.000000000000000000e+00
-4.982761496225677547e+04 0.000000000000000000e+00
-4.982640681608812883e+04 0.000000000000000000e+00
-4.982563981270529621e+04 0.000000000000000000e+00
-4.982467383899768902e+04 0.000000000000000000e+00
-4.982460498726048536e+04 0.000000000000000000e+00
-4.982330223746209231e+04 0.000000000000000000e+00
-4.982267043413011561e+04 0.000000000000000000e+00
-4.982245897860619152e+04 0.000000000000000000e+00
-4.982142127004564827e+04 0.000000000000000000e+00
-4.981961055341321480e+04 0.000000000000000000e+00
-4.981891052935288462e+04 0.000000000000000000e+00
-4.981715868340109591e+04 0.000000000000000000e+00
-4.981574273636158614e+04 0.000000000000000000e+00
-4.981513978251429944e+04 0.000000000000000000e+00
-4.981391195238134969e+04 0.000000000000000000e+00
-4.981193943332132767e+04 0.000000000000000000e+00
-4.981070495117392420e+04 0.000000000000000000e+00
-4.980770948878757190e+04 0.000000000000000000e+00
-4.980714193187248020e+04 0.000000000000000000e+00
-4.980521390448655438e+04 0.000000000000000000e+00
-4.980425560117659188e+04 0.000000000000000000e+00
-4.980402427825737686e+04 0.000000000000000000e+00
-4.980185363277782744e+04 0.000000000000000000e+00
-4.980085882295817282e+04 0.000000000000000000e+00
-4.979814544027940428e+04 0.000000000000000000e+00
-4.979740465200076142e+04 0.000000000000000000e+00
-4.979472516491552960e+04 0.000000000000000000e+00
-4.979395858009256335e+04 0.000000000000000000e+00
-4.978323660110116907e+04 0.000000000000000000e+00
-4.978277437560656108e+04 0.000000000000000000e+00
-4.977972236260977661e+04 0.000000000000000000e+00
-4.977925972556292254e+04 0.000000000000000000e+00
4.993995007875161537e+04 0.000000000000000000e+00
4.994166743823321303e+04 0.000000000000000000e+00
4.994168384893632901e+04 0.000000000000000000e+00
4.994183939225174254e+04 0.000000000000000000e+00
4.994309615955637128e+04 0.000000000000000000e+00
4.994311147042540688e+04 0.000000000000000000e+00
4.994353555035140016e+04 0.000000000000000000e+00
4.994502506185639504e+04 0.000000000000000000e+00
4.994629433156001323e+04 0.000000000000000000e+00
4.994664947291511635e+04 0.000000000000000000e+00
4.994666852220983856e+04 0.000000000000000000e+00
4.994734956292861898e+04 0.000000000000000000e+00
4.994779583975404967e+04 0.000000000000000000e+00
4.994783880656568363e+04 0.000000000000000000e+00
4.994819110498503869e+04 0.000000000000000000e+00
4.994872225364756741e+04 0.000000000000000000e+00
4.994914407342746563e+04 0.000000000000000000e+00
4.994960337634448661e+04 0.000000000000000000e+00
4.994997938224844256e+04 0.000000000000000000e+00
4.995006639823283331e+04 0.000000000000000000e+00
4.995046986348644714e+04 0.000000000000000000e+00
4.995102508186907653e+04 0.000000000000000000e+00
4.995158899579203717e+04 0.000000000000000000e+00
4.995217579802871478e+04 0.000000000000000000e+00
4.995231320945688640e+04 0.000000000000000000e+00
4.995292029770091904e+04 0.000000000000000000e+00
4.995377127777116402e+04 0.000000000000000000e+00
4.995427971941814758e+04 0.000000000000000000e+00
4.995446598058973177e+04 0.000000000000000000e+00
4.995546069406470633e+04 0.000000000000000000e+00
4.995616565247330436e+04 0.000000000000000000e+00
4.995632639246701729e+04 0.000000000000000000e+00
4.995740737407924462e+04 0.000000000000000000e+00
4.995818365964374243e+04 0.000000000000000000e+00
4.995829058676274872e+04 0.000000000000000000e+00
4.995957245741698716e+04 0.000000000000000000e+00
4.996005070768450241e+04 0.000000000000000000e+00
4.996007269084487052e+04 0.000000000000000000e+00
4.996059589460128336e+04 0.000000000000000000e+00
4.996173849132894247e+04 0.000000000000000000e+00
4.996221993413565360e+04 0.000000000000000000e+00
4.996238215361812036e+04 0.000000000000000000e+00
4.996283478789377841e+04 0.000000000000000000e+00
4.996397823690097721e+04 0.000000000000000000e+00
4.996435874910440180e+04 0.000000000000000000e+00
4.996462217743076326e+04 0.000000000000000000e+00
4.996554945481759205e+04 0.000000000000000000e+00
4.996580548118025763e+04 0.000000000000000000e+00
4.996648477334604104e+04 0.000000000000000000e+00
4.996722698136069812e+04 1.963317440432819705e-24
4.996776483092108538e+04 0.000000000000000000e+00
4.996856738930332358e+04 0.000000000000000000e+00
4.996876228400418768e+04 0.000000000000000000e+00
4.996897576593654230e+04 0.000000000000000000e+00
4.997007354241803841e+04 0.000000000000000000e+00
4.997014399430615595e+04 0.000000000000000000e+00
4.997069756609982869e+04 3.432178481898810244e-24
4.997087665406840824e+04 0.000000000000000000e+00
4.997190966499584465e+04 0.000000000000000000e+00
4.997206727753311861e+04 1.098930972020949909e-24
4.997222502667893423e+04 0.000000000000000000e+00
4.997275149715422594e+04 0.000000000000000000e+00
4.997307707395967736e+04 0.000000000000000000e+00
4.997336478505750711e+04 0.000000000000000000e+00
4.997423395020370663e+04 1.015343084814413729e-24
4.997437489410658600e+04 0.000000000000000000e+00
4.997478434076997655e+04 4.286426298503386599e-24
4.997506726055196486e+04 0.000000000000000000e+00
4.997549636891669797e+04 0.000000000000000000e+00
4.997581634691678482e+04 0.000000000000000000e+00
4.997607101629150566e+04 0.000000000000000000e+00
4.997641348054719128e+04 0.000000000000000000e+00
4.997652328397548263e+04 5.932559850271176547e-24
4.997674168830617418e+04 0.000000000000000000e+00
4.997676726910284924e+04 0.000000000000000000e+00
4.997709282001855900e+04 0.000000000000000000e+00
4.997741243506244791e+04 0.000000000000000000e+00
4.997781554473300639e+04 0.000000000000000000e+00
4.997841542957669299e+04 7.183995805826590911e-24
4.997864068942367157e+04 1.619201968577008563e-23
4.997866942306583951e+04 5.608222263810926234e-24
4.997901544337142695e+04 1.475139344898465994e-23
4.997953042258464120e+04 3.171109288592896801e-24
4.998007363200694817e+04 0.000000000000000000e+00
4.998037099384023168e+04 1.184702518164719585e-24
4.998053991460456018e+04 0.000000000000000000e+00
4.998079333446932287e+04 0.000000000000000000e+00
4.998103599076683167e+04 0.000000000000000000e+00
4.998139175547123159e+04 0.000000000000000000e+00
4.998200180013340287e+04 3.219325393417679536e-23
4.998222558506115456e+04 1.042867319823996178e-24
4.998235639534523943e+04 5.857448456838698536e-23
4.998267563675749989e+04 3.738670010940909541e-23
4.998292409498237976e+04 5.908961246516102333e-24
4.998351378534657852e+04 1.574372613179933940e-23
4.998403128284409468e+04 0.000000000000000000e+00
4.998434471730871155e+04 9.705738382121278384e-24
4.998437742803819856e+04 0.000000000000000000e+00
4.998497068407270126e+04 3.100754271089552628e-22
4.998508156469166715e+04 3.481998645423943707e-22
4.998595456356326758e+04 7.181836868971236050e-23
4.998652835407882958e+04 1.059870490314405828e-22
4.998654401509115996e+04 4.108808143164074632e-24
4.998687438584189658e+04 1.754286121063001426e-24
4.998711886313112336e+04 1.516576044879531496e-24
4.998760630685462093e+04 2.126897085442606703e-23
4.998785306461013533e+04 0.000000000000000000e+00
4.998812769737634517e+04 2.329147232610707710e-24
4.998867823602561111e+04 1.273293647448705452e-23
4.998915354600403953e+04 6.812951727448687084e-22
4.998945971421592549e+04 1.434643222932175670e-22
4.998949047589118709e+04 1.561053435068798623e-22
4.999007364164976752e+04 0.000000000000000000e+00
4.999055725546617032e+04 2.489772810798748394e-23
4.999082598562660860e+04 3.892556919555052170e-21
4.999093270969292644e+04 1.269439391321927148e-23
4.999116298640947207e+04 7.400519616571233184e-23
4.999183141564230755e+04 0.000000000000000000e+00
4.999222566088078747e+04 4.343356245558901083e-22
4.999222860707221844e+04 1.850276287476180293e-23
4.999285222100130341e+04 7.845908719902003500e-22
4.999296977126897400e+04 2.536376490561051309e-24
4.999331135486849234e+04 2.257924181580339775e-21
4.999363381724103965e+04 2.299115159074017071e-22
4.999437764903940115e+04 2.176934816125832084e-23
4.999480138931937108e+04 5.282636603687769595e-23
4.999500312816565565e+04 3.037697272575392582e-22
4.999510612673409923e+04 7.405390410615980535e-22
4.999510926348649809e+04 5.131391423105818970e-22
4.999597249501158512e+04 3.537572067444598689e-23
4.999625384966909041e+04 1.181503664820496253e-23
4.999652951848886732e+04 9.191885581179014444e-21
4.999663042110928654e+04 1.468232129525280657e-22
4.999693435235670768e+04 2.456247319362383721e-21
4.999723914777101891e+04 5.555253022379427259e-22
4.999753279764940817e+04 8.970165070685604563e-23
4.999797198463299719e+04 1.007612669765302620e-21
4.999826108049756294e+04 2.144554906107029360e-23
4.999868111433949525e+04 6.321275767940896494e-23
4.999906835263448738e+04 4.120923826020601795e-22
4.999933397152098769e+04 3.753596090929713565e-21
4.999936020376313536e+04 5.512388867269408421e-20
5.000001072079023288e+04 1.473968158009845122e-22
5.000007364265257638e+04 2.941425733647138299e-24
5.000048142570102937e+04 1.837859262577699118e-24
5.000083196790984221e+04 4.736404995530685869e-21
5.000085666648099141e+04 4.615818347966493071e-21
5.000124969784529821e+04 9.989263257458449565e-22
5.000146717570096371e+04 5.501806667258725571e-24
5.000154435948854371e+04 8.343413690820970416e-22
5.000222567481347505e+04 1.400546928314708708e-21
5.000235355301373784e+04 2.800629352322090024e-22
5.000244858250376274e+04 9.150366555604400565e-24
5.000296259911059315e+04 4.332769137591988084e-24
5.000298328391821997e+04 3.212188137644844776e-21
5.000335108978788776e+04 9.596624930889088569e-22
5.000356304043687123e+04 3.749155616133087723e-20
5.000385678082912636e+04 3.077671675643170343e-22
5.000389553243590490e+04 2.173987525268586962e-21
5.000437770137561893e+04 6.531663800556082109e-22
5.000444495764825842e+04 4.373761568253364448e-23
5.000505155042019032e+04 2.563200755248951792e-22
5.000513029403691326e+04 6.628555701293170413e-19
5.000546332117605925e+04 1.992477355134807562e-22
5.000563450598730560e+04 3.299601074302810815e-21
5.000629644907545298e+04 9.125926365255352067e-24
5.000632679486514098e+04 1.061432766014491610e-21
5.000652970890258439e+04 2.687417628854340497e-19
5.000700536145798833e+04 1.681854547275471622e-22
5.000727600357192568e+04 8.602817614314705584e-22
5.000766535351509810e+04 1.206629480469039751e-19
5.000771673175292381e+04 3.223538589951523624e-22
5.000789932295204198e+04 8.233478515850749911e-21
5.000823912689372082e+04 6.133909425503472133e-21
5.000868166079291404e+04 1.248117524152507594e-20
5.000909310354312765e+04 4.361877577589964582e-22
5.000929617890110967e+04 1.229979082900044234e-22
5.000941755903037847e+04 1.672005503035849152e-19
5.000959663761447155e+04 6.142903823792327315e-22
5.000989445393172355e+04 1.371364198843717532e-21
5.001007364275833970e+04 1.253784144202999707e-21
5.001055193877077545e+04 1.289353047827736996e-22
5.001067334845439473e+04 7.016554916473578582e-24
5.001083347847025289e+04 4.509288820463002070e-18
5.001119746069973189e+04 3.955957226795746489e-21
5.001154770080874732e+04 3.122277080742991092e-20
5.001170108498764603e+04 6.625813593290473648e-21
5.001179462154900830e+04 7.626513023097713664e-22
5.001202969223311811e+04 2.087419579397562447e-21
5.001222567600521870e+04 1.238474507195350273e-18
5.001297358242270275e+04 1.177851836631509704e-20
5.001298499403506139e+04 1.917386472468923680e-20
5.001319388899744081e+04 2.167813811511710246e-21
5.001368206252922391e+04 2.503485305045625127e-18
5.001375259509520401e+04 8.370982159243395435e-21
5.001437770846892818e+04 2.585384342656679294e-20
5.001470973109688202e+04 1.025646270880810348e-23
5.001478273183803685e+04 0.000000000000000000e+00
5.001513611253535782e+04 2.723527284500174256e-21
5.001561021516533219e+04 7.277211951804333784e-20
5.001579145089542726e+04 1.554946440754215575e-20
5.001598312146114040e+04 1.715717145185127461e-21
5.001614005801516032e+04 3.320756091127298921e-21
5.001652973785946233e+04 1.262446758576671772e-17
5.001675805727990519e+04 2.098137159962409771e-22
5.001728638393045549e+04 2.607295206153206040e-19
5.001741533854229783e+04 7.346403928340929163e-21
5.001763173896309308e+04 1.519899878076314297e-21
5.001787071819861740e+04 9.813781598151641585e-20
5.001820501856339251e+04 2.469949123311602332e-20
5.001823890631861286e+04 2.965227559295980839e-20
5.001868175738210994e+04 2.150366475335112831e-19
5.001914779971456301e+04 7.916635429681914871e-21
5.001936504653079464e+04 1.047556713571174716e-21
5.001943514936975407e+04 3.885417635374879735e-17
5.001956410051999410e+04 6.875091848604343667e-21
5.002000613218717626e+04 3.007585370897794327e-20
5.002007364276918088e+04 3.670719919460827840e-21
5.002083330215050228e+04 4.389013533638203685e-18
5.002083384063035192e+04 1.961498274770964208e-17
5.002094078941662883e+04 8.742061512947321469e-22
5.002157958702018368e+04 2.330246611858059374e-19
5.002159050300321542e+04 6.874990552529986693e-20
5.002207389880247501e+04 1.537255811864184657e-18
5.002222567614806758e+04 1.173407048876018731e-18
5.002225410627110978e+04 3.435694681714267017e-20
5.002230906162513566e+04 3.152618106281081153e-20
5.002265768727093382e+04 1.188472116639053048e-21
5.002298568551369681e+04 1.545628496802086383e-18
5.002309459203893493e+04 1.156615622060898431e-21
5.002371110043748922e+04 2.599560717637623582e-19
5.002376611210401461e+04 1.702418195437889717e-19
5.002398821054446307e+04 2.960333986154659920e-21
5.002413971738088730e+04 8.425345943554959384e-20
5.002437770941861527e+04 1.437283740338985053e-18
5.002438372155561228e+04 9.856707722813392261e-22
5.002513748931264854e+04 4.593539034794205584e-16
5.002519025979089201e+04 5.239595985103631037e-23
5.002553354590433446e+04 5.216110601981936722e-23
5.002584702962830488e+04 3.656727414852174588e-19
5.002591119555854675e+04 4.741575323874454409e-20
5.002618211606841214e+04 5.788902902847904693e-19
5.002652522758633859e+04 1.295556134091084672e-20
5.002652974239796458e+04 5.853849584953302127e-16
5.002689417078969564e+04 2.705952927568566140e-20
5.002711631869893608e+04 2.180281782822673563e-20
5.002728906328607263e+04 4.254914426223136837e-18
5.002782685513079196e+04 2.275474138838488299e-19
5.002800172762781585e+04 3.219011006447216962e-17
5.002811855740883038e+04 4.606980148071814027e-19
5.002824673363007605e+04 4.300284347753681307e-22
5.002868177401468711e+04 6.631335745209271783e-18
5.002890195876982762e+04 4.905831487867655086e-21
5.002944017331011855e+04 8.945346075268095885e-18
5.002944148721401143e+04 1.001890315748997288e-20
5.003005648874464532e+04 1.337646674574875029e-19
5.003007364277236775e+04 3.434220449284681870e-18
5.003012898740806122e+04 1.005941302095953621e-18
5.003013975894128089e+04 4.151541933416207382e-21
5.003057117271316383e+04 2.907838011843372129e-20
5.003083380222715641e+04 3.622988008749332517e-15
5.003117995688155497e+04 8.928837337782969164e-22
5.003157061392819014e+04 1.619802033075614476e-19
5.003159157223088550e+04 3.527414153605827106e-18
5.003192672740684793e+04 7.569353331954336338e-22
5.003219876500352257e+04 1.841322084224030046e-19
5.003222567619701294e+04 3.295453740194896816e-15
5.003224775068974850e+04 7.348242616016615441e-18
5.003279861745946255e+04 1.372628057742683015e-19
5.003298582228369196e+04 4.723726965663053834e-17
5.003351467445179878e+04 1.335285714755293013e-20
5.003369760070268239e+04 1.700389215395364521e-20
5.003374001422165747e+04 6.009750551837439061e-16
5.003406202847577515e+04 7.797168964822723521e-20
5.003435648693522671e+04 3.230217855693410499e-19
5.003437770988456759e+04 1.742453323099269957e-17
5.003460199508844380e+04 5.195648074551106153e-21
5.003511583211943071e+04 1.694701169166330771e-19
5.003513782739782619e+04 1.299016043148985687e-15
5.003519558022212004e+04 1.167465305538517313e-22
5.003588763176524662e+04 1.593145647964980682e-17
5.003597550075665640e+04 1.805860030899633812e-21
5.003616587103101483e+04 8.732667571153406087e-20
5.003645303525913187e+04 1.147167358350780606e-18
5.003652974518801057e+04 1.253534589877119887e-14
5.003665024233666918e+04 1.091066368258661216e-19
5.003705412334093853e+04 1.024548808157357066e-20
5.003728981012180157e+04 2.405308493123047119e-17
5.003741700674590538e+04 5.797281030923348179e-21
5.003784903367182415e+04 2.213241209527756541e-19
5.003803220688240981e+04 1.414947997588074853e-16
5.003842865099096525e+04 4.515170147361755921e-19
5.003851244524307549e+04 6.428305442052903063e-20
5.003868178743782482e+04 3.858528564387863726e-16
5.003875558442068723e+04 1.028121341716162134e-22
5.003917596682194562e+04 9.990284845442055898e-21
5.003944176022759348e+04 9.702291801211775350e-15
5.003980363825734821e+04 2.941329993536771621e-22
5.004007364290002442e+04 2.362046590786463894e-18
5.004017192038916983e+04 3.337122986052508253e-18
5.004023389787936321e+04 4.397724416118457316e-19
5.004052172547556256e+04 1.888835976367031918e-19
5.004071481478842907e+04 5.032329481493483526e-20
5.004083385240915231e+04 4.875132645242889006e-14
5.004145591112825059e+04 2.235457551989398391e-20
5.004159368153083778e+04 2.355021703353459882e-16
5.004195500207563600e+04 5.194319974156084941e-20
5.004222567767951841e+04 1.532969157188363451e-16
5.004231825877833035e+04 1.096979720745701042e-17
5.004244255070292274e+04 7.159335922451932706e-20
5.004275605230872316e+04 1.561835346029382375e-21
5.004298597835728287e+04 1.005421466500885682e-16
5.004333511439681752e+04 1.515821148875938638e-21
5.004374562783737929e+04 3.181850681416180550e-15
5.004398296102970926e+04 3.123513794433326273e-20
5.004420368721432897e+04 5.826565011893785639e-20
5.004437771845007228e+04 2.267187729697236842e-15
5.004445437646806386e+04 4.246622501656663071e-19
5.004459676329675131e+04 8.620962791476357271e-21
5.004492013663168473e+04 7.861424054325108219e-20
5.004513824811269296e+04 1.318542957473004856e-13
5.004543138680986158e+04 3.926664962101875791e-21
5.004570859289311920e+04 9.369950179736898617e-22
5.004589770029686770e+04 6.248567162362565989e-17
5.004638305743606179e+04 1.351688093087229148e-20
5.004652978024064214e+04 9.446918893115667042e-13
5.004658419082747423e+04 3.850511746271114288e-18
5.004673455670072872e+04 5.147073810950289282e-21
5.004687200038803712e+04 1.029735846296215073e-23
5.004729082533007022e+04 3.117864917799708024e-15
5.004742350859796716e+04 6.129753833240713621e-20
5.004788500934145850e+04 4.065019049016474879e-20
5.004804586252188165e+04 7.301723919250234731e-17
5.004805516158603859e+04 5.970440519178665238e-17
5.004854441149258491e+04 9.315318927034495924e-21
5.004868190989563300e+04 2.400468825841471468e-16
5.004871513821909321e+04 3.995771516204597175e-20
5.004871812016098556e+04 1.327656578573477741e-21
5.004903710797565145e+04 1.167077186051912631e-19
5.004944402041858120e+04 7.486548176026914033e-14
5.004964486639768438e+04 6.186627307214528255e-19
5.005003582664812711e+04 9.920708171219920391e-20
5.005007364451359899e+04 8.058419949700723242e-15
5.005020326331448450e+04 4.037522695198419511e-18
5.005064042205084843e+04 2.157107634374064984e-21
5.005074645639542723e+04 1.371865344504703661e-20
5.005083424391772132e+04 1.315070066751933122e-12
5.005083911948094465e+04 1.990665652003544989e-16
5.005159836473697214e+04 1.110957406040514520e-15
5.005179678701929515e+04 3.302008042382897808e-20
5.005217322792275809e+04 2.359568275600779449e-19
5.005222570143852499e+04 7.528574301277147234e-12
5.005235889966283139e+04 4.240684533736306174e-17
5.005266271196329762e+04 6.614614122371684161e-21
5.005294418301362748e+04 7.483066594447823266e-20
5.005298711927510885e+04 3.497219467415621697e-14
5.005301281324636511e+04 9.070309525905610859e-20
5.005352189768193057e+04 3.750117853006901929e-20
5.005375471351722808e+04 1.588362746851803581e-15
5.005437788970128895e+04 8.881784040822543684e-16
5.005448603788116452e+04 1.156608441339474855e-20
5.005451653583224106e+04 1.260773149706434059e-19
5.005456982634242740e+04 2.932186954880008314e-21
5.005486715395400824e+04 1.060513940576714625e-21
5.005507912014746398e+04 5.669653456127524766e-19
5.005514120951233781e+04 1.788033779401958319e-12
5.005547357499760255e+04 3.282343157560031870e-21
5.005591431894020207e+04 4.873565665167328388e-17
5.005620467525356071e+04 3.380530279468151831e-21
5.005653054934513784e+04 6.133756445813900118e-12
5.005665683328470914e+04 5.494463250902933110e-18
5.005672330093713390e+04 8.624965446410738556e-19
5.005705451534874010e+04 4.768196687438357131e-20
5.005716935123816802e+04 3.831427322309287263e-20
5.005729768007586972e+04 1.965320809073482242e-14
5.005731375274741731e+04 4.493163757923267777e-18
5.005807888316917524e+04 6.524275507431445231e-16
5.005821770736882900e+04 0.000000000000000000e+00
5.005868438176322525e+04 3.061670723693507535e-13
5.005875913904845947e+04 5.864736097329752934e-20
5.005884184578100394e+04 7.127761943489204433e-20
5.005887166830401839e+04 5.441711970462749318e-20
5.005926303175876092e+04 7.730540154896011445e-19
5.005945832265497302e+04 1.856302287693351812e-14
5.005971638353489107e+04 3.154929750137931049e-21
5.006007372048980324e+04 8.113087432287588186e-17
5.006008145437681378e+04 4.420708326718658875e-20
5.006025046762233978e+04 1.734478142902037039e-19
5.006050119292723684e+04 3.832878081111832403e-20
5.006081939911341760e+04 1.502941268234177663e-17
5.006084056961963506e+04 4.188822127385057936e-11
5.006101960082724690e+04 1.392331127359181012e-16
5.006143249828150147e+04 4.625694321215442580e-20
5.006155662383872550e+04 6.352887525675981916e-19
5.006162556243679865e+04 6.865550270432080867e-16
5.006222618571236671e+04 2.220959444735465886e-12
5.006240261282197753e+04 8.410231351925039705e-19
5.006243137373134959e+04 1.733057682558807486e-16
5.006249215419132088e+04 2.636614412894066421e-19
5.006300098947260267e+04 3.205742851834470372e-13
5.006318893617799040e+04 1.472924302779139056e-18
5.006321363060353906e+04 1.607630013200871585e-18
5.006360630976805987e+04 5.044460556560352799e-18
5.006380230798976845e+04 1.147636360494970807e-14
5.006423769350736256e+04 1.733741748867902968e-20
5.006437962559139123e+04 1.947662199978496395e-12
5.006462377271140576e+04 2.977098606835470618e-18
5.006483604559371452e+04 1.449205894948045967e-19
5.006516653284074710e+04 5.420009200297636860e-16
5.006516841009386553e+04 1.562724650949836278e-13
5.006538142085965956e+04 7.202532784909855658e-21
5.006538835441866831e+04 1.275439336155578839e-18
5.006594966110669338e+04 1.191820576819189933e-20
5.006599198202502157e+04 2.394706732596573560e-17
5.006653606715565547e+04 9.117966232119155724e-10
5.006672073661017930e+04 3.641876847452525054e-19
5.006682939664430160e+04 3.571645207281616521e-15
5.006711409535635175e+04 1.975429366047796529e-18
5.006734646877280466e+04 3.780322851611168865e-15
5.006746633906814532e+04 6.452314622953864221e-19
5.006760350771283265e+04 6.317443565047423689e-19
5.006794433622517681e+04 8.360904813455743502e-18
5.006819747124306741e+04 1.038953519237423514e-14
5.006857747839207877e+04 8.238747154689041548e-19
5.006870047033890296e+04 4.530734828913063090e-12
5.006899197027980699e+04 1.667053478435458465e-18
5.006905725126260222e+04 3.440068455201953853e-17
5.006951915747828753e+04 3.652805191764909768e-17
5.006953948919747199e+04 8.857538591122767479e-14
5.006977888700758194e+04 2.376646408962023534e-18
5.006989564985834295e+04 6.681601192427046624e-20
5.007007602299559949e+04 1.771221800904560480e-11
5.007042196468350448e+04 1.039773384416365784e-16
5.007053180794802756e+04 1.254776843572762353e-20
5.007088009736761887e+04 2.350314276700603724e-12
5.007112015051362687e+04 5.259738908612082492e-20
5.007128710584837972e+04 1.368427996547560698e-16
5.007133106674615556e+04 1.128902539259446766e-16
5.007175179921000381e+04 7.647276919590422582e-17
5.007185983558985026e+04 1.709959402579941331e-17
5.007201338387594296e+04 1.076235488999690042e-16
5.007224126200505270e+04 1.617906416720522630e-08
5.007266774237295613e+04 5.717981924786983107e-14
5.007305587989684864e+04 2.850451194858319703e-17
5.007308301161187410e+04 8.029912951395929583e-14
5.007318753774385550e+04 8.436842466308354427e-18
5.007355831813197437e+04 1.696254798126814048e-17
5.007398725800485408e+04 8.091157160310570155e-14
5.007418182713843271e+04 1.817007708559738715e-16
5.007427934685423679e+04 7.951128220132952065e-17
5.007443318282216933e+04 3.828812930744558875e-11
5.007457911369763315e+04 5.272843988693413291e-18
5.007493645412087062e+04 5.842203185819071488e-16
5.007502692446293077e+04 4.677866885127944985e-20
5.007531633394315577e+04 9.230189817229050294e-13
5.007539724352130725e+04 2.460304563650935065e-20
5.007583227128299040e+04 5.564420483700139371e-16
5.007624877675117023e+04 1.667512715700728632e-15
5.007638750044094195e+04 6.369466811639174420e-19
5.007646221163559676e+04 9.163491992520523045e-18
5.007665936613725353e+04 2.484217931826550146e-13
5.007670530150688137e+04 1.058544417067052101e-18
5.007720521685136919e+04 5.205578993843251428e-17
5.007722959793180053e+04 2.701651488400626874e-15
5.007737137824546517e+04 7.641639042529773692e-18
5.007758508154065203e+04 2.170370737257398202e-14
5.007782903485136194e+04 1.098763964218991825e-18
5.007812671114739351e+04 2.472469986418571821e-17
5.007853804928554746e+04 1.834336899417820642e-14
5.007865590644869371e+04 1.452150834881387256e-16
5.007892819059830072e+04 7.245325812769943095e-14
5.007922340537345735e+04 2.383153991453063680e-18
5.007954248687837389e+04 1.832549903266827908e-16
5.007956301761289069e+04 4.641432360031356000e-17
5.007989192479827034e+04 4.998074222550174907e-13
5.008000029266400088e+04 2.374060247693534434e-17
5.008010618922369758e+04 1.079292731464517357e-11
5.008043541405555879e+04 3.201962235968922016e-16
5.008076922417421883e+04 2.162626660648229401e-19
5.008085634655469767e+04 5.928379260655756247e-16
5.008103791848760011e+04 2.283348010535645764e-18
5.008124537815320218e+04 1.756179302678706451e-11
5.008133223621438810e+04 1.388594723419376800e-18
5.008188452329893335e+04 1.195862999722686719e-15
5.008197348854975280e+04 1.328474843430381551e-16
5.008223762735552009e+04 4.478770612780791224e-14
5.008231459008109960e+04 3.874871373883974151e-11
5.008276659757075686e+04 7.025445992322866024e-18
5.008290317223010788e+04 4.992486784247870041e-20
5.008320003911888489e+04 1.715585749482737310e-16
5.008322044961618667e+04 8.991925169237634753e-17
5.008331533987498551e+04 1.150974030914904267e-18
5.008361314547877555e+04 8.680430907831503767e-14
5.008403920120821567e+04 7.937844294237194317e-19
5.008425503724126611e+04 1.720531906385839359e-16
5.008462142315159144e+04 6.896193547418126788e-15
5.008465025818774302e+04 8.475062987717608627e-13
5.008510810579644749e+04 3.317409844388291645e-16
5.008529198361244926e+04 2.146089935009724276e-19
5.008557840563909849e+04 6.059719495433391531e-17
5.008603065465592954e+04 2.654793428981690826e-13
5.008622004551668215e+04 1.071630985198489424e-18
5.008663898440258345e+04 2.660581241863622622e-14
5.008673017546597112e+04 1.970449147939141271e-16
5.008693440366060531e+04 1.115327866523489255e-17
5.008704233817973000e+04 1.448336755799325518e-12
5.008708823458533880e+04 1.183636966206995359e-10
5.008742647096182918e+04 9.259299606533767787e-17
5.008749085974558693e+04 4.811324426816822045e-16
5.008792113850395981e+04 2.591152226094441575e-17
5.008798065694624529e+04 4.246761380096460170e-14
5.008849495488675166e+04 2.845024688691909047e-15
5.008900291904019105e+04 4.020708397145287448e-20
5.008904788785831624e+04 1.775604667745871006e-17
5.008916801555007260e+04 9.165219654587728371e-19
5.008930484392394283e+04 1.737388668270271333e-17
5.008949815494813811e+04 1.075999044349783909e-13
5.008960757335142262e+04 3.204069445119068510e-13
5.008977158761358442e+04 5.601603353186827008e-17
5.008997049267151306e+04 3.175839679236231989e-18
5.009022630312457477e+04 8.956996419234254585e-18
5.009040936567907920e+04 5.532876585385634763e-16
5.009100189883502753e+04 2.469258813285031805e-13
5.009125780700744508e+04 7.311339962193997766e-18
5.009147864159339224e+04 2.953602928314395916e-16
5.009198232650153659e+04 7.978751395973098261e-16
5.009207962119900913e+04 3.687954531646592080e-17
5.009219170744204894e+04 6.428771780223485292e-15
5.009222145556745090e+04 6.025519408626275764e-18
5.009242894197505666e+04 3.408550978455825130e-20
5.009286291008493572e+04 2.398895993020778271e-17
5.009313602367384738e+04 1.659361228126659003e-19
5.009354503543032479e+04 8.726245543892410458e-16
5.009354823579126969e+04 1.179757702237069588e-15
5.009393285973450838e+04 2.675761641649769622e-18
5.009442024494171346e+04 6.827406014973439762e-17
5.009452082098782557e+04 2.393321504355724512e-16
5.009478100556062418e+04 1.236014089021939453e-18
5.009482700422131165e+04 1.563111680265299016e-15
5.009533603815105744e+04 8.399744271259288752e-18
5.009535852830317162e+04 2.096451818623231759e-19
5.009580043428931822e+04 2.926803916463975008e-19
5.009612451924370544e+04 2.429185046332930818e-15
5.009628265874564386e+04 4.013983551279170852e-19
5.009640636401775555e+04 3.454500202654059008e-18
5.009705514825613500e+04 6.043318954500234327e-17
5.009750090618844115e+04 1.162568780023376744e-13
5.009766358332980599e+04 3.461540546315386746e-17
5.009784205078783998e+04 3.594670865496439176e-15
5.009854925939545501e+04 4.563434855531108957e-18
5.009873014449506445e+04 1.341795989338699986e-18
5.009892163388865447e+04 4.095647773931711281e-20
5.009903693485859549e+04 7.196774190922299213e-19
5.009936866366917820e+04 1.246853258056941479e-18
5.009962468231021921e+04 8.065262256468733397e-16
5.010008264384924405e+04 1.329848304785926626e-17
5.010011823268783337e+04 6.838092736749683752e-19
5.010020011670642998e+04 5.254910799037137957e-16
5.010039302923392097e+04 8.871684008763729872e-17
5.010089113077470392e+04 1.096996309137756991e-19
5.010133737636516889e+04 3.753040381370473528e-16
5.010143069680724875e+04 2.481837677491027336e-16
5.010153021529089892e+04 3.034385143890037997e-17
5.010186605393828359e+04 9.490403364251110404e-20
5.010221869100718322e+04 6.691023391545961532e-18
5.010245412288583611e+04 3.068332340870634614e-19
5.010282251057926624e+04 5.954218030915166078e-18
5.010285063516847731e+04 1.344621163887279623e-17
5.010301772082906973e+04 2.746935518707409427e-17
5.010311715565781924e+04 8.578910683348485474e-20
5.010395493276348861e+04 2.821346025812058875e-18
5.010408686169531575e+04 5.343952285613014669e-18
5.010482786949721776e+04 4.237796411466909505e-18
5.010486123167625919e+04 7.131829346345573126e-20
5.010524168278132129e+04 1.845920764424491595e-20
5.010543424244497874e+04 9.435864806698521226e-21
5.010558967921312433e+04 7.468954885786865147e-21
5.010576236462749512e+04 6.080170578080481312e-19
5.010621419940922351e+04 1.375602980046670854e-19
5.010654556935652363e+04 1.670480272178412685e-18
5.010675039951073995e+04 1.093940679851280857e-17
5.010735322455852292e+04 2.106280704618475059e-20
5.010745488368994847e+04 7.568147931164688237e-21
5.010797251807030261e+04 2.067092238911082587e-19
5.010803702115090709e+04 3.951658720073547023e-18
5.010829062989774684e+04 7.788627459945993297e-20
5.010853748311611707e+04 1.062083515818323605e-16
5.010868962019819446e+04 1.853328407706301596e-18
5.010943246533619822e+04 1.901938919714171648e-20
5.011008002605145884e+04 3.176141749638063864e-18
5.011009948521226761e+04 8.320850053907891277e-19
5.011067059305428847e+04 1.107793374803308530e-19
5.011068709732076968e+04 7.901214400023043904e-20
5.011133400195249851e+04 8.495532949399219281e-19
5.011197371925978223e+04 9.374012931789194266e-21
5.011214025558884896e+04 9.235100843804407324e-19
5.011223548907553777e+04 9.940406887234221433e-20
5.011243577631560765e+04 8.039348469427350735e-23
5.011266079106462712e+04 7.038251114776462545e-20
5.011284103754256648e+04 2.265466470252084788e-20
5.011318454422280047e+04 5.068070033096134411e-21
5.011333720302490838e+04 2.326241478414067964e-20
5.011413987148818705e+04 2.601298809787185617e-19
5.011453243086733710e+04 1.269292012583720186e-20
5.011485179874551250e+04 6.823764800140471722e-22
5.011489173523153295e+04 1.884555724712942040e-20
5.011497899261497514e+04 2.588218054132594888e-21
5.011539454145501804e+04 1.762795681074739394e-20
5.011559226535677590e+04 1.644441464636440036e-20
5.011574571545850631e+04 8.857533451343742876e-21
5.011621741760494479e+04 1.285050007550103906e-23
5.011695611135115905e+04 0.000000000000000000e+00
5.011763419137032179e+04 4.435616601655226290e-20
5.011803419845438475e+04 8.092529624516889253e-22
5.011809773866301111e+04 1.857202879946583049e-23
5.011825810638479015e+04 3.419016786277229818e-22
5.011858434374387434e+04 0.000000000000000000e+00
5.011880833360918768e+04 3.745159996329158789e-22
5.011936636901936436e+04 9.507420171531229672e-22
5.011977080050214136e+04 8.812566929479403521e-20
5.012031230252030218e+04 7.716448740733496467e-23
5.012055969513968012e+04 9.691148216695982571e-22
5.012077409041335341e+04 1.370242462922833145e-20
5.012084268031482497e+04 7.858975597755250264e-22
5.012122577277238452e+04 3.609675146686680099e-21
5.012170859055082110e+04 2.188980951543723679e-23
5.012255221295273077e+04 6.630974976704733779e-22
5.012267253454768070e+04 2.248975505657193748e-22
5.012304506191411929e+04 4.042786923447511537e-22
5.012340712302878092e+04 9.845542854629949797e-22
5.012364638691194705e+04 1.962031235582551841e-22
5.012515380721601105e+04 1.399194983251285043e-24
5.012530865255607932e+04 3.404203426432287729e-22
5.012549200175572332e+04 1.628497052236613010e-22
5.012589825977836881e+04 2.140927029786723802e-23
5.012609018601245771e+04 6.008221906563853060e-24
5.012614134739820292e+04 5.673675918113990126e-23
5.012618304788199748e+04 1.576152180486451457e-23
5.012644671375672624e+04 3.380598005274336395e-22
5.012783435265925800e+04 0.000000000000000000e+00
5.012826019161059230e+04 4.337910682408142188e-24
5.012849494867043541e+04 6.759280304386330682e-24
5.012874419315188425e+04 6.359404615388165412e-24
5.012883130134634121e+04 1.544098260559155218e-23
5.012888104353745439e+04 5.728401932738945767e-24
5.012892389931512298e+04 8.636433161588012805e-23
5.012947092255467578e+04 0.000000000000000000e+00
5.013108456828221097e+04 5.902685061787693956e-23
5.013157155785196665e+04 7.170549971235044038e-24
5.013158849792976253e+04 2.379285985894338909e-24
5.013223356765358767e+04 1.810361766627435276e-23
5.013228828180336131e+04 7.081996530008873564e-24
5.013248419769436441e+04 3.760152051979998419e-24
5.013354378618837654e+04 0.000000000000000000e+00
5.013413287527487410e+04 0.000000000000000000e+00
5.013438769425363716e+04 1.026653108399580868e-24
5.013471730250852124e+04 1.130780659240604675e-24
5.013502000705649698e+04 0.000000000000000000e+00
5.013517726442592539e+04 0.000000000000000000e+00
5.013611061698373669e+04 0.000000000000000000e+00
5.013615714556004968e+04 0.000000000000000000e+00
5.013695925191259448e+04 0.000000000000000000e+00
5.013728953617760271e+04 0.000000000000000000e+00
5.013754883361139946e+04 1.510114788795927370e-24
5.013878403905567393e+04 0.000000000000000000e+00
5.013901191553734679e+04 0.000000000000000000e+00
5.013971914944970922e+04 0.000000000000000000e+00
5.014013013467054407e+04 0.000000000000000000e+00
5.014048207622769405e+04 0.000000000000000000e+00
5.014085394149925560e+04 0.000000000000000000e+00
5.014099217578262324e+04 0.000000000000000000e+00
5.014169784808077384e+04 0.000000000000000000e+00
5.014249620461469021e+04 0.000000000000000000e+00
5.014301868394318444e+04 0.000000000000000000e+00
5.014319473561743507e+04 0.000000000000000000e+00
5.014339489123048406e+04 0.000000000000000000e+00
5.014369722020573681e+04 0.000000000000000000e+00
5.014384189405284269e+04 0.000000000000000000e+00
5.014566416067492537e+04 0.000000000000000000e+00
5.014585797364426253e+04 0.000000000000000000e+00
5.014609036275425024e+04 0.000000000000000000e+00
5.014660828350040538e+04 0.000000000000000000e+00
5.014746354751678882e+04 0.000000000000000000e+00
5.014848331833371049e+04 0.000000000000000000e+00
5.014860541122678114e+04 0.000000000000000000e+00
5.014943149028284824e+04 0.000000000000000000e+00
5.014995888861546700e+04 0.000000000000000000e+00
5.015036788773380249e+04 0.000000000000000000e+00
5.015085747034417000e+04 0.000000000000000000e+00
5.015138187742924492e+04 0.000000000000000000e+00
5.015233492801552347e+04 0.000000000000000000e+00
5.015305283320602757e+04 0.000000000000000000e+00
5.015366374256688869e+04 0.000000000000000000e+00
5.015417627582435671e+04 0.000000000000000000e+00
5.015485343392272625e+04 0.000000000000000000e+00
5.015527924375009752e+04 0.000000000000000000e+00
5.015688855018787581e+04 0.000000000000000000e+00
5.015705192536539835e+04 0.000000000000000000e+00
5.015722990755912178e+04 0.000000000000000000e+00
5.015769337644686311e+04 0.000000000000000000e+00
5.015783922322167200e+04 0.000000000000000000e+00
5.015866404453273572e+04 0.000000000000000000e+00
5.015994202212784876e+04 0.000000000000000000e+00
5.016022901561747130e+04 0.000000000000000000e+00
5.016068545239162631e+04 0.000000000000000000e+00
5.016159923882143630e+04 0.000000000000000000e+00
5.016201365884707047e+04 0.000000000000000000e+00
5.016280805842863629e+04 0.000000000000000000e+00
5.016463944998422085e+04 0.000000000000000000e+00
5.016494225457156426e+04 0.000000000000000000e+00
5.016517746808582888e+04 0.000000000000000000e+00
5.016581560396435816e+04 0.000000000000000000e+00
5.016768187326923362e+04 0.000000000000000000e+00
5.016809964846964431e+04 0.000000000000000000e+00
5.016878998243753449e+04 0.000000000000000000e+00
5.016958551443120086e+04 0.000000000000000000e+00
5.017176683336350834e+04 0.000000000000000000e+00
5.017256933555551223e+04 0.000000000000000000e+00
5.017298721041421959e+04 0.000000000000000000e+00
5.017422505439940869e+04 0.000000000000000000e+00
5.017483289004290418e+04 0.000000000000000000e+00
5.017590880572446622e+04 0.000000000000000000e+00
5.017611417212986271e+04 0.000000000000000000e+00
5.017733451099986269e+04 0.000000000000000000e+00
5.017794983559565298e+04 0.000000000000000000e+00
5.017812901441624126e+04 0.000000000000000000e+00
5.017926517123310623e+04 0.000000000000000000e+00
5.018115487375546218e+04 0.000000000000000000e+00
5.018186522388395679e+04 0.000000000000000000e+00
5.018355500520186615e+04 0.000000000000000000e+00
5.018499882633269590e+04 0.000000000000000000e+00
5.018569752530720143e+04 0.000000000000000000e+00
5.018675210180175782e+04 0.000000000000000000e+00
5.018884568353890063e+04 0.000000000000000000e+00
5.019015143682519556e+04 0.000000000000000000e+00
5.019314412748875475e+04 0.000000000000000000e+00
5.019364499984907161e+04 0.000000000000000000e+00
5.019521543026419386e+04 0.000000000000000000e+00
5.019654204250288603e+04 0.000000000000000000e+00
5.019674662207153597e+04 0.000000000000000000e+00
5.019854736857084936e+04 0.000000000000000000e+00
5.019989487444453698e+04 0.000000000000000000e+00
5.020265311360056512e+04 0.000000000000000000e+00
5.020339012298240414e+04 0.000000000000000000e+00
5.020601210355210787e+04 0.000000000000000000e+00
5.020678545488647796e+04 0.000000000000000000e+00
5.021708094181796332e+04 0.000000000000000000e+00
5.021757701746658131e+04 0.000000000000000000e+00
5.022057948811068491e+04 0.000000000000000000e+00
5.022106457116068486e+04 0.000000000000000000e+00
