-5.013273541722259688e+04 0.000000000000000000e+00
-5.013150089223677787e+04 0.000000000000000000e+00
-5.012117227875647222e+04 1.556656005895501531e-22
-5.011858240830888099e+04 1.174717309872214388e-21
-5.011155623071730952e+04 1.904506348289543162e-19
-5.010713917919695086e+04 2.670239668564600405e-18
-5.010106344900797558e+04 1.265065938092304434e-16
-5.009575648028217256e+04 7.021259031094184986e-15
-5.008978656436527672e+04 3.045392568230275264e-15
-5.008538772244119900e+04 9.791372709241273571e-13
-5.008184559006450581e+04 7.822871970647003725e-12
-5.007826816371463065e+04 7.841104954592698583e-11
-5.007414256964587548e+04 3.174330569028816645e-10
-5.007149625499696413e+04 4.363265900465527327e-10
-5.006752910940186121e+04 1.990800336406351110e-09
-5.006525384844589280e+04 1.813668128406061007e-10
-5.006372062622330850e+04 1.209670608002582441e-12
-5.006207913182235643e+04 1.668549736732327083e-09
-5.006024261293872405e+04 3.488546115794759451e-10
-5.005999949883852969e+04 2.514427249727079950e-08
-5.005681368128507165e+04 1.435864597283437395e-08
-5.005638035960745037e+04 3.256359783192536708e-08
-5.005458919295469241e+04 2.595395380782848215e-07
-5.005248187899773620e+04 1.732633041597545849e-09
-5.005061904290916573e+04 8.031845798668965681e-07
-5.004943597538390168e+04 6.591337144102784863e-07
-5.004744681174792640e+04 1.608493752233835440e-06
-5.004524677049293678e+04 2.225221890940171304e-06
-5.004413347357153543e+04 1.874675780650180631e-06
-5.004135865185792500e+04 6.638133880550164095e-06
-5.004079722145730193e+04 1.088135586732976667e-05
-5.003793243488958251e+04 1.749119522520322170e-06
-5.003647571404331393e+04 9.293902189729152081e-08
-5.003464898004124552e+04 6.891702117831657827e-05
-5.003266079658353556e+04 1.314327469062668230e-06
-5.003090480317710899e+04 9.270796440084888831e-06
-5.002815545350638422e+04 1.594121818927722448e-04
-5.002791596319066593e+04 7.476993364221716943e-05
-5.002477192037545319e+04 2.255694647053819849e-04
-5.002318427780209458e+04 1.025001505643717185e-04
-5.002160545296994678e+04 6.429655864617209908e-04
-5.001865984721723362e+04 7.696792873568491459e-04
-5.001825550515396753e+04 1.255125533386995977e-03
-5.001519533926404256e+04 1.978803602245696354e-03
-5.001337755446825031e+04 5.710075788005873230e-04
-5.001231661056583835e+04 6.913988953498662222e-03
-5.000900074636584031e+04 5.077174152228973621e-03
-5.000821569331907085e+04 4.082993476088874960e-03
-5.000604880936303380e+04 1.631766137523362262e-02
-5.000304160936381231e+04 3.336114097091689773e-04
-5.000279543337391806e+04 2.349180050908735926e-02
-4.999991949286171439e+04 2.796144591335263108e-02
-4.999736998049652902e+04 2.317776051010486671e-02
-4.999681707833107794e+04 2.625658065364259650e-02
-4.999410004172167100e+04 3.541205646526932732e-02
-4.999162328637568862e+04 6.193906875518832844e-02
-4.999055641331582592e+04 2.497946719032332480e-02
-4.998845480355697509e+04 3.708015473929594796e-02
-4.998575369443905947e+04 9.101094119828519180e-02
-4.998431348926611099e+04 3.628526342248203362e-02
-4.998277995297246525e+04 2.981418494453927717e-02
-4.997971088773099473e+04 9.961455757901756247e-02
-4.997831025742171187e+04 4.816007347525203680e-02
-4.997700246945545950e+04 1.966745015058028734e-02
-4.997348209497448261e+04 8.926732737078603430e-02
-4.997241692082233931e+04 3.893164709869179757e-02
-4.997122991878429457e+04 2.047712908850509231e-02
-4.996715503162262758e+04 6.466063164116993278e-02
-4.996649189400753676e+04 1.180669727241753439e-02
-4.996544882829227572e+04 3.360858014018406476e-02
-4.996109993317953194e+04 2.394464516079036417e-02
-4.996042187798032683e+04 6.727783767532183464e-05
-4.995935091893343633e+04 4.206347522105329667e-02
-4.995554029147294932e+04 6.933363332323936278e-03
-4.995428382064230391e+04 1.734216625760900358e-03
-4.995264447428705898e+04 2.219621701579759659e-02
-4.995006803562571440e+04 4.165556790059314791e-03
-4.994825776312866219e+04 2.293772730426261487e-03
-4.994591488341541117e+04 4.222481989763326136e-03
-4.994421636477495485e+04 4.442399054005420449e-03
-4.994218768595648726e+04 1.799956090968526023e-03
-4.994004612095760967e+04 3.651212282938837324e-04
-4.993771497849975276e+04 1.319123074613938245e-03
-4.993575404389479081e+04 1.190029317746251836e-03
-4.993429176993513101e+04 1.775654403210193632e-04
-4.993174270198086742e+04 2.845336080193409381e-04
-4.992911451679376478e+04 1.622892860269294405e-04
-4.992785090047441190e+04 1.504572851402723145e-04
-4.992590195686645893e+04 1.772124232618187112e-04
-4.992299954003343009e+04 1.149198852010884639e-05
-4.992154045174691419e+04 4.218526404622071156e-06
-4.991873892492531013e+04 6.760524505300725159e-05
-4.991734421716706129e+04 1.576139415203244046e-06
-4.991538895892547589e+04 2.546409564737594864e-07
-4.991209868812464265e+04 1.092601297813604894e-07
-4.991047240788432828e+04 8.973916800673080037e-06
-4.990879529441447085e+04 2.712917649108344161e-07
-4.990687210157663503e+04 6.023336245354764833e-13
-4.990217456785774993e+04 3.414900410839101137e-07
-4.990187650915008271e+04 2.737808524953082606e-07
-4.990133672186969488e+04 2.179011012769397606e-07
-4.989598554324753786e+04 2.082574487267847376e-09
-4.989498046611557220e+04 4.953598982195150343e-09
-4.989307417640413769e+04 4.695212798701291061e-08
-4.988974975525971968e+04 5.907248644690869198e-12
-4.988794178916259989e+04 9.535100629843774946e-10
-4.988432528987093974e+04 1.815095374870576470e-09
-4.988265231380585465e+04 1.206312251580114599e-11
-4.988073120051705337e+04 6.331608039587658863e-11
-4.987568260262288823e+04 4.653474005031338605e-11
-4.987450859204684821e+04 1.218615190743430425e-13
-4.987302997306700127e+04 8.348008594453553144e-13
-4.986703516930348997e+04 5.096047096435747627e-13
-4.986559440693190118e+04 4.753866164147431848e-16
-4.986455186155678530e+04 8.070649045556594064e-14
-4.985797823405940289e+04 5.134564229549031672e-16
-4.985628418832185707e+04 1.367796923658895225e-14
-4.985522648588544689e+04 1.341902143035138134e-14
-4.984831455623591319e+04 3.281908513132571376e-16
-4.984652359727636212e+04 1.891104454475039780e-15
-4.984517001920011535e+04 6.021256984488035335e-17
-4.983795676962562720e+04 2.436520960849769902e-18
-4.983625920440428308e+04 5.098601985905481907e-17
-4.983435046519509342e+04 1.462265778696550301e-17
-4.982696575839046272e+04 2.128851060261599094e-18
-4.982534993891944032e+04 4.738392913040869216e-22
-4.982262201072491007e+04 1.016291919629006890e-18
-4.981559009537857492e+04 3.008841517675811315e-20
-4.981346756541937793e+04 2.533456396257150348e-20
-4.980976196968881413e+04 4.314981329435738120e-21
-4.980387290519070666e+04 4.923554769002750899e-24
-4.980042405901804887e+04 5.286591124174441920e-23
-4.979559655126688449e+04 9.667384924110959903e-24
-4.979160944414535334e+04 0.000000000000000000e+00
-4.978579627018671454e+04 0.000000000000000000e+00
-4.978053884371232562e+04 0.000000000000000000e+00
-4.977854362324660906e+04 0.000000000000000000e+00
-4.976860236185912072e+04 0.000000000000000000e+00
-4.976529196213593968e+04 0.000000000000000000e+00
-4.976340224380201835e+04 0.000000000000000000e+00
-4.975103851259079966e+04 0.000000000000000000e+00
-4.974982540836305270e+04 0.000000000000000000e+00
-4.974275874786401982e+04 0.000000000000000000e+00
-4.973358568868535076e+04 0.000000000000000000e+00
-4.972667543721964466e+04 0.000000000000000000e+00
-4.971894018340542971e+04 0.000000000000000000e+00
-4.971451961323915748e+04 0.000000000000000000e+00
-4.969872877967521345e+04 0.000000000000000000e+00
-4.969257955513100023e+04 0.000000000000000000e+00
-4.968700979122578428e+04 0.000000000000000000e+00
4.986769912553066388e+04 0.000000000000000000e+00
4.986897604926790518e+04 0.000000000000000000e+00
4.987915154091127624e+04 0.000000000000000000e+00
4.988181602876855322e+04 0.000000000000000000e+00
4.988873032589746435e+04 0.000000000000000000e+00
4.989321684187156643e+04 7.708521664868694378e-24
4.989924199919756938e+04 4.971075426415822661e-22
4.990460187861115264e+04 1.400061576252918669e-21
4.991055613993677980e+04 5.171924795211838353e-19
4.991523009259335959e+04 2.344224351545364213e-18
4.991868068913451862e+04 6.744666690306400411e-18
4.992218789866993757e+04 9.447716149939933264e-18
4.992637893725058530e+04 7.600600625903233977e-17
4.992893510571166553e+04 3.046414945291205668e-15
4.993297956369877647e+04 8.485746301070332157e-15
4.993521626988183561e+04 4.557490444050487953e-14
4.993720435457376880e+04 1.123802607551173173e-15
4.993843946982868511e+04 1.057963752705573828e-13
4.994051317275423207e+04 1.344294904769325979e-13
4.994065813965583948e+04 1.041467036292445569e-14
4.994358908048632293e+04 8.239494188272110353e-13
4.994440128438491956e+04 3.735702034815281088e-15
4.994588926114988863e+04 3.520572828885954797e-13
4.994815030732931336e+04 8.563719769078965704e-13
4.994971620898690890e+04 2.434952262095950880e-12
4.995117890495061147e+04 1.106405593395134553e-13
4.995292067594630498e+04 4.054826559115010967e-12
4.995530180387294968e+04 5.371492355402081421e-13
4.995622294451508787e+04 4.767199095612189349e-12
4.995895949094710522e+04 1.165310116498563368e-11
4.995968062410503626e+04 4.425660018366807124e-12
4.996241978506077430e+04 1.176343747291211249e-12
4.996393025880431378e+04 3.510201288296821775e-11
4.996561100247104332e+04 9.056231200283594370e-14
4.996776753349861974e+04 9.839550180777430743e-11
4.996936798414373334e+04 2.027536922470046189e-12
4.997207922871607298e+04 3.434499653745460886e-11
4.997247879588021169e+04 2.862607922782128355e-10
4.997546737806109013e+04 6.972346126685364238e-11
4.997717771319952590e+04 8.220450835966684393e-10
4.997861080907169526e+04 4.234555623625852651e-12
4.998156522179434978e+04 1.312380939897611088e-10
4.998206241967268579e+04 2.362488928571646198e-09
4.998501498081118189e+04 1.077014947533222147e-11
4.998690565103970584e+04 1.996948974159065752e-09
4.998788840957643697e+04 4.201934079050284329e-09
4.999120379440347460e+04 3.037512336474318797e-10
4.999203996530328732e+04 5.105065641376646550e-09
4.999414138042934792e+04 7.744694787131128874e-09
4.999716240774578910e+04 2.235770253540427632e-10
4.999741579647305480e+04 1.219423526876547190e-08
5.000027231419030431e+04 1.159707305122113747e-08
5.000283332040183450e+04 1.437382408191746161e-08
5.000334751120972942e+04 9.992184878802258135e-09
5.000608741519290925e+04 1.496909095650404004e-08
5.000856613699060108e+04 2.890351129164470488e-08
5.000959215702171787e+04 1.138824104899419375e-08
5.001171662032926542e+04 1.775278466009916909e-08
5.001442280198589287e+04 3.692302540363104890e-08
5.001583592245371983e+04 2.005904070866196660e-08
5.001737214635767305e+04 1.633444174342610144e-08
5.002045158685757633e+04 3.592704388236273633e-08
5.002183906229383865e+04 2.911606138480518565e-08
5.002313892222983122e+04 1.200239988305796194e-08
5.002666399116095999e+04 2.924596979315576163e-08
5.002772803324314737e+04 2.519446438960694175e-08
5.002890849539613555e+04 1.277546421721542947e-08
5.003297344349407649e+04 1.970347048994060089e-08
5.003365503331325453e+04 1.006152750451248957e-08
5.003468189570011600e+04 1.890723321011198525e-08
5.003903867616083880e+04 7.279381619670369272e-09
5.003971257637343660e+04 1.558073797660949069e-09
5.004076101096728235e+04 1.958866126800126956e-08
5.004460841012353194e+04 1.895012677097293364e-09
5.004584497688032570e+04 2.894896406815303289e-09
5.004745123290102492e+04 8.456059580234779549e-09
5.005007644893468387e+04 1.129411838065828656e-09
5.005187039116465894e+04 2.428287894069007319e-09
5.005420089574315352e+04 1.398749127748593256e-09
5.005590214932168601e+04 1.266458757256995517e-09
5.005793724197280972e+04 1.475079290571097053e-09
5.006008900709727459e+04 7.051849776088210983e-11
5.006240499145646027e+04 3.189158004868877896e-10
5.006435619507356751e+04 7.816063819167492812e-10
5.006583529360275861e+04 2.384863635059711450e-11
5.006839380903190613e+04 6.520769962593573464e-11
5.007101298946898169e+04 1.549636314958668949e-10
5.007226423423368396e+04 4.616332637549532981e-11
5.007421347354210593e+04 6.224744928975605563e-11
5.007714813001953007e+04 2.067983273401990324e-11
5.007860107220096688e+04 1.650368031545871750e-13
5.008133430382356164e+04 3.264653513424596717e-11
5.008282215800107224e+04 2.753025057187776243e-12
5.008474775497813971e+04 3.790005255582350853e-13
5.008807355105289025e+04 8.783203623148581079e-15
5.008960389104767819e+04 6.149757078959147095e-12
5.009134892717299954e+04 1.326271073825579498e-14
5.009330402769463399e+04 8.251702763540671769e-17
5.009794551910774317e+04 5.593731205743913216e-13
5.009827420614058792e+04 8.882189588152637632e-14
5.009882313089870877e+04 1.089422415561394610e-13
5.010419095972317155e+04 1.055747156074923531e-14
5.010521149466847419e+04 1.080417960065338079e-16
5.010703740638384625e+04 6.170559717154084610e-14
5.011043744734129723e+04 9.104094661140753552e-16
5.011227307392749208e+04 7.405805314166377932e-16
5.011581546270184481e+04 4.161214541574476828e-15
5.011754454199223983e+04 8.129120119174711248e-17
5.011950377885650232e+04 2.031865830084118094e-16
5.012450233698407101e+04 1.881676682662158243e-16
5.012570072856268234e+04 9.788461933466471327e-18
5.012721532130622654e+04 2.606664693400432789e-17
5.013318504229791870e+04 6.822999461624064057e-18
5.013466047068482294e+04 3.318901674280153417e-21
5.013568428182559001e+04 1.178264355406018211e-18
5.014226961337720422e+04 1.367963640388222628e-19
5.014402371763389237e+04 1.154238125926229062e-20
5.014500360192302469e+04 8.209449528181395817e-22
5.015195969930175488e+04 1.550211426190666463e-22
5.015381985192372667e+04 3.068719967085976911e-23
5.015507549079101591e+04 1.263865777194849248e-21
5.016234953805887926e+04 5.091956470390844268e-23
5.016410804374980216e+04 3.172073937838109724e-23
5.016592050495188596e+04 5.811559087133351200e-23
5.017339758944486675e+04 0.000000000000000000e+00
5.017501520371463266e+04 2.704605572395575076e-24
5.017768160122802510e+04 0.000000000000000000e+00
5.018485958661919722e+04 0.000000000000000000e+00
5.018686542476110480e+04 0.000000000000000000e+00
5.019058460708738858e+04 0.000000000000000000e+00
5.019664991545162047e+04 0.000000000000000000e+00
5.019989201242532727e+04 0.000000000000000000e+00
5.020480419332008751e+04 0.000000000000000000e+00
5.020896832348560565e+04 0.000000000000000000e+00
5.021452944987208321e+04 0.000000000000000000e+00
5.021994603040971560e+04 0.000000000000000000e+00
5.022204699525365140e+04 0.000000000000000000e+00
5.023174644412269845e+04 0.000000000000000000e+00
5.023552111999788031e+04 0.000000000000000000e+00
5.023699704687189660e+04 0.000000000000000000e+00
5.024931299828582269e+04 0.000000000000000000e+00
5.025102961140368279e+04 0.000000000000000000e+00
5.025779341688707063e+04 0.000000000000000000e+00
5.026733188134177908e+04 0.000000000000000000e+00
5.027381907451331062e+04 0.000000000000000000e+00
5.028178546009352431e+04 0.000000000000000000e+00
5.028659111117920838e+04 0.000000000000000000e+00
5.030187867541982268e+04 0.000000000000000000e+00
5.030830752803921496e+04 0.000000000000000000e+00
5.031403605067099124e+04 0.000000000000000000e+00
