-5.005005907284546265e+04 2.694776402540496722e-24
-5.004897706294992531e+04 0.000000000000000000e+00
-5.004896169982581341e+04 0.000000000000000000e+00
-5.004817799467682198e+04 4.116901591453441858e-23
-5.004655473090239684e+04 0.000000000000000000e+00
-5.004654103160462546e+04 6.266183592997785580e-24
-5.004649041641286021e+04 5.710410194564068294e-21
-5.004501139942721056e+04 2.591235372898711199e-21
-5.004390090780991886e+04 9.071710062001320381e-21
-5.004388526782457484e+04 8.096167960058884600e-21
-5.004373987438689801e+04 6.234503508129742661e-20
-5.004273306690496975e+04 1.764670272131636449e-20
-5.004203626059345697e+04 5.786574942358171954e-20
-5.004188447084866493e+04 4.825522894621298497e-20
-5.004184869709634222e+04 1.673169322656928874e-20
-5.004144533763529034e+04 7.831221355592105517e-20
-5.004107965907491598e+04 7.309566724252732771e-20
-5.004046834415018384e+04 3.685930866970894904e-20
-5.004009638669197011e+04 4.360493713178665388e-19
-5.003994856597018224e+04 2.303831498157978224e-21
-5.003946979566358641e+04 3.937307092438181131e-21
-5.003912474064622802e+04 8.430096237474499213e-20
-5.003837079401076335e+04 6.241333937094050088e-20
-5.003789639317932597e+04 5.954593705711340276e-20
-5.003781401198563253e+04 2.343245047108881399e-20
-5.003703662071008876e+04 1.268443630179882015e-20
-5.003641838314531924e+04 2.082362628447513942e-20
-5.003576948263860686e+04 6.781391341182421302e-22
-5.003548448629916675e+04 1.099135973285056933e-22
-5.003473432260454865e+04 1.527955791348174883e-20
-5.003381317452432268e+04 1.858930818953591700e-21
-5.003369449998292839e+04 6.368301477354404266e-20
-5.003280653000558232e+04 5.000162867205725089e-24
-5.003180021953083633e+04 1.322984094912020832e-18
-5.003173896386008710e+04 9.347367444549238374e-19
-5.003065236420964357e+04 1.048686944364976011e-19
-5.002995263529452495e+04 2.399939470377725091e-19
-5.002994023324683803e+04 3.603679420302317378e-20
-5.002940020446554263e+04 2.545895821297141698e-20
-5.002841673388525669e+04 3.144979764425587843e-18
-5.002780951191852364e+04 8.510353617171731778e-19
-5.002778553130708315e+04 1.201382472443699147e-17
-5.002710897587510408e+04 5.248328724002045261e-19
-5.002610138401971199e+04 2.259995444627566014e-18
-5.002568642250572157e+04 6.568984866498832491e-18
-5.002557961839245399e+04 3.026492592768773881e-18
-5.002453131280997331e+04 1.012423011831202237e-17
-5.002418891383386654e+04 8.532004444747164396e-18
-5.002357372168496659e+04 5.134209412283331828e-21
-5.002287267337542289e+04 8.796728520665206262e-18
-5.002243076196710172e+04 3.331756611726196744e-17
-5.002151459208540473e+04 1.496578703289495387e-17
-5.002133469641428383e+04 1.357867809590765502e-16
-5.002105523812850879e+04 3.926109144894232308e-17
-5.001996234907289909e+04 1.405989795091616661e-17
-5.001993942836391216e+04 6.524286925295837177e-19
-5.001941415506931662e+04 1.271883339042696324e-17
-5.001926731803677831e+04 5.336729040873206149e-18
-5.001827896987802524e+04 2.920269993000517869e-17
-5.001805081222123408e+04 4.192893410700000612e-18
-5.001780383465960767e+04 1.470971638038131068e-19
-5.001736460703293415e+04 6.095743931807678915e-16
-5.001702139792752860e+04 6.006507821048507868e-17
-5.001673644886091643e+04 1.499493551125958305e-19
-5.001596542424347717e+04 2.756050223313378627e-18
-5.001566978251397086e+04 4.459251676805424787e-17
-5.001540933267971559e+04 1.777996977946737438e-18
-5.001523565313376457e+04 2.607898147903119914e-17
-5.001493345666422829e+04 4.568793546065537377e-19
-5.001446099922285066e+04 5.897862949661290407e-17
-5.001432613375032088e+04 1.214013765104012837e-17
-5.001379752851350349e+04 1.289596950979455867e-17
-5.001353781175464246e+04 4.472287315234282158e-17
-5.001343276396196597e+04 1.701053957749928863e-15
-5.001325919172623981e+04 8.879480627176281768e-17
-5.001299507320740668e+04 6.644425060636157822e-16
-5.001252041666756850e+04 3.530770929597579753e-17
-5.001242838309262879e+04 1.962285163253642244e-18
-5.001176953553779458e+04 7.360501174330632814e-17
-5.001150652466794418e+04 3.924098111202757043e-16
-5.001141078932509845e+04 4.833740220598026272e-15
-5.001106949097319739e+04 3.415969888747845019e-16
-5.001056127882887813e+04 2.317288222848645884e-17
-5.000993934491510299e+04 1.638033926960509907e-16
-5.000986275103398657e+04 3.555750561594694392e-16
-5.000967242603166960e+04 1.930077288875138083e-15
-5.000931299328947352e+04 3.345788513567751612e-17
-5.000924940884912212e+04 3.001932447858049966e-16
-5.000863150232077169e+04 5.517848127252604010e-16
-5.000800645024925325e+04 6.885324231561032670e-18
-5.000794330977732898e+04 1.803813127583887405e-17
-5.000780330146680353e+04 7.630611174312525858e-17
-5.000740986026445171e+04 7.090047587054713801e-16
-5.000718230108627904e+04 6.884323131422186880e-15
-5.000666967169672716e+04 4.472606267536443795e-16
-5.000613728975409322e+04 3.560302318504687595e-15
-5.000585577066418773e+04 4.966537579318783978e-15
-5.000566746371161571e+04 1.300892598381102065e-14
-5.000512159377543867e+04 1.608783400657744001e-15
-5.000499733821011614e+04 1.344305110559861723e-15
-5.000420030453988147e+04 1.674854862021455184e-15
-5.000379080055546365e+04 5.702586304351321958e-16
-5.000353221741921152e+04 4.589793440333907746e-18
-5.000334785346659919e+04 1.337175526701011091e-15
-5.000301532860774751e+04 7.854282106748637121e-14
-5.000245387026121898e+04 3.364281860359284502e-16
-5.000234914281914826e+04 5.808579173028440528e-15
-5.000186988586607185e+04 5.185345675302472521e-17
-5.000139815318606998e+04 2.905449058387124161e-16
-5.000099347815738292e+04 6.291424842196440505e-16
-5.000084271155154420e+04 1.720545916565255065e-16
-5.000066079007937515e+04 6.068328313398199244e-16
-4.999993933564419422e+04 1.719816356767978371e-15
-4.999962639166822191e+04 2.168180737291853801e-16
-4.999926629538692214e+04 1.544601875517687317e-14
-4.999918418458387896e+04 6.842585049189162936e-15
-4.999900033303658711e+04 1.246922239923896509e-13
-4.999844460649219400e+04 1.982650772456672841e-14
-4.999789473148370598e+04 3.891142925064197918e-16
-4.999780322821262962e+04 8.091758534425201860e-16
-4.999727552430427022e+04 6.661607524218140473e-15
-4.999713745857431786e+04 1.159703900953152612e-12
-4.999689660493760312e+04 2.368907063249593665e-14
-4.999653273048904521e+04 1.004449344758651262e-15
-4.999566715789615409e+04 1.992188549022312741e-13
-4.999551240933858207e+04 1.010311183526060559e-15
-4.999518506864786468e+04 1.344349053202287145e-14
-4.999506755806547153e+04 1.830059615218251361e-13
-4.999501385092070268e+04 1.434411973866060654e-18
-4.999419032572788274e+04 1.332073442614416051e-14
-4.999392731442568038e+04 4.287536655711535833e-16
-4.999367944019216520e+04 2.775939958719898436e-14
-4.999353118617069413e+04 8.018207905798810815e-14
-4.999319576357407641e+04 2.764731785556906449e-16
-4.999289786650385213e+04 1.117777643449639291e-12
-4.999261580178880831e+04 2.088813140414697731e-14
-4.999224052690621465e+04 4.028461361059096785e-15
-4.999192518107084470e+04 1.367763862181852651e-15
-4.999139547515549930e+04 9.562426170412337872e-12
-4.999113993904108793e+04 3.185846836628645845e-14
-4.999087097287325014e+04 4.813960400618656039e-15
-4.999079263857293699e+04 2.816103547730714925e-13
-4.999027752299934946e+04 4.668266380568021944e-15
-4.998993933472521894e+04 7.645315551546312815e-13
-4.998989940219771961e+04 3.572952212765535909e-15
-4.998932331712368614e+04 1.434212803188685960e-14
-4.998926029118142469e+04 8.646996222233245681e-15
-4.998882282478399429e+04 1.400114886818956941e-13
-4.998872968889339245e+04 3.828085028386794946e-13
-4.998869262153535965e+04 4.648153040066111641e-12
-4.998795974507513165e+04 2.560325937742712656e-15
-4.998780321922308212e+04 1.796752016405493219e-13
-4.998779655585607543e+04 3.069528286936862410e-14
-4.998742108791907231e+04 8.440364148746711075e-14
-4.998712606471437903e+04 2.562698270201807378e-12
-4.998683917237333662e+04 1.038870379240742485e-13
-4.998661215306106897e+04 2.407630765695336768e-14
-4.998639204237578815e+04 1.395797921150121079e-14
-4.998614671581253788e+04 5.567382249741913057e-16
-4.998566710873268312e+04 3.109439952320789239e-11
-4.998556527502535755e+04 7.082811288560576723e-15
-4.998523637055657309e+04 4.205996692539842045e-14
-4.998499354830505763e+04 2.460801255450764899e-12
-4.998472551859044324e+04 8.946351087632053064e-16
-4.998455335506302799e+04 1.283773210185097219e-12
-4.998393231913347699e+04 3.565902130465402605e-14
-4.998387310506338690e+04 3.301609394677290149e-15
-4.998353101557968330e+04 3.181278555630380658e-13
-4.998304898364240216e+04 6.657473624636024958e-13
-4.998286275721124548e+04 9.752592584987800081e-11
-4.998259879482940596e+04 2.916753289484703705e-14
-4.998253177130725817e+04 4.322934272237728676e-13
-4.998229394492306164e+04 9.523084883998460301e-17
-4.998175567269536259e+04 1.161063439869917930e-14
-4.998139497096277046e+04 8.511597165327656117e-12
-4.998108742464691750e+04 1.186242404837276310e-18
-4.998083559141883597e+04 4.612347348816874559e-13
-4.998073669826480182e+04 8.373436903954986324e-13
-4.998062648956198245e+04 2.331248722731426331e-12
-4.998034850787693722e+04 2.692305932783208083e-12
-4.997993933462323184e+04 3.763320761955130111e-12
-4.997965363941393298e+04 3.454190781772698017e-14
-4.997943735535530141e+04 3.191763519056115086e-16
-4.997925904588856793e+04 1.788857976481590494e-11
-4.997898963807149266e+04 3.620312455538558539e-14
-4.997862717320783122e+04 1.144988454023295615e-11
-4.997855485738510470e+04 4.158985746393034715e-12
-4.997841889455110504e+04 2.433008209327894352e-13
-4.997792703855341824e+04 1.126230750241513340e-15
-4.997780321811260364e+04 3.616787989405716725e-12
-4.997713626966224547e+04 2.941606418530322737e-12
-4.997712345600427943e+04 1.437195388104107722e-09
-4.997706210514499980e+04 1.411055891663339465e-12
-4.997650095242822863e+04 5.489853465328928673e-12
-4.997648451124475832e+04 3.482626704440279869e-12
-4.997566710201655951e+04 8.255170261963922052e-10
-4.997555009005399188e+04 2.486800568641065759e-14
-4.997543084554724192e+04 6.717329862710616652e-15
-4.997498808075043780e+04 1.730575877584223593e-11
-4.997463090550071502e+04 9.789528136331562477e-13
-4.997440817071659694e+04 1.212798990600339966e-10
-4.997418594732112979e+04 2.868846806340594667e-12
-4.997405395517667785e+04 3.909294920065280291e-13
-4.997357903009128495e+04 2.246442706938552347e-12
-4.997353098692771164e+04 9.814620346483073683e-11
-4.997285357138362451e+04 5.125063843129688668e-11
-4.997283484816177952e+04 1.045503951356822029e-14
-4.997254827009265864e+04 8.918302977755286077e-15
-4.997231773741198413e+04 1.179286065410405890e-11
-4.997199563063801907e+04 5.150752348334989842e-14
-4.997180116027462645e+04 8.557665994441661868e-13
-4.997139487350099807e+04 1.432547006592331217e-08
-4.997111492507644289e+04 2.472298076983673900e-13
-4.997082569038322981e+04 3.926137757461669587e-14
-4.997072014695542748e+04 8.700886010504778219e-11
-4.997052229061668913e+04 4.558747507140140560e-13
-4.997021421540271695e+04 3.139576368796367877e-11
-4.996993933448490861e+04 4.997721851081488353e-09
-4.996938025099362130e+04 2.116132482888077480e-14
-4.996925876019521820e+04 2.227776966489181692e-10
-4.996924239718269382e+04 1.455508678976933017e-14
-4.996863483907941554e+04 2.723617464923606772e-11
-4.996858878168848605e+04 2.769551358046302041e-09
-4.996815673518251424e+04 4.522892426903164989e-12
-4.996801396109303460e+04 3.888038841540238288e-12
-4.996791304440994281e+04 1.529711658031737042e-12
-4.996780321649379039e+04 3.139357282986617994e-10
-4.996741232362113806e+04 4.607330833855252103e-15
-4.996712263588207861e+04 3.450877638307896293e-10
-4.996703360247523233e+04 9.737730609775872840e-18
-4.996646158288685547e+04 2.120893791201679896e-10
-4.996620533805544983e+04 7.155487063584579749e-12
-4.996609415002858441e+04 3.536873242913237045e-12
-4.996601471445026982e+04 5.017594033589782482e-13
-4.996572860382683575e+04 5.876767094560374415e-14
-4.996566709248763073e+04 6.380245998219739790e-08
-4.996502810581408266e+04 4.619721545186682605e-14
-4.996498647921841621e+04 8.983884985998812914e-10
-4.996458551280004031e+04 6.020662917275097976e-12
-4.996433385328949225e+04 6.073242911065439179e-10
-4.996411671182192367e+04 1.117460029771269842e-11
-4.996400939192967053e+04 7.354829178065229440e-13
-4.996353094731662713e+04 1.894607558035216733e-09
-4.996350318806866562e+04 2.841398069710011749e-13
-4.996326516921522125e+04 3.931236414855480419e-14
-4.996285021101798338e+04 5.710942016788668835e-08
-4.996267089701473742e+04 3.341502443837607077e-12
-4.996220694525739236e+04 5.376223837238985824e-11
-4.996216088338497502e+04 5.253614078449804603e-12
-4.996194995116825885e+04 1.163159659244737917e-14
-4.996155021977340948e+04 8.245634552055061041e-14
-4.996139473417036061e+04 7.394895384053254928e-08
-4.996117935120768379e+04 4.113592158901635296e-14
-4.996071368418286147e+04 3.720013905261483975e-09
-4.996042919354180776e+04 4.902005203185825027e-13
-4.996015137065832096e+04 6.895470007055453170e-17
-4.996008904516517214e+04 8.847898918992444814e-11
-4.995993933280057536e+04 1.166758379603136146e-08
-4.995961492288726004e+04 2.442387744689982892e-13
-4.995937463580125768e+04 2.046668214551002033e-13
-4.995925831836502039e+04 8.024697012621054045e-09
-4.995864237676791527e+04 1.953672286858888862e-11
-4.995857655738817266e+04 1.573964281515142355e-08
-4.995820503872440167e+04 3.583181857831015541e-15
-4.995807189285878849e+04 6.141375304830397264e-13
-4.995797420091163076e+04 1.025590412318496087e-11
-4.995780319235645584e+04 1.157838332823215004e-08
-4.995769614104182983e+04 2.995608654542607458e-13
-4.995712137535933289e+04 1.042998588296087112e-06
-4.995673734962653543e+04 1.059125701782527866e-12
-4.995649055092938943e+04 4.391750697605220687e-13
-4.995643845642246742e+04 1.047501157628853634e-09
-4.995621399316572206e+04 9.578158487329128879e-16
-4.995596389971923782e+04 3.007315330132980414e-13
-4.995586593187748076e+04 3.283340150179476250e-11
-4.995566692142417014e+04 2.301694522122161796e-06
-4.995543001504374115e+04 1.122424663310934236e-13
-4.995498325428983662e+04 5.957053051154153404e-08
-4.995486151721043279e+04 5.410530674793497626e-13
-4.995455967515170050e+04 1.233351408593049462e-12
-4.995429868720028753e+04 1.427685513892045994e-09
-4.995412023198726820e+04 4.839818737741727730e-12
-4.995376671473515307e+04 2.109077086219946959e-12
-4.995364008466954692e+04 6.926385634294691417e-15
-4.995353018523168430e+04 7.161415787441528143e-08
-4.995324364352351404e+04 9.438355829408611946e-13
-4.995284283269571461e+04 4.423529389756601453e-07
-4.995261708651511435e+04 4.791530708318573618e-12
-4.995243810253169795e+04 1.222358793726049692e-12
-4.995215652077097184e+04 1.180511691976170591e-10
-4.995204649610043998e+04 1.688474877122922854e-12
-4.995166673482204351e+04 5.537033442519240525e-12
-4.995139228914381965e+04 1.559387796593498070e-05
-4.995118792347905401e+04 7.725616553635112444e-18
-4.995096524805598165e+04 6.462312193846650896e-13
-4.995069839896712074e+04 2.190608436005487732e-08
-4.995041208687812468e+04 6.351363375129341118e-12
-4.995002657831436954e+04 5.437535927170301745e-13
-4.995000347481627978e+04 6.512964192314088912e-10
-4.994993925488671084e+04 3.323824627602811243e-06
-4.994957523518564994e+04 5.310062150775370069e-13
-4.994948830541232019e+04 4.939898344123491471e-13
-4.994925205021835427e+04 8.305170047436493858e-07
-4.994891205660410196e+04 7.465072573631029303e-13
-4.994854767315320350e+04 2.888586620484130126e-08
-4.994817590983142145e+04 3.355155223366639776e-14
-4.994784929495915276e+04 7.187596510472751364e-12
-4.994780269056020916e+04 9.272569130671613266e-07
-4.994768862502634875e+04 3.203844904814486827e-13
-4.994753132565166015e+04 3.113353649318741422e-11
-4.994710758789507236e+04 1.335883832477395391e-05
-4.994710599555372028e+04 6.374974152909071005e-09
-4.994638781860870949e+04 2.278858907989612827e-09
-4.994627391845190141e+04 8.166992719491928375e-13
-4.994572255981538910e+04 4.897058468652624385e-12
-4.994568310069633299e+04 1.083490919881732024e-08
-4.994566509597907861e+04 1.402054298309312274e-04
-4.994546339631473529e+04 8.772969687825595484e-12
-4.994519374612558750e+04 2.033692555150675403e-13
-4.994495614135986398e+04 4.505517732516516826e-07
-4.994458318225933908e+04 7.196098644513446738e-12
-4.994421576792843553e+04 1.853818109280904774e-08
-4.994389790147888561e+04 2.521396767568923100e-12
-4.994378602911493363e+04 2.294228709691851646e-13
-4.994352443729559309e+04 9.029959246065389798e-06
-4.994350948834769952e+04 1.214425704487668595e-08
-4.994325456122444302e+04 2.187170069981032744e-11
-4.994298280450230959e+04 1.437241990638927453e-11
-4.994279407569759496e+04 5.246516100301408667e-07
-4.994268266090813268e+04 2.739976121148522621e-15
-4.994202897030420718e+04 1.175701287775244535e-10
-4.994192490419793467e+04 9.308496467646067242e-12
-4.994170861156457977e+04 4.583447507174100288e-11
-4.994137579426041339e+04 4.392469890658700195e-04
-4.994132312194068800e+04 2.055861673966530047e-07
-4.994123401681619725e+04 1.592532369381902813e-12
-4.994114140649066394e+04 1.308825443851644122e-11
-4.994061719162300142e+04 3.007673165330922860e-08
-4.994053263237312058e+04 9.621770962531984441e-12
-4.994037379778232571e+04 2.293813573022260452e-11
-4.993993693261173030e+04 7.952192974465357355e-06
-4.993982250200482667e+04 2.758753599776004744e-08
-4.993970720596644242e+04 3.466088315227460515e-13
-4.993921209255129361e+04 9.908321027618334693e-06
-4.993913076505776553e+04 4.951861068318156847e-09
-4.993911116186043364e+04 4.711952796781709599e-10
-4.993892326714557566e+04 3.612428260139596495e-13
-4.993842113151923695e+04 2.254485964276904795e-07
-4.993816343244266318e+04 6.038608178846636641e-12
-4.993778769528559496e+04 5.651512382770288963e-05
-4.993759718432694353e+04 2.874445604614502298e-09
-4.993708084047170996e+04 4.019400308574869891e-09
-4.993702546302478004e+04 1.858475899703727511e-05
-4.993698909377592645e+04 4.923516810866087166e-08
-4.993685761056042247e+04 1.480607696486543120e-09
-4.993643442429129209e+04 7.193989064079995688e-14
-4.993620218615184422e+04 3.673675140554563324e-09
-4.993566241832413652e+04 2.994649506706076103e-08
-4.993561212023716507e+04 1.701136611092652490e-02
-4.993535079288696579e+04 3.590804614742027015e-07
-4.993512943501808331e+04 5.309777296796880398e-10
-4.993480877882183995e+04 9.103744250073269173e-07
-4.993473067692293262e+04 6.091799543718627680e-09
-4.993467051525085844e+04 9.447816023105617045e-11
-4.993413278314364288e+04 1.540444050877780360e-12
-4.993395758467486303e+04 4.794783587463346815e-07
-4.993379150960502739e+04 3.449979593600970164e-10
-4.993340229674981674e+04 1.790203109781731750e-04
-4.993321122811303940e+04 8.374023277717355529e-12
-4.993308226361254492e+04 1.305557166515125504e-08
-4.993281752642591891e+04 3.058509936620419976e-10
-4.993255716839076922e+04 1.019500145433973241e-05
-4.993249797211986152e+04 6.305776937829418237e-08
-4.993222837215085019e+04 3.288337996180764550e-10
-4.993168558211411437e+04 8.581467429974178553e-08
-4.993160132155701285e+04 4.078458505466683779e-10
-4.993133264269216306e+04 4.215034214250306494e-11
-4.993114976993464370e+04 1.069727434331422280e-04
-4.993105023271121900e+04 2.030257152679805759e-10
-4.993079019617791346e+04 4.822395847056727126e-07
-4.993027256602916896e+04 1.830019304994153453e-06
-4.993026679532661365e+04 1.327025899081163747e-05
-4.992991080990858609e+04 1.302960217024297625e-06
-4.992990299076526571e+04 9.785914473538804836e-01
-4.992946475942678808e+04 1.737764346222272199e-07
-4.992938408292164240e+04 8.745191826138634233e-06
-4.992924274359460833e+04 1.234537807949489079e-09
-4.992884888849368872e+04 6.679152044692852238e-06
-4.992867672070965637e+04 3.517085072076960341e-11
-4.992847745915393898e+04 2.604862738771897604e-09
-4.992810355008821352e+04 9.166354000574976061e-09
-4.992793983987996035e+04 1.915083638106626363e-05
-4.992770333878949896e+04 3.142301124619114629e-03
-4.992751194421054242e+04 1.135490421834741590e-09
-4.992728309456428542e+04 1.170461022648225662e-09
-4.992705685126514436e+04 2.367237533121105182e-07
-4.992666373119972559e+04 4.103695110225646741e-09
-4.992649754235346336e+04 9.280749324331234479e-05
-4.992629432689530950e+04 8.200602807750658202e-10
-4.992614437866332446e+04 6.257118739535186710e-09
-4.992587821858965617e+04 9.723822474849970524e-10
-4.992557398789159197e+04 3.981586951465700955e-07
-4.992537834388106421e+04 7.450911723349143126e-06
-4.992520572053533397e+04 1.010744877233938589e-11
-4.992470142106233834e+04 6.962443094508006034e-10
-4.992438735203160468e+04 7.831963368007423937e-11
-4.992425706251223892e+04 4.025211430656907330e-11
-4.992409671040478861e+04 1.966251304308896068e-06
-4.992379799185592856e+04 1.386759890887690790e-10
-4.992359123580670712e+04 5.244081207017345905e-10
-4.992340685950559418e+04 7.931196439103542865e-12
-4.992317129168056999e+04 6.601988722948523874e-08
-4.992295238278614852e+04 2.255540671329613221e-06
-4.992246072096587159e+04 4.006498456974787588e-12
-4.992231985162650381e+04 1.379032476955467536e-12
-4.992198177641881921e+04 3.915011544040801325e-10
-4.992164987531827501e+04 6.695923507133079421e-07
-4.992158977603343374e+04 1.112120758870633307e-09
-4.992142014544740960e+04 1.233023551060239828e-09
-4.992122305857841275e+04 2.549543475902444563e-11
-4.992085371929390385e+04 3.487763419973702164e-10
-4.992073375768187543e+04 1.318525559927436940e-07
-4.992044626218947815e+04 7.641703302839834551e-05
-4.991991587610453280e+04 1.413791299129258667e-07
-4.991974489442990307e+04 8.766720474338957625e-10
-4.991932032353768591e+04 1.830285295099544025e-10
-4.991918226181111822e+04 2.517024264002223878e-11
-4.991916255747833202e+04 9.510451057033181219e-10
-4.991905229851798504e+04 3.246687674825846859e-11
-4.991879875496205932e+04 2.886143354044793002e-10
-4.991850647905335791e+04 2.425237357437046187e-11
-4.991826394167747640e+04 1.062690417495297671e-07
-4.991787704165343166e+04 9.152387639131854209e-07
-4.991748200583537982e+04 6.723977146946943876e-09
-4.991706630732915073e+04 8.963970670985832445e-12
-4.991673751416724554e+04 6.525037963854876774e-09
-4.991663896336610196e+04 7.212783618611726215e-08
-4.991659923502054880e+04 5.081940176513521632e-08
-4.991645960405909136e+04 3.573840086016960983e-12
-4.991614337612805684e+04 1.158879920609109994e-11
-4.991576453673426295e+04 1.854631947585186653e-09
-4.991526120094724320e+04 1.714357023417086071e-08
-4.991507062874987605e+04 5.264870768901536153e-10
-4.991489102156629087e+04 2.432048485126541848e-11
-4.991429065388797608e+04 1.820911555896410585e-10
-4.991406199240386195e+04 3.547959266303319992e-09
-4.991404126167639333e+04 7.328236544354212167e-10
-4.991324079640748823e+04 4.977046502694294567e-10
-4.991284740371497901e+04 8.520219566023189188e-13
-4.991262132706074772e+04 1.541314239373795162e-10
-4.991251407223012211e+04 9.325200280815934236e-11
-4.991231494783607923e+04 3.350697960831677664e-13
-4.991202447137844865e+04 6.703376973788479618e-12
-4.991191036899661412e+04 2.759985932855240702e-11
-4.991163618585308723e+04 3.188759729186246049e-11
-4.991146525172726979e+04 1.776508862246007937e-09
-4.991085943305984256e+04 1.086909045730283375e-13
-4.991069322770836879e+04 2.702965168907269068e-11
-4.991010318326140259e+04 1.907377268361940563e-09
-4.990999855834062328e+04 1.775991785737924284e-09
-4.990986889587116457e+04 2.557948176881692046e-08
-4.990970676505966549e+04 1.736731649771619225e-10
-4.990932455892383587e+04 3.172815458730262098e-13
-4.990920966328540089e+04 2.520837061052984652e-13
-4.990884681007454492e+04 5.439284006704211330e-12
-4.990872048842201184e+04 6.425416045399928294e-14
-4.990843628302845900e+04 1.748335044207959748e-12
-4.990812588593061810e+04 3.355537127909775711e-10
-4.990756550401994900e+04 1.977624450322978681e-11
-4.990743837238695414e+04 5.206592206855495595e-12
-4.990715294306790020e+04 5.892430887411323719e-10
-4.990689188063493930e+04 1.465535727068606238e-12
-4.990625360089293827e+04 2.669660836173544797e-11
-4.990619935932756198e+04 8.233806337109492008e-11
-4.990615110124758939e+04 2.837190786903452368e-11
-4.990558865140319540e+04 6.728804106145496466e-12
-4.990545915834714106e+04 3.227758345736521925e-12
-4.990504289190426789e+04 4.078918302215379087e-12
-4.990483872091617377e+04 3.626726053019595844e-13
-4.990440753283425147e+04 6.147406707566452161e-11
-4.990372493943640438e+04 3.811045465974016511e-13
-4.990353004600900749e+04 5.696306667876525025e-12
-4.990349435557382094e+04 9.582188525396471084e-13
-4.990300647254539945e+04 2.309155642761561514e-12
-4.990281764005328296e+04 1.513585365704563896e-12
-4.990260043062474870e+04 4.519663238192607935e-14
-4.990244870918386005e+04 9.450368948832375696e-14
-4.990179068234573060e+04 2.660834436725979816e-15
-4.990164535660728870e+04 9.967357449792616968e-14
-4.990085288105623476e+04 4.560045491612477011e-12
-4.990048792668407259e+04 8.468985830411213810e-16
-4.990022875274511898e+04 2.769626988418018727e-14
-4.989996253875509137e+04 2.729466049661824478e-14
-4.989929946257110714e+04 3.311795903107055133e-15
-4.989888178066878754e+04 1.354448912965521424e-11
-4.989871463087253505e+04 1.034370198855030044e-12
-4.989867544438125333e+04 1.930851762209249503e-13
-4.989830025348753406e+04 1.220357458536793268e-13
-4.989815077466623916e+04 4.706760373837135640e-14
-4.989793194403896632e+04 1.770890065695629458e-13
-4.989751530272018135e+04 7.383139411965243128e-13
-4.989738258356128063e+04 2.436170128570750923e-14
-4.989620854165762285e+04 6.448432898632213970e-14
-4.989606562181979098e+04 3.175714031972352545e-13
-4.989598385660279018e+04 6.935585766865477452e-14
-4.989552703540656512e+04 6.056221039262237005e-15
-4.989542874059415772e+04 1.097506867326323535e-13
-4.989539029895277054e+04 1.061345734757970136e-15
-4.989517669714839576e+04 1.167158962406835337e-15
-4.989484525224674144e+04 4.510283175946116990e-14
-4.989464646142798301e+04 4.371313319600310036e-15
-4.989331900730008056e+04 9.155853924625313741e-14
-4.989307184266411787e+04 1.127800701621850864e-15
-4.989274737697967066e+04 6.283133788971603954e-15
-4.989270072716309369e+04 2.151345015791956249e-15
-4.989252075993260951e+04 1.621576794100603509e-14
-4.989208813882246614e+04 2.861789302419442370e-17
-4.989206052843332873e+04 1.350641538589051502e-14
-4.989154292063134926e+04 1.946039312911617059e-16
-4.989054083517671825e+04 7.645572639246226864e-16
-4.989044579474705097e+04 4.228010125862385230e-16
-4.988996944913403422e+04 5.527076876044801740e-15
-4.988976899255798344e+04 2.623102174274998932e-15
-4.988968518966031115e+04 1.237145297945847672e-15
-4.988928333799447864e+04 5.882477104057179298e-17
-4.988880542385250737e+04 4.769951842756647542e-20
-4.988834356641321210e+04 7.384339158294044404e-18
-4.988776138237770647e+04 6.121976309854253223e-15
-4.988753922321963910e+04 6.567027303706545386e-19
-4.988705964963215229e+04 9.727442327990233791e-16
-4.988682470985159307e+04 2.468734168606764181e-15
-4.988563141294283560e+04 1.057959293996347799e-17
-4.988537378939550399e+04 3.734709497572647584e-19
-4.988508458200604946e+04 5.830829038981653297e-17
-4.988480145854707371e+04 2.134965311770475995e-16
-4.988450915402357350e+04 6.612349812312181291e-18
-4.988443882136050524e+04 2.287348229320443175e-17
-4.988427626367390621e+04 4.786572944849059041e-17
-4.988398555173257773e+04 1.461832548813648074e-16
-4.988268081679504394e+04 8.286364582223368618e-20
-4.988242618573268555e+04 3.167644370178072410e-18
-4.988208541208980751e+04 7.775826059658207275e-17
-4.988186205926554248e+04 2.574285869453869040e-17
-4.988150278181784961e+04 4.056945027321111946e-18
-4.988142980717765749e+04 6.329473205299448733e-20
-4.988137623084906954e+04 2.883751776037968157e-20
-4.988100489853358158e+04 7.434568209232722632e-17
-4.987934198568103602e+04 4.526503509389749700e-19
-4.987923142416618794e+04 8.001688306266038761e-20
-4.987891040755728318e+04 1.849753004990194146e-17
-4.987836224037093052e+04 4.811903798716898382e-19
-4.987830003794634104e+04 2.015746623001860926e-18
-4.987808741127720714e+04 7.753552367613240763e-19
-4.987715589055648888e+04 2.324865001205379938e-19
-4.987691086610786442e+04 2.905227234745591217e-19
-4.987607254571181693e+04 9.651388860023392096e-19
-4.987576979572415439e+04 4.273235417616887658e-18
-4.987537510932232544e+04 1.031721380427787870e-19
-4.987517436709051981e+04 7.793464184975127240e-22
-4.987462269278361782e+04 1.414969452704097537e-19
-4.987437612022318353e+04 1.376566222808517753e-20
-4.987370320492961764e+04 8.224901069201270169e-21
-4.987319738598923868e+04 2.889974231589126103e-20
-4.987285534837032901e+04 2.838116778255570559e-19
-4.987193002062183223e+04 6.165662400570396477e-22
-4.987151607130822231e+04 2.751652856959675451e-20
-4.987107405847321934e+04 2.079437669387961443e-21
-4.987033194295966678e+04 1.464719592073023065e-21
-4.986995979480887763e+04 2.069180099978530602e-19
-4.986975039833045594e+04 1.002620495879024719e-22
-4.986963261563237756e+04 1.561170336007795354e-21
-4.986874943257855193e+04 3.760265092988198945e-21
-4.986822636275413970e+04 2.435544695756597279e-21
-4.986756262483463797e+04 9.625830158301266909e-22
-4.986738782696163980e+04 2.980949552884065897e-20
-4.986701999130740296e+04 5.174675793298850761e-21
-4.986655186805772246e+04 3.808009706981470916e-24
-4.986641637372835248e+04 1.184569808145481159e-23
-4.986494756512840831e+04 2.025650207451750592e-21
-4.986461116068771662e+04 1.099659673295888692e-21
-4.986456558293453418e+04 1.502636601586852059e-21
-4.986398644096389035e+04 4.172892735921143841e-22
-4.986318049405163038e+04 1.213688644167826448e-22
-4.986217586443510663e+04 1.308450355340683567e-23
-4.986187278125957528e+04 1.841215616162205595e-22
-4.986106349210862390e+04 8.707431875171194349e-23
-4.986097927264477767e+04 1.744551893278860239e-24
-4.986016897279000841e+04 1.164127897346523072e-23
-4.985992230959142034e+04 1.853199046892128969e-24
-4.985906701340782456e+04 1.627603576962998026e-23
-4.985841565164778149e+04 2.180521046431427416e-22
-4.985766022419743240e+04 6.468498000781406611e-24
-4.985696180599887884e+04 5.993010336879647530e-24
-4.985642070899002283e+04 6.994313720905473747e-23
-4.985597087020137405e+04 2.150979206601499340e-24
-4.985523414562027028e+04 1.263604516372937610e-23
-4.985388585484522628e+04 0.000000000000000000e+00
-4.985353626051687752e+04 0.000000000000000000e+00
-4.985331380663334130e+04 1.002393706786005126e-24
-4.985306975727041572e+04 0.000000000000000000e+00
-4.985263822861004883e+04 1.036130928584817152e-24
-4.985191054626089317e+04 0.000000000000000000e+00
-4.985061845365269983e+04 0.000000000000000000e+00
-4.985007338073061692e+04 0.000000000000000000e+00
-4.984968065480752557e+04 0.000000000000000000e+00
-4.984892565765640757e+04 0.000000000000000000e+00
-4.984874919020556263e+04 0.000000000000000000e+00
-4.984779635782030527e+04 0.000000000000000000e+00
-4.984617538313358091e+04 0.000000000000000000e+00
-4.984579491553767730e+04 0.000000000000000000e+00
-4.984532771655410761e+04 0.000000000000000000e+00
-4.984460097365792899e+04 0.000000000000000000e+00
-4.984285790827423625e+04 0.000000000000000000e+00
-4.984242206230772717e+04 0.000000000000000000e+00
-4.984198100950166554e+04 0.000000000000000000e+00
-4.984107378484380752e+04 0.000000000000000000e+00
-4.983886706783127738e+04 0.000000000000000000e+00
-4.983819539274863928e+04 0.000000000000000000e+00
-4.983758147129402641e+04 0.000000000000000000e+00
-4.983649329818525439e+04 0.000000000000000000e+00
-4.983582264713313634e+04 0.000000000000000000e+00
-4.983481648452662921e+04 0.000000000000000000e+00
-4.983452710143596778e+04 0.000000000000000000e+00
-4.983332385289972444e+04 0.000000000000000000e+00
-4.983260521307745512e+04 0.000000000000000000e+00
-4.983225545255211182e+04 0.000000000000000000e+00
-4.983128879606261762e+04 0.000000000000000000e+00
-4.982954857929096033e+04 0.000000000000000000e+00
-4.982895601151491428e+04 0.000000000000000000e+00
-4.982733436150386842e+04 0.000000000000000000e+00
-4.982572873583893670e+04 0.000000000000000000e+00
-4.982514800388377625e+04 0.000000000000000000e+00
-4.982373006866381183e+04 0.000000000000000000e+00
-4.982186170197209140e+04 0.000000000000000000e+00
-4.982073487816633860e+04 0.000000000000000000e+00
-4.981796333403081371e+04 0.000000000000000000e+00
-4.981694673877642344e+04 0.000000000000000000e+00
-4.981540573512117408e+04 0.000000000000000000e+00
-4.981447221675017499e+04 0.000000000000000000e+00
-4.981378516241192847e+04 0.000000000000000000e+00
-4.981164905504824856e+04 0.000000000000000000e+00
-4.981066067893292347e+04 0.000000000000000000e+00
-4.980834817763900355e+04 0.000000000000000000e+00
-4.980764813862635492e+04 0.000000000000000000e+00
-4.980444612719031284e+04 0.000000000000000000e+00
-4.980374195902147767e+04 0.000000000000000000e+00
-4.979341400277411594e+04 0.000000000000000000e+00
-4.979298762712299504e+04 0.000000000000000000e+00
-4.978950627175389673e+04 0.000000000000000000e+00
-4.978906972981828585e+04 0.000000000000000000e+00
4.994994455304490839e+04 0.000000000000000000e+00
4.995116858664586471e+04 0.000000000000000000e+00
4.995118511645581020e+04 0.000000000000000000e+00
4.995183251520656631e+04 0.000000000000000000e+00
4.995352637032193888e+04 0.000000000000000000e+00
4.995358903196507890e+04 0.000000000000000000e+00
4.995360370816147042e+04 0.000000000000000000e+00
4.995501170155138243e+04 0.000000000000000000e+00
4.995620816503650713e+04 0.000000000000000000e+00
4.995623402632373472e+04 0.000000000000000000e+00
4.995630580497052142e+04 0.000000000000000000e+00
4.995730766717606457e+04 3.319029086341949771e-24
4.995802956733162137e+04 0.000000000000000000e+00
4.995822832975096389e+04 0.000000000000000000e+00
4.995825771922901185e+04 0.000000000000000000e+00
4.995863085843526642e+04 1.044146980801258693e-24
4.995899580297879584e+04 1.635111690824946397e-24
4.995960648885891715e+04 2.014123777452015228e-24
4.995998163711317466e+04 0.000000000000000000e+00
4.996005938182178943e+04 0.000000000000000000e+00
4.996061346022530051e+04 0.000000000000000000e+00
4.996095963810776448e+04 0.000000000000000000e+00
4.996171365346895618e+04 0.000000000000000000e+00
4.996215681551687157e+04 0.000000000000000000e+00
4.996223960795930907e+04 0.000000000000000000e+00
4.996304873462860269e+04 0.000000000000000000e+00
4.996366710851690004e+04 0.000000000000000000e+00
4.996426805890060496e+04 0.000000000000000000e+00
4.996460041576987715e+04 0.000000000000000000e+00
4.996535195635849959e+04 0.000000000000000000e+00
4.996625798617296823e+04 1.162624462341922132e-24
4.996636952935526642e+04 8.020830023228969269e-24
4.996728220661147498e+04 0.000000000000000000e+00
4.996826644290385593e+04 0.000000000000000000e+00
4.996834161032684642e+04 1.629543030923501543e-24
4.996943399437606422e+04 0.000000000000000000e+00
4.997006777522031916e+04 0.000000000000000000e+00
4.997012210678229167e+04 0.000000000000000000e+00
4.997068245744684100e+04 5.838997972137198345e-24
4.997167091189065832e+04 9.898829732235539811e-24
4.997221484744504414e+04 0.000000000000000000e+00
4.997229342018631723e+04 1.385268260699430026e-24
4.997298234879290976e+04 8.013597769887971165e-23
4.997398233857464948e+04 4.893635443559397885e-22
4.997435310346307233e+04 0.000000000000000000e+00
4.997451239575315412e+04 2.337271631056085655e-24
4.997555996964803489e+04 3.086794967543626800e-24
4.997590550338180037e+04 4.453929044732905228e-23
4.997647966696443473e+04 1.704535617411439732e-22
4.997722706660155382e+04 7.312191874025827512e-22
4.997766789794900978e+04 1.274621742985164887e-22
4.997855843773185188e+04 1.161263597844102614e-23
4.997876267793292936e+04 1.209923443925276053e-23
4.997904612367602385e+04 3.360946856338043583e-22
4.998006864380068146e+04 1.273653029188806646e-24
4.998015002321720385e+04 3.679313010924275545e-23
4.998067383389684983e+04 3.984397628477901609e-21
4.998084442015849345e+04 7.609040713667270013e-22
4.998182958633766975e+04 4.021242930060950954e-23
4.998207830305021344e+04 1.884478585273904635e-22
4.998222013872486423e+04 4.641232325471344800e-22
4.998272843207066762e+04 1.564549138295100731e-24
4.998310566386926075e+04 2.098363145981302095e-23
4.998339592192708369e+04 1.468986012376103200e-23
4.998420109238568693e+04 2.871413811234808967e-22
4.998436996253913094e+04 7.135028125735832462e-23
4.998473203740645113e+04 8.207456836337838418e-22
4.998493418961417774e+04 3.998431758842025683e-22
4.998527423018459376e+04 0.000000000000000000e+00
4.998572137884383119e+04 2.072188574006419124e-22
4.998585135516692390e+04 3.473180839989125307e-23
4.998640386773081264e+04 2.997889290186888625e-23
4.998651857066538651e+04 9.608214669798715604e-21
4.998670469898787269e+04 1.169086938734673095e-21
4.998689535685128067e+04 1.804299789029325971e-22
4.998718095459171309e+04 5.598111028320058852e-22
4.998767883712618641e+04 1.591796453174982180e-21
4.998779675293118635e+04 5.913508916772922945e-22
4.998844131966400164e+04 2.855941546667558731e-22
4.998864332118714810e+04 2.005389871029352236e-20
4.998866612642691325e+04 1.593673671068617720e-20
4.998911715542451566e+04 1.286615377349053025e-20
4.998964818308321992e+04 2.838549686019926680e-22
4.999006873538448417e+04 8.752306518768099440e-24
4.999032188834491535e+04 5.599800682918053542e-22
4.999048192815892253e+04 1.383258380800257702e-21
4.999078515388361120e+04 7.214933781082239359e-21
4.999090495435716002e+04 4.713354843651920278e-22
4.999156254802006879e+04 2.283792727834329665e-22
4.999213075272400602e+04 8.729201643671681074e-21
4.999222068384310114e+04 1.454462587842116189e-21
4.999223269889693620e+04 7.884473920598168917e-21
4.999276120086710580e+04 4.840939840340622287e-21
4.999291937653683271e+04 1.169245917084622131e-20
4.999350381080332590e+04 1.190875327919550816e-21
4.999405294787052117e+04 3.483665697363227366e-21
4.999430409047946159e+04 6.755275839208338949e-21
4.999437245120741864e+04 2.237986091916669415e-21
4.999500459961139131e+04 5.802474494308329150e-19
4.999520006679086509e+04 8.505981273712398063e-20
4.999595651942153199e+04 4.768129422958525886e-20
4.999641950346682279e+04 8.329713557227158470e-21
4.999652349609087833e+04 2.799407281415349720e-19
4.999678868114732177e+04 6.840678654068501426e-21
4.999711073968731216e+04 2.286653747657370606e-21
4.999774087108120148e+04 6.353311822331509581e-21
4.999781554992107704e+04 8.664599185626198859e-23
4.999826736284318758e+04 3.493280748478987980e-21
4.999867329860491736e+04 3.750285203858863968e-20
4.999914810415812099e+04 1.119200097156145134e-19
4.999936029513478570e+04 7.676735055605535003e-22
4.999949545396939357e+04 4.862003360841251608e-21
5.000006874524742307e+04 3.855022560213010411e-21
5.000056722995227756e+04 7.102688463085584565e-21
5.000082088606726029e+04 4.467789932710010415e-18
5.000100784001691500e+04 6.777392741635911989e-24
5.000115312340816308e+04 9.704981407916169902e-20
5.000174806703294598e+04 1.025585642029063118e-21
5.000222076800236391e+04 1.254259035732121196e-18
5.000229991273678024e+04 1.572530209202610368e-21
5.000291256864752359e+04 6.377092920821299181e-19
5.000296492002699961e+04 9.527958172283998573e-20
5.000327723528262140e+04 1.183355484947093484e-18
5.000366434991885762e+04 2.401630242256667173e-19
5.000437275116496312e+04 7.853906538754717766e-20
5.000468685128578363e+04 1.176135839516829700e-20
5.000501175953874917e+04 2.332294811072799277e-19
5.000510348238939332e+04 1.283921406065628575e-20
5.000510992738049390e+04 5.840376624126762154e-21
5.000598997663526097e+04 6.587583904460998679e-21
5.000625939443518291e+04 3.949537925402884414e-22
5.000652460590903502e+04 1.241458090548698499e-17
5.000654375277852523e+04 6.611892449201708746e-21
5.000698303866438800e+04 5.309459212793962737e-22
5.000723362285353505e+04 7.923241862986001357e-19
5.000757445834268583e+04 4.688834670705223329e-21
5.000796772660216811e+04 1.497419725468901435e-20
5.000830857240482874e+04 8.353949408639146596e-21
5.000867620851205720e+04 6.596416427421036766e-19
5.000904369169598795e+04 8.970596014057637719e-20
5.000935257735031337e+04 3.682620383670308412e-17
5.000937562745056493e+04 1.777725150261100476e-21
5.000993808047202765e+04 1.571164715656436799e-19
5.001006874628058722e+04 1.107322772680126542e-20
5.001037068263737456e+04 7.206585497518285908e-20
5.001082709820025048e+04 2.456746684375355335e-17
5.001086034013597964e+04 1.004985877493372084e-18
5.001140394770900457e+04 3.726601277966275985e-20
5.001146373922460771e+04 1.141629659672285039e-18
5.001155299752671999e+04 7.031256640951894980e-20
5.001222077840480779e+04 1.067221464737117401e-18
5.001227706153204053e+04 9.433254436430706126e-20
5.001246803719183663e+04 4.464376552107285388e-20
5.001284579396800837e+04 5.169415700966533708e-20
5.001297723225540540e+04 4.688769133571637695e-18
5.001341988773443154e+04 1.544945148346259763e-20
5.001356510986583453e+04 5.057301570342849515e-20
5.001390227674363268e+04 1.019285570178283506e-21
5.001408197809563717e+04 4.795906449846528926e-19
5.001437280484806251e+04 4.407021470483413404e-18
5.001471546275738365e+04 3.445818746665963630e-20
5.001504012866517587e+04 1.724444429086537501e-18
5.001512540458927833e+04 4.460874685779706167e-16
5.001556672355683259e+04 1.331131022716094308e-19
5.001562953262500378e+04 9.093246657204615949e-19
5.001631410706129827e+04 1.872953849316007277e-19
5.001641603849715466e+04 1.418744630112488249e-19
5.001652481214810541e+04 5.903173317005637071e-16
5.001724396731317393e+04 3.384574725616528670e-18
5.001727936114965269e+04 9.637475623794826518e-18
5.001764993928863987e+04 1.552232504587151394e-17
5.001768142878676736e+04 1.012294875946829143e-17
5.001793950973970641e+04 4.238061718454258110e-19
5.001851991958084545e+04 3.133224854291991404e-19
5.001867676417385519e+04 2.003407885991969782e-17
5.001916209094234364e+04 5.206715740590759683e-19
5.001938601838667819e+04 3.699671094064087925e-19
5.001941481338704034e+04 1.017950880043045903e-17
5.001960627054813085e+04 1.809345946718488991e-18
5.001988323381009832e+04 1.390499889455733473e-18
5.002006874639193120e+04 1.053797700213313011e-17
5.002057674596515426e+04 1.593692364747649997e-19
5.002079062316906493e+04 2.566428126184011575e-19
5.002082858089249203e+04 3.542538286256504440e-15
5.002126746153904242e+04 8.275191890915948617e-19
5.002154273783131066e+04 1.061019962927074770e-17
5.002168939037810924e+04 5.151132694785468662e-19
5.002180431555703399e+04 8.180793002616786415e-18
5.002222077966871439e+04 3.313101974065590092e-15
5.002234477127973514e+04 5.737431911383197187e-22
5.002298009196532075e+04 1.438505592633408393e-16
5.002314862180419004e+04 2.215140495989538752e-18
5.002320151545554836e+04 2.015128480347968890e-19
5.002367743139695813e+04 5.456306068093035085e-16
5.002374694837825518e+04 3.175346525590047710e-20
5.002437281243542384e+04 5.270987452594157797e-17
5.002473875346819113e+04 2.298883769940919169e-18
5.002484359987099015e+04 1.207561538204735814e-18
5.002513123897578043e+04 1.296891645481995943e-15
5.002560632978953072e+04 5.716182198024053699e-19
5.002578612234296452e+04 4.981363445649510743e-17
5.002610750425454171e+04 8.166313907279280400e-20
5.002622044944009394e+04 4.883133842860744132e-24
5.002652484382007970e+04 1.222886234354269234e-14
5.002674606043117092e+04 1.848215211071930323e-20
5.002728152156331635e+04 7.146724959328708944e-17
5.002741354196272005e+04 1.187483761273511122e-18
5.002772614475477894e+04 7.766542562940962814e-19
5.002789068146236968e+04 1.424146559632590505e-16
5.002828322314305115e+04 1.087068105799892267e-19
5.002852526091807522e+04 5.804885644612595025e-19
5.002867687256034696e+04 1.176639825005132090e-15
5.002914457333148312e+04 1.270060214933865441e-19
5.002942776983362273e+04 3.648210532208095112e-15
5.002943216273286089e+04 5.625579624238073432e-15
5.002976797182126029e+04 1.213285282062101411e-20
5.003000403725440992e+04 1.720310011127999237e-17
5.003006874653670093e+04 7.055425362721370733e-18
5.003082889791698835e+04 4.848351279869476723e-14
5.003090483697988384e+04 1.102450353975362803e-18
5.003102040183454665e+04 1.849189576455551547e-19
5.003157658168401395e+04 7.094499074670844215e-16
5.003167101400696993e+04 6.368042139656668129e-19
5.003207387352931983e+04 1.753578194039618590e-17
5.003222078134775802e+04 1.074503105908719854e-16
5.003229101292505220e+04 2.207345027528056126e-20
5.003237662509178335e+04 4.332250213078957280e-19
5.003285685169088538e+04 3.810724587104293259e-20
5.003298093190135842e+04 3.001791676149487491e-16
5.003326515876879421e+04 1.351406315195193683e-19
5.003372022243566607e+04 2.927590543032939252e-15
5.003408315154400771e+04 1.402420991495719967e-18
5.003417197451281390e+04 4.046634613187070593e-18
5.003425486503828142e+04 5.881560093877133857e-18
5.003437282220730413e+04 6.926906395458022344e-15
5.003453966533556377e+04 9.083269857488891747e-21
5.003513298135207151e+04 1.278208476694338617e-13
5.003526892611431686e+04 2.471594243967083018e-19
5.003572871680801472e+04 7.070952339977517389e-18
5.003586511314632662e+04 1.923664539901320753e-16
5.003615413502566662e+04 1.638964794305411678e-18
5.003627947170783591e+04 1.200667560256854408e-18
5.003652488416436972e+04 9.415079559396630039e-13
5.003686700374014617e+04 2.135163188395194793e-19
5.003704219866491621e+04 2.809653233635558405e-19
5.003728513295135053e+04 9.408971984826475020e-15
5.003766237111886585e+04 2.660574902751272361e-18
5.003800597698669299e+04 1.272006623819032381e-16
5.003812528904283681e+04 2.995387719177849421e-19
5.003838420400658651e+04 6.602119141406944481e-20
5.003867701409259462e+04 7.076755431241434030e-16
5.003880754831175000e+04 1.225797925757509414e-18
5.003914991127124085e+04 1.228018861648256049e-18
5.003943749398191721e+04 7.021184180204308771e-14
5.003990416326271225e+04 5.934744247019917782e-21
5.004006874822876125e+04 2.467510698845375461e-14
5.004013175695439713e+04 1.132401207764482357e-17
5.004013926242303569e+04 6.331422806562500313e-18
5.004075110662800580e+04 1.388711870240433877e-18
5.004082934913461213e+04 1.281487089237551401e-12
5.004098149751544406e+04 3.426073438159260990e-20
5.004159030130916653e+04 3.329256870823685720e-15
5.004172099923882342e+04 2.959789850190875799e-19
5.004208510480393306e+04 6.084929860420902410e-20
5.004222080607010867e+04 7.522702927608240136e-12
5.004225280300882878e+04 1.441246302142266469e-17
5.004226786933499534e+04 3.841369718643427175e-17
5.004269084032307001e+04 1.382553233032431807e-23
5.004298222129412170e+04 1.058293130926711313e-13
5.004361831522075954e+04 3.454411897022391526e-18
5.004374435875466588e+04 1.275066880251064646e-15
5.004383900530551909e+04 6.884617697000249450e-19
5.004410745846606733e+04 3.579086748098096445e-20
5.004436762450829701e+04 1.347262047911301171e-19
5.004437299880629871e+04 2.609315763095157629e-15
5.004438441316354874e+04 1.400702493070107242e-18
5.004489221299814380e+04 4.206210332265671568e-19
5.004513629899870284e+04 1.713840420497783091e-12
5.004549858733243309e+04 2.346198257760487305e-18
5.004581113595428178e+04 1.587840269889591539e-18
5.004590039616882132e+04 1.466213463778233068e-16
5.004620340912242682e+04 3.263993795585120716e-20
5.004649552608487284e+04 2.265081428650478726e-18
5.004652567129026284e+04 5.959285577121208569e-12
5.004666094281274854e+04 3.688730206003801290e-19
5.004712810416936554e+04 1.606089758737322001e-19
5.004729273313441809e+04 5.905947609904697329e-14
5.004776216105047934e+04 5.822051695235808520e-20
5.004791432069816801e+04 3.796120504143998978e-18
5.004805924533904908e+04 6.146088683710829394e-16
5.004829779590337421e+04 7.848600896658651984e-19
5.004860897488104092e+04 1.396153902730920344e-18
5.004867953075293917e+04 9.288697551208246718e-13
5.004916705010993610e+04 2.541194255088549119e-19
5.004943761229506345e+04 8.812388167208650483e-17
5.004945336653587583e+04 1.420579743403617949e-14
5.004993584848770115e+04 1.473129198293408731e-20
5.005006882599383243e+04 2.170100351529282730e-16
5.005022725830291893e+04 1.147941906131417294e-18
5.005031021260903071e+04 4.078427359354223554e-19
5.005071835798197571e+04 4.956037084765070811e-16
5.005083576798839204e+04 4.083009737002788678e-11
5.005091128082748037e+04 5.221818226736686969e-18
5.005145266420063126e+04 3.645219415677037922e-18
5.005162022784911824e+04 1.996741976234210179e-15
5.005218487646070571e+04 3.594064436018503748e-18
5.005222129791916814e+04 2.400744658284063570e-12
5.005239679068432451e+04 1.961926220240241428e-16
5.005270342994564271e+04 1.808772419169578427e-19
5.005277049000360421e+04 2.164778455679446491e-17
5.005299626834715309e+04 9.689719413406914380e-13
5.005325965835299576e+04 5.606753551779939138e-19
5.005379649165590672e+04 1.081628644736203605e-14
5.005413979245185328e+04 2.686247389917982268e-21
5.005437475978773000e+04 5.925431350672335570e-12
5.005457615575387172e+04 1.537501718573454800e-17
5.005468796313286293e+04 2.863879642927503201e-20
5.005485387389280368e+04 1.473898200449444048e-17
5.005516380187639879e+04 1.148728209919862435e-13
5.005518757335062401e+04 9.160077338189581766e-20
5.005581418009717891e+04 3.420010826166420957e-18
5.005598528710894607e+04 7.247231369799799307e-17
5.005647567506157793e+04 1.087898066425708724e-16
5.005653126977907959e+04 8.990642189922291883e-10
5.005663585560243519e+04 4.128984546364559379e-17
5.005676606774501124e+04 5.637438935948944201e-15
5.005712819389250217e+04 2.380800787986523855e-19
5.005734202125111915e+04 1.078143232068112314e-14
5.005739944365380506e+04 6.534245819638803153e-20
5.005766152124472137e+04 9.252336821239762143e-19
5.005818915113419644e+04 1.089405822534374662e-14
5.005843158614063577e+04 1.027825200865062651e-18
5.005868212194887019e+04 2.721516091279918150e-15
5.005869580919305736e+04 1.376022935548792761e-11
5.005896925701927103e+04 2.097320873869894650e-16
5.005918945276907471e+04 3.456338361331247886e-21
5.005923475275816600e+04 1.844779759362482740e-17
5.005953521284396993e+04 8.439894110483933048e-14
5.005979282119021082e+04 1.544344127941031953e-20
5.006002762911937316e+04 1.794767498665943958e-19
5.006007117872540402e+04 5.410992950819722654e-11
5.006041238397161214e+04 3.315812903104318241e-16
5.006069355274830741e+04 9.114318873806850905e-18
5.006087562333671667e+04 1.832865723882469299e-12
5.006117977179248555e+04 9.651282001504132130e-17
5.006123850188768120e+04 5.489416273159972224e-19
5.006151139869143663e+04 1.464143338398618905e-18
5.006174770373784850e+04 2.437456327058462660e-16
5.006223269250644080e+04 5.092601784670136189e-14
5.006223660597034905e+04 1.606661234671458308e-08
5.006265480497306999e+04 5.581241269690428455e-14
5.006307874432276731e+04 2.353121663995709584e-13
5.006327706951525033e+04 1.068502343764827520e-17
5.006337555829791381e+04 1.413844587440206588e-16
5.006358279951797886e+04 1.562562899054308075e-17
5.006398308479414118e+04 7.800871952659888192e-14
5.006400100900451798e+04 9.530620119620613341e-16
5.006442874683510308e+04 1.167154174122938519e-10
5.006474665866199211e+04 1.513500764905616491e-17
5.006491872144840454e+04 1.759426919883769469e-15
5.006531224569144251e+04 8.521629848547773590e-13
5.006535372683355672e+04 6.687380499372940896e-16
5.006561598255547869e+04 5.329271208326496766e-16
5.006573810240040621e+04 8.593535483069185756e-17
5.006624470496149297e+04 4.980045920236323874e-15
5.006630974207266991e+04 1.974912109032526160e-20
5.006665516278515133e+04 7.780075434931212717e-13
5.006669028807833092e+04 1.041201306554953290e-18
5.006720054661307222e+04 1.536920945962560545e-15
5.006721231404149148e+04 8.349693271382299272e-16
5.006758112099941354e+04 6.488828526728258519e-14
5.006760481256587809e+04 1.000585397000286736e-16
5.006786760892832535e+04 8.703911431354062786e-17
5.006822079292177659e+04 4.634945929027929793e-18
5.006853370453654497e+04 1.649370981133427340e-14
5.006887188923438953e+04 3.673349541885017580e-19
5.006892419488039741e+04 2.065014400911519782e-13
5.006910828711605427e+04 1.556729135840188560e-18
5.006933594665778219e+04 2.262946500329837224e-21
5.006951379128787812e+04 6.487977863627343525e-16
5.006988811617217289e+04 4.385831614608365772e-13
5.007009924702973512e+04 2.731079379895357118e-14
5.007010142707298655e+04 3.294878720676143027e-11
5.007053577771061828e+04 2.273269046754505288e-19
5.007085066096511582e+04 1.754971298523793702e-15
5.007101671739780431e+04 4.729825640527390772e-19
5.007118095124646061e+04 5.865411760697162153e-17
5.007124155004761269e+04 1.729864421593048430e-11
5.007176071676957508e+04 2.445024752937658540e-19
5.007184632235892059e+04 8.442407392542084872e-16
5.007223379823757568e+04 1.288608728223802869e-13
5.007230397457441723e+04 1.504124315791579011e-14
5.007231038714576425e+04 3.558975369720109223e-11
5.007294974779633776e+04 1.711580663583209821e-18
5.007318575923639582e+04 6.512918466848911292e-18
5.007319832445724023e+04 1.141886700146261523e-16
5.007360943374950148e+04 2.640104893180899564e-13
5.007385264066701347e+04 2.468269678466676988e-18
5.007413437255311146e+04 2.486580746256935781e-19
5.007419926473284431e+04 3.793740220371393202e-16
5.007455212702950666e+04 8.767259083898259273e-17
5.007461703703406238e+04 1.691688222794407394e-14
5.007464700215462653e+04 2.489625190185886361e-12
5.007527091028170253e+04 6.046374741313557102e-17
5.007556959590430051e+04 1.766351055048929595e-16
5.007602698790596332e+04 2.471593382099954137e-13
5.007612757252085430e+04 3.275645982966574834e-18
5.007617399085177021e+04 2.200554617683911976e-17
5.007656015863006178e+04 1.705776472897237817e-14
5.007682748752754560e+04 1.023667769472858229e-15
5.007700707307439734e+04 3.367629010190125967e-16
5.007703792970418726e+04 4.096956762284959387e-12
5.007708544416756922e+04 1.139536481410957939e-10
5.007796707868286467e+04 4.235000502447097307e-14
5.007803194148400507e+04 3.643848369590027739e-16
5.007849113422919618e+04 8.697548937923571062e-15
5.007856316576688550e+04 8.665637870609732508e-17
5.007884600905008847e+04 1.299619969163755139e-16
5.007895785930156126e+04 1.251198714806800701e-19
5.007919400610328739e+04 2.469718587520075607e-16
5.007949433818498073e+04 1.569435268766022252e-13
5.007960074086707027e+04 2.000868333257423187e-13
5.007960555048816605e+04 7.682311619041442158e-13
5.008039162101769762e+04 1.674268847419787340e-15
5.008079587261505367e+04 1.891074665225855355e-17
5.008099775852336461e+04 2.350582212183962007e-13
5.008119877962957980e+04 1.897944973397036636e-16
5.008132377313022880e+04 1.119642231629719704e-16
5.008133859828528512e+04 6.099041512413228776e-16
5.008164494469905185e+04 2.089381262431429103e-17
5.008198354179505259e+04 2.724236404803800949e-15
5.008202767096905154e+04 7.410960665302215562e-19
5.008218867241359840e+04 1.193925452118808691e-14
5.008284139996876183e+04 5.900780398437862124e-17
5.008342891124037124e+04 4.836608456901539733e-19
5.008354006096391095e+04 6.023839506125406886e-15
5.008370184675148630e+04 1.401646357473242205e-16
5.008383646156288887e+04 6.865842927884032494e-19
5.008411887426253088e+04 5.545255884753896894e-20
5.008433897306449217e+04 2.072405490885248281e-18
5.008450238695640292e+04 1.614086614880773468e-16
5.008482355093751539e+04 4.878110871886585843e-15
5.008528557659010403e+04 2.832251280728492154e-17
5.008554436662406806e+04 6.047796920197638499e-18
5.008609416158383829e+04 1.487786902177164619e-15
5.008617065817926050e+04 5.862477310085902466e-16
5.008644714810389269e+04 1.183212244642557454e-18
5.008704528820316045e+04 1.690461595039250730e-16
5.008749415231019520e+04 1.080033821253196967e-13
5.008761899464437738e+04 5.566859607020977992e-15
5.008784871093806578e+04 2.530462664207536383e-15
5.008817886606277898e+04 1.020518289133619837e-17
5.008846511422541516e+04 2.178855518055856865e-18
5.008853356404128135e+04 1.964406726468765638e-19
5.008874080789541767e+04 3.059774926233846284e-18
5.008887830073211080e+04 2.661275256421371120e-20
5.008960219569287437e+04 5.074486280180941052e-16
5.008962627951016475e+04 3.546657464951559593e-16
5.009018537875473703e+04 1.463506003673461678e-15
5.009034820032801508e+04 4.143726060676915237e-16
5.009050487544919451e+04 5.319432004667610782e-18
5.009087826507781574e+04 2.585284324902479125e-20
5.009117278720840113e+04 7.954472289853777164e-18
5.009126365115973749e+04 3.102128566236525442e-19
5.009138180431626097e+04 6.143558024494399860e-16
5.009177051200734422e+04 1.371735763540060639e-18
5.009205193342416896e+04 2.694568290186610115e-19
5.009220085821209796e+04 2.098121630740486330e-17
5.009280569547243795e+04 1.061626321711139751e-17
5.009300666946561250e+04 1.588508792043290220e-17
5.009308873261643748e+04 1.100560888536812746e-20
5.009367751436503022e+04 1.325403763413114293e-19
5.009404135806078557e+04 2.406786155608472929e-17
5.009428121989505598e+04 7.619705811956274335e-20
5.009439624697042018e+04 6.655289206304305879e-20
5.009479385209745669e+04 3.288956105226852460e-18
5.009513336645701202e+04 8.509359302839661916e-20
5.009537222765882325e+04 1.439691688606446136e-20
5.009567708615163428e+04 3.296174238788368974e-19
5.009576247750971379e+04 1.797804647398590322e-18
5.009671463940296962e+04 1.033502471203400197e-17
5.009687944180395425e+04 4.372885893160605342e-19
5.009700832173542585e+04 3.081582693597339056e-21
5.009741081076580303e+04 1.483413133440870605e-20
5.009768032758635673e+04 6.221750507734566085e-21
5.009792555814923253e+04 1.912787094943655977e-18
5.009807705498045834e+04 1.899776765182115652e-18
5.009853603956096777e+04 1.044094432471175108e-16
5.009877962982504687e+04 6.924674644230792444e-20
5.009943164223849453e+04 6.905958486272307834e-20
5.009998456604118837e+04 2.226969838530800159e-18
5.010020410588925733e+04 1.862364023035313954e-18
5.010048382231187134e+04 1.136596942398493841e-19
5.010127373885622364e+04 3.260020819596654006e-20
5.010132942652617203e+04 2.551835888222134402e-18
5.010177026812329859e+04 6.695559896274589040e-20
5.010189760982274311e+04 9.262158971965770180e-22
5.010210481438980059e+04 6.636034232982711290e-20
5.010215650525000092e+04 9.379185242623932539e-19
5.010252705907625204e+04 4.829129186543229139e-20
5.010289483980105433e+04 1.136439789047325904e-19
5.010308295088054729e+04 2.840722762800047416e-20
5.010412597637309227e+04 1.741008882251475672e-19
5.010434219605731778e+04 2.506203944204532002e-20
5.010462054820809863e+04 1.212709158125361075e-23
5.010488448383386276e+04 5.263648852866417748e-20
5.010501677407187526e+04 1.596322544844347862e-21
5.010513860742904217e+04 6.044013331181748847e-21
5.010529015106178122e+04 2.332622593990360924e-21
5.010557460548927338e+04 2.704557836281524318e-20
5.010582817591224739e+04 3.253241796601313965e-21
5.010694178394292248e+04 1.112930552202225188e-23
5.010759637405422109e+04 1.418719567380061757e-20
5.010765368963724177e+04 2.443560763503733737e-20
5.010787022614661691e+04 2.751380321260091963e-22
5.010803644700271980e+04 3.532291689143386053e-23
5.010837726907408796e+04 1.410183337507669745e-22
5.010843714794272091e+04 1.386726036005427196e-23
5.010914981294750760e+04 4.421435595256696366e-22
5.010975483143721067e+04 8.460334182786746836e-20
5.011012096788224881e+04 2.398770725443730087e-23
5.011047151048009982e+04 8.670145389844638928e-22
5.011068566059497971e+04 1.364610699352810277e-20
5.011085534652181377e+04 2.173415833816991955e-21
5.011117494445271586e+04 4.090401168056871385e-21
5.011184469741483917e+04 1.797657465969824294e-23
5.011234951809285849e+04 1.359652480954813784e-22
5.011257230131912365e+04 2.408284406673847433e-21
5.011299380376426416e+04 1.884458660360702255e-22
5.011333506902033696e+04 1.641881444135652923e-21
5.011359212222429778e+04 6.024999668191231465e-22
5.011498468360947300e+04 2.587771923612075819e-24
5.011518484927509417e+04 1.533864264477142965e-22
5.011542162386518612e+04 2.090707624501740454e-22
5.011576044909655320e+04 4.713016707390042760e-23
5.011591062994764070e+04 0.000000000000000000e+00
5.011599230318157061e+04 0.000000000000000000e+00
5.011610821737901279e+04 1.391874191805819055e-22
5.011645409992148052e+04 2.643470094283872921e-22
5.011784782883113076e+04 0.000000000000000000e+00
5.011819025380408857e+04 7.803092235440461309e-24
5.011838635385862290e+04 0.000000000000000000e+00
5.011874561269625701e+04 2.332339649415824877e-23
5.011891663945265464e+04 7.569306718186306197e-23
5.011900116955574777e+04 3.407765738048097113e-24
5.011905298811093962e+04 0.000000000000000000e+00
5.011944251353223808e+04 2.060333156361388776e-24
5.012107853510497807e+04 5.503464939073274973e-23
5.012146549607750057e+04 6.544375745985991399e-24
5.012155191217752872e+04 7.671779901800857072e-24
5.012211535965689836e+04 1.133208005938136566e-23
5.012218995380787965e+04 7.773881121127616308e-24
5.012243168163212977e+04 1.024690110917979992e-23
5.012344888045366679e+04 0.000000000000000000e+00
5.012391781752554380e+04 0.000000000000000000e+00
5.012439701410490670e+04 1.644729682814689031e-24
5.012466709557068680e+04 3.315052155171830773e-24
5.012511485822835675e+04 0.000000000000000000e+00
5.012534070516105567e+04 0.000000000000000000e+00
5.012603427798346092e+04 0.000000000000000000e+00
5.012619824381323269e+04 0.000000000000000000e+00
5.012710924242249894e+04 0.000000000000000000e+00
5.012728736875302275e+04 0.000000000000000000e+00
5.012756449542098562e+04 1.239019983793495789e-24
5.012866683175846993e+04 0.000000000000000000e+00
5.012906759453642007e+04 0.000000000000000000e+00
5.012960512192213355e+04 0.000000000000000000e+00
5.013014535417060688e+04 0.000000000000000000e+00
5.013045548657847394e+04 0.000000000000000000e+00
5.013067870557666902e+04 0.000000000000000000e+00
5.013081334449946007e+04 0.000000000000000000e+00
5.013178344589042536e+04 0.000000000000000000e+00
5.013247564995104040e+04 0.000000000000000000e+00
5.013304723521866254e+04 0.000000000000000000e+00
5.013315665850866935e+04 0.000000000000000000e+00
5.013343410404294991e+04 0.000000000000000000e+00
5.013388128987258096e+04 0.000000000000000000e+00
5.013401761192514095e+04 0.000000000000000000e+00
5.013560013487093238e+04 0.000000000000000000e+00
5.013589407207589829e+04 0.000000000000000000e+00
5.013605957394601865e+04 0.000000000000000000e+00
5.013660759650295950e+04 0.000000000000000000e+00
5.013734454257936886e+04 0.000000000000000000e+00
5.013838950295631366e+04 0.000000000000000000e+00
5.013863808955304557e+04 0.000000000000000000e+00
5.013954561158012802e+04 0.000000000000000000e+00
5.013981094511588162e+04 0.000000000000000000e+00
5.014046993786465464e+04 0.000000000000000000e+00
5.014073956031518173e+04 0.000000000000000000e+00
5.014149895635104622e+04 0.000000000000000000e+00
5.014223492710280698e+04 0.000000000000000000e+00
5.014313831518046209e+04 0.000000000000000000e+00
5.014376694530911482e+04 0.000000000000000000e+00
5.014412208492607169e+04 0.000000000000000000e+00
5.014474602430778032e+04 0.000000000000000000e+00
5.014541839269945194e+04 0.000000000000000000e+00
5.014674733255153842e+04 0.000000000000000000e+00
5.014696591608963354e+04 0.000000000000000000e+00
5.014723698395938845e+04 0.000000000000000000e+00
5.014751278165074473e+04 0.000000000000000000e+00
5.014798265705254016e+04 0.000000000000000000e+00
5.014865164365772216e+04 0.000000000000000000e+00
5.015002443240259890e+04 0.000000000000000000e+00
5.015041364774438262e+04 0.000000000000000000e+00
5.015083837822084024e+04 0.000000000000000000e+00
5.015165730243972212e+04 0.000000000000000000e+00
5.015195523645690992e+04 0.000000000000000000e+00
5.015274914241700026e+04 0.000000000000000000e+00
5.015443910669202887e+04 0.000000000000000000e+00
5.015482098174739076e+04 0.000000000000000000e+00
5.015531611762944522e+04 0.000000000000000000e+00
5.015596063359620166e+04 0.000000000000000000e+00
5.015775913879911968e+04 0.000000000000000000e+00
5.015815058659802889e+04 0.000000000000000000e+00
5.015876209762613871e+04 0.000000000000000000e+00
5.015956329685090168e+04 0.000000000000000000e+00
5.016183954162504961e+04 0.000000000000000000e+00
5.016250676123673475e+04 0.000000000000000000e+00
5.016302472794449568e+04 0.000000000000000000e+00
5.016411553078823636e+04 0.000000000000000000e+00
5.016465871741816227e+04 0.000000000000000000e+00
5.016590720331941702e+04 0.000000000000000000e+00
5.016605856705761835e+04 0.000000000000000000e+00
5.016736761485777242e+04 0.000000000000000000e+00
5.016804364510504092e+04 0.000000000000000000e+00
5.016824828410353803e+04 0.000000000000000000e+00
5.016939255911322107e+04 0.000000000000000000e+00
5.017124205194605747e+04 0.000000000000000000e+00
5.017179090308589366e+04 0.000000000000000000e+00
5.017338500638266851e+04 0.000000000000000000e+00
5.017500898673654592e+04 0.000000000000000000e+00
5.017569547995275934e+04 0.000000000000000000e+00
5.017692984875092225e+04 0.000000000000000000e+00
5.017894376497232588e+04 0.000000000000000000e+00
5.018010222430601425e+04 0.000000000000000000e+00
5.018291102168439102e+04 0.000000000000000000e+00
5.018382139896127774e+04 0.000000000000000000e+00
5.018502793400601513e+04 0.000000000000000000e+00
5.018631859049923514e+04 0.000000000000000000e+00
5.018697004107122484e+04 0.000000000000000000e+00
5.018875932796509005e+04 0.000000000000000000e+00
5.019010234892182052e+04 0.000000000000000000e+00
5.019243979538847634e+04 0.000000000000000000e+00
5.019314112890384422e+04 0.000000000000000000e+00
5.019630318768978759e+04 0.000000000000000000e+00
5.019701137374116661e+04 0.000000000000000000e+00
5.020690125633159187e+04 0.000000000000000000e+00
5.020735998641018523e+04 0.000000000000000000e+00
5.021079825543819607e+04 0.000000000000000000e+00
5.021125835383786762e+04 0.000000000000000000e+00
