-5.002005079740417568e+04 9.574045326810369297e-13
-5.001816770198693121e+04 0.000000000000000000e+00
-5.001749896693733172e+04 0.000000000000000000e+00
-5.001747888306632376e+04 0.000000000000000000e+00
-5.001710608255049738e+04 1.671572782955597746e-16
-5.001708576611433091e+04 6.241913336084074778e-17
-5.001647666752079385e+04 6.334697433426235845e-11
-5.001499132157985878e+04 0.000000000000000000e+00
-5.001372264892431849e+04 5.163715894846656493e-14
-5.001286071962083224e+04 0.000000000000000000e+00
-5.001282637003157288e+04 0.000000000000000000e+00
-5.001262283378656139e+04 0.000000000000000000e+00
-5.001259190176857373e+04 1.472347453734724448e-11
-5.001255720192416629e+04 4.987192992154586893e-13
-5.001180399156994827e+04 3.853479299974601418e-10
-5.001125696689406323e+04 0.000000000000000000e+00
-5.001074077850217873e+04 3.383316337642637030e-12
-5.001049230942089343e+04 0.000000000000000000e+00
-5.000997016805318708e+04 3.789091375885442915e-11
-5.000991967392445804e+04 7.511116917303285470e-11
-5.000966482649361569e+04 0.000000000000000000e+00
-5.000889025032120844e+04 1.663949910856944435e-11
-5.000849837840336841e+04 0.000000000000000000e+00
-5.000783741005299817e+04 0.000000000000000000e+00
-5.000760584841331001e+04 5.309543160997819146e-11
-5.000715954758360022e+04 0.000000000000000000e+00
-5.000613792242703494e+04 1.782768019675136764e-10
-5.000572257796486520e+04 6.582644012735056776e-10
-5.000562821688553231e+04 0.000000000000000000e+00
-5.000444135933461075e+04 3.429496965327919904e-11
-5.000390482679044362e+04 0.000000000000000000e+00
-5.000371833177922963e+04 0.000000000000000000e+00
-5.000248594472540572e+04 1.336063986190259036e-10
-5.000187858358725498e+04 0.000000000000000000e+00
-5.000176265338143276e+04 1.467856236792469177e-08
-5.000029688634174818e+04 1.148948273943841852e-09
-5.000005510286740173e+04 0.000000000000000000e+00
-4.999993282070883288e+04 4.990146105117048226e-09
-4.999945525017454202e+04 0.000000000000000000e+00
-4.999825988207412593e+04 1.103093092663431617e-10
-4.999780110297716601e+04 0.000000000000000000e+00
-4.999754135405314446e+04 2.709144032788588568e-10
-4.999726716592017328e+04 0.000000000000000000e+00
-4.999608943669706059e+04 0.000000000000000000e+00
-4.999567713684211049e+04 6.552573493362605371e-08
-4.999531659701724129e+04 7.166919035491914221e-09
-4.999444583909035282e+04 0.000000000000000000e+00
-4.999430234683755407e+04 2.606690993975825133e-08
-4.999356592302209901e+04 0.000000000000000000e+00
-4.999285210259945597e+04 0.000000000000000000e+00
-4.999219683231213276e+04 4.301917257043309244e-09
-4.999149317368726770e+04 6.366339332953826268e-08
-4.999123532059056743e+04 0.000000000000000000e+00
-4.999110755699260335e+04 1.477837284835195078e-08
-4.998993203126850858e+04 1.209644863792411713e-08
-4.998992321475710196e+04 0.000000000000000000e+00
-4.998936730541341240e+04 0.000000000000000000e+00
-4.998915790732061578e+04 1.341307946528413919e-08
-4.998805880020175391e+04 0.000000000000000000e+00
-4.998793994292424031e+04 1.098194076431699637e-07
-4.998779639475453587e+04 0.000000000000000000e+00
-4.998729986199130508e+04 8.820785169491702825e-07
-4.998692634433976491e+04 0.000000000000000000e+00
-4.998660596111425548e+04 1.136830240938781180e-08
-4.998566207122144260e+04 2.310439259358054955e-06
-4.998562768281626632e+04 0.000000000000000000e+00
-4.998525796595007705e+04 0.000000000000000000e+00
-4.998449243444480089e+04 1.006021955924899107e-08
-4.998406995799501601e+04 3.185746705019697765e-08
-4.998355651995531662e+04 0.000000000000000000e+00
-4.998351799818851578e+04 0.000000000000000000e+00
-4.998333193942290382e+04 4.519247467048962099e-07
-4.998310063876130880e+04 0.000000000000000000e+00
-4.998239399641754426e+04 5.380437581736759722e-08
-4.998174151942305616e+04 0.000000000000000000e+00
-4.998140232957087574e+04 1.583004314962087238e-05
-4.998121147026093240e+04 0.000000000000000000e+00
-4.998113305503102310e+04 1.072956285540525728e-07
-4.998029692499236990e+04 0.000000000000000000e+00
-4.997993187448904064e+04 3.219639844930190155e-06
-4.997966251748710056e+04 8.858515403443149053e-08
-4.997932028883585735e+04 2.036189574433972762e-09
-4.997927930673106312e+04 0.000000000000000000e+00
-4.997886715367186844e+04 8.826275721134771866e-10
-4.997860459308620921e+04 0.000000000000000000e+00
-4.997813614865865384e+04 0.000000000000000000e+00
-4.997779539286487852e+04 0.000000000000000000e+00
-4.997761244497795997e+04 0.000000000000000000e+00
-4.997739986038270581e+04 4.305545131076222725e-07
-4.997715580269069324e+04 1.368431391081230826e-05
-4.997645273233721673e+04 0.000000000000000000e+00
-4.997641244706352154e+04 3.404427064726676834e-08
-4.997575005859432713e+04 5.597395295092223313e-08
-4.997565802274423913e+04 1.441024784733523122e-04
-4.997559612147745065e+04 0.000000000000000000e+00
-4.997504747226394829e+04 0.000000000000000000e+00
-4.997450726616237807e+04 1.058019974623490489e-08
-4.997403389722053544e+04 0.000000000000000000e+00
-4.997361745853316825e+04 0.000000000000000000e+00
-4.997351826023738977e+04 0.000000000000000000e+00
-4.997340262841334334e+04 3.017348057827131454e-08
-4.997294669355619408e+04 8.065158694190971802e-07
-4.997241637179889221e+04 0.000000000000000000e+00
-4.997207070628977817e+04 1.061534172043823946e-07
-4.997188286945530126e+04 7.063744001313719692e-08
-4.997137159895317745e+04 4.531098307369896033e-04
-4.997092416062669508e+04 0.000000000000000000e+00
-4.997079510849069629e+04 0.000000000000000000e+00
-4.997044225064770581e+04 3.527824694907021437e-08
-4.997037189445278636e+04 0.000000000000000000e+00
-4.996992961724214547e+04 7.055570383134848149e-06
-4.996940734423342656e+04 0.000000000000000000e+00
-4.996921096412346378e+04 0.000000000000000000e+00
-4.996896232867836079e+04 1.207352423166302131e-07
-4.996855465753905446e+04 1.223229681208626475e-07
-4.996778066847554146e+04 0.000000000000000000e+00
-4.996743574533315405e+04 5.508006988467765871e-08
-4.996740410557868017e+04 0.000000000000000000e+00
-4.996703059044199472e+04 2.127909150660852160e-05
-4.996660239409012138e+04 0.000000000000000000e+00
-4.996616831047307642e+04 1.906223882918467349e-11
-4.996615513750724494e+04 0.000000000000000000e+00
-4.996560549659458047e+04 1.722111185245329620e-02
-4.996549679254490911e+04 7.851970498869849347e-06
-4.996503140412036737e+04 0.000000000000000000e+00
-4.996482498051306902e+04 0.000000000000000000e+00
-4.996447488981881907e+04 3.181816929279469915e-07
-4.996386342127076205e+04 0.000000000000000000e+00
-4.996339606133099733e+04 0.000000000000000000e+00
-4.996294957319621608e+04 6.534375723096024672e-08
-4.996259328432860639e+04 1.049559113898317208e-05
-4.996244036366973160e+04 0.000000000000000000e+00
-4.996230245517507137e+04 1.050344991602185679e-07
-4.996169485743997211e+04 0.000000000000000000e+00
-4.996139877523597534e+04 4.315840449448901832e-08
-4.996114408573551191e+04 1.274841758173723538e-04
-4.996093689347591862e+04 0.000000000000000000e+00
-4.996032301212353923e+04 0.000000000000000000e+00
-4.996022755559845245e+04 1.415001487905692519e-05
-4.995989583513121761e+04 9.817578200854996107e-01
-4.995981705756615702e+04 0.000000000000000000e+00
-4.995906739660852327e+04 5.372951860241277412e-08
-4.995884427282062825e+04 0.000000000000000000e+00
-4.995815789657451387e+04 0.000000000000000000e+00
-4.995804342663137504e+04 1.476185049547283894e-05
-4.995769690318538051e+04 0.000000000000000000e+00
-4.995765348122006253e+04 0.000000000000000000e+00
-4.995721944060370879e+04 1.491841803767677315e-07
-4.995649541390327067e+04 9.959697974088572384e-05
-4.995622668265192624e+04 3.805847013641632772e-07
-4.995580066955127404e+04 0.000000000000000000e+00
-4.995561599792805646e+04 0.000000000000000000e+00
-4.995537245872838685e+04 5.938119741187469869e-07
-4.995526786448754865e+04 1.904037039785137531e-10
-4.995458983747796447e+04 1.563372965964358616e-09
-4.995436141442035296e+04 0.000000000000000000e+00
-4.995409318810337572e+04 0.000000000000000000e+00
-4.995378078545581957e+04 0.000000000000000000e+00
-4.995340286792194820e+04 1.128289165983525414e-07
-4.995294758638530766e+04 0.000000000000000000e+00
-4.995286727602653264e+04 0.000000000000000000e+00
-4.995221886350015848e+04 4.572791279136633337e-09
-4.995165067522617028e+04 8.472179968450971282e-07
-4.995141760014487227e+04 1.296450013756206635e-10
-4.995110688674362609e+04 0.000000000000000000e+00
-4.995058822712521942e+04 8.993765101538600838e-07
-4.995043942460702237e+04 7.833972016429832294e-05
-4.995041420206507610e+04 0.000000000000000000e+00
-4.994970028077911411e+04 0.000000000000000000e+00
-4.994916697934961849e+04 0.000000000000000000e+00
-4.994889378445279726e+04 6.584632552078955540e-11
-4.994878395661502873e+04 0.000000000000000000e+00
-4.994868125075637363e+04 1.318572114987028885e-07
-4.994790709805559891e+04 1.431997330768742902e-09
-4.994787186678583384e+04 0.000000000000000000e+00
-4.994745942845782702e+04 0.000000000000000000e+00
-4.994674517992675828e+04 4.091861812406250276e-10
-4.994664447319539613e+04 1.438240326738334120e-07
-4.994645118590549828e+04 0.000000000000000000e+00
-4.994607258526327496e+04 0.000000000000000000e+00
-4.994527000626114750e+04 2.647846237306851044e-08
-4.994518699401448976e+04 7.849879420016237647e-09
-4.994460963612783962e+04 0.000000000000000000e+00
-4.994409413454969035e+04 0.000000000000000000e+00
-4.994391942806442239e+04 6.174860460328289474e-10
-4.994344792435810814e+04 0.000000000000000000e+00
-4.994302660908553662e+04 3.179149132951304071e-12
-4.994259648453363479e+04 0.000000000000000000e+00
-4.994203068268923380e+04 6.363716153384973547e-11
-4.994170969035543385e+04 0.000000000000000000e+00
-4.994151695628268499e+04 2.587344368870757128e-09
-4.994129121610607399e+04 0.000000000000000000e+00
-4.993998087778330228e+04 1.566350249453524690e-08
-4.993983820654485316e+04 1.219981585230793160e-08
-4.993982752683053695e+04 0.000000000000000000e+00
-4.993951774334706715e+04 2.771132204651313515e-09
-4.993892512753349001e+04 0.000000000000000000e+00
-4.993858925605661352e+04 2.601942998029599778e-10
-4.993810030168207595e+04 0.000000000000000000e+00
-4.993773547578852595e+04 0.000000000000000000e+00
-4.993762558418876142e+04 1.729319838445101483e-11
-4.993715977836402453e+04 0.000000000000000000e+00
-4.993675836951331439e+04 1.880234748323916915e-11
-4.993649035198381171e+04 0.000000000000000000e+00
-4.993630937508474744e+04 1.482818173081138304e-10
-4.993578660083578143e+04 0.000000000000000000e+00
-4.993531340887984697e+04 1.021580216717358923e-11
-4.993470501215501281e+04 0.000000000000000000e+00
-4.993440284391826572e+04 8.943887066608474282e-11
-4.993374688797212730e+04 0.000000000000000000e+00
-4.993357138939160359e+04 5.345047054874401717e-12
-4.993318886368297535e+04 0.000000000000000000e+00
-4.993276730356935150e+04 4.771592595950404786e-13
-4.993181184249756188e+04 0.000000000000000000e+00
-4.993151467164731002e+04 2.706516660279287086e-13
-4.993151323622879863e+04 0.000000000000000000e+00
-4.993109952465278184e+04 6.449482686224271043e-12
-4.993059265410284570e+04 0.000000000000000000e+00
-4.993044041767132876e+04 3.490573399759422701e-13
-4.992951401387839724e+04 0.000000000000000000e+00
-4.992887024910741457e+04 1.468672516224919544e-11
-4.992871377347702219e+04 0.000000000000000000e+00
-4.992812161780607130e+04 2.774344523556438825e-13
-4.992808668879773177e+04 0.000000000000000000e+00
-4.992797473060621269e+04 1.277828977054537950e-12
-4.992686668169661425e+04 4.088251008248709794e-15
-4.992619934742759506e+04 0.000000000000000000e+00
-4.992603628703385766e+04 0.000000000000000000e+00
-4.992560499801670085e+04 1.472501766347759709e-13
-4.992557691834250727e+04 0.000000000000000000e+00
-4.992491762089054828e+04 0.000000000000000000e+00
-4.992474721990314720e+04 3.599352326545154456e-15
-4.992380872478598030e+04 2.156027528462122550e-14
-4.992318074049981078e+04 1.124360014261781083e-13
-4.992311117858201760e+04 0.000000000000000000e+00
-4.992285744674676971e+04 0.000000000000000000e+00
-4.992266034741978365e+04 3.246847815817517119e-14
-4.992149759669604828e+04 0.000000000000000000e+00
-4.992060913360730774e+04 0.000000000000000000e+00
-4.992045307903966750e+04 1.074756648853525990e-14
-4.992011659201994917e+04 0.000000000000000000e+00
-4.992010041692621598e+04 4.606057925024592073e-15
-4.991958799238641222e+04 1.430625633325836921e-15
-4.991814021313722333e+04 0.000000000000000000e+00
-4.991807239712010050e+04 1.423629436397845081e-15
-4.991771845827323705e+04 0.000000000000000000e+00
-4.991735442618627712e+04 7.693151769109854542e-15
-4.991723744367790641e+04 0.000000000000000000e+00
-4.991675624452582997e+04 3.005736746403954268e-17
-4.991567303638528392e+04 0.000000000000000000e+00
-4.991504112431644171e+04 1.721128782794102774e-16
-4.991472717558949807e+04 0.000000000000000000e+00
-4.991456981270075630e+04 0.000000000000000000e+00
-4.991377901045191538e+04 8.156174596868687064e-18
-4.991272900429348374e+04 2.050962758628999877e-18
-4.991248900331124605e+04 0.000000000000000000e+00
-4.991183020364634285e+04 2.025425372787318331e-16
-4.991125372819811309e+04 0.000000000000000000e+00
-4.991040572705584054e+04 1.392762482523705994e-17
-4.991036055253499217e+04 0.000000000000000000e+00
-4.990978822798512556e+04 3.612220353943218081e-17
-4.990907315275395376e+04 0.000000000000000000e+00
-4.990860125786178105e+04 4.834482214542488576e-18
-4.990812416740931076e+04 1.378717162300907289e-18
-4.990792071201236831e+04 0.000000000000000000e+00
-4.990724403834604891e+04 0.000000000000000000e+00
-4.990636402039913810e+04 0.000000000000000000e+00
-4.990601236711358797e+04 4.971818552460448338e-18
-4.990581097556590976e+04 4.482008201080716827e-19
-4.990565989990875096e+04 0.000000000000000000e+00
-4.990380543275572563e+04 5.604684001774077715e-20
-4.990332884155377542e+04 0.000000000000000000e+00
-4.990317227574552817e+04 0.000000000000000000e+00
-4.990228574099845719e+04 6.393561647118568985e-21
-4.990171208306368499e+04 1.442059905937898855e-20
-4.990117180918098893e+04 0.000000000000000000e+00
-4.990018216889705946e+04 2.523420110643839503e-19
-4.989986386143206619e+04 0.000000000000000000e+00
-4.989923972579167457e+04 0.000000000000000000e+00
-4.989902690658585925e+04 1.974031900320241621e-20
-4.989782087873659475e+04 5.362954881441381911e-20
-4.989737856855052814e+04 0.000000000000000000e+00
-4.989637229933380877e+04 0.000000000000000000e+00
-4.989582353839991993e+04 6.464553530606818470e-23
-4.989504627567336138e+04 0.000000000000000000e+00
-4.989499017460388131e+04 3.223866177769207881e-21
-4.989328940773569047e+04 2.239637348820852860e-23
-4.989309602092147543e+04 0.000000000000000000e+00
-4.989291071750438277e+04 2.957891326275434757e-23
-4.989231671384567744e+04 0.000000000000000000e+00
-4.989209990152559476e+04 2.759066476951185764e-23
-4.989099539146226016e+04 0.000000000000000000e+00
-4.989028124997487612e+04 0.000000000000000000e+00
-4.989016204592500435e+04 0.000000000000000000e+00
-4.988963294953596778e+04 0.000000000000000000e+00
-4.988814030113136687e+04 3.857972950100145475e-22
-4.988751141883734817e+04 0.000000000000000000e+00
-4.988603324664666434e+04 2.869266739027394967e-23
-4.988528189235748869e+04 0.000000000000000000e+00
-4.988506052933334286e+04 3.123925802390435056e-24
-4.988386653511536133e+04 1.540398151195988932e-24
-4.988323536790563958e+04 0.000000000000000000e+00
-4.988289738585410669e+04 0.000000000000000000e+00
-4.988233598693909880e+04 0.000000000000000000e+00
-4.988113024258580845e+04 0.000000000000000000e+00
-4.988112630085498677e+04 0.000000000000000000e+00
-4.988016328664530738e+04 0.000000000000000000e+00
-4.988006866408379574e+04 0.000000000000000000e+00
-4.987828664106020005e+04 0.000000000000000000e+00
-4.987767700402070477e+04 0.000000000000000000e+00
-4.987751096607561340e+04 0.000000000000000000e+00
-4.987636710460100585e+04 0.000000000000000000e+00
-4.987478070743431454e+04 0.000000000000000000e+00
-4.987347208816297643e+04 0.000000000000000000e+00
-4.987338452148558281e+04 0.000000000000000000e+00
-4.987186274750489247e+04 0.000000000000000000e+00
-4.987043174196506880e+04 0.000000000000000000e+00
-4.986906770660273469e+04 0.000000000000000000e+00
-4.986801490077476774e+04 0.000000000000000000e+00
-4.986742776955146110e+04 0.000000000000000000e+00
-4.986571462319728016e+04 0.000000000000000000e+00
-4.986519748490795610e+04 0.000000000000000000e+00
-4.986492324288976670e+04 0.000000000000000000e+00
-4.986443719449316268e+04 0.000000000000000000e+00
-4.986291656775098090e+04 0.000000000000000000e+00
-4.986276464256969484e+04 0.000000000000000000e+00
-4.986196844355926441e+04 0.000000000000000000e+00
-4.985991249148387578e+04 0.000000000000000000e+00
-4.985923576253237115e+04 0.000000000000000000e+00
-4.985726206346548861e+04 0.000000000000000000e+00
-4.985620281631541729e+04 0.000000000000000000e+00
-4.985520237047609407e+04 0.000000000000000000e+00
-4.985423536008254450e+04 0.000000000000000000e+00
-4.985212092562813632e+04 0.000000000000000000e+00
-4.985087287015152833e+04 0.000000000000000000e+00
-4.984774032966880623e+04 0.000000000000000000e+00
-4.984739283820169658e+04 0.000000000000000000e+00
-4.984511308350562467e+04 0.000000000000000000e+00
-4.984433248481697228e+04 0.000000000000000000e+00
-4.984410639083176648e+04 0.000000000000000000e+00
-4.984198033915737324e+04 0.000000000000000000e+00
-4.984099606562388362e+04 0.000000000000000000e+00
-4.983805610153764428e+04 0.000000000000000000e+00
-4.983729164142108493e+04 0.000000000000000000e+00
-4.983490212484182121e+04 0.000000000000000000e+00
-4.983410077923248900e+04 0.000000000000000000e+00
-4.982314467387648619e+04 0.000000000000000000e+00
-4.982266052225579915e+04 0.000000000000000000e+00
-4.981983933207365772e+04 0.000000000000000000e+00
-4.981935981353149691e+04 0.000000000000000000e+00
4.997995275763893005e+04 0.000000000000000000e+00
4.998184272564324783e+04 1.410197533039634730e-17
4.998265905222556466e+04 3.949043120601395038e-24
4.998268051694719179e+04 4.311017203262903494e-22
4.998305055060150335e+04 0.000000000000000000e+00
4.998307156365374976e+04 0.000000000000000000e+00
4.998353999770569499e+04 0.000000000000000000e+00
4.998503152183916973e+04 5.457317832973395522e-16
4.998630710421545518e+04 0.000000000000000000e+00
4.998723979702529323e+04 8.845778574290172702e-16
4.998729752916366851e+04 1.722615672441268716e-17
4.998744156514332280e+04 1.607407323952293233e-15
4.998752585203905619e+04 0.000000000000000000e+00
4.998756528259735205e+04 0.000000000000000000e+00
4.998824986815333250e+04 0.000000000000000000e+00
4.998880766962099005e+04 2.007330650786500487e-17
4.998933540371590061e+04 0.000000000000000000e+00
4.998959384934551781e+04 1.332054601017133123e-16
4.999005850615689269e+04 0.000000000000000000e+00
4.999014692140055558e+04 0.000000000000000000e+00
4.999042323324915196e+04 4.947024802776750338e-18
4.999119772770517739e+04 0.000000000000000000e+00
4.999158925333843217e+04 1.484514343341221172e-17
4.999218497320134338e+04 3.398507478857385601e-15
4.999248198013227375e+04 0.000000000000000000e+00
4.999292814663673926e+04 5.620656438593419892e-17
4.999394754554102110e+04 0.000000000000000000e+00
4.999431744776367123e+04 0.000000000000000000e+00
4.999446268179014442e+04 7.588331044430663194e-18
4.999564943647421751e+04 0.000000000000000000e+00
4.999618524916894967e+04 3.627806661242124590e-16
4.999632925030136539e+04 1.388843261273332678e-14
4.999760783904003620e+04 0.000000000000000000e+00
4.999821508412703406e+04 1.586200193283188585e-15
4.999829494957863062e+04 0.000000000000000000e+00
4.999979609160363907e+04 0.000000000000000000e+00
5.000002255173948652e+04 2.643872007028023553e-14
5.000007507233750948e+04 0.000000000000000000e+00
5.000062622059717978e+04 2.010374678405538395e-14
5.000182507742608141e+04 0.000000000000000000e+00
5.000222241826039681e+04 1.207919733738773831e-16
5.000254470499257877e+04 0.000000000000000000e+00
5.000282894337465405e+04 1.157396164095711047e-14
5.000399496445531258e+04 7.887229767321708262e-14
5.000436158454904944e+04 0.000000000000000000e+00
5.000478174146964011e+04 0.000000000000000000e+00
5.000565100340762001e+04 1.402870615596645226e-14
5.000578960262475448e+04 0.000000000000000000e+00
5.000648736382241623e+04 9.422772112747275156e-13
5.000724767461623560e+04 5.184781095646466395e-14
5.000790767446814425e+04 0.000000000000000000e+00
5.000857581884704268e+04 0.000000000000000000e+00
5.000886808849922818e+04 1.131964844787336385e-15
5.000899345846682991e+04 0.000000000000000000e+00
5.001007591945549939e+04 0.000000000000000000e+00
5.001018953295436222e+04 1.469832910063807010e-13
5.001071353344413365e+04 1.132442584956066054e-12
5.001096758611840778e+04 0.000000000000000000e+00
5.001206878762585984e+04 5.895192847435199151e-15
5.001216864311310928e+04 0.000000000000000000e+00
5.001222745885128097e+04 7.556483746992722150e-12
5.001279149711680657e+04 0.000000000000000000e+00
5.001318802870428044e+04 4.884172460451734762e-14
5.001354366002646566e+04 0.000000000000000000e+00
5.001437752513809392e+04 0.000000000000000000e+00
5.001451957346130075e+04 3.105122008749927671e-13
5.001485685941686097e+04 1.423720750367990708e-12
5.001567984423010057e+04 0.000000000000000000e+00
5.001604438885580021e+04 0.000000000000000000e+00
5.001652230975968268e+04 5.955418293498087665e-12
5.001664378823876177e+04 1.480718537055862060e-13
5.001678851916919666e+04 0.000000000000000000e+00
5.001701745568965271e+04 2.067752960316809048e-14
5.001778698928124504e+04 0.000000000000000000e+00
5.001843453595983738e+04 1.387163898472054692e-14
5.001866870116776408e+04 0.000000000000000000e+00
5.001893383333215752e+04 1.162046324629750676e-13
5.001908467395079060e+04 0.000000000000000000e+00
5.001993345132863760e+04 2.426620496053617500e-14
5.002007608298620471e+04 0.000000000000000000e+00
5.002048249635083630e+04 0.000000000000000000e+00
5.002080654068597505e+04 4.205058938820702546e-11
5.002091244099728647e+04 0.000000000000000000e+00
5.002130396242723509e+04 0.000000000000000000e+00
5.002164735424093669e+04 1.041225379100999719e-13
5.002202092603390338e+04 1.536335541189416909e-14
5.002222846674429456e+04 2.151566485792092443e-12
5.002256986230870825e+04 1.030879845511973812e-15
5.002282031910109072e+04 0.000000000000000000e+00
5.002295326216401008e+04 0.000000000000000000e+00
5.002376327891722758e+04 1.218892366584743402e-14
5.002386108230690297e+04 0.000000000000000000e+00
5.002438123902004008e+04 0.000000000000000000e+00
5.002440639599972201e+04 0.000000000000000000e+00
5.002468947100359219e+04 1.638576563772428658e-14
5.002506871035839868e+04 3.080195807219153002e-13
5.002578107503065257e+04 0.000000000000000000e+00
5.002613331299967103e+04 2.242166989881665792e-13
5.002653717272775975e+04 9.177017451093387631e-10
5.002666700181443593e+04 1.506157491078374070e-13
5.002681065784557723e+04 0.000000000000000000e+00
5.002718039931992826e+04 0.000000000000000000e+00
5.002780931134078128e+04 7.482937663290510998e-17
5.002811372633770952e+04 0.000000000000000000e+00
5.002831877368814457e+04 0.000000000000000000e+00
5.002869961824136408e+04 0.000000000000000000e+00
5.002923069130352087e+04 8.859923794729263801e-14
5.002939305345488538e+04 7.147122729561707664e-15
5.002981740305052517e+04 5.104117568985325532e-15
5.002983602191479440e+04 0.000000000000000000e+00
5.003007837091735564e+04 0.000000000000000000e+00
5.003085650192982575e+04 7.476536031389896819e-13
5.003088285501232895e+04 1.934108079023893018e-12
5.003122334418675018e+04 0.000000000000000000e+00
5.003163542916955339e+04 0.000000000000000000e+00
5.003224351045400545e+04 1.623381503535374792e-08
5.003283278492293903e+04 0.000000000000000000e+00
5.003283484583994141e+04 9.710490309080686909e-14
5.003307309170714143e+04 0.000000000000000000e+00
5.003357758433377603e+04 7.854857920140452013e-14
5.003405703985816945e+04 0.000000000000000000e+00
5.003409386721286864e+04 7.814259592572906099e-16
5.003443527958924096e+04 0.000000000000000000e+00
5.003471361240150873e+04 0.000000000000000000e+00
5.003519427577648457e+04 1.880093508639471936e-14
5.003529453443380044e+04 9.345906667119985677e-13
5.003570708118573384e+04 0.000000000000000000e+00
5.003635448481602361e+04 1.193741010424451504e-15
5.003666129348035611e+04 9.663665718060049794e-14
5.003727574935678422e+04 0.000000000000000000e+00
5.003754621427182428e+04 0.000000000000000000e+00
5.003775150138169556e+04 1.276250693683113839e-14
5.003792476277759852e+04 0.000000000000000000e+00
5.003853937842363666e+04 1.682820857767405942e-15
5.003884831673703593e+04 0.000000000000000000e+00
5.003892991554244509e+04 0.000000000000000000e+00
5.003929114497320552e+04 9.440854635491820378e-15
5.003982905871994444e+04 5.224290343487966654e-13
5.003996665235267574e+04 0.000000000000000000e+00
5.004010851041237038e+04 0.000000000000000000e+00
5.004043197697771393e+04 4.891156180729315596e-15
5.004121971837760066e+04 0.000000000000000000e+00
5.004124600868565176e+04 1.770482080170932849e-11
5.004204842210865900e+04 2.672468671128779156e-15
5.004212415314004465e+04 0.000000000000000000e+00
5.004231665400344355e+04 4.032207500188008957e-11
5.004263307510649611e+04 3.550848773920822531e-17
5.004303254649067821e+04 0.000000000000000000e+00
5.004361175300454488e+04 0.000000000000000000e+00
5.004400536580730841e+04 0.000000000000000000e+00
5.004441073018165480e+04 2.139629156410792783e-14
5.004461297586355795e+04 8.548059107394646116e-15
5.004465176358459576e+04 0.000000000000000000e+00
5.004503472107692505e+04 0.000000000000000000e+00
5.004567079474779166e+04 0.000000000000000000e+00
5.004588861908431863e+04 1.821640243348687830e-14
5.004603120164671418e+04 2.648651610450930492e-13
5.004652660899595503e+04 3.750545781498213255e-16
5.004679499758421298e+04 0.000000000000000000e+00
5.004708911715444265e+04 1.206342012098986730e-10
5.004737880448631768e+04 8.150806467118435883e-14
5.004805755661223520e+04 0.000000000000000000e+00
5.004848881843743584e+04 0.000000000000000000e+00
5.004885130641927390e+04 0.000000000000000000e+00
5.004910948668347555e+04 1.113695817087691096e-13
5.004960434495156369e+04 0.000000000000000000e+00
5.004967018236728472e+04 0.000000000000000000e+00
5.004988410305902653e+04 2.215731628360104035e-15
5.005054373249024502e+04 2.474683672855680758e-15
5.005098942396142229e+04 2.570217395246714088e-13
5.005135621562018787e+04 0.000000000000000000e+00
5.005147922794525221e+04 4.438153751801829069e-16
5.005154206079254072e+04 0.000000000000000000e+00
5.005219230468593014e+04 4.396465943254816595e-15
5.005238799111682602e+04 0.000000000000000000e+00
5.005278830651805038e+04 7.126797101363011477e-18
5.005352674400372052e+04 0.000000000000000000e+00
5.005355557736078481e+04 0.000000000000000000e+00
5.005379391341804148e+04 1.384506806637527547e-16
5.005422923596059991e+04 2.871961406745107271e-17
5.005482213297061389e+04 0.000000000000000000e+00
5.005509174217099644e+04 0.000000000000000000e+00
5.005569157223612274e+04 1.916708419330280399e-18
5.005609403383591416e+04 2.898938621583059617e-15
5.005635771144548198e+04 0.000000000000000000e+00
5.005684988924120262e+04 2.587906339997364463e-16
5.005734673073665181e+04 0.000000000000000000e+00
5.005750191092248861e+04 1.198827984944830860e-13
5.005826775321206514e+04 0.000000000000000000e+00
5.005861253189422132e+04 2.014669560776648291e-15
5.005868957718310412e+04 0.000000000000000000e+00
5.005905762640178727e+04 2.320346314256337176e-16
5.006017836233475828e+04 0.000000000000000000e+00
5.006040424932019232e+04 0.000000000000000000e+00
5.006047243546336540e+04 7.937005491739012696e-17
5.006083234528456524e+04 0.000000000000000000e+00
5.006129961113062745e+04 7.264329774579672319e-16
5.006175097506858583e+04 0.000000000000000000e+00
5.006217132439141278e+04 1.104693084619057160e-18
5.006263395393561950e+04 1.545503440793688083e-17
5.006271295472347265e+04 0.000000000000000000e+00
5.006299688367782073e+04 4.684730380441305338e-17
5.006348916705306328e+04 0.000000000000000000e+00
5.006385322120213095e+04 2.600586135358235845e-18
5.006393317547888000e+04 0.000000000000000000e+00
5.006450248134356661e+04 3.854669700328779073e-19
5.006502649174528779e+04 0.000000000000000000e+00
5.006557045516890503e+04 1.115367896021328454e-18
5.006576001574363181e+04 0.000000000000000000e+00
5.006653046026116499e+04 1.638760167994106046e-17
5.006679229109450534e+04 0.000000000000000000e+00
5.006715278784939437e+04 1.045379441616823157e-19
5.006763652174946037e+04 0.000000000000000000e+00
5.006845310455715662e+04 8.492447348019725979e-17
5.006881135763918428e+04 2.971800556909281198e-17
5.006884832310893398e+04 0.000000000000000000e+00
5.006919737554777385e+04 0.000000000000000000e+00
5.006978404405529000e+04 2.887597849237351307e-18
5.006988789841024118e+04 0.000000000000000000e+00
5.007086068034420168e+04 8.234117276129137989e-20
5.007132709979695210e+04 0.000000000000000000e+00
5.007162266809773428e+04 7.665371984936597259e-19
5.007221219628133986e+04 7.167763586926251781e-19
5.007229883343748952e+04 0.000000000000000000e+00
5.007237734105127311e+04 0.000000000000000000e+00
5.007353441081733763e+04 0.000000000000000000e+00
5.007405455577281100e+04 2.706276427390640652e-19
5.007438525847066921e+04 5.267450876057292337e-21
5.007470345292957063e+04 0.000000000000000000e+00
5.007474996014445060e+04 9.468214283276407462e-20
5.007546964332366042e+04 5.038012912226528864e-22
5.007565338037504262e+04 0.000000000000000000e+00
5.007658559635414713e+04 0.000000000000000000e+00
5.007711298215143324e+04 0.000000000000000000e+00
5.007726030970266584e+04 3.603094097962267377e-20
5.007748407598225458e+04 2.984470420542155520e-20
5.007770162957489811e+04 0.000000000000000000e+00
5.007893449933684315e+04 2.247798867444151287e-21
5.007972987764069694e+04 5.106387377609079843e-20
5.007992568220917019e+04 0.000000000000000000e+00
5.008019143338202412e+04 5.450920760276604446e-20
5.008022633919162035e+04 0.000000000000000000e+00
5.008083348145248601e+04 0.000000000000000000e+00
5.008226317668833508e+04 6.944535660356359693e-22
5.008229878949467820e+04 0.000000000000000000e+00
5.008263262342310190e+04 1.134510184776401319e-21
5.008294986999284447e+04 0.000000000000000000e+00
5.008312916684335505e+04 7.430654396301662243e-22
5.008379825342678669e+04 0.000000000000000000e+00
5.008474809839494992e+04 1.199281931620028822e-22
5.008535254252281447e+04 0.000000000000000000e+00
5.008572364821111114e+04 7.647997898496122032e-22
5.008578630065070320e+04 5.815207248701928832e-23
5.008660459655623708e+04 0.000000000000000000e+00
5.008770170446600241e+04 0.000000000000000000e+00
5.008791757974815846e+04 2.176993784641957641e-22
5.008849111188801908e+04 0.000000000000000000e+00
5.008912181144340138e+04 3.170985472490562474e-23
5.009006285559049138e+04 0.000000000000000000e+00
5.009007250569850294e+04 0.000000000000000000e+00
5.009061122411710676e+04 0.000000000000000000e+00
5.009128077203585417e+04 9.011306905777929334e-23
5.009191464943064784e+04 0.000000000000000000e+00
5.009230972649795876e+04 0.000000000000000000e+00
5.009254632673919696e+04 6.940607208492939837e-24
5.009314781658678839e+04 5.441524142408303248e-24
5.009416953129042668e+04 0.000000000000000000e+00
5.009433675536066585e+04 0.000000000000000000e+00
5.009470803212007741e+04 0.000000000000000000e+00
5.009479826051856799e+04 0.000000000000000000e+00
5.009660059649887262e+04 0.000000000000000000e+00
5.009715359132183949e+04 1.360006496876014709e-24
5.009727210216376261e+04 0.000000000000000000e+00
5.009813473781616631e+04 0.000000000000000000e+00
5.009880515645183186e+04 0.000000000000000000e+00
5.009924431288940832e+04 0.000000000000000000e+00
5.010019905010835646e+04 0.000000000000000000e+00
5.010056712344684638e+04 0.000000000000000000e+00
5.010127047388823848e+04 0.000000000000000000e+00
5.010143813037515793e+04 0.000000000000000000e+00
5.010257521491762600e+04 0.000000000000000000e+00
5.010301365192348749e+04 0.000000000000000000e+00
5.010408717235563381e+04 0.000000000000000000e+00
5.010465997233321832e+04 0.000000000000000000e+00
5.010535452586086467e+04 0.000000000000000000e+00
5.010548339641321945e+04 0.000000000000000000e+00
5.010737363399804599e+04 0.000000000000000000e+00
5.010739082872527797e+04 0.000000000000000000e+00
5.010761997966920899e+04 0.000000000000000000e+00
5.010818524334570247e+04 0.000000000000000000e+00
5.010852995448641741e+04 0.000000000000000000e+00
5.010968478184984269e+04 0.000000000000000000e+00
5.011025326340259926e+04 0.000000000000000000e+00
5.011027831571130810e+04 0.000000000000000000e+00
5.011097829094019107e+04 0.000000000000000000e+00
5.011232528048862150e+04 0.000000000000000000e+00
5.011301243481689016e+04 0.000000000000000000e+00
5.011448016261929297e+04 0.000000000000000000e+00
5.011518780502423033e+04 0.000000000000000000e+00
5.011548162761668209e+04 0.000000000000000000e+00
5.011680441666307888e+04 0.000000000000000000e+00
5.011726494835246558e+04 0.000000000000000000e+00
5.011757159135888651e+04 0.000000000000000000e+00
5.011819745524956670e+04 0.000000000000000000e+00
5.011940593710110988e+04 0.000000000000000000e+00
5.011950977306481218e+04 0.000000000000000000e+00
5.012039578243781580e+04 0.000000000000000000e+00
5.012048235997683514e+04 0.000000000000000000e+00
5.012223993702444568e+04 0.000000000000000000e+00
5.012292923848343344e+04 0.000000000000000000e+00
5.012309337660682650e+04 0.000000000000000000e+00
5.012414216725582082e+04 0.000000000000000000e+00
5.012579547878424637e+04 0.000000000000000000e+00
5.012703805470770021e+04 0.000000000000000000e+00
5.012729952907869301e+04 0.000000000000000000e+00
5.012871181187343609e+04 0.000000000000000000e+00
5.013022148504673532e+04 0.000000000000000000e+00
5.013150640423705772e+04 0.000000000000000000e+00
5.013260318715759058e+04 0.000000000000000000e+00
5.013330382982152514e+04 0.000000000000000000e+00
5.013472978068803059e+04 0.000000000000000000e+00
5.013540906603885378e+04 0.000000000000000000e+00
5.013570178930622933e+04 0.000000000000000000e+00
5.013626135853504820e+04 0.000000000000000000e+00
5.013765118130759220e+04 0.000000000000000000e+00
5.013784883518274728e+04 0.000000000000000000e+00
5.013861571218600147e+04 0.000000000000000000e+00
5.014080957528037834e+04 0.000000000000000000e+00
5.014155207591971703e+04 0.000000000000000000e+00
5.014344279133231612e+04 0.000000000000000000e+00
5.014454848129431775e+04 0.000000000000000000e+00
5.014561734775301011e+04 0.000000000000000000e+00
5.014642573333686596e+04 0.000000000000000000e+00
5.014864283424657333e+04 0.000000000000000000e+00
5.014995740373959416e+04 0.000000000000000000e+00
5.015305147144909279e+04 0.000000000000000000e+00
5.015341402265576471e+04 0.000000000000000000e+00
5.015530505886182800e+04 0.000000000000000000e+00
5.015643097775858041e+04 0.000000000000000000e+00
5.015668849608882738e+04 0.000000000000000000e+00
5.015840801152778295e+04 0.000000000000000000e+00
5.015972712614423654e+04 0.000000000000000000e+00
5.016274822569272510e+04 0.000000000000000000e+00
5.016350026099183742e+04 0.000000000000000000e+00
5.016582588348110585e+04 0.000000000000000000e+00
5.016663031460159254e+04 0.000000000000000000e+00
5.017717403250235657e+04 0.000000000000000000e+00
5.017769283706956776e+04 0.000000000000000000e+00
5.018046056458602106e+04 0.000000000000000000e+00
5.018096193794663122e+04 0.000000000000000000e+00
