-5.007467322091812821e+04 0.000000000000000000e+00
-5.007465335600900289e+04 0.000000000000000000e+00
-5.007032181744104309e+04 0.000000000000000000e+00
-5.006881963006583101e+04 0.000000000000000000e+00
-5.006880311652980163e+04 0.000000000000000000e+00
-5.006850705693355121e+04 0.000000000000000000e+00
-5.006694039894054004e+04 0.000000000000000000e+00
-5.006578198021346179e+04 0.000000000000000000e+00
-5.006546145224585780e+04 0.000000000000000000e+00
-5.006523442353839346e+04 0.000000000000000000e+00
-5.006443683352765220e+04 0.000000000000000000e+00
-5.006362792361018364e+04 0.000000000000000000e+00
-5.006283318359615805e+04 0.000000000000000000e+00
-5.006196655548817944e+04 0.000000000000000000e+00
-5.006113666561375430e+04 0.000000000000000000e+00
-5.006098068538354710e+04 0.000000000000000000e+00
-5.006087729304521054e+04 0.000000000000000000e+00
-5.006018657266571245e+04 0.000000000000000000e+00
-5.006006714530276076e+04 0.000000000000000000e+00
-5.005913946380883863e+04 0.000000000000000000e+00
-5.005825593242986361e+04 0.000000000000000000e+00
-5.005807451301156834e+04 0.000000000000000000e+00
-5.005764011673186906e+04 0.000000000000000000e+00
-5.005734980726373033e+04 0.000000000000000000e+00
-5.005687892886933696e+04 0.000000000000000000e+00
-5.005644011336327821e+04 0.000000000000000000e+00
-5.005601358058040205e+04 0.000000000000000000e+00
-5.005557096243562410e+04 0.000000000000000000e+00
-5.005482890527351992e+04 0.000000000000000000e+00
-5.005419063196177740e+04 0.000000000000000000e+00
-5.005397210706939222e+04 0.000000000000000000e+00
-5.005301734241827216e+04 0.000000000000000000e+00
-5.005248071593236818e+04 0.000000000000000000e+00
-5.005201860608605784e+04 1.308473076312318563e-24
-5.005110274109106103e+04 0.000000000000000000e+00
-5.005031872461491730e+04 0.000000000000000000e+00
-5.005017486282068421e+04 0.000000000000000000e+00
-5.005012099618560751e+04 3.674835911016465992e-24
-5.004904595858507673e+04 0.000000000000000000e+00
-5.004831873299126164e+04 2.022799115809193858e-24
-5.004804525665403344e+04 0.000000000000000000e+00
-5.004769494085006590e+04 3.112165326955835028e-24
-5.004669511278688151e+04 6.333967882500244960e-24
-5.004659047100559110e+04 6.178564472024266837e-24
-5.004592464418735472e+04 1.713674152754393858e-24
-5.004510150961042382e+04 6.820517872563172287e-23
-5.004475502976286225e+04 0.000000000000000000e+00
-5.004402075065122335e+04 2.796912504436943100e-23
-5.004381708335549047e+04 0.000000000000000000e+00
-5.004343051146742073e+04 1.643046106466085766e-22
-5.004236954050601344e+04 1.524310609277210179e-23
-5.004174479987264203e+04 2.465407840680021725e-24
-5.004135582368041651e+04 6.721477872698855913e-24
-5.004134305236857472e+04 2.858103365388229016e-23
-5.004047504997614305e+04 0.000000000000000000e+00
-5.004034825304332480e+04 6.114991307521593849e-24
-5.004017352937099349e+04 0.000000000000000000e+00
-5.004009162014631147e+04 0.000000000000000000e+00
-5.003976397949716193e+04 6.980044507765388395e-23
-5.003961881281656679e+04 4.653563214982664847e-23
-5.003891413886152441e+04 4.355414248836618510e-23
-5.003832294240745250e+04 0.000000000000000000e+00
-5.003803837365598883e+04 0.000000000000000000e+00
-5.003774788655251905e+04 4.088091503917883808e-22
-5.003756000505920383e+04 1.791867728464651405e-22
-5.003731029220332857e+04 0.000000000000000000e+00
-5.003630264423081826e+04 6.972768199975987201e-24
-5.003620753169876116e+04 0.000000000000000000e+00
-5.003590495511134213e+04 2.826205934384197415e-23
-5.003555938449484529e+04 1.056276772081617643e-21
-5.003530600221888744e+04 1.060230291418390645e-22
-5.003422357832614216e+04 1.619661641983231350e-22
-5.003407620301104907e+04 1.206966829457557676e-22
-5.003377544811699772e+04 4.219437028850996252e-22
-5.003356170506114722e+04 2.291931659352545995e-22
-5.003311506686026405e+04 1.929109388965536532e-23
-5.003237684216360503e+04 1.703439021047722365e-22
-5.003190059132940951e+04 2.264725114872443165e-21
-5.003165144199103815e+04 1.881781451399678329e-21
-5.003123351337245549e+04 3.388003501084783634e-22
-5.003088220226559497e+04 8.842395301319294512e-23
-5.003032036489160964e+04 3.386060878018689860e-22
-5.003017336783873907e+04 3.332169294488127927e-23
-5.002984121893515112e+04 3.026971292679628062e-21
-5.002969152271265921e+04 1.388602199188873044e-21
-5.002953640051069669e+04 1.175814586577191724e-21
-5.002884798277152004e+04 5.179020912443976949e-22
-5.002827172526367940e+04 4.835640268499047221e-21
-5.002803739794631838e+04 4.013703323828405226e-22
-5.002801644371503062e+04 1.098319486710678405e-20
-5.002752590284807957e+04 5.867782638555035299e-22
-5.002742717173202254e+04 7.869598235418035776e-22
-5.002673940829549974e+04 3.319759644493396211e-22
-5.002663613368556253e+04 3.753340369259601091e-22
-5.002622851519146934e+04 6.812589567387879017e-22
-5.002590181481651962e+04 2.497501779381025383e-21
-5.002574591490429884e+04 1.523256214340315650e-21
-5.002534900352713885e+04 2.987620004087720133e-20
-5.002494470743232523e+04 4.938499483621383830e-21
-5.002447777374969155e+04 2.153227675418803092e-21
-5.002445857964699098e+04 2.142091112128509364e-21
-5.002376724039656983e+04 2.638165078273009970e-22
-5.002364250992222514e+04 4.294176501789611121e-21
-5.002333540308494412e+04 5.442214774513562092e-20
-5.002316608883449226e+04 1.519115315937460884e-20
-5.002281526516210579e+04 4.376568522068980648e-22
-5.002182397334757843e+04 1.091184144976520333e-20
-5.002163413501268951e+04 3.179577655574253858e-21
-5.002134819857621915e+04 4.593290394073539656e-24
-5.002123439326511289e+04 1.119856101398293985e-19
-5.002088207162714389e+04 4.890033184172643260e-21
-5.002017334797368676e+04 1.412799889808734198e-22
-5.002004476805932063e+04 3.221102824237423968e-20
-5.001950498680279998e+04 1.987385248666080353e-19
-5.001940667416523502e+04 5.327414500682014147e-21
-5.001923639760108199e+04 1.932963929640736411e-20
-5.001891642857507395e+04 2.975520745839410444e-20
-5.001834773911879165e+04 9.700958171910390699e-22
-5.001803725287983252e+04 2.630898037625214078e-21
-5.001792039762700733e+04 1.948403939585411245e-21
-5.001738664194634475e+04 8.374336078745178074e-19
-5.001734523293747770e+04 9.253705222887804050e-21
-5.001682662589203392e+04 1.381501035566514373e-19
-5.001664663376833778e+04 9.746995246929096402e-21
-5.001659042463274091e+04 6.670566350564354154e-21
-5.001590122619362955e+04 8.265673860354151047e-20
-5.001551339391504007e+04 1.599344123064575548e-20
-5.001527344966851524e+04 4.925040190905748370e-19
-5.001524916867628053e+04 1.064972557823631013e-19
-5.001487318413898174e+04 2.722228052233959150e-20
-5.001426383624516893e+04 6.894407085357210254e-21
-5.001404856145169470e+04 2.641960221837449855e-20
-5.001376539077583584e+04 7.532531841033256627e-19
-5.001338922153037856e+04 7.714808881905748646e-21
-5.001332561099364830e+04 7.969072701105540246e-19
-5.001314551768793899e+04 2.258804959139263971e-19
-5.001266863848705543e+04 1.967014697896217076e-20
-5.001216012925030373e+04 1.000882730534344650e-19
-5.001163003611942986e+04 3.044751580167076944e-18
-5.001154884108282567e+04 3.127104566328043061e-20
-5.001147674625938816e+04 5.822308719587419665e-20
-5.001104798699943785e+04 4.667352568712255800e-18
-5.001099279059724358e+04 6.946542714999399604e-20
-5.001042920733404753e+04 2.593184749394510705e-20
-5.001017334557513823e+04 1.192764815189611444e-19
-5.000989564086102473e+04 5.742884787168149535e-19
-5.000966780762227427e+04 1.035455763562769031e-19
-5.000949532760035072e+04 8.602330265314380857e-19
-5.000935700122751587e+04 1.917479791081786233e-19
-5.000895142019983905e+04 3.599327333028523905e-18
-5.000870868588989833e+04 3.036122950245553942e-19
-5.000803723180803354e+04 1.006524484594230397e-18
-5.000792151952843415e+04 1.156458584186536893e-19
-5.000781684586500342e+04 1.423981823787522730e-19
-5.000736287540089688e+04 1.460735602612895615e-19
-5.000727003755775513e+04 1.228500647857897464e-21
-5.000687986704034847e+04 8.687646911438045210e-18
-5.000612138638261240e+04 4.844097120192407925e-19
-5.000596786374664225e+04 1.451981627190872604e-21
-5.000590112915114150e+04 5.263044309886481936e-18
-5.000567420219734777e+04 2.892802470075565316e-19
-5.000523101113177836e+04 4.485644343398665029e-17
-5.000483214232997852e+04 5.238693965423751727e-19
-5.000467646800073271e+04 5.520790481619597186e-20
-5.000440955899927940e+04 5.806552170231263475e-19
-5.000384811041285866e+04 4.619179531358732530e-21
-5.000376506210763182e+04 1.267598887584232013e-20
-5.000326055945811095e+04 2.940693279679261741e-18
-5.000310554461406718e+04 6.247380945791623239e-17
-5.000296181404602248e+04 1.438582725406489068e-19
-5.000278681064490229e+04 2.416701437781319648e-17
-5.000270518063618510e+04 4.001650944846662794e-18
-5.000186401007315726e+04 4.885691028878042522e-19
-5.000162908495625015e+04 1.204815157032788815e-17
-5.000150459075668186e+04 2.912900163106845328e-19
-5.000098138817612926e+04 5.305123384893521248e-17
-5.000093604095539195e+04 1.906336603738151775e-18
-5.000081399234286800e+04 1.731936557390967067e-19
-5.000066503385911346e+04 5.491272954812001334e-19
-5.000017334530520020e+04 2.695056060037076574e-19
-4.999986503903954872e+04 5.254220630534638437e-20
-4.999949332153415889e+04 3.161951453157311516e-16
-4.999938408528563741e+04 9.476487826014698318e-20
-4.999888678714029083e+04 1.973907086921696640e-17
-4.999884456249359209e+04 1.779653275844039243e-18
-4.999872445890761446e+04 9.845692147942169106e-18
-4.999862759162571456e+04 6.766903915593110109e-19
-4.999803722906766052e+04 1.162220152389079244e-17
-4.999765802354367042e+04 4.920813746438052099e-20
-4.999752656546416983e+04 3.290644735907654893e-18
-4.999735792298370507e+04 7.239630363707419454e-16
-4.999708084825164406e+04 1.498114761239238921e-17
-4.999694189710042701e+04 8.542785891996539055e-20
-4.999674513486756769e+04 4.550717468074307089e-16
-4.999653566106955986e+04 9.074173233605872819e-18
-4.999602088543855643e+04 3.182047865904772463e-19
-4.999590111455012811e+04 2.374546432836274001e-16
-4.999527428257613792e+04 1.445977890059787771e-17
-4.999522321234997071e+04 1.547838737878907793e-16
-4.999500801753939595e+04 1.374196845276465655e-17
-4.999464669899489672e+04 4.344263736766673699e-17
-4.999445834631990874e+04 8.431513930346094514e-18
-4.999415543367416831e+04 2.846068930327415749e-18
-4.999376500625791959e+04 1.387382977082112897e-15
-4.999358805740663956e+04 1.373525543708678875e-17
-4.999339586296024208e+04 5.304818311947100320e-20
-4.999308967976551503e+04 1.031963275097129496e-16
-4.999275091465032892e+04 1.745621243535105737e-17
-4.999255804925761186e+04 1.823075265600654025e-16
-4.999231909009096853e+04 2.081851109971344065e-19
-4.999162892099688179e+04 4.662876144402643416e-15
-4.999161156015106826e+04 9.358994108131320970e-21
-4.999122691759685404e+04 3.663728183554299573e-18
-4.999108918510690273e+04 7.620231672292174982e-20
-4.999095780370196735e+04 5.850440885461408986e-15
-4.999048592044583347e+04 4.640813813960543886e-18
-4.999027387021528557e+04 4.218148614347718036e-19
-4.999017334527395724e+04 4.364320973206500976e-16
-4.998975023178590345e+04 8.140062346928734435e-18
-4.998949287332713720e+04 4.024055923237439771e-17
-4.998935666533179756e+04 7.557393856655975113e-19
-4.998928540384642838e+04 3.567344654806662735e-18
-4.998882849980148603e+04 1.957946838106404450e-15
-4.998846729442868673e+04 4.044639482963833332e-16
-4.998838955862654257e+04 7.042229551612196937e-16
-4.998823518182260159e+04 5.296268272542385018e-18
-4.998803722871266655e+04 2.374781439063742449e-15
-4.998753386369765940e+04 5.896181845898923957e-18
-4.998753003303025616e+04 1.762324921058560466e-17
-4.998735692014740198e+04 8.038843222473753511e-17
-4.998681734800613049e+04 2.433701904365654430e-19
-4.998678678979889810e+04 8.634953735477977976e-18
-4.998669787041924428e+04 1.170284481464834571e-15
-4.998634609757784347e+04 1.555332535668638364e-16
-4.998590111240456463e+04 1.052122115149566923e-14
-4.998586788353633165e+04 5.040101912425728692e-17
-4.998554108948112116e+04 6.561645633930601166e-18
-4.998522116983721207e+04 5.677042708084043932e-14
-4.998473591916341684e+04 5.553365418046612531e-18
-4.998457772829734313e+04 1.069989443361487542e-16
-4.998436727606352360e+04 6.851962029466513487e-18
-4.998431226298880210e+04 7.356385142524059047e-18
-4.998414163830628968e+04 8.281278317375168759e-18
-4.998376499711701763e+04 2.541227636724229561e-15
-4.998341696900458192e+04 1.478276624455072561e-17
-4.998308575713679602e+04 4.621472205091548858e-14
-4.998281070131217712e+04 1.354490718672090097e-17
-4.998246926326649555e+04 2.228049549096516962e-14
-4.998235804756327707e+04 1.423245662690967000e-16
-4.998226185878389515e+04 6.019990437921256603e-16
-4.998191196096233034e+04 2.807975230950602260e-17
-4.998162888519167609e+04 3.438149903399547719e-14
-4.998151023452139634e+04 1.490388302652343295e-17
-4.998095099938716157e+04 1.506952567428014760e-15
-4.998044452862957405e+04 1.080400073018766592e-16
-4.998040298852005799e+04 3.156123682047700412e-17
-4.998035028516460443e+04 8.461126625983081130e-16
-4.998019594851075817e+04 4.185639808412104504e-18
-4.998017334527041385e+04 4.130344405995107874e-16
-4.997968638458559872e+04 3.517184484463211823e-18
-4.997949278237309773e+04 4.170700974496360853e-13
-4.997882127062942163e+04 2.756055318138022925e-15
-4.997880525026639225e+04 6.867089092516429303e-16
-4.997851461351492617e+04 5.729395362620785274e-16
-4.997826697129956301e+04 1.740546677293562160e-16
-4.997824555895706726e+04 1.889607779673364113e-17
-4.997804804529929243e+04 2.769070803310847299e-17
-4.997803722866706084e+04 4.454334533842079430e-14
-4.997791913633354125e+04 1.563161644986872583e-17
-4.997735670126593322e+04 7.062745195978073809e-13
-4.997672115488296549e+04 6.465219160527696887e-17
-4.997668501215624565e+04 3.550245898754500762e-13
-4.997660460073286959e+04 9.563017888193241616e-16
-4.997638994720313349e+04 7.908512032733219258e-16
-4.997616579050746077e+04 4.678951178217305471e-17
-4.997607751475731493e+04 3.091617965721619319e-17
-4.997590111209312454e+04 6.300437027973724864e-13
-4.997523953001637710e+04 2.151163722331821539e-17
-4.997522066313138203e+04 1.664456765893126094e-14
-4.997509006986588065e+04 4.201155596473563322e-17
-4.997461444293294335e+04 7.984363834662626808e-16
-4.997455242330921465e+04 8.362101048823860796e-16
-4.997407388939252996e+04 1.110737464204720807e-14
-4.997401058597812516e+04 1.421510818048036609e-16
-4.997376499565852282e+04 2.107781997249018694e-12
-4.997320158838246425e+04 1.712576000815942954e-18
-4.997309774429235404e+04 4.531450996669837095e-17
-4.997308472647349845e+04 5.106802943932968927e-15
-4.997259626699543151e+04 1.013865164423751077e-17
-4.997246586361053778e+04 5.621451822071519877e-15
-4.997241389628881734e+04 6.075832278085070473e-15
-4.997200818655935291e+04 8.802420865336458449e-15
-4.997185601723141735e+04 4.056748342977070242e-16
-4.997162887969898293e+04 6.126777043558746776e-12
-4.997127721377729904e+04 2.569776458530496553e-18
-4.997108209638900007e+04 9.770290290500544862e-16
-4.997094892422712292e+04 4.475959179486923065e-12
-4.997039086761409271e+04 1.931582735430083105e-17
-4.997030071330821374e+04 2.937491507672930988e-15
-4.997017334526908962e+04 1.593048997860114038e-12
-4.997009008324744354e+04 1.877014904992942514e-16
-4.996996312609514280e+04 2.314912548758819973e-15
-4.996949276510105119e+04 1.098812394714851667e-12
-4.996903160642347939e+04 6.036649037244274856e-18
-4.996896411547344906e+04 3.518021778535843883e-16
-4.996881342630038853e+04 4.508695982662813850e-13
-4.996876182715328468e+04 1.386286631503910566e-16
-4.996817972525332880e+04 2.808572854320404675e-13
-4.996803722864812153e+04 5.077698393756605070e-12
-4.996800882179899054e+04 9.510133571132485487e-15
-4.996787292926758528e+04 6.807432021957198509e-15
-4.996735665398008132e+04 9.045419582861590175e-13
-4.996729572136725619e+04 1.146631193306382334e-15
-4.996699913435983763e+04 1.455253354312923050e-17
-4.996667849103345361e+04 7.077301150969030578e-13
-4.996643780600570608e+04 1.039194383315619097e-15
-4.996615175671668840e+04 6.572893544707287197e-15
-4.996605885689361457e+04 9.404313412882284108e-14
-4.996599047810246702e+04 1.045439629994699595e-14
-4.996590111195273494e+04 1.940341541661367976e-11
-4.996538900055189151e+04 9.803552472754206936e-19
-4.996522054969645251e+04 4.529141268866786867e-11
-4.996514408055877720e+04 1.390847822187672028e-16
-4.996455773395307187e+04 1.537410266020558800e-14
-4.996454267527613410e+04 1.046108503590269750e-13
-4.996409454981956515e+04 2.374156185743951452e-16
-4.996394736452429788e+04 8.901440691879809088e-14
-4.996376499494171003e+04 1.801672413217398029e-11
-4.996368451704984909e+04 3.159252672391912964e-16
-4.996340204560889106e+04 4.271479727591043414e-16
-4.996308446573686524e+04 2.093462593924790140e-11
-4.996306575644392433e+04 4.711209761974144465e-15
-4.996241110736649716e+04 5.482912357659345377e-12
-4.996204210206757125e+04 2.237365566594297668e-15
-4.996189352401712677e+04 5.661214465578351330e-15
-4.996184792854288389e+04 1.397542635895840700e-13
-4.996168880628232000e+04 4.747352552397837045e-15
-4.996162887676664104e+04 7.351134557804074709e-11
-4.996112058344759862e+04 1.703248553739923960e-15
-4.996094838749984046e+04 2.306476722777895254e-11
-4.996066154914535582e+04 2.367660247079913374e-18
-4.996027900374177989e+04 9.444829528626983405e-13
-4.996017334525970364e+04 2.926687825079411842e-13
-4.996013347961776890e+04 2.215197873597140731e-17
-4.995975481599134946e+04 9.666559400276246563e-17
-4.995965751328350598e+04 1.041696929753575785e-16
-4.995949275467924599e+04 3.608492167710173363e-10
-4.995934266453725286e+04 6.013666029980566196e-17
-4.995881236482699751e+04 1.289746875818869069e-12
-4.995874895215968718e+04 1.443141491943345474e-16
-4.995842654726484034e+04 2.830656446764504528e-16
-4.995814989292952669e+04 2.791126167120978504e-12
-4.995806973932779511e+04 3.165190063661007667e-15
-4.995803722849020414e+04 1.518361581913317947e-10
-4.995767027766161482e+04 4.001698303128712905e-14
-4.995764844265228749e+04 2.655345804784086022e-15
-4.995738429210760660e+04 2.383159485290992903e-17
-4.995735662051940017e+04 4.909179213588989641e-10
-4.995667641736487712e+04 8.666477103226571365e-11
-4.995663971824564214e+04 1.882841498175153983e-13
-4.995627634341963858e+04 9.439740715869131152e-15
-4.995602023533869942e+04 2.124351061566374953e-12
-4.995590111055799207e+04 1.547902111883425001e-09
-4.995581500902609696e+04 1.502916375041921090e-15
-4.995561961233118200e+04 2.243649889646633803e-15
-4.995526820421614684e+04 3.948851237992649588e-15
-4.995522045352498390e+04 4.805319074921882740e-10
-4.995454047847904440e+04 3.079762070939742142e-12
-4.995444421995864104e+04 3.044113286706023605e-15
-4.995424642292568751e+04 6.564467541859840854e-20
-4.995393545004894986e+04 4.916172449698151765e-15
-4.995388488750685065e+04 3.544004960116331952e-14
-4.995376498690671724e+04 2.192594340969900776e-09
-4.995351210891273513e+04 5.871711878936225575e-15
-4.995314131006562093e+04 4.560800880672867430e-17
-4.995308420696106623e+04 4.178313831231967811e-13
-4.995260913338695536e+04 3.997236666598201877e-16
-4.995240445715529495e+04 8.223041502612890086e-11
-4.995210773331555538e+04 1.605697694772682769e-14
-4.995176511888053210e+04 3.181465811627489627e-13
-4.995173663810123981e+04 4.587839194614960508e-16
-4.995162884307238710e+04 6.335270952971507876e-09
-4.995150188565232384e+04 4.778408417487824884e-16
-4.995131214760641160e+04 1.060207686764975324e-16
-4.995094778763655631e+04 1.151398177926715153e-09
-4.995081464710936416e+04 1.351288720718438491e-14
-4.995026840621953306e+04 3.487153107877504952e-11
-4.995017334477501572e+04 7.531564692654246810e-09
-4.995015706875298201e+04 3.132095122012630633e-16
-4.994976067668187898e+04 2.635462953818865435e-19
-4.994964649691607337e+04 7.276967121889149916e-17
-4.994949264275136375e+04 6.757678508359332704e-09
-4.994940991015579493e+04 7.554796968315169582e-16
-4.994932055604345805e+04 9.006325633357103046e-16
-4.994881101971473981e+04 1.526093984102049453e-11
-4.994869568098381569e+04 6.751992698579489685e-16
-4.994813232038874412e+04 2.538701570635890587e-12
-4.994803722393805219e+04 8.008092951896277135e-09
-4.994790532422953402e+04 1.777568117148370136e-15
-4.994766507867799373e+04 4.189682332393330866e-15
-4.994751968395103177e+04 2.106242006590016876e-14
-4.994739612937643687e+04 3.562449146870899393e-16
-4.994735630667900114e+04 1.562522552976564026e-09
-4.994687096208531875e+04 5.501692899362942693e-15
-4.994667361199605512e+04 2.136830276402889672e-09
-4.994639875507507531e+04 3.438289723004476781e-14
-4.994613182409718866e+04 4.563684074471596183e-17
-4.994599515224375500e+04 5.142115509207305526e-12
-4.994590108787111240e+04 3.137847462429923836e-08
-4.994552954555473116e+04 3.204448135618411509e-16
-4.994541958422032621e+04 5.790966979447862899e-15
-4.994521967670953745e+04 1.269180426767617147e-08
-4.994519828888703341e+04 7.810240887915062239e-15
-4.994495063886248681e+04 8.802879145273172404e-16
-4.994453510245820507e+04 4.956060501937043892e-10
-4.994385775536159053e+04 8.174397127856593162e-14
-4.994376490002036007e+04 6.265400224151837584e-08
-4.994368057038894767e+04 1.409224055379724862e-16
-4.994347714197436289e+04 4.063259439577439836e-16
-4.994331056054281362e+04 8.927062220866934416e-15
-4.994328094406455784e+04 3.951413062956527206e-16
-4.994308246080417302e+04 4.164215116964101252e-09
-4.994247864195019793e+04 4.327701255349281997e-14
-4.994239481482272822e+04 1.242539961413212651e-10
-4.994213238813374483e+04 9.140113645025890678e-16
-4.994172997926276730e+04 3.772134506027931040e-14
-4.994168917389500712e+04 6.837593688725718337e-15
-4.994162854964219150e+04 1.101969757814572771e-07
-4.994160555268002645e+04 2.091212899444421089e-17
-4.994119644369896560e+04 7.207158511561086727e-15
-4.994094416081610689e+04 4.911273453892731900e-08
-4.994092791536262666e+04 3.448517144004153160e-13
-4.994025196956483705e+04 1.047448683602611682e-10
-4.994020160265068989e+04 1.850330333355475251e-14
-4.994017333826098911e+04 7.710044503974316401e-10
-4.993980115863973333e+04 1.065424340421020856e-15
-4.993959422046483087e+04 1.280329313050110817e-13
-4.993956649237499369e+04 3.212151013964039789e-13
-4.993949175784394902e+04 1.203171375545090323e-07
-4.993910740351132699e+04 1.769600942168805060e-14
-4.993905724688373448e+04 1.419515002500659835e-15
-4.993880399417785520e+04 4.777947178875258407e-09
-4.993842959808853630e+04 4.833719502140982768e-16
-4.993810531350272504e+04 3.541870609293001058e-12
-4.993803714561171364e+04 4.034722222127611364e-07
-4.993771573760530737e+04 5.092668828270347714e-16
-4.993742915025807451e+04 1.745170730183549512e-13
-4.993735395331098698e+04 1.900659802543287724e-07
-4.993708584532763052e+04 4.452477751518210671e-15
-4.993701553165554651e+04 4.799371133119899126e-14
-4.993684002219737158e+04 9.271703213486002472e-14
-4.993666083123552380e+04 5.047734767278702603e-09
-4.993629981022364518e+04 1.709337640182975217e-16
-4.993615139788447414e+04 7.214740506011797803e-16
-4.993595354407688865e+04 5.604410118643981350e-12
-4.993590063817508053e+04 2.908407669439865212e-06
-4.993527869339344034e+04 6.470675636663082200e-12
-4.993521414642798482e+04 9.801960624476355890e-07
-4.993505506956935278e+04 3.454188623414203344e-13
-4.993473891106962401e+04 4.493765718231236888e-13
-4.993451318359877041e+04 2.242502487495991718e-09
-4.993416497345718381e+04 3.689301086149365623e-15
-4.993381589464802528e+04 2.154117636272032168e-13
-4.993379410719645966e+04 4.838457086961687073e-13
-4.993376325033238390e+04 1.241246661370892049e-06
-4.993313165363972075e+04 5.590446517353095796e-13
-4.993310896712470276e+04 1.137288446323745823e-12
-4.993307084133638273e+04 1.120976711996953561e-08
-4.993277703174167254e+04 6.922610436888159887e-16
-4.993235926428455423e+04 9.176978556380438824e-11
-4.993232471529859322e+04 5.194114621649923353e-14
-4.993184689284074557e+04 5.315623571060289337e-16
-4.993182065745995351e+04 1.185913637735041020e-15
-4.993162921722392639e+04 8.866510919901512758e-09
-4.993162399559022742e+04 4.497257139577661828e-06
-4.993103406272155553e+04 1.759809573337926424e-13
-4.993096154080572887e+04 7.882165724697285261e-11
-4.993092203018302826e+04 1.910030872766193127e-07
-4.993057151199394139e+04 2.415504509245103384e-14
-4.993055381590808975e+04 6.275806117210152171e-14
-4.993019698649259954e+04 1.262322375154373380e-10
-4.993017316358545941e+04 7.293635169003494779e-06
-4.992948137787217274e+04 1.628917714340791966e-05
-4.992945536383290892e+04 6.069853367392737465e-09
-4.992939481846906710e+04 9.911378427499867059e-12
-4.992927971366727434e+04 2.627119944256020051e-12
-4.992910555575742910e+04 4.541057590028751475e-13
-4.992877071142287605e+04 2.147457204265482852e-09
-4.992876508693454525e+04 4.595575721884858749e-08
-4.992843154709230294e+04 1.946556922571761476e-15
-4.992817221187677205e+04 1.319315053097263169e-14
-4.992803623458286165e+04 2.162961840182510805e-05
-4.992802430630519666e+04 1.894141340000692360e-09
-4.992759013580059400e+04 5.308329529588141493e-17
-4.992733311477040115e+04 6.786278469908191765e-07
-4.992726777865623444e+04 1.492067645195625218e-10
-4.992698308336085756e+04 1.941221915770778292e-13
-4.992663172192219645e+04 1.487563810409180756e-11
-4.992659793098794762e+04 4.031025456711388303e-09
-4.992593991259811446e+04 1.129654373901463872e-13
-4.992589744815608719e+04 4.744260514984872652e-05
-4.992583912728727591e+04 1.807738150084246313e-09
-4.992566431158174237e+04 7.755106024550078763e-13
-4.992554664215080265e+04 9.383983580317930385e-14
-4.992517629001884052e+04 6.139005792189653907e-06
-4.992507629137812910e+04 9.467039860459627675e-10
-4.992492256501060911e+04 6.287404299826157277e-12
-4.992472743909368000e+04 3.798463127545836790e-16
-4.992443521851029072e+04 3.117085674052337226e-11
-4.992441714473172033e+04 3.112910126823366834e-09
-4.992375336602850439e+04 2.055587750115667493e-04
-4.992363997747156100e+04 4.375674952148680609e-09
-4.992340696966032556e+04 1.992717584138779688e-12
-4.992300744794525235e+04 8.300186290179251429e-07
-4.992286062069058971e+04 9.639010287839331283e-11
-4.992243403207673691e+04 3.273090364762839654e-13
-4.992229893829602224e+04 5.020796583922088242e-12
-4.992222089627432433e+04 1.556224989756813581e-09
-4.992189123645804648e+04 2.427482581907644885e-13
-4.992159834530967055e+04 1.334739757055602657e-04
-4.992142485573401791e+04 1.500924691023560351e-09
-4.992133548881014576e+04 7.393459014931314160e-12
-4.992095454897226591e+04 2.726664420130898810e-12
-4.992082294899769477e+04 4.814717078479961239e-08
-4.992063968976860633e+04 4.343798139693870014e-11
-4.992049924115296017e+04 3.298713288749291516e-15
-4.992016823430379009e+04 5.897323328993925252e-05
-4.992012836483123829e+04 8.399354897655050957e-13
-4.992000624792143208e+04 2.084633833048287000e-08
-4.991985459043123410e+04 1.516088914063067096e-11
-4.991944892131258530e+04 6.687682639011936876e-09
-4.991942569586793979e+04 1.945809495124947502e-04
-4.991919097724204767e+04 2.835678438954071012e-09
-4.991875324234191794e+04 1.795563041664696661e-14
-4.991861929863352270e+04 3.019992396715272540e-08
-4.991838955119994353e+04 4.453873497182539676e-11
-4.991812295863347390e+04 1.468607400227454487e-11
-4.991802867290552240e+04 5.145504983171133520e-12
-4.991801012864276709e+04 1.522816773314466902e-03
-4.991777136267768219e+04 1.717290865085886740e-08
-4.991743731676222524e+04 6.303873229059943125e-12
-4.991728956154795742e+04 2.341585548842143809e-10
-4.991722898424181039e+04 8.857652197371231715e-06
-4.991695064400922274e+04 1.812574979845407370e-10
-4.991687371667916887e+04 2.644465769157990399e-11
-4.991639340738371538e+04 5.117500019533038351e-08
-4.991613082254875917e+04 3.305482793683983548e-09
-4.991597909747812082e+04 1.650485845601132007e-10
-4.991582405068649678e+04 1.119764318962399724e-02
-4.991551484518964571e+04 1.262651820123789542e-08
-4.991548976858900278e+04 7.462508067001747793e-10
-4.991500287436546932e+04 5.383709294838118618e-06
-4.991492270694438776e+04 6.140213648034462953e-11
-4.991467078376926656e+04 1.148650435099241049e-08
-4.991443294609108125e+04 5.817441165905198936e-11
-4.991414276104078453e+04 1.754930121605945077e-08
-4.991388573645206634e+04 2.953706969556887694e-09
-4.991366578203695826e+04 8.231088350741144160e-09
-4.991362850383968907e+04 3.069270706157742073e-08
-4.991360309215726738e+04 4.536557765576309034e-03
-4.991323459991440177e+04 6.907098888134579175e-09
-4.991300099650776247e+04 1.681817363980434482e-10
-4.991274340604903409e+04 3.400108842401505851e-07
-4.991237883745931322e+04 8.309616557526876042e-09
-4.991203134145004151e+04 8.487088585513533686e-11
-4.991186544620682253e+04 5.656377613380671602e-07
-4.991156025862050592e+04 4.433301039985492973e-09
-4.991146748464711709e+04 2.595491725220202542e-10
-4.991134061315566214e+04 2.764159088271644200e-04
-4.991093148909477168e+04 5.777340100657536269e-10
-4.991044821745251102e+04 4.172197718673048041e-04
-4.991032721276137454e+04 1.958160038191900699e-07
-4.991012909636790573e+04 8.833261211646211697e-01
-4.991006504344002315e+04 6.612842958445219791e-06
-4.990980412174396042e+04 1.429178348451807605e-08
-4.990956032372211484e+04 3.217632169207293553e-06
-4.990952548370017030e+04 3.060826555478781470e-10
-4.990929163739380601e+04 1.029277232569963777e-09
-4.990909610365802655e+04 6.517012649240166194e-10
-4.990903172730342339e+04 4.040325079447997978e-04
-4.990860455444456602e+04 1.013578365229181068e-07
-4.990834734642962576e+04 2.863340480973002201e-08
-4.990811704210469907e+04 7.231435480375603044e-04
-4.990790636310228729e+04 9.262000484237598030e-02
-4.990779011351944064e+04 1.221677904105262040e-06
-4.990762272657807625e+04 1.965067507780241609e-07
-4.990722683766059345e+04 2.356295424895182661e-06
-4.990709830744483043e+04 1.262529049745577308e-11
-4.990690504197315022e+04 9.293947923845341096e-12
-4.990675879657303449e+04 1.692004227439300259e-09
-4.990667444264704682e+04 3.591928108430426326e-06
-4.990638044374804304e+04 6.577190451909652581e-10
-4.990625284571024531e+04 1.949333742915933910e-07
-4.990584602945932420e+04 1.307441204935700502e-07
-4.990575131226378289e+04 1.548826815778484261e-04
-4.990556543285943189e+04 3.743390362430727442e-03
-4.990535096212747158e+04 1.581669677612153299e-07
-4.990511663926744950e+04 9.277227059453570442e-10
-4.990486430619716702e+04 7.923066723446603301e-07
-4.990433676496638509e+04 1.668090169449101588e-08
-4.990426932210641826e+04 1.554299565602443564e-05
-4.990423201655120647e+04 6.919226523502367818e-11
-4.990387489655733225e+04 5.028718152170939044e-08
-4.990366167403307918e+04 4.100775045150428720e-09
-4.990335087836656021e+04 1.765229259342992945e-05
-4.990312782976912422e+04 2.760133149864506339e-04
-4.990303938364946225e+04 6.159262278497569344e-08
-4.990295355620164628e+04 4.291105095860264042e-08
-4.990258506182488054e+04 3.211343695446305936e-10
-4.990247358458734379e+04 9.595990980037581267e-08
-4.990199095058875537e+04 2.801028915298113319e-12
-4.990181915587517142e+04 1.258723625318664335e-06
-4.990149329096420843e+04 4.170740704493821455e-09
-4.990108074102526007e+04 3.057024754644257269e-10
-4.990091621161836520e+04 2.272498010247041587e-07
-4.990071845408619265e+04 1.207249651534688700e-09
-4.990061377927979629e+04 1.008503668952850155e-05
-4.990024869453679275e+04 2.038102271374272961e-10
-4.990023074183602876e+04 7.727023515630395072e-10
-4.990005379408670706e+04 1.057763808127820210e-08
-4.989932803437384428e+04 3.778992951997932605e-07
-4.989922618379977939e+04 3.189038463609147983e-09
-4.989905087558964442e+04 1.238278619255449812e-09
-4.989844756519098883e+04 8.288934607185525652e-07
-4.989824892409860331e+04 6.912855343465083547e-10
-4.989803921778196673e+04 1.546164103049953205e-05
-4.989791470734355244e+04 2.102186635947661205e-08
-4.989764393996278523e+04 1.229061061858571170e-08
-4.989761170562665939e+04 4.723496333884303406e-08
-4.989748850212668913e+04 1.719437668594580612e-09
-4.989687370169985661e+04 2.239252801789779542e-09
-4.989679621018896432e+04 9.255851937457718704e-09
-4.989654571928040241e+04 2.606117370622706695e-09
-4.989599025659711333e+04 3.887260652208348768e-09
-4.989595245771004556e+04 1.513996067754497885e-07
-4.989585325687524892e+04 3.413227021391603758e-09
-4.989541706659867486e+04 1.432142755201217547e-06
-4.989527503224166139e+04 2.588179422659257406e-09
-4.989513881399395177e+04 2.967093576433384556e-08
-4.989497025144877261e+04 2.375897368598509443e-10
-4.989455463217399665e+04 3.963113216415462963e-11
-4.989424588848642452e+04 1.749316497950367825e-08
-4.989421210440874711e+04 1.300823134221786648e-08
-4.989396799192555773e+04 3.522814272632753301e-10
-4.989342434802063508e+04 1.460025473915114843e-08
-4.989314123633948475e+04 9.648887784580445379e-11
-4.989295995517037227e+04 1.684921203069970600e-09
-4.989275762259180192e+04 1.230969056511476909e-07
-4.989261886454787600e+04 1.453210519787654413e-08
-4.989247081470361445e+04 5.560446456394275573e-10
-4.989195006881795416e+04 1.286792094188603846e-12
-4.989164734133260936e+04 3.443056106656675075e-09
-4.989160543897295429e+04 9.250145002707415715e-10
-4.989125494960050855e+04 2.169218937493282250e-13
-4.989093881527519989e+04 2.086098687200354849e-12
-4.989087047378467105e+04 2.369217685396028269e-10
-4.989018260639466462e+04 9.017856677869220758e-11
-4.989001715106607298e+04 3.152535906278871489e-10
-4.988993592289432854e+04 4.028040337547116643e-12
-4.988933757886887179e+04 3.375200209962909549e-12
-4.988913468859088607e+04 7.980271040238958209e-15
-4.988902427127036208e+04 3.864856994111557134e-10
-4.988858957109073526e+04 1.372306325366357783e-11
-4.988841400305136631e+04 1.007032129558697587e-12
-4.988830318532180536e+04 2.490614404884465019e-10
-4.988779345104539243e+04 1.785446686126841668e-11
-4.988760949013525533e+04 5.675648760000401180e-10
-4.988729919475773204e+04 7.310298062793316465e-09
-4.988657451543366187e+04 2.056363812801101209e-11
-4.988638395099942863e+04 5.850750742207048160e-12
-4.988576197901122941e+04 1.063475473820672729e-11
-4.988570850792977581e+04 2.209483742353612429e-10
-4.988542048075116327e+04 2.073097095464314193e-16
-4.988528743991199008e+04 8.255112134176855580e-12
-4.988504676877583552e+04 3.494778795131576374e-11
-4.988473688791993482e+04 2.082562885433315265e-11
-4.988455532307971589e+04 1.048565588906221588e-09
-4.988436806183334556e+04 6.671834385971035448e-17
-4.988413998104567872e+04 1.134199035556757339e-11
-4.988372053527129174e+04 5.642848489147995598e-11
-4.988310766051844257e+04 2.522458742874621273e-11
-4.988303446567116771e+04 1.441111603431953803e-12
-4.988274123326881090e+04 1.920682677879694179e-12
-4.988225596762390342e+04 1.622988669606344558e-12
-4.988191742655195412e+04 1.415914800364094185e-13
-4.988179245831513254e+04 8.335688176518382581e-11
-4.988165052490953531e+04 4.222453551756099267e-12
-4.988106128915453155e+04 1.050752349251787312e-11
-4.988091861817226891e+04 1.187751753093030121e-12
-4.988080419724421517e+04 4.051459354534202860e-13
-4.988039055765146622e+04 9.545996306265677259e-13
-4.988008815728580521e+04 2.899623225819667286e-14
-4.987962963029941602e+04 3.065238422512821332e-15
-4.987945543520850333e+04 5.179929165918177191e-15
-4.987911907080598030e+04 3.236763559162694665e-15
-4.987900181710782635e+04 5.617589006645716364e-17
-4.987835955565781478e+04 3.459146549851772794e-13
-4.987821838150375697e+04 1.893270805383536707e-14
-4.987783380763867171e+04 1.055555213671609563e-13
-4.987728298961461405e+04 1.742121057494405693e-13
-4.987715966665550513e+04 3.714237245270593219e-14
-4.987698051948248758e+04 6.944379705886742324e-17
-4.987657105652737664e+04 2.256381216137042388e-14
-4.987622029285499593e+04 4.903997337087785147e-12
-4.987582455365663918e+04 3.181523831814604434e-13
-4.987561114156838448e+04 2.584999028873349501e-14
-4.987536070032595308e+04 5.462981412251211037e-14
-4.987502548850604217e+04 4.284982553277685347e-13
-4.987435197362318286e+04 5.332475355922107512e-14
-4.987356401783334150e+04 1.303843732045253389e-13
-4.987340547681489988e+04 7.147433340638264555e-13
-4.987307238925272395e+04 2.463117060489745966e-15
-4.987296917785864207e+04 2.957218903469186367e-13
-4.987263414683988958e+04 1.192593427599471428e-14
-4.987209825596120209e+04 3.320451314770820432e-14
-4.987182684044704365e+04 2.164391147845638068e-15
-4.987175049060286983e+04 3.935160918122160853e-16
-4.987171685516254365e+04 4.096712213072589619e-16
-4.987067866322977352e+04 4.201574210352670706e-15
-4.987063597893543192e+04 4.378049644648009751e-14
-4.987022860459673393e+04 4.728009162800316506e-14
-4.986990964691473346e+04 8.656172041104368219e-16
-4.986934411553462269e+04 2.176870649706247961e-16
-4.986895131868807948e+04 7.279522042905415422e-17
-4.986840524216173799e+04 1.581377720056005809e-16
-4.986791000617625832e+04 8.861661292755039297e-19
-4.986786425162578234e+04 3.223826944300242142e-17
-4.986769342066309036e+04 2.904531837379854857e-17
-4.986746147973719053e+04 2.700729751868259038e-16
-4.986706750905387162e+04 1.532658581276686227e-16
-4.986674312478909269e+04 6.031831023829943068e-17
-4.986624694959110639e+04 1.572597760857689279e-16
-4.986566396369710856e+04 1.442370645032132623e-17
-4.986516132923860278e+04 5.631846806282226525e-16
-4.986497239811103645e+04 2.841461892716102018e-15
-4.986470211506036867e+04 1.957301396245832910e-16
-4.986447135447237815e+04 4.408118308881253179e-16
-4.986395222254314285e+04 1.026777546962045318e-15
-4.986364662428379233e+04 4.755023000080896362e-17
-4.986263427776419849e+04 2.717908454856060440e-19
-4.986231202812711854e+04 7.607788423208469904e-18
-4.986213162594818277e+04 8.587201225446316362e-16
-4.986180513550384785e+04 4.435894137010000359e-16
-4.986147876876201190e+04 2.669656658945440415e-18
-4.986084323823594605e+04 1.074261151138924087e-16
-4.986021804347187572e+04 1.121885934105182321e-17
-4.986010993648125441e+04 5.329485946255001262e-20
-4.985930633112530631e+04 3.999825097460326262e-17
-4.985905308234348195e+04 5.441446838836121548e-17
-4.985866388687677681e+04 1.201431569920183867e-17
-4.985812644805610762e+04 2.557632791973914008e-18
-4.985791776224163186e+04 1.058732117800498419e-18
-4.985779622741643834e+04 3.222531542797782138e-20
-4.985738884688405960e+04 9.423211870836869809e-21
-4.985644207080356136e+04 3.286163601317869948e-20
-4.985636660434312216e+04 2.989480833594631418e-19
-4.985564531919923320e+04 3.577185551297473448e-22
-4.985538638789628749e+04 3.596754283467941489e-19
-4.985471471448840748e+04 3.919139067274191391e-21
-4.985369046500347031e+04 6.909958792134123223e-19
-4.985355539532566763e+04 2.020520853496875240e-18
-4.985321823315723304e+04 1.275455949320036917e-18
-4.985311901303195918e+04 1.003257658755871704e-20
-4.985291281955431623e+04 1.326729230802469760e-18
-4.985213151073834160e+04 1.965567674110739154e-19
-4.985152232108818134e+04 2.328003480944869744e-20
-4.985123634332581423e+04 1.765819876523908113e-20
-4.985092900727190136e+04 3.182660237727230189e-19
-4.985045886701281415e+04 7.785639783393446866e-19
-4.984986587865342153e+04 6.443664008349206458e-19
-4.984909792548774567e+04 3.243316205527326882e-21
-4.984882186221734446e+04 6.093774413282751194e-21
-4.984786275003830087e+04 1.155721974720148109e-19
-4.984740502791063045e+04 8.751142783698297840e-21
-4.984691896020509012e+04 2.796689129879308110e-21
-4.984669351010197715e+04 4.734386985310728809e-21
-4.984602063917943451e+04 2.858133943362404356e-21
-4.984550805805482378e+04 4.762080196507120034e-22
-4.984511861810297705e+04 2.027264859922840829e-22
-4.984421358279494598e+04 2.744796454862854237e-24
-4.984399285326897370e+04 3.969900984540682920e-22
-4.984330910011658852e+04 8.423874036911259010e-22
-4.984265654596716195e+04 0.000000000000000000e+00
-4.984250555727573374e+04 4.706579444121838622e-22
-4.984210067922325106e+04 4.240859355749188217e-21
-4.984144808865917730e+04 1.104288101536397423e-24
-4.984095771412593604e+04 7.028155568861330914e-23
-4.983985066400095820e+04 2.533335159420646660e-21
-4.983920600808343443e+04 9.282902755063735158e-22
-4.983886194704391528e+04 4.290645094052797963e-22
-4.983779083531443030e+04 1.794947296102614718e-22
-4.983735710715093592e+04 0.000000000000000000e+00
-4.983704333464136289e+04 2.142298151897764610e-24
-4.983654360416127020e+04 8.418146492754717427e-23
-4.983630324719454802e+04 6.063670234881839428e-23
-4.983544582582152361e+04 1.920426042748284203e-23
-4.983521796580225782e+04 3.566253985778994889e-23
-4.983384090552014823e+04 0.000000000000000000e+00
-4.983311395360059396e+04 0.000000000000000000e+00
-4.983196758208460233e+04 1.425112768717017021e-24
-4.983158773278146691e+04 0.000000000000000000e+00
-4.983127475119198789e+04 7.907772624955537747e-24
-4.983034177438564075e+04 0.000000000000000000e+00
-4.982959801707819861e+04 0.000000000000000000e+00
-4.982884184267338424e+04 5.211653216686017884e-24
-4.982826947313715937e+04 0.000000000000000000e+00
-4.982728763729453203e+04 0.000000000000000000e+00
-4.982639506118147983e+04 0.000000000000000000e+00
-4.982598588553645823e+04 0.000000000000000000e+00
-4.982545146828066208e+04 0.000000000000000000e+00
-4.982491489697265206e+04 0.000000000000000000e+00
-4.982430650823132601e+04 0.000000000000000000e+00
-4.982229646131380287e+04 0.000000000000000000e+00
-4.982158837117408984e+04 0.000000000000000000e+00
-4.982094305445039936e+04 0.000000000000000000e+00
-4.982003840237355325e+04 0.000000000000000000e+00
-4.981981290811640065e+04 0.000000000000000000e+00
-4.981925336064498697e+04 0.000000000000000000e+00
-4.981847280599145597e+04 0.000000000000000000e+00
-4.981804913664371998e+04 0.000000000000000000e+00
-4.981686053143287427e+04 0.000000000000000000e+00
-4.981487612435058691e+04 0.000000000000000000e+00
-4.981439913738114410e+04 0.000000000000000000e+00
-4.981253890597021382e+04 0.000000000000000000e+00
-4.981167581089310988e+04 0.000000000000000000e+00
-4.981084248132830544e+04 0.000000000000000000e+00
-4.980985881703253835e+04 0.000000000000000000e+00
-4.980852093110034184e+04 0.000000000000000000e+00
-4.980815944977429172e+04 0.000000000000000000e+00
-4.980664969789562747e+04 0.000000000000000000e+00
-4.980603058028055239e+04 0.000000000000000000e+00
-4.980429199301455810e+04 0.000000000000000000e+00
-4.980310234118995140e+04 0.000000000000000000e+00
-4.980032832232469809e+04 0.000000000000000000e+00
-4.979995638491213322e+04 0.000000000000000000e+00
-4.979918017826709547e+04 0.000000000000000000e+00
-4.979852996749407612e+04 0.000000000000000000e+00
-4.979654805028990086e+04 0.000000000000000000e+00
-4.979410776937840274e+04 0.000000000000000000e+00
-4.979262290163662692e+04 0.000000000000000000e+00
-4.979127778999498696e+04 0.000000000000000000e+00
-4.978868276836657606e+04 0.000000000000000000e+00
-4.978752869989204919e+04 0.000000000000000000e+00
-4.978563229262996174e+04 0.000000000000000000e+00
-4.977957321170950308e+04 0.000000000000000000e+00
-4.977904611159693741e+04 0.000000000000000000e+00
-4.977719243724921398e+04 0.000000000000000000e+00
-4.977682460081037425e+04 0.000000000000000000e+00
-4.976509790939851518e+04 0.000000000000000000e+00
-4.976471174601926759e+04 0.000000000000000000e+00
4.992547653922313475e+04 0.000000000000000000e+00
4.992549768950358703e+04 0.000000000000000000e+00
4.992968405727916979e+04 0.000000000000000000e+00
4.993130952369928127e+04 0.000000000000000000e+00
4.993132702625675302e+04 0.000000000000000000e+00
4.993150618152233073e+04 0.000000000000000000e+00
4.993308105484370753e+04 0.000000000000000000e+00
4.993426586519087141e+04 0.000000000000000000e+00
4.993463003289444168e+04 0.000000000000000000e+00
4.993484755164246599e+04 0.000000000000000000e+00
4.993561915959573525e+04 0.000000000000000000e+00
4.993643477122204058e+04 0.000000000000000000e+00
4.993723194936081563e+04 0.000000000000000000e+00
4.993809947278536129e+04 0.000000000000000000e+00
4.993895291326450388e+04 0.000000000000000000e+00
4.993915409766300581e+04 0.000000000000000000e+00
4.993923745140055689e+04 0.000000000000000000e+00
4.993982486951405735e+04 0.000000000000000000e+00
4.993999766977477702e+04 0.000000000000000000e+00
4.994092522200768872e+04 0.000000000000000000e+00
4.994180677787039895e+04 0.000000000000000000e+00
4.994195496249407734e+04 0.000000000000000000e+00
4.994244352644716855e+04 0.000000000000000000e+00
4.994275035692220990e+04 0.000000000000000000e+00
4.994321396294952137e+04 0.000000000000000000e+00
4.994364047464363830e+04 0.000000000000000000e+00
4.994402748051611707e+04 0.000000000000000000e+00
4.994451277710049908e+04 0.000000000000000000e+00
4.994525589212284103e+04 0.000000000000000000e+00
4.994589726169665664e+04 0.000000000000000000e+00
4.994607844450777338e+04 0.000000000000000000e+00
4.994707140919255471e+04 0.000000000000000000e+00
4.994760820791850711e+04 0.000000000000000000e+00
4.994804089567056508e+04 0.000000000000000000e+00
4.994898737289817655e+04 0.000000000000000000e+00
4.994976647463300469e+04 0.000000000000000000e+00
4.994983707282214891e+04 0.000000000000000000e+00
4.994995000114614231e+04 0.000000000000000000e+00
4.995104511693010863e+04 0.000000000000000000e+00
4.995176191776852647e+04 0.000000000000000000e+00
4.995198213898301765e+04 0.000000000000000000e+00
4.995239482423905429e+04 0.000000000000000000e+00
4.995340129131272988e+04 0.000000000000000000e+00
4.995349338132269622e+04 0.000000000000000000e+00
4.995411770936882385e+04 0.000000000000000000e+00
4.995500186683645734e+04 0.000000000000000000e+00
4.995533167703443178e+04 0.000000000000000000e+00
4.995607950832427741e+04 0.000000000000000000e+00
4.995623990985448472e+04 0.000000000000000000e+00
4.995666873603114072e+04 0.000000000000000000e+00
4.995775373971430236e+04 0.000000000000000000e+00
4.995832676303165499e+04 0.000000000000000000e+00
4.995873655330789188e+04 0.000000000000000000e+00
4.995878874120382534e+04 0.000000000000000000e+00
4.995969031070309575e+04 0.000000000000000000e+00
4.995983778115587484e+04 0.000000000000000000e+00
4.995984102389065083e+04 0.000000000000000000e+00
4.996013183122874034e+04 0.000000000000000000e+00
4.996038574540268019e+04 0.000000000000000000e+00
4.996052442868023354e+04 0.000000000000000000e+00
4.996125472387245100e+04 0.000000000000000000e+00
4.996183545046007930e+04 0.000000000000000000e+00
4.996198945482063573e+04 0.000000000000000000e+00
4.996236228661646601e+04 0.000000000000000000e+00
4.996258654085507442e+04 0.000000000000000000e+00
4.996282906334507425e+04 0.000000000000000000e+00
4.996383944283351593e+04 0.000000000000000000e+00
4.996394858897906670e+04 0.000000000000000000e+00
4.996413866034186503e+04 0.000000000000000000e+00
4.996454528069078515e+04 0.000000000000000000e+00
4.996487117099048191e+04 0.000000000000000000e+00
4.996591277691398136e+04 0.000000000000000000e+00
4.996607222363869369e+04 0.000000000000000000e+00
4.996628368384101486e+04 0.000000000000000000e+00
4.996655280411615968e+04 0.000000000000000000e+00
4.996706510669038835e+04 0.000000000000000000e+00
4.996777261738685047e+04 0.000000000000000000e+00
4.996823229639461351e+04 0.000000000000000000e+00
4.996842265753697575e+04 0.000000000000000000e+00
4.996889549014933436e+04 0.000000000000000000e+00
4.996928585135966568e+04 0.000000000000000000e+00
4.996981877292360150e+04 0.000000000000000000e+00
4.996983859274235147e+04 0.000000000000000000e+00
4.997032721839009173e+04 0.000000000000000000e+00
4.997044502788414684e+04 0.000000000000000000e+00
4.997055326845667150e+04 0.000000000000000000e+00
4.997133584702625376e+04 0.000000000000000000e+00
4.997190213970439800e+04 0.000000000000000000e+00
4.997199046738867037e+04 0.000000000000000000e+00
4.997215947538954788e+04 0.000000000000000000e+00
4.997264753194178047e+04 0.000000000000000000e+00
4.997272135355302453e+04 0.000000000000000000e+00
4.997345843307898758e+04 0.000000000000000000e+00
4.997355993190497247e+04 0.000000000000000000e+00
4.997392914805285545e+04 0.000000000000000000e+00
4.997414191681898956e+04 0.000000000000000000e+00
4.997444693205936346e+04 0.000000000000000000e+00
4.997476620097060368e+04 0.000000000000000000e+00
4.997522186408930429e+04 0.000000000000000000e+00
4.997567377165650396e+04 0.000000000000000000e+00
4.997571155707884463e+04 0.000000000000000000e+00
4.997629234716390056e+04 0.000000000000000000e+00
4.997655177390603058e+04 0.000000000000000000e+00
4.997680095547521341e+04 0.000000000000000000e+00
4.997699923640717316e+04 0.000000000000000000e+00
4.997737268024470541e+04 0.000000000000000000e+00
4.997836137184215477e+04 0.000000000000000000e+00
4.997844106172389729e+04 0.000000000000000000e+00
4.997884500131408277e+04 0.000000000000000000e+00
4.997891483314857032e+04 0.000000000000000000e+00
4.997931514573821914e+04 0.000000000000000000e+00
4.997983861414799321e+04 0.000000000000000000e+00
4.998015369433837623e+04 0.000000000000000000e+00
4.998058615506295610e+04 2.269385466828452654e-24
4.998078350801522902e+04 2.309165506577852734e-24
4.998094690552152315e+04 1.629686601302625209e-24
4.998123712452548352e+04 0.000000000000000000e+00
4.998183020640072209e+04 0.000000000000000000e+00
4.998199062429633341e+04 0.000000000000000000e+00
4.998229609435455495e+04 0.000000000000000000e+00
4.998272533582590404e+04 0.000000000000000000e+00
4.998282493585156044e+04 1.593129492277659337e-24
4.998337080375307414e+04 0.000000000000000000e+00
4.998351984264649946e+04 0.000000000000000000e+00
4.998363369449541642e+04 0.000000000000000000e+00
4.998414255811490875e+04 1.198049944827506797e-24
4.998472565215770737e+04 0.000000000000000000e+00
4.998486167171690613e+04 0.000000000000000000e+00
4.998491875238523062e+04 1.449345513621921808e-24
4.998535505486359034e+04 0.000000000000000000e+00
4.998594226810552937e+04 0.000000000000000000e+00
4.998620789265993517e+04 0.000000000000000000e+00
4.998629429106198222e+04 3.357073493349880626e-24
4.998684471592224872e+04 1.981047234065037561e-24
4.998688396131842455e+04 2.517505568918289288e-24
4.998699637393819285e+04 3.887454184486961386e-23
4.998754494286647969e+04 1.319759544974021435e-24
4.998808035181277955e+04 0.000000000000000000e+00
4.998844551953756309e+04 3.777073461728642059e-24
4.998866333598226629e+04 1.198828324089712410e-23
4.998876127739290678e+04 1.655365753046715347e-24
4.998910104950034292e+04 3.670945755378235664e-23
4.998925253704744682e+04 3.894212958809936543e-24
4.998977400943477551e+04 3.702687568856379116e-24
4.998983861676297965e+04 0.000000000000000000e+00
4.999029566232333309e+04 0.000000000000000000e+00
4.999057160194269818e+04 0.000000000000000000e+00
4.999059614422634331e+04 3.208223867232178118e-23
4.999084041695579072e+04 0.000000000000000000e+00
4.999121005685802811e+04 4.290668946237189627e-24
4.999154705277695757e+04 1.382593114312806865e-24
4.999199064697005088e+04 0.000000000000000000e+00
4.999232551981304277e+04 0.000000000000000000e+00
4.999240122553765832e+04 0.000000000000000000e+00
4.999274456795277365e+04 2.553098059151428483e-22
4.999298885166246328e+04 0.000000000000000000e+00
4.999329376461375796e+04 0.000000000000000000e+00
4.999409690996598511e+04 0.000000000000000000e+00
4.999414266449898423e+04 3.922153177140875057e-23
4.999425671975330624e+04 2.363785688665025004e-24
4.999458653259756829e+04 0.000000000000000000e+00
4.999489162855223549e+04 4.171183670484727380e-22
4.999535435657828930e+04 3.121329100856463111e-22
4.999556406048939971e+04 9.864920809847819111e-24
4.999583321897315909e+04 5.979486357530301090e-24
4.999629464204196847e+04 3.459879951641087489e-22
4.999639407586371817e+04 2.707288012818534394e-24
4.999696308229464194e+04 1.286887820969580841e-24
4.999703371664528822e+04 1.312798314369492556e-24
4.999730833963343321e+04 0.000000000000000000e+00
4.999741448985548050e+04 9.425638576337625713e-24
4.999753988415843196e+04 1.079172656416073121e-23
4.999839818156183173e+04 0.000000000000000000e+00
4.999844652950121963e+04 9.727932389430925999e-22
4.999873386104194651e+04 1.048867951664978608e-23
4.999917155963875121e+04 4.019224173486396193e-24
4.999933461574815738e+04 2.214920008324748074e-24
4.999939691517897882e+04 0.000000000000000000e+00
4.999955053803883493e+04 2.600510829124238406e-24
4.999983861706341850e+04 5.692183753826413209e-23
5.000043674594193726e+04 3.435331922795185183e-24
5.000059816287099238e+04 2.254510013939165722e-21
5.000084413009422133e+04 0.000000000000000000e+00
5.000129195161596726e+04 3.545003062426229465e-21
5.000137251652089617e+04 9.226009337152037838e-24
5.000154796490090666e+04 1.649680654767511146e-22
5.000166197983849997e+04 6.296306257280229267e-24
5.000199065003197757e+04 8.972211318831038027e-22
5.000258934563956427e+04 2.639857891345923667e-24
5.000272318729851395e+04 0.000000000000000000e+00
5.000274940245084144e+04 6.054781897727360408e-22
5.000317025098011072e+04 2.243179233930666754e-22
5.000329997163245571e+04 1.074417069077964020e-22
5.000343928651944589e+04 7.498431914583050343e-22
5.000372387478406017e+04 6.089218560254738606e-23
5.000414268102082860e+04 1.641679966336113645e-21
5.000426604152085201e+04 6.539267473018940574e-23
5.000489984822631959e+04 1.350655152245131267e-21
5.000499319349361031e+04 7.458498865342004573e-23
5.000521266603686672e+04 1.035703687172501786e-22
5.000554798833064706e+04 4.483249714711860492e-24
5.000582563931733603e+04 4.653235778064032247e-23
5.000616502601144748e+04 1.318893184360270853e-24
5.000629470509186649e+04 3.870241822851650639e-21
5.000664570442619151e+04 0.000000000000000000e+00
5.000687998086796870e+04 2.575719701772714415e-24
5.000704903769273369e+04 3.106229777649859190e-20
5.000753307743512414e+04 7.417122891730085246e-24
5.000764942250845343e+04 3.656114827463404256e-24
5.000800390952979797e+04 8.309465084332941875e-24
5.000844670781353489e+04 1.159082459028232233e-20
5.000868673964707705e+04 1.994130968022839568e-23
5.000906604053180490e+04 6.506102765335715975e-24
5.000918026817087230e+04 4.762912881442359488e-24
5.000919654353876831e+04 1.900471581003266253e-20
5.000973259386971768e+04 9.203497321631078697e-21
5.000983861709881603e+04 1.563292670123480834e-22
5.000998840587492305e+04 1.069184111253294705e-22
5.001057432034640078e+04 7.182021686651220661e-24
5.001059866322180460e+04 4.647653985364970150e-20
5.001090407450863859e+04 7.199493393200941881e-23
5.001102855355486099e+04 8.098686330193194481e-23
5.001134110502954718e+04 3.601067046547637086e-21
5.001178163867260446e+04 7.535500481541308917e-22
5.001189885641610454e+04 3.707750611768162705e-23
5.001199065043507289e+04 2.839110397604416659e-22
5.001207510925726820e+04 6.140138930042583777e-24
5.001272786414652364e+04 0.000000000000000000e+00
5.001275048255407455e+04 1.926037299961936621e-19
5.001277343714021117e+04 8.248868080378132509e-24
5.001344977735607245e+04 1.013373323352766769e-23
5.001349207832880347e+04 7.332566865015056167e-23
5.001349762263242883e+04 6.224513156127172391e-23
5.001390499566497601e+04 6.845940862735209208e-22
5.001414268347375764e+04 8.561816232533849498e-20
5.001441713417548453e+04 6.131409854752669815e-23
5.001477985146512219e+04 7.150861475440752696e-23
5.001490212705030717e+04 2.495893366610002823e-19
5.001557232806432876e+04 1.409001844951445886e-20
5.001562593582725094e+04 1.254338444701576786e-19
5.001590240381209151e+04 2.174532466857493436e-22
5.001600465936209366e+04 5.106319490374643083e-23
5.001612214701624907e+04 1.944663536443150718e-23
5.001629471531977470e+04 5.663919253041588035e-19
5.001689354898921010e+04 9.123875918113823539e-23
5.001705336308723054e+04 1.331160948704703200e-19
5.001747768644471944e+04 5.503381591893502389e-23
5.001774693734265747e+04 5.110482121758126153e-23
5.001791159819248423e+04 2.468711711604865042e-21
5.001805601593443134e+04 2.755072626946102309e-23
5.001836695185738063e+04 0.000000000000000000e+00
5.001844674329831469e+04 8.090598042581614974e-19
5.001882126547635562e+04 8.594509637714689864e-23
5.001920389840402640e+04 1.066403622183113643e-20
5.001983861710294150e+04 1.516467891238169327e-19
5.001985290480296680e+04 7.822523108383802469e-21
5.001986982089652884e+04 1.813694762249223763e-20
5.001995848771445890e+04 2.694766064451311712e-22
5.002012850866925146e+04 1.594592870060465762e-22
5.002059875673701754e+04 1.746449484149105360e-18
5.002060085114696267e+04 5.219122789282946663e-21
5.002135313081145432e+04 1.503043193275164040e-18
5.002153087187729398e+04 2.316198847827306150e-21
5.002177820488093857e+04 1.978917011611433806e-22
5.002199065048788907e+04 1.981611263573230301e-18
5.002199332227015839e+04 6.028800218709165852e-21
5.002205787116257125e+04 1.012296984015560686e-22
5.002226997105395276e+04 4.099322766086009848e-24
5.002242686089900963e+04 5.403465377955866033e-22
5.002275075316186849e+04 2.288928760398158972e-18
5.002350126383452152e+04 1.074689245793254296e-19
5.002358652253964101e+04 2.518986439515807113e-21
5.002372048671625816e+04 1.014159377321959132e-21
5.002391330694335193e+04 1.754000674755569067e-23
5.002409077012784837e+04 6.465646102994650624e-20
5.002414268382993032e+04 1.683196691982624293e-18
5.002422851667505893e+04 1.384773198092864826e-21
5.002490268914016633e+04 1.418695686822508396e-18
5.002511814742338902e+04 1.967611186978355619e-21
5.002523397480737913e+04 9.443726743289770601e-22
5.002564629806570156e+04 6.857652740176946148e-19
5.002568001105863368e+04 3.084726245859204166e-20
5.002619198983634851e+04 2.904149652491404562e-20
5.002629471699636633e+04 3.662280132803502238e-18
5.002635408573228779e+04 2.057406009664209049e-24
5.002705451458247262e+04 1.242327698516494956e-17
5.002713773744600621e+04 1.503645536943158123e-21
5.002723363661258918e+04 2.709927269750656266e-23
5.002772799928436871e+04 5.967878628058882094e-22
5.002778688584106567e+04 7.242548502900359633e-20
5.002787329189982120e+04 1.132821436543450978e-20
5.002827647895418340e+04 2.533854633983274839e-20
5.002844674951978232e+04 2.368149085857887912e-17
5.002847512473505776e+04 1.640272872557134921e-22
5.002905413275621686e+04 7.223304400374442513e-22
5.002920607865619240e+04 4.992744414476632057e-18
5.002927406092776801e+04 5.114966612253482155e-21
5.002983861710426572e+04 1.457408169071567527e-19
5.002992526122017443e+04 9.395072404178450713e-19
5.002995089494786225e+04 2.702110897141889963e-19
5.003027794394848024e+04 2.689017194742675670e-20
5.003033457851145067e+04 4.584867790123640675e-20
5.003059878052314161e+04 4.972303689515145093e-17
5.003135614749549859e+04 1.453936557429971073e-17
5.003136621966839448e+04 1.563019796936938699e-18
5.003137706575906486e+04 2.615662922799672522e-19
5.003157057186615566e+04 2.820923161216688608e-22
5.003199065050823992e+04 1.869867030464912885e-18
5.003206706882487197e+04 2.218074776019068829e-19
5.003234660736482329e+04 8.915391200804513174e-22
5.003248161489851918e+04 4.974078819753947916e-22
5.003275080739726400e+04 7.651315234795734943e-17
5.003310442517830234e+04 1.772216486301967914e-22
5.003334207999710634e+04 1.565032292463961431e-22
5.003350821425570757e+04 4.824150120597572395e-19
5.003391192141717329e+04 2.105899024222270032e-20
5.003414268397954584e+04 1.530315411589544197e-16
5.003418501528151683e+04 4.438156353043539978e-19
5.003423523049431969e+04 2.736212579413130969e-19
5.003432104341540253e+04 4.670884514229599719e-20
5.003490282525117073e+04 9.873720426133348926e-17
5.003495744842229760e+04 5.753458069333079828e-22
5.003519653623898193e+04 3.726597125900027299e-23
5.003565807079348451e+04 1.549276358691530460e-17
5.003582409257257677e+04 6.661198485193508565e-21
5.003622588693945727e+04 6.618259576955494386e-21
5.003629471775649290e+04 7.673601155658621430e-16
5.003632572056276695e+04 7.302630409418986363e-19
5.003664660849428037e+04 5.806889823668767979e-22
5.003699080314972525e+04 1.286579579217480118e-21
5.003705482634616783e+04 2.766492551818655756e-16
5.003730662478227896e+04 1.814602453398286777e-22
5.003780684109241702e+04 4.981710709626615974e-19
5.003829128532561299e+04 2.271868197385123604e-21
5.003843520888997591e+04 1.677892715021237854e-21
5.003844675267487037e+04 3.360256630971565639e-16
5.003849261961931916e+04 1.326564192748765390e-22
5.003871229126950493e+04 5.726848532365620004e-22
5.003920679588194616e+04 1.266977166244883953e-18
5.003925865775217972e+04 2.110682644963097688e-21
5.003972672006326320e+04 6.310787354949345492e-21
5.003983861711354984e+04 3.735327779453345328e-16
5.003995442521649966e+04 2.020651932440127274e-17
5.004022377464536112e+04 5.238561547286648812e-21
5.004054528665751423e+04 1.507979117599550026e-19
5.004059879147598986e+04 9.585011901198684772e-16
5.004068501810892485e+04 8.134315850254541452e-21
5.004105057646641944e+04 1.844368375551104938e-22
5.004135872099666449e+04 1.421763129963689306e-16
5.004165757386199402e+04 5.940318797542351255e-21
5.004192795938006748e+04 1.011463065554113600e-20
5.004199065066685580e+04 4.027837689855544591e-15
5.004209885681806918e+04 9.880333954460833414e-18
5.004229281931578589e+04 2.522534734998412704e-21
5.004264380839034857e+04 1.117604128051569046e-20
5.004270055415342358e+04 2.776222173868199732e-22
5.004275084230450011e+04 3.446067241854674416e-15
5.004302889312348998e+04 5.356215508424382590e-22
5.004351058178717358e+04 5.193385381763923409e-18
5.004377061885077273e+04 4.244485960924102488e-22
5.004411071436409838e+04 8.637098701335365445e-22
5.004414268540309422e+04 8.978843354468117204e-16
5.004424430709583248e+04 2.176735074550706562e-19
5.004456039722137211e+04 1.374670245294488403e-21
5.004470272275243042e+04 1.244310465409699233e-20
5.004490292607957235e+04 6.631868135996530869e-16
5.004511899391029874e+04 3.673876217944716280e-21
5.004566236110962927e+04 4.611120089617976611e-16
5.004591988029533240e+04 1.141330391689934742e-19
5.004615945192478102e+04 1.203207678469932989e-21
5.004629472600885492e+04 2.526019169877105455e-15
5.004638218316225539e+04 1.300705280256953267e-18
5.004647499214647542e+04 7.309523501984967282e-20
5.004683428445536265e+04 8.535917743308763726e-22
5.004705509046850057e+04 8.525372236424512911e-16
5.004726259856393881e+04 5.630867843069467140e-21
5.004780692989391537e+04 2.542756134299056340e-19
5.004781413112502923e+04 1.239746275714636253e-16
5.004828918875075760e+04 2.242630905699995361e-21
5.004844678729824955e+04 3.102428802348939472e-14
5.004853005479962303e+04 8.345375962866588543e-21
5.004865320773621352e+04 3.410073788238392433e-21
5.004890388280247134e+04 1.083159046313250955e-22
5.004911219697043271e+04 5.393072237824262042e-22
5.004920743153920193e+04 7.200294872978918450e-16
5.004958277608377830e+04 5.288677756454188194e-21
5.004983861760247964e+04 4.085375562084844933e-17
5.004996589451369800e+04 1.427215424372194892e-17
5.005024498404529004e+04 1.995449092184686747e-21
5.005059890619369253e+04 3.374850389576716420e-14
5.005061570739730087e+04 1.314716616679116246e-22
5.005066404332443926e+04 1.833066180933370470e-20
5.005095486566970067e+04 1.727136018667255443e-21
5.005110164420253568e+04 8.685970349381210558e-21
5.005136012623423449e+04 8.968114208067056223e-15
5.005176260071752768e+04 1.881356693392364843e-20
5.005199065520964359e+04 6.548972760936106421e-15
5.005211769428791013e+04 2.493431212115145998e-17
5.005251536852597201e+04 3.398111922103422273e-23
5.005271245703857858e+04 7.840794251499356125e-22
5.005275116287676792e+04 2.425939967463024254e-15
5.005281008063253103e+04 3.716132202916282882e-21
5.005297290555884683e+04 8.740287819960564059e-23
5.005351345791060885e+04 1.091506362456089364e-15
5.005352518020918069e+04 9.430493469896782535e-19
5.005410414078135364e+04 6.244108923514329680e-21
5.005414270778396894e+04 2.005839961227444618e-13
5.005427040761474200e+04 1.162024842495730626e-19
5.005427696796777309e+04 2.093809638393375532e-21
5.005486801778467634e+04 2.850546525660387995e-20
5.005490371699817479e+04 2.179882242141512165e-14
5.005491827676150569e+04 3.419245121050894456e-22
5.005522496634181880e+04 5.185065117635105246e-21
5.005547387933964637e+04 7.624543899430970433e-21
5.005566793101857911e+04 6.620838651833927036e-16
5.005629481134779053e+04 7.711070367210478333e-13
5.005642343860828987e+04 1.977143023596015263e-21
5.005675454083747900e+04 3.459725656157857002e-22
5.005693314135410037e+04 6.833645928016092410e-21
5.005703885992222786e+04 2.020391870024193560e-18
5.005705686369715841e+04 1.464474027805089990e-13
5.005713006514427980e+04 6.107077083541755423e-20
5.005782413512479252e+04 5.341146431690747116e-16
5.005796879973330942e+04 3.193402132772715773e-20
5.005828982267520769e+04 2.493884703916236966e-21
5.005844707700805884e+04 1.011967076422833989e-15
5.005857756190845248e+04 4.054964248251179842e-19
5.005873449503981828e+04 7.879552002882670675e-21
5.005881359804588283e+04 7.148485798464804399e-21
5.005916825324694946e+04 6.755858552254782587e-20
5.005921110807474906e+04 3.051450072643861310e-15
5.005954798778462282e+04 6.152663783849991653e-22
5.005983862412602321e+04 7.965703657130943481e-13
5.005998304293896217e+04 3.264695819823438238e-18
5.006024749390696525e+04 2.349129518048616693e-22
5.006059318100666860e+04 3.233053232538649143e-19
5.006059978781125392e+04 2.987276315381293390e-13
5.006073718257327710e+04 1.563407067030228187e-19
5.006086236105578428e+04 3.365114206579613865e-22
5.006126780999811308e+04 5.056992916177906342e-19
5.006136724428136949e+04 2.354829545321645777e-14
5.006137811707922083e+04 8.348147685204968296e-20
5.006199073471204611e+04 7.092924896839779122e-12
5.006201016115553648e+04 4.548345319582575120e-21
5.006214576352835866e+04 4.747765634626065474e-18
5.006275352612520510e+04 1.928935689659448686e-12
5.006276943104864768e+04 1.927978239376838798e-18
5.006289830399638595e+04 3.182203377280485937e-18
5.006333255829440168e+04 5.798735342863391157e-20
5.006338653251707001e+04 4.610071134921899257e-19
5.006352641681177192e+04 1.099679545799063713e-14
5.006361940191771282e+04 4.428090499111665942e-19
5.006414316599672020e+04 8.512568434375765965e-16
5.006417691619695688e+04 5.402112141232365056e-21
5.006429490187112970e+04 8.751097982893814306e-20
5.006431386322018807e+04 6.583898374392743406e-18
5.006490930146382016e+04 4.659720449769877907e-14
5.006506338919518021e+04 7.289993579830726576e-20
5.006536851128446142e+04 5.379006765465365638e-21
5.006568983258085791e+04 6.437480746267425343e-17
5.006569589848993928e+04 4.218786496707055655e-18
5.006627034894566896e+04 1.437047417957308311e-22
5.006629648993982846e+04 9.694375445631986680e-13
5.006648764190820657e+04 3.410924715916636680e-17
5.006665434059780091e+04 5.285753282512916340e-20
5.006706863661275565e+04 6.965198734345515761e-13
5.006723353054950712e+04 3.697775047203675838e-18
5.006733453543629003e+04 1.593578706905301779e-19
5.006769672537600127e+04 3.435676768187571892e-20
5.006786033156389749e+04 1.228584395065597615e-16
5.006813402322307957e+04 1.471015894806201418e-21
5.006845168382817792e+04 1.925167350179792361e-11
5.006857871018204605e+04 1.428178087493548101e-18
5.006863035337898327e+04 5.819237130408997930e-19
5.006867068111043045e+04 1.376745575376439439e-16
5.006923357184998167e+04 2.106951064860365514e-13
5.006940919477111311e+04 1.557156151057135275e-18
5.006947691772881080e+04 9.851536734284629662e-20
5.006983879377906123e+04 3.143584672398967942e-14
5.006986641435811180e+04 3.490784226380641684e-20
5.006993706071552879e+04 1.049052271895433913e-21
5.007003896016046201e+04 3.386341625064840801e-18
5.007061027907610696e+04 9.178070976833203132e-12
5.007086118424344022e+04 4.436443663200729606e-17
5.007104441323415813e+04 6.404839284236104870e-20
5.007119365574585390e+04 9.250257668076467745e-20
5.007139301749235892e+04 4.575326538081491412e-20
5.007140659389882057e+04 3.095055112709092453e-16
5.007163566102079494e+04 2.063652750637722781e-18
5.007199160455323727e+04 1.668569747472792991e-11
5.007200677849022759e+04 1.986774917424176844e-19
5.007222818816817744e+04 9.073407052764881931e-16
5.007228652120650804e+04 2.547926082785963513e-19
5.007277450919294643e+04 1.648405554701741067e-11
5.007289915460303746e+04 3.073578703003358440e-18
5.007306491634485428e+04 1.253043805877316815e-16
5.007349645821518789e+04 1.092183664802131936e-20
5.007359032417703565e+04 2.488262024443682232e-15
5.007378190026458469e+04 3.975495271244966112e-18
5.007414620766742883e+04 1.408789390660663700e-10
5.007442983230165555e+04 1.225778105623364708e-15
5.007453955062662862e+04 6.779010996228814355e-19
5.007484203143112245e+04 8.687346446353810748e-19
5.007494732798740006e+04 3.241114766420333285e-12
5.007497403153291816e+04 1.716138519332421749e-17
5.007527577100789495e+04 5.071945072413559072e-17
5.007555300765423453e+04 4.173607559099635529e-19
5.007574733326450951e+04 7.894780331345672572e-20
5.007578758622588794e+04 2.475551539897053931e-15
5.007599403569622518e+04 2.743528961193287557e-18
5.007630607327751204e+04 4.383116342623313966e-10
5.007664637607362238e+04 4.419295116884488948e-16
5.007706331064865662e+04 6.784048093796736390e-19
5.007713222582174058e+04 6.756107622995783855e-14
5.007750564858713915e+04 2.371694876505506930e-17
5.007800079738855129e+04 3.533546368816813109e-14
5.007803483771700121e+04 1.230256907449400501e-16
5.007813460439346090e+04 1.062499999699085072e-16
5.007847695586695772e+04 3.036508899543266179e-10
5.007867000485802419e+04 6.929934079761750747e-19
5.007887888182644383e+04 6.820329806523039716e-16
5.007920230205781263e+04 7.496391002773912923e-21
5.007933289141282876e+04 4.605285886001977484e-14
5.007949050753565098e+04 3.051168042937967653e-19
5.007974380646628560e+04 2.338506109206790519e-16
5.007984375639309292e+04 1.574701347684275374e-09
5.007992213246011670e+04 3.709899531420478103e-19
5.008023263741264964e+04 1.606078747615903001e-14
5.008039279865015851e+04 5.749818336756964194e-17
5.008061193626542081e+04 4.974798155553800137e-17
5.008066568200055917e+04 3.481303915667654830e-11
5.008107188353862875e+04 1.104663398491421057e-18
5.008113203835589957e+04 9.002314576060727968e-17
5.008155285078541783e+04 2.604467160310634901e-15
5.008177954050661356e+04 2.190127679460276346e-17
5.008200938644742564e+04 1.648624581295298555e-12
5.008201800576665846e+04 1.144135603290609412e-08
5.008234743238480587e+04 2.480044458682974575e-18
5.008240294190965506e+04 2.412335465899522408e-18
5.008248514545474609e+04 1.555385511145620476e-16
5.008287879544398311e+04 3.799384826896817053e-14
5.008305711214267649e+04 6.081126065530500677e-20
5.008317167200936819e+04 8.708136086760276723e-18
5.008339642127125262e+04 1.230363833454548358e-15
5.008367563982350839e+04 8.901555306499359302e-18
5.008379524956819660e+04 7.567170251901403480e-15
5.008422039045419660e+04 3.058418986335892759e-09
5.008428672838889179e+04 3.369090872300160318e-14
5.008455219125370786e+04 2.070338046599550185e-17
5.008475943574552366e+04 1.245374693479170940e-15
5.008503563671915617e+04 1.777895494646378396e-18
5.008512170667792816e+04 2.400939645200522511e-15
5.008557359689005534e+04 1.906175395364840585e-17
5.008568797721162991e+04 1.098167431303794322e-15
5.008606259167358803e+04 1.508317640441968763e-14
5.008613191443444521e+04 1.513951583630834242e-17
5.008645760686189169e+04 3.002124769399000470e-10
5.008655260509818618e+04 2.991272686017800666e-15
5.008683171701455285e+04 9.463155929113936412e-19
5.008688852209760080e+04 1.921390828658782957e-18
5.008705754782187432e+04 4.179498249672216454e-16
5.008739838073320425e+04 7.818037836672719867e-13
5.008755061754537746e+04 5.152168626367099728e-19
5.008799888227741758e+04 1.481783536283916921e-17
5.008835681938023481e+04 2.634100170582277084e-15
5.008848083515909093e+04 4.686659072163729904e-17
5.008873631902012858e+04 2.360138130639890493e-12
5.008892867688088882e+04 2.071383034113515997e-17
5.008899671515444788e+04 1.383425703236173619e-18
5.008937865278130630e+04 7.367897285347377434e-16
5.008971111367803678e+04 1.723160179021653992e-12
5.008987773126322281e+04 9.623217312755305944e-10
5.009016017862158333e+04 3.213507317943147291e-17
5.009034059851515485e+04 2.012690450007452779e-17
5.009067903112260683e+04 1.153044498543045650e-14
5.009072809677515761e+04 5.344785856608823050e-17
5.009097290911147866e+04 1.624027314384442563e-18
5.009106152121171181e+04 1.237737554114678018e-11
5.009114953600673471e+04 6.602628423813590802e-18
5.009151606202494440e+04 1.944589302810411984e-17
5.009172472785611899e+04 2.669185135983324170e-15
5.009205653492876445e+04 1.874262487413895623e-12
5.009211384550276853e+04 2.596184567506539252e-11
5.009213403122171439e+04 2.572825468184224883e-15
5.009265842617487215e+04 4.534712303607897022e-17
5.009287347859063448e+04 1.493155299535125326e-17
5.009303033560267068e+04 2.407022672817297334e-14
5.009339935277777113e+04 9.967185822394406349e-16
5.009343532461392169e+04 6.717645251085901384e-12
5.009357760218760814e+04 8.098006946527451060e-18
5.009385452517464000e+04 4.518959179533860885e-18
5.009408071643830044e+04 6.974067620668729791e-17
5.009409694895004213e+04 2.120536232896150098e-16
5.009442306308961270e+04 1.673582004746767470e-11
5.009448362864012597e+04 2.168391292863700886e-11
5.009461503204024484e+04 8.462417794305685663e-17
5.009508330808572646e+04 4.941013089076570993e-17
5.009541029711901501e+04 3.871519587967235359e-17
5.009546312246289745e+04 9.176297751196259210e-19
5.009585712046759727e+04 9.153788104969190422e-14
5.009617823008593405e+04 2.695696036084778433e-16
5.009632424149371946e+04 8.823565997465688261e-18
5.009649711674705759e+04 2.088220848884722340e-15
5.009684034434382193e+04 1.967483042293040130e-11
5.009687170285815955e+04 2.539470502164829273e-13
5.009693595628770709e+04 3.755512038282047150e-11
5.009746215838364151e+04 3.016707199139907891e-15
5.009763260228822764e+04 2.141248606409768285e-16
5.009781894244159048e+04 1.032578488650437139e-14
5.009789621113728936e+04 1.166800075133548268e-16
5.009832434895708866e+04 3.570918397486276354e-13
5.009854761190892896e+04 2.187949236636943900e-18
5.009889222343252914e+04 5.067044429599469667e-15
5.009930145642428397e+04 5.420021711649479748e-12
5.009945718944542750e+04 1.875740863253294093e-11
5.009948704318714590e+04 1.233326442557752305e-13
5.009976031715020508e+04 4.458436809006736269e-15
5.010021273631581425e+04 3.681270543836268016e-16
5.010025047923364764e+04 1.675164519337869129e-14
5.010039160813887429e+04 1.976118296012701433e-16
5.010083312282736006e+04 1.994108758703303035e-16
5.010124062900429999e+04 3.080129687639233039e-16
5.010137222549100261e+04 4.671634800115022693e-15
5.010179539445656701e+04 4.056568530281285484e-13
5.010204205356736202e+04 1.638191756199792514e-12
5.010224840531450900e+04 2.435182971010582607e-15
5.010263913543541275e+04 1.083589475898499178e-15
5.010272121009384864e+04 6.175956763435206897e-15
5.010284308359611896e+04 2.352553027000633184e-17
5.010310608540441899e+04 7.249886327244418214e-17
5.010337940252667613e+04 5.749571846919515092e-14
5.010360776447073295e+04 4.861775741955891538e-16
5.010388670618292235e+04 7.347062616474294491e-16
5.010431500514821528e+04 4.506450515404458844e-14
5.010450562225215981e+04 2.683482762362256276e-16
5.010461840591792134e+04 4.197424616685478074e-15
5.010467991088840063e+04 3.168115423307951791e-13
5.010520059656896774e+04 2.200914687767718532e-15
5.010536997006712045e+04 5.120400756739565180e-17
5.010567179957555345e+04 2.853153083354042486e-18
5.010589011473101709e+04 3.414840214824445758e-20
5.010595927657406719e+04 4.874373701430766970e-15
5.010620476952166064e+04 1.329486992091921449e-16
5.010648606620765349e+04 2.375781429930018545e-17
5.010686476247548126e+04 4.328161006482215874e-17
5.010735043157578184e+04 5.669754003697908112e-15
5.010748726161979721e+04 6.545393445307233384e-17
5.010753083655372029e+04 1.905475310971810133e-16
5.010776430095193791e+04 4.753335185982028190e-17
5.010812984490834060e+04 1.016911508353118055e-18
5.010856338076477550e+04 1.125237051672828910e-15
5.010861406736489880e+04 1.726083797518342488e-16
5.010885739270940394e+04 2.523334598549203548e-18
5.010924865859730926e+04 9.568234235546816490e-17
5.010944156366453535e+04 1.409576068420038453e-15
5.010973912711960293e+04 2.738809698332066534e-18
5.011005235395744967e+04 2.312169722622804177e-14
5.011025650390967348e+04 3.150440371617120979e-15
5.011067502696622250e+04 2.158904291780489496e-19
5.011112411578160390e+04 5.059192970697407652e-17
5.011121218580321147e+04 9.758297232877703279e-18
5.011146439637267031e+04 2.212618286471465274e-22
5.011197510894283914e+04 3.689031015898014630e-16
5.011205556321076438e+04 2.592929921661037478e-16
5.011208538426926680e+04 6.230545136591938889e-17
5.011268189949968655e+04 3.846347251922336067e-16
5.011275570618479833e+04 1.220802982659130297e-15
5.011289508873999876e+04 1.853055266963274664e-15
5.011386519865698938e+04 1.753647888964567152e-16
5.011393787180332583e+04 2.045043638072356717e-17
5.011463674467398232e+04 8.673185747317088209e-17
5.011482919231289998e+04 2.912338380437759819e-18
5.011514705443570710e+04 9.793981808732931644e-19
5.011528021201131196e+04 2.221890718722310360e-17
5.011539482810958725e+04 2.465041429785486379e-17
5.011561292725649400e+04 4.310947978733569150e-16
5.011570635650520853e+04 2.752358478462755305e-17
5.011611716762759170e+04 1.525500035686618177e-19
5.011634722017197782e+04 1.507582152323471297e-18
5.011655095107994566e+04 3.132295639895722185e-17
5.011726928080197104e+04 5.671058677658773634e-18
5.011767574312196666e+04 1.685671271554414006e-20
5.011778183811149211e+04 8.542736067523164724e-21
5.011824209917435655e+04 1.363659991851034650e-21
5.011841224152516224e+04 1.027113303127139318e-19
5.011856222191559209e+04 1.404415055978624593e-20
5.011877784905404405e+04 8.970154871405534202e-21
5.011923797754108818e+04 2.378380253325467804e-18
5.011952773782831355e+04 1.378684576614784277e-22
5.011969216941700870e+04 3.086820412894113490e-19
5.012001663909029594e+04 5.684742489362986390e-19
5.012054050157748861e+04 1.001751005768270710e-18
5.012096542408434470e+04 1.475587055594671139e-18
5.012118057846475131e+04 6.622530088603733669e-19
5.012120998543701717e+04 2.452476805490772124e-17
5.012139553448089282e+04 3.591129337973628686e-19
5.012195732686913107e+04 1.420052129215933188e-21
5.012246534048780450e+04 6.266712923827156646e-19
5.012259364542923140e+04 1.367298278931015832e-18
5.012316428039322636e+04 3.542576543386142270e-19
5.012346970815927489e+04 3.127066601100034603e-20
5.012367091787891695e+04 2.537831499192198230e-21
5.012397564092191169e+04 2.010569566370080192e-18
5.012405140121612931e+04 2.894710389607364955e-18
5.012462043978890870e+04 7.109449348172431682e-19
5.012479830806485552e+04 2.070950382815727691e-20
5.012515063709214155e+04 1.134377309479192517e-19
5.012540377363840526e+04 2.049121737849106543e-19
5.012614936613269674e+04 2.569321725067557124e-20
5.012681665636787511e+04 5.043975878785951984e-19
5.012709827473597397e+04 4.651441792779258388e-20
5.012738823069033970e+04 1.503305295240503908e-19
5.012757874069147510e+04 3.137381687660994617e-20
5.012782735019021493e+04 2.373959264972711240e-21
5.012837553576329083e+04 8.547511101644136575e-21
5.012860901685253339e+04 2.008716517597608854e-22
5.012872677890091290e+04 2.364771569442648181e-22
5.012877098172525439e+04 3.818484134387808649e-22
5.012965881414571049e+04 2.638279403030704766e-21
5.013001239533641638e+04 5.364931348561928029e-22
5.013017469212038850e+04 4.675123596088495926e-21
5.013054396951160015e+04 7.295932791798090605e-23
5.013117673861009098e+04 1.051636388172326980e-21
5.013165022543002851e+04 2.843257454414134551e-22
5.013210377513284766e+04 2.572587729394019088e-21
5.013247988956197514e+04 7.827006948552119540e-21
5.013253755829254806e+04 7.749285207857928870e-21
5.013267004523024661e+04 8.271182101837123797e-21
5.013298423636937514e+04 1.275432102093892552e-21
5.013346362649276853e+04 3.835008027504279525e-21
5.013379036630024348e+04 1.548547225716087331e-21
5.013434152318989072e+04 8.365130252738980069e-22
5.013492407574164099e+04 4.409254857591996426e-23
5.013531470086685295e+04 5.936088914863181608e-21
5.013549859869646025e+04 4.561005842888060462e-23
5.013583121651331021e+04 1.938350476394631565e-21
5.013611124959907465e+04 4.475117319189763516e-22
5.013648007597321703e+04 1.059930018469887556e-21
5.013703683400520822e+04 6.174597845206923970e-24
5.013804187014009949e+04 0.000000000000000000e+00
5.013817318619045545e+04 3.353405772145460047e-22
5.013840165468993655e+04 6.688147259521022431e-22
5.013868910435113503e+04 1.214009329788971883e-22
5.013898632148772595e+04 3.873958664443073756e-24
5.013966500560407439e+04 3.134659861932014906e-23
5.014040387480516802e+04 2.562543020118126893e-24
5.014051394942214392e+04 0.000000000000000000e+00
5.014123597902269830e+04 9.562924058014197573e-24
5.014143333206079842e+04 2.981242012847818454e-24
5.014177751005495520e+04 2.920123656329605196e-24
5.014234131805299694e+04 0.000000000000000000e+00
5.014261803896885976e+04 0.000000000000000000e+00
5.014266150225130696e+04 0.000000000000000000e+00
5.014327622552306275e+04 0.000000000000000000e+00
5.014396464982199541e+04 3.001849507358119542e-23
5.014415856745883502e+04 0.000000000000000000e+00
5.014498166450006102e+04 4.853614689431006383e-24
5.014511046795700531e+04 3.456007856173848677e-24
5.014580916700786474e+04 1.569384640495567902e-24
5.014680615626789222e+04 7.793675232061338162e-24
5.014700027891143691e+04 2.625399080402853596e-24
5.014717067054386280e+04 4.356033610366474589e-24
5.014732693379096600e+04 0.000000000000000000e+00
5.014758017188993108e+04 1.264455342502559521e-24
5.014847459646282368e+04 0.000000000000000000e+00
5.014902392004826834e+04 0.000000000000000000e+00
5.014933102736676665e+04 0.000000000000000000e+00
5.014963571668653458e+04 0.000000000000000000e+00
5.015003058773717203e+04 0.000000000000000000e+00
5.015060050427538226e+04 0.000000000000000000e+00
5.015160963601385447e+04 0.000000000000000000e+00
5.015188519728957908e+04 0.000000000000000000e+00
5.015269660338661924e+04 0.000000000000000000e+00
5.015306320948193752e+04 0.000000000000000000e+00
5.015373452937888942e+04 0.000000000000000000e+00
5.015387574430563836e+04 0.000000000000000000e+00
5.015456489205048274e+04 0.000000000000000000e+00
5.015528749037195666e+04 0.000000000000000000e+00
5.015547079637931165e+04 0.000000000000000000e+00
5.015639569220703561e+04 0.000000000000000000e+00
5.015653095760116412e+04 0.000000000000000000e+00
5.015720136931948946e+04 0.000000000000000000e+00
5.015782791785617155e+04 0.000000000000000000e+00
5.015810667406389985e+04 0.000000000000000000e+00
5.015847162415910134e+04 0.000000000000000000e+00
5.015908892326645582e+04 0.000000000000000000e+00
5.015979238982241804e+04 0.000000000000000000e+00
5.016064027681397420e+04 0.000000000000000000e+00
5.016138694012514316e+04 0.000000000000000000e+00
5.016176914261929778e+04 0.000000000000000000e+00
5.016278500094410265e+04 0.000000000000000000e+00
5.016309549478561530e+04 0.000000000000000000e+00
5.016347407427820872e+04 0.000000000000000000e+00
5.016399934000019857e+04 0.000000000000000000e+00
5.016424145612306165e+04 0.000000000000000000e+00
5.016505827652393782e+04 0.000000000000000000e+00
5.016537345119619567e+04 0.000000000000000000e+00
5.016687936109679140e+04 0.000000000000000000e+00
5.016748051168316306e+04 0.000000000000000000e+00
5.016873472822205804e+04 0.000000000000000000e+00
5.016912582554206165e+04 0.000000000000000000e+00
5.016927818989054504e+04 0.000000000000000000e+00
5.017031015008657414e+04 0.000000000000000000e+00
5.017105121016452176e+04 0.000000000000000000e+00
5.017172268300114956e+04 0.000000000000000000e+00
5.017228615477710264e+04 0.000000000000000000e+00
5.017348082218359195e+04 0.000000000000000000e+00
5.017411690166051994e+04 0.000000000000000000e+00
5.017454894321411848e+04 0.000000000000000000e+00
5.017527449499873910e+04 0.000000000000000000e+00
5.017579183642679709e+04 0.000000000000000000e+00
5.017629496721985197e+04 0.000000000000000000e+00
5.017841367714512307e+04 0.000000000000000000e+00
5.017912758410636889e+04 0.000000000000000000e+00
5.017965266170581162e+04 0.000000000000000000e+00
5.018060862717705459e+04 0.000000000000000000e+00
5.018066568695409660e+04 0.000000000000000000e+00
5.018129811921135843e+04 0.000000000000000000e+00
5.018214458112747525e+04 0.000000000000000000e+00
5.018261849190630892e+04 0.000000000000000000e+00
5.018383785027157137e+04 0.000000000000000000e+00
5.018577840486187779e+04 0.000000000000000000e+00
5.018634915633139462e+04 0.000000000000000000e+00
5.018818669182433223e+04 0.000000000000000000e+00
5.018900933015622286e+04 0.000000000000000000e+00
5.018984269752356340e+04 0.000000000000000000e+00
5.019077136450014950e+04 0.000000000000000000e+00
5.019194435490744945e+04 0.000000000000000000e+00
5.019237262878069305e+04 0.000000000000000000e+00
5.019417030284403882e+04 0.000000000000000000e+00
5.019483914383938099e+04 0.000000000000000000e+00
5.019643002868280746e+04 0.000000000000000000e+00
5.019782128607365303e+04 0.000000000000000000e+00
5.020045429963365314e+04 0.000000000000000000e+00
5.020062310751485347e+04 0.000000000000000000e+00
5.020136071199349681e+04 0.000000000000000000e+00
5.020205626603205747e+04 0.000000000000000000e+00
5.020431189259392704e+04 0.000000000000000000e+00
5.020664732334427390e+04 0.000000000000000000e+00
5.020808331594317133e+04 0.000000000000000000e+00
5.020946126549764449e+04 0.000000000000000000e+00
5.021193569193680014e+04 0.000000000000000000e+00
5.021291882690242346e+04 0.000000000000000000e+00
5.021534727153105632e+04 0.000000000000000000e+00
5.022118104796804982e+04 0.000000000000000000e+00
5.022180062834986165e+04 0.000000000000000000e+00
5.022313974581121147e+04 0.000000000000000000e+00
5.022358419201563083e+04 0.000000000000000000e+00
5.023523259524286550e+04 0.000000000000000000e+00
5.023566356510555488e+04 0.000000000000000000e+00
