-5.004005349942407338e+04 2.763326321979810324e-20
-5.003847549449476355e+04 3.318933919541532445e-23
-5.003846026501098095e+04 2.409532022322095650e-22
-5.003817106222229631e+04 3.845801017226834541e-20
-5.003704582197096170e+04 1.387623350199445022e-22
-5.003703142339616170e+04 1.168855067209960737e-21
-5.003648115492254874e+04 1.423784051076760248e-17
-5.003499786380085425e+04 6.181135414106912954e-19
-5.003373671863570053e+04 6.576553235833757645e-17
-5.003346962336722208e+04 2.230997015307360371e-18
-5.003345108892177814e+04 2.171615398989268055e-20
-5.003269057111241273e+04 1.619314722490270403e-17
-5.003231567297838046e+04 1.611781245879487667e-17
-5.003227808580882993e+04 2.845911006077163735e-18
-5.003186592346898396e+04 2.026520551398688341e-16
-5.003134433401643037e+04 2.928894018492354960e-18
-5.003093387530933251e+04 1.573940985322841338e-16
-5.003047388835116726e+04 8.960859319225328634e-17
-5.003010201742708159e+04 1.008185207573579665e-16
-5.002994255970222730e+04 4.715808658047708881e-18
-5.002961454374354798e+04 5.753646367848259680e-18
-5.002905857592404936e+04 1.653435540706957882e-16
-5.002849483369397785e+04 8.500828830542320020e-17
-5.002785261295847158e+04 4.815476190750187321e-18
-5.002776440904809715e+04 1.365992023421705240e-17
-5.002716378218230966e+04 1.928539812414343977e-18
-5.002631315737812838e+04 6.709766187221477633e-17
-5.002576155979280156e+04 1.225856312299310945e-17
-5.002561550096931751e+04 6.190761293431108715e-18
-5.002462529731156246e+04 1.667839460816847729e-17
-5.002391994359235105e+04 1.408170838730062134e-18
-5.002372168770065036e+04 2.792406624964440927e-17
-5.002268131646080292e+04 1.832331785667057624e-17
-5.002190405190948513e+04 4.161390124219279141e-17
-5.002176800192484370e+04 5.346019867503877713e-15
-5.002051408374417952e+04 2.631658982695730527e-16
-5.002002646074966469e+04 8.279813534327894887e-17
-5.001993524390121456e+04 1.727464233419995864e-16
-5.001948255086744030e+04 4.974133688206564378e-19
-5.001834691830776865e+04 3.537736176786951459e-15
-5.001780368904130592e+04 8.115433798315375478e-17
-5.001769902010585793e+04 8.737484086230664220e-15
-5.001725577091354353e+04 5.032609625067500278e-16
-5.001610539454349055e+04 1.281336186186904269e-15
-5.001568015372585796e+04 1.433297952014033572e-14
-5.001547082220677112e+04 7.257533187743041769e-15
-5.001454183859158366e+04 1.430218054601939517e-14
-5.001428634123414668e+04 3.280905589288307110e-14
-5.001356854086017120e+04 7.725875666629215914e-19
-5.001287242840768886e+04 1.614184846600005255e-16
-5.001233436216721748e+04 1.957365455540634031e-14
-5.001150376057130779e+04 6.252034810689707272e-15
-5.001133502138713811e+04 2.676284556978243041e-14
-5.001112394218551344e+04 3.903515127378809176e-14
-5.000996838465948531e+04 3.270982446000312416e-15
-5.000993444809307402e+04 1.808742460523479254e-15
-5.000938521503606171e+04 1.192039398847636692e-14
-5.000924232817693701e+04 3.573527324161280717e-15
-5.000820365315028903e+04 9.279947877975269408e-15
-5.000805095966955560e+04 3.550945787346399843e-14
-5.000779885239515716e+04 2.323274202687531678e-16
-5.000734076654947421e+04 1.009383417753429763e-12
-5.000703654150405782e+04 1.134597859595453108e-13
-5.000677933039415075e+04 5.088185890397715569e-14
-5.000592307604035886e+04 1.063594956972975013e-14
-5.000566474826000922e+04 1.989923645939712376e-13
-5.000532776775192178e+04 1.844241003286646162e-15
-5.000510145408213430e+04 1.432974949306181518e-14
-5.000467038466307713e+04 4.999943397273708474e-15
-5.000432739027162461e+04 3.653725149300959504e-14
-5.000406782704920624e+04 5.983218143281474173e-15
-5.000375185100843373e+04 5.561188784434400782e-14
-5.000353278758373926e+04 4.104538011255814927e-14
-5.000338856158768613e+04 3.365044616529432543e-13
-5.000336156646611926e+04 4.284878271713485843e-13
-5.000302948582328827e+04 1.376079222557950418e-13
-5.000273542082923086e+04 1.043631762196905478e-14
-5.000232214626880886e+04 8.315903377017740022e-15
-5.000172236578056618e+04 5.340949549136653492e-15
-5.000148180794911605e+04 5.331355640877838399e-13
-5.000140504887536372e+04 9.291403534727155477e-12
-5.000111518595836969e+04 1.305523854185253470e-13
-5.000060795993048669e+04 1.123583011899525841e-15
-4.999993436548164755e+04 7.487504072870716826e-13
-4.999976221963741409e+04 1.546463140128949876e-12
-4.999959283056635468e+04 2.054065391762103151e-12
-4.999929265175946057e+04 1.731883494432588969e-14
-4.999909321453296434e+04 3.459525824628777876e-13
-4.999873842326775048e+04 4.728914655724896370e-13
-4.999812089031078358e+04 2.735549103660081307e-15
-4.999779832189903391e+04 5.800613438609633180e-14
-4.999777484898665716e+04 1.638103404434914668e-13
-4.999745428338927013e+04 2.088921102715686031e-13
-4.999717604057696008e+04 2.172237165568661973e-12
-4.999660411864932394e+04 1.570275340385159664e-13
-4.999611465641194081e+04 5.319661622098682280e-13
-4.999579525820552954e+04 4.215322630700485953e-15
-4.999566246663521451e+04 3.140765189140104036e-11
-4.999515800180639781e+04 9.465464226275588845e-14
-4.999504307359438099e+04 8.625758305321388610e-13
-4.999419577463342284e+04 4.432422332908356691e-14
-4.999360205810199841e+04 5.723638549426989014e-13
-4.999352721795584512e+04 1.101001429833262180e-13
-4.999324046889658348e+04 1.554391723472625731e-12
-4.999300571154517820e+04 9.551789073069576521e-11
-4.999253317234256247e+04 3.285186413398043302e-13
-4.999228813728137175e+04 2.937496196483535442e-12
-4.999198439377528848e+04 1.221770526829971511e-13
-4.999139312003843952e+04 8.321002470098733132e-12
-4.999098518741645239e+04 2.465440023490168047e-13
-4.999069790701290185e+04 3.916193906539076531e-13
-4.999065322400121659e+04 1.360371915728135380e-13
-4.998993435666026198e+04 3.870997186142321517e-12
-4.998958321052108658e+04 8.905868350409181928e-13
-4.998926117151971266e+04 4.786573203902206465e-12
-4.998922556457641622e+04 5.273051153581435467e-12
-4.998898320577631966e+04 7.197776409370379521e-12
-4.998831648408345063e+04 4.772964599451727807e-13
-4.998792877769999905e+04 7.100530050534493240e-13
-4.998779824905212445e+04 1.173738541985800834e-12
-4.998730204627642524e+04 1.485829424173002365e-12
-4.998713236336042610e+04 1.470831073301120026e-09
-4.998684704590844194e+04 9.958087190923041823e-13
-4.998655590656924323e+04 2.302797016684836506e-12
-4.998566217642000265e+04 8.120929695341100936e-10
-4.998534651014360134e+04 1.599384598415508502e-12
-4.998517464573694451e+04 9.921184071091144151e-13
-4.998505863312711153e+04 9.800645489558729990e-11
-4.998500905244740716e+04 8.229405520245555278e-12
-4.998415268450252188e+04 8.933044135329089359e-13
-4.998387906116702652e+04 3.199435782747377587e-12
-4.998354731747005280e+04 9.995612983028675769e-12
-4.998352619883631996e+04 3.280725489636715481e-11
-4.998323152892054350e+04 1.220429872527799093e-12
-4.998289194628375117e+04 4.347819481862091449e-11
-4.998259235295376857e+04 3.727699490436243375e-14
-4.998218845965675428e+04 1.350027528843895017e-12
-4.998190248753983178e+04 1.105974901885463072e-12
-4.998139047309566376e+04 1.455391857009993186e-08
-4.998110104386237799e+04 4.480288154301033101e-11
-4.998079677947345044e+04 4.425857001142852374e-12
-4.998078126771313691e+04 2.348065535522696517e-11
-4.998008148358069593e+04 1.645520378313732403e-14
-4.997993435564306856e+04 4.946965641606703571e-09
-4.997956099027166056e+04 2.882180248930482010e-12
-4.997930456250593852e+04 5.688889396588050078e-12
-4.997925522848557011e+04 7.172065449595472362e-11
-4.997880961304572702e+04 2.217428098085391162e-11
-4.997868885540793417e+04 2.770344818838518619e-09
-4.997842393869855732e+04 2.287127729638886702e-12
-4.997779823876392766e+04 1.030422412712192572e-10
-4.997773729109250417e+04 3.128080192934475734e-11
-4.997749725928445696e+04 2.010123905483305712e-12
-4.997712112575887295e+04 3.383024240686643800e-10
-4.997697372294222441e+04 1.144832229998048164e-12
-4.997663079435707914e+04 6.464940920839389203e-11
-4.997638872887120669e+04 1.184284705276630046e-11
-4.997622642155958602e+04 2.562632569160456093e-12
-4.997581063433964300e+04 3.341370328122937543e-14
-4.997566212081182312e+04 6.462674610815189842e-08
-4.997536142961803125e+04 4.333517290384434277e-13
-4.997498822249558725e+04 2.974488701525650611e-10
-4.997462142780702561e+04 3.944651955271253360e-13
-4.997454417586862837e+04 8.500431435810078924e-10
-4.997419226855639863e+04 1.369539248673266527e-13
-4.997366629069860937e+04 1.228434957920381065e-11
-4.997352599946934060e+04 6.180787327528692053e-10
-4.997308545856794808e+04 4.367029587722697687e-11
-4.997285805909414921e+04 5.868219258587436985e-08
-4.997253364368362963e+04 8.784922390132752369e-13
-4.997248780627133965e+04 1.186186218906598214e-10
-4.997224929713136225e+04 6.334177069226014675e-13
-4.997180200691946084e+04 4.391526665693406911e-11
-4.997138985987280466e+04 7.302216338162512185e-08
-4.997131307169173670e+04 7.277807761986646770e-13
-4.997073236772751261e+04 1.261441884891355369e-09
-4.997063579927461979e+04 3.144433327215544688e-11
-4.997052440515902708e+04 9.045622883837078683e-11
-4.997040912713114813e+04 3.830737201903045919e-13
-4.997021437970625993e+04 5.391898657074033679e-11
-4.996993435394421249e+04 1.203234395080567666e-08
-4.996925364851820632e+04 2.651684591660291348e-09
-4.996925140507597825e+04 1.111000322784861975e-11
-4.996888903878827841e+04 8.291039254499145365e-12
-4.996876675320274808e+04 9.980369217366428108e-12
-4.996860693391120003e+04 1.751995107962414932e-08
-4.996837170542418608e+04 7.976774309888049396e-12
-4.996791836734367098e+04 1.639124180111300440e-11
-4.996779821453226759e+04 3.774031126281147250e-09
-4.996743078839158261e+04 1.553139185444275958e-12
-4.996711715335828194e+04 1.072349746214439648e-06
-4.996688680241202383e+04 4.476331752925137737e-10
-4.996659953384650726e+04 1.485855622849304508e-11
-4.996647431852891896e+04 3.728306838563877979e-10
-4.996634965023912810e+04 1.151573150786574517e-11
-4.996566194881698902e+04 2.285986545025616405e-06
-4.996529033201539278e+04 3.367895710474113679e-12
-4.996497973814915895e+04 1.974194064293353248e-08
-4.996468819063655246e+04 8.476323764174182587e-12
-4.996445936060214444e+04 1.326377436266984045e-11
-4.996437614515150926e+04 2.019433474796235012e-09
-4.996368403109330393e+04 3.440231710793626353e-11
-4.996352522900023905e+04 2.368083317110172585e-08
-4.996342651209582982e+04 1.324642716080252260e-13
-4.996305162736797502e+04 6.686312348557264835e-10
-4.996284053623881482e+04 4.692787373189352762e-07
-4.996254455647973373e+04 7.084789623836187101e-12
-4.996227293871405709e+04 5.615020658175820308e-11
-4.996208070689906162e+04 2.543051139061112771e-13
-4.996150443186690245e+04 3.432344064509569252e-14
-4.996138737748377753e+04 1.593196716992086956e-05
-4.996138066622351471e+04 1.456769644594427407e-08
-4.996074787890270090e+04 2.839767801712220315e-12
-4.996069888723086478e+04 7.393530588057651862e-09
-4.996035372628034384e+04 8.174027074836111272e-11
-4.996014449641451210e+04 7.975556491247569299e-10
-4.995997687198627682e+04 3.845914246084210660e-14
-4.995993427789024281e+04 3.250806704958947214e-06
-4.995924721384674922e+04 2.740550286179109820e-07
-4.995887516143899120e+04 8.154547663507573929e-11
-4.995875940838872339e+04 5.569879528145532620e-12
-4.995855246578355582e+04 3.354830675364972407e-08
-4.995805881094365031e+04 1.222800286538053979e-11
-4.995794755995324522e+04 6.567404756554413558e-12
-4.995779772082302225e+04 3.048853551551749643e-07
-4.995728203237520211e+04 3.249057801572317180e-11
-4.995710291193489684e+04 1.388719108911529470e-05
-4.995705624117430125e+04 1.426141597408737506e-09
-4.995685675509329303e+04 1.489431301984891633e-10
-4.995643909387692111e+04 2.393879444780013716e-12
-4.995639920990801329e+04 7.971892561276994701e-10
-4.995594674636087439e+04 2.952705518965663512e-10
-4.995566015133590554e+04 1.429653366954477514e-04
-4.995562956353256595e+04 1.156344970705847696e-12
-4.995521287251738977e+04 6.571740875552635536e-12
-4.995495943073158560e+04 2.967391258649097053e-15
-4.995495173930360033e+04 1.497078388025736446e-07
-4.995433972513896151e+04 2.963536230566127004e-10
-4.995423437937292329e+04 1.943227231331571595e-08
-4.995386414032059838e+04 6.601254644921585241e-13
-4.995351954110013321e+04 2.974827421851745976e-06
-4.995336059189864318e+04 4.949595195196441710e-13
-4.995298138663338614e+04 8.811240283907532678e-13
-4.995279014907649253e+04 5.930626802168090136e-07
-4.995257704473195190e+04 1.127442330388817953e-14
-4.995206234055218374e+04 6.731821361869986151e-11
-4.995198060960788280e+04 2.171951257985273350e-11
-4.995178332598415000e+04 1.889233270358120389e-09
-4.995138878724923416e+04 3.841253434415035495e-09
-4.995137102810978104e+04 4.489047054768430375e-04
-4.995061434320169792e+04 9.716683975781793231e-09
-4.995059500795684289e+04 7.245025008105922303e-10
-4.995034262668679003e+04 8.057601292118461586e-11
-4.994993200622384029e+04 7.343899775991562848e-06
-4.994990557016087405e+04 1.484643674233861270e-09
-4.994986567928265868e+04 2.497378613457967882e-08
-4.994974240202494548e+04 4.645923618836676338e-11
-4.994920750152178516e+04 3.271006401656872284e-06
-4.994879251447262504e+04 2.172918802835429927e-11
-4.994841920785477851e+04 2.364199526143423360e-07
-4.994831654008670012e+04 1.867559399523246364e-11
-4.994778295890158915e+04 1.852862986632995370e-05
-4.994770023258266156e+04 2.151057254815406362e-10
-4.994766524057103379e+04 1.693698521388887200e-09
-4.994731554016772134e+04 1.955370886404077830e-10
-4.994702103295466804e+04 2.026947394507603762e-05
-4.994698388423333381e+04 7.812825786844153305e-11
-4.994620294579325127e+04 1.153455002981025053e-09
-4.994617838709646458e+04 3.266383428409756669e-10
-4.994581891604850534e+04 2.750562356698927967e-09
-4.994560761056112096e+04 1.715683374111053386e-02
-4.994551822907697351e+04 4.084999831342020436e-09
-4.994545301348331122e+04 8.921272591377886413e-07
-4.994526376901847107e+04 1.639096141809247926e-09
-4.994480459099537984e+04 3.071146407971812982e-07
-4.994460356071018032e+04 2.653146281266568053e-10
-4.994435322340123093e+04 1.003942846831686550e-10
-4.994415378340834286e+04 1.713739815764861881e-09
-4.994395782171503379e+04 5.074015367269012990e-07
-4.994342125963417493e+04 3.977817077998888013e-09
-4.994339802645293821e+04 5.876142940776641320e-05
-4.994324123476442765e+04 7.928288383837344989e-09
-4.994298580885372212e+04 2.516533728644108354e-10
-4.994256769528222503e+04 2.766664918462477245e-09
-4.994255317449478753e+04 1.076165294775702925e-05
-4.994234165463486715e+04 4.141352418069678088e-09
-4.994169119458722707e+04 2.878305654337542584e-08
-4.994148453224461991e+04 3.275305122254370622e-14
-4.994114571173581498e+04 1.203884904471475481e-04
-4.994098589374098083e+04 3.238038798270254104e-07
-4.994060614912904566e+04 5.418079967634057314e-10
-4.994038815897866152e+04 1.577708358838648654e-08
-4.994026416827688081e+04 4.940740264041578651e-06
-4.994013816866369598e+04 1.746014266181305449e-09
-4.993989817595957720e+04 9.807270201022166844e-01
-4.993939648313596990e+04 9.599688641805100107e-06
-4.993887083964256453e+04 2.123167239432023638e-08
-4.993884499372889695e+04 2.123585281772009711e-06
-4.993880785249641485e+04 1.068358899537690204e-08
-4.993862088389017299e+04 2.098501104993095047e-12
-4.993843792457540985e+04 1.218959464899408398e-12
-4.993798618412629730e+04 3.622848560474394285e-07
-4.993793566123630444e+04 1.467389989970795180e-05
-4.993769902058543812e+04 1.028292014285644811e-03
-4.993708925611821905e+04 1.191071376739074422e-10
-4.993707673868093843e+04 8.431926539209770281e-08
-4.993684632042796147e+04 2.833830992954758621e-09
-4.993649414860735124e+04 9.695041367144075558e-05
-4.993642524258758203e+04 5.114565992264421879e-07
-4.993612116961742868e+04 5.113376255487254887e-12
-4.993557165051041375e+04 1.160227648035419449e-07
-4.993537439068453386e+04 1.990156713700709292e-06
-4.993534921301247232e+04 3.295411950247746072e-11
-4.993523941654680675e+04 1.855522635163856220e-12
-4.993473116383052547e+04 3.142541108529722825e-09
-4.993419187088224862e+04 9.840184463401446755e-09
-4.993409172998130816e+04 6.465167617256805467e-07
-4.993387973555835924e+04 2.074728242069978548e-11
-4.993328561222707503e+04 1.343302472952619485e-10
-4.993317171726683591e+04 1.051774368947708335e-07
-4.993309919714774151e+04 1.300186165022631881e-09
-4.993294873615969118e+04 7.055259271225015980e-07
-4.993236537205700733e+04 7.756733786683871188e-12
-4.993211800238204887e+04 3.821486212418523161e-09
-4.993188854650026042e+04 3.027070793717491095e-09
-4.993164454318411299e+04 7.657874542613248638e-07
-4.993123288688855246e+04 2.695309450313971603e-10
-4.993102029545942787e+04 3.769813736449263885e-09
-4.993073543045061524e+04 4.245013213321504412e-08
-4.993044313695719757e+04 7.799994072148971620e-05
-4.993037920117500471e+04 1.358771211726726279e-08
-4.993032578627349722e+04 2.238728304784554287e-07
-4.992994778962423152e+04 1.531427749447203151e-07
-4.992987655203064060e+04 2.020446300823033591e-09
-4.992915483855106868e+04 2.669589127061810141e-10
-4.992895370155152341e+04 5.770687605757545164e-13
-4.992865603189502872e+04 2.808288743531991202e-11
-4.992842207149341993e+04 2.262842530229090891e-09
-4.992828042123555497e+04 5.456643601989946454e-08
-4.992825570771290950e+04 3.722955004587045252e-08
-4.992796853558782459e+04 2.941284955135944424e-12
-4.992787398367121205e+04 3.019718961207305630e-07
-4.992754292049371725e+04 2.986685341801392243e-09
-4.992685688886955177e+04 8.444992600770898638e-10
-4.992662467687021126e+04 6.587108240765954142e-08
-4.992662279983767075e+04 6.932619367749916407e-08
-4.992604402716695040e+04 3.527278521312485867e-11
-4.992576265459034767e+04 5.795386709221929729e-10
-4.992527139375098341e+04 2.302085212138151271e-08
-4.992517025615555031e+04 5.331592412287930262e-09
-4.992494342200760002e+04 2.008821256250220402e-11
-4.992457783330978418e+04 5.263761370590135936e-12
-4.992406130188207317e+04 1.485075909440038619e-09
-4.992328740602829203e+04 5.533415494840915381e-10
-4.992312004853216786e+04 8.382035823444855161e-11
-4.992305523121029546e+04 3.571756268014179463e-14
-4.992271135510697059e+04 5.301094149569340567e-12
-4.992256521078480728e+04 6.299239693078225128e-11
-4.992242334920930443e+04 1.381489138299788696e-13
-4.992147893697825930e+04 1.824937719805836809e-09
-4.992142549173982843e+04 3.522988183248528424e-10
-4.992117442621619557e+04 1.919790905899748141e-13
-4.992081034805544186e+04 7.559317288940544926e-14
-4.992064240454335959e+04 1.662150544021435776e-11
-4.992036776498192921e+04 2.074146829109168677e-10
-4.992020541072102787e+04 5.295311715529823530e-10
-4.991987932234164327e+04 2.944946367027313563e-08
-4.991952028704016266e+04 3.867200415219817026e-11
-4.991920519301134482e+04 2.361720693310935978e-13
-4.991896064332105016e+04 6.563565003608299075e-15
-4.991884610398358927e+04 2.276870785365155306e-12
-4.991826869815213286e+04 2.219086928783118842e-10
-4.991800125008171017e+04 1.234502425129014507e-10
-4.991786048114343430e+04 1.159784973686422623e-12
-4.991764694828031497e+04 9.235136655220418283e-12
-4.991722034792448540e+04 2.451287538939959020e-11
-4.991714973503030342e+04 1.751654110827067601e-10
-4.991621006286246120e+04 1.385412704005266592e-10
-4.991587156559082359e+04 1.059989945818975993e-12
-4.991567870133833640e+04 1.331781517164385314e-12
-4.991548439080478420e+04 6.110574131967458461e-12
-4.991530490192225261e+04 1.447091036573085397e-12
-4.991510479103356192e+04 1.546319669460179569e-13
-4.991441415711423906e+04 8.245729593015277392e-11
-4.991402708026568143e+04 1.641470435389286752e-14
-4.991356048324545554e+04 2.474129653638554540e-12
-4.991327076385951659e+04 5.702784984484743664e-14
-4.991296894536123000e+04 4.696678880017479175e-12
-4.991278644531981263e+04 3.033992215179537463e-14
-4.991232698413095932e+04 8.168499592024719293e-14
-4.991176502301372238e+04 1.244280551637775578e-14
-4.991165271275804844e+04 3.704430623183451983e-14
-4.991141953782457858e+04 1.588199573685730249e-14
-4.991086710950814449e+04 5.222803639584277039e-12
-4.991055484922228061e+04 9.595928007415575786e-15
-4.991027961895566841e+04 6.864379839140194228e-14
-4.991004709762983839e+04 4.063335786429670215e-15
-4.990944896810152568e+04 5.393606661140114460e-14
-4.990931387722458021e+04 4.300535846109084221e-15
-4.990902296782155463e+04 4.252491877546443668e-13
-4.990887118125439156e+04 1.456112183781865306e-11
-4.990818576622909313e+04 2.073110153397300889e-14
-4.990775421967824514e+04 1.425089841101762740e-13
-4.990765215647871810e+04 9.867244765009596298e-13
-4.990708800579833041e+04 7.885792180459740539e-15
-4.990702668076088594e+04 2.194189793292237429e-16
-4.990678599157552526e+04 3.437134349513133891e-15
-4.990632368385711015e+04 1.614122873818034926e-16
-4.990609594032947643e+04 1.413351416552998288e-13
-4.990541290620507789e+04 1.179245750571772260e-13
-4.990501626287014369e+04 1.513894514067053462e-14
-4.990481856630295806e+04 4.770923762623629828e-15
-4.990451797688624356e+04 3.557811425840723641e-15
-4.990405985459450312e+04 4.303174393890735021e-16
-4.990364714576166443e+04 2.350502225165359669e-15
-4.990334410679219582e+04 1.052804652465745359e-13
-4.990272005722545146e+04 6.381933942438658599e-15
-4.990266936478611024e+04 1.965072234471585420e-14
-4.990228890122952726e+04 1.745009612006368553e-14
-4.990209687226373353e+04 3.624544612783241180e-15
-4.990143417021290952e+04 3.620755425295029763e-16
-4.990099187078389514e+04 2.984677940801575289e-17
-4.990061051393399248e+04 1.139868033458390842e-16
-4.990025474022223352e+04 1.195354615570817331e-15
-4.990013857022146112e+04 1.841148389405311136e-15
-4.989981569186204433e+04 8.528093195968353105e-15
-4.989958662436408486e+04 1.487565452270540258e-19
-4.989862850344010076e+04 1.038357282932596347e-17
-4.989797213600892428e+04 3.410119741907582351e-15
-4.989760348266034271e+04 2.439505593195742856e-16
-4.989716745597605041e+04 4.519028227411755173e-15
-4.989705085430560575e+04 9.455281083622215662e-16
-4.989642308709181088e+04 2.076194829063759367e-17
-4.989592719866287371e+04 1.402548903379978514e-16
-4.989538232555185823e+04 2.189747712254844429e-17
-4.989456339637436031e+04 2.399666464712103731e-18
-4.989447566749265388e+04 1.249899051899193753e-17
-4.989443374717942788e+04 1.326706790050850470e-16
-4.989433477829076583e+04 2.620285498069179719e-17
-4.989391258493266650e+04 3.747964799161838076e-18
-4.989334427169004630e+04 4.015968715712471495e-18
-4.989319491051655496e+04 4.845187523865463250e-19
-4.989223647081670788e+04 9.310497260826885802e-17
-4.989185049659757351e+04 9.683147510003002833e-19
-4.989175010573678446e+04 2.386185164503988429e-19
-4.989156713348056655e+04 3.024331346864896267e-19
-4.989120271414516901e+04 1.238593852706883923e-16
-4.989066207667558774e+04 4.313506566356399188e-19
-4.988951426495709893e+04 1.068838316259348179e-19
-4.988920642765054799e+04 1.009010674212745525e-18
-4.988881334309762315e+04 2.161586413104659792e-17
-4.988851496782644972e+04 1.661862788929920302e-19
-4.988836804325660341e+04 3.764185617884305785e-19
-4.988745459527229104e+04 2.041452524968219624e-21
-4.988708149468083138e+04 2.960889890873173046e-19
-4.988650110085828055e+04 9.520848478841895672e-21
-4.988607437034218310e+04 6.311349138009819875e-19
-4.988579054980564979e+04 2.747235775409739565e-18
-4.988574197372634808e+04 1.225405902459165032e-18
-4.988487120751344628e+04 2.305918502569893140e-19
-4.988473827608374268e+04 6.785452415714815496e-21
-4.988434361126333533e+04 3.341609112783499008e-24
-4.988322741828341532e+04 1.244822703029716359e-20
-4.988296879814795102e+04 9.177276281055802904e-20
-4.988216177498521574e+04 7.783009255901496790e-21
-4.988177105462324107e+04 1.725304931134033461e-20
-4.988133574538511311e+04 8.142162343753650055e-22
-4.988041513964460319e+04 2.691145183734640218e-22
-4.987997580107413523e+04 2.563971126576462186e-19
-4.987962258937967999e+04 4.069145228208018649e-22
-4.987949105375181534e+04 1.053071689775274033e-22
-4.987902134966943413e+04 1.077952813169308458e-21
-4.987857550090304721e+04 1.115625036321221703e-21
-4.987777609698870219e+04 2.107071287756195506e-21
-4.987740257416793611e+04 3.441352422769696375e-20
-4.987708339600726322e+04 1.705692020534402195e-21
-4.987677769378810626e+04 2.814805955234594580e-24
-4.987663080934032041e+04 0.000000000000000000e+00
-4.987496942145423236e+04 1.024105932587020933e-21
-4.987479557659384591e+04 1.051881668936224242e-21
-4.987456815562527481e+04 7.465135055522482621e-22
-4.987408033652921586e+04 7.312718617913855202e-22
-4.987309317539956828e+04 4.944615390655948066e-23
-4.987213399916849448e+04 0.000000000000000000e+00
-4.987196884386951569e+04 4.868587868545657665e-23
-4.987126841673271701e+04 3.532737633702382426e-23
-4.987093391844493453e+04 1.811323512010687936e-23
-4.987020980783616687e+04 6.780629393009791126e-24
-4.986993318343982537e+04 6.834500771608987404e-24
-4.986924003209337388e+04 6.695595654730323069e-24
-4.986834822064966284e+04 2.681737397588396695e-22
-4.986785588188507245e+04 5.963038721921585798e-24
-4.986711061224403966e+04 0.000000000000000000e+00
-4.986638815837461152e+04 7.632503450374243607e-23
-4.986588560772341589e+04 3.066991799700285996e-24
-4.986537344640425727e+04 4.879265765443260534e-24
-4.986378182470144384e+04 0.000000000000000000e+00
-4.986348864286397293e+04 0.000000000000000000e+00
-4.986328987632709322e+04 0.000000000000000000e+00
-4.986291919605196745e+04 0.000000000000000000e+00
-4.986279965121044370e+04 0.000000000000000000e+00
-4.986191490058507770e+04 0.000000000000000000e+00
-4.986070906144252513e+04 0.000000000000000000e+00
-4.986027139330526552e+04 0.000000000000000000e+00
-4.985984596571460133e+04 0.000000000000000000e+00
-4.985897411079786252e+04 0.000000000000000000e+00
-4.985871709679518244e+04 0.000000000000000000e+00
-4.985774684832950879e+04 0.000000000000000000e+00
-4.985598041712079430e+04 0.000000000000000000e+00
-4.985572333781208727e+04 0.000000000000000000e+00
-4.985542926194743632e+04 0.000000000000000000e+00
-4.985474957258959330e+04 0.000000000000000000e+00
-4.985291907456110494e+04 0.000000000000000000e+00
-4.985246527075266204e+04 0.000000000000000000e+00
-4.985198415958152327e+04 0.000000000000000000e+00
-4.985106861114214553e+04 0.000000000000000000e+00
-4.984895512550959393e+04 0.000000000000000000e+00
-4.984812018785548571e+04 0.000000000000000000e+00
-4.984761644780029746e+04 0.000000000000000000e+00
-4.984640808157400897e+04 0.000000000000000000e+00
-4.984564022083031159e+04 0.000000000000000000e+00
-4.984467556202407286e+04 0.000000000000000000e+00
-4.984460576411423972e+04 0.000000000000000000e+00
-4.984330364112894313e+04 0.000000000000000000e+00
-4.984267141382639238e+04 0.000000000000000000e+00
-4.984245938619219669e+04 0.000000000000000000e+00
-4.984142217470081960e+04 0.000000000000000000e+00
-4.983961172922178230e+04 0.000000000000000000e+00
-4.983891139779115474e+04 0.000000000000000000e+00
-4.983715898183351965e+04 0.000000000000000000e+00
-4.983574364910628356e+04 0.000000000000000000e+00
-4.983514021608624898e+04 0.000000000000000000e+00
-4.983391227904376137e+04 0.000000000000000000e+00
-4.983193985996695847e+04 0.000000000000000000e+00
-4.983070519143577258e+04 0.000000000000000000e+00
-4.982770968278397777e+04 0.000000000000000000e+00
-4.982714211257029092e+04 0.000000000000000000e+00
-4.982521391921138274e+04 0.000000000000000000e+00
-4.982425564945207589e+04 0.000000000000000000e+00
-4.982402438612916740e+04 0.000000000000000000e+00
-4.982185364290768484e+04 0.000000000000000000e+00
-4.982085885338189837e+04 0.000000000000000000e+00
-4.981814545016334159e+04 0.000000000000000000e+00
-4.981740467367177916e+04 0.000000000000000000e+00
-4.981472517580050044e+04 0.000000000000000000e+00
-4.981395860534430540e+04 0.000000000000000000e+00
-4.980323660134619422e+04 0.000000000000000000e+00
-4.980277437613938673e+04 0.000000000000000000e+00
-4.979972236288413842e+04 0.000000000000000000e+00
-4.979925972617052321e+04 0.000000000000000000e+00
4.995995007875163719e+04 0.000000000000000000e+00
4.996166993635221297e+04 0.000000000000000000e+00
4.996168635879531939e+04 0.000000000000000000e+00
4.996183939225189533e+04 1.221805342240635430e-23
4.996309848383735516e+04 0.000000000000000000e+00
4.996311380392382125e+04 0.000000000000000000e+00
4.996353555035244062e+04 0.000000000000000000e+00
4.996502506187688414e+04 2.173099014233799094e-23
4.996629433758664527e+04 8.550628772844161652e-23
4.996665033108500211e+04 7.841723145494235618e-23
4.996666939991317486e+04 1.517066469676616886e-24
4.996734959509991313e+04 4.224484997847879114e-21
4.996779654017585563e+04 2.083962342649493986e-23
4.996783959758852870e+04 3.656657952917242392e-23
4.996819125717290444e+04 9.328546225831367272e-24
4.996872243959565822e+04 1.117878526352875904e-21
4.996914437540560903e+04 4.612380989389122029e-22
4.996960369070361048e+04 1.048013203626416453e-22
4.996997978586838872e+04 3.676812207034790794e-22
4.997006641404426773e+04 9.777479912987713188e-24
4.997047030478775559e+04 3.849695399204949205e-23
4.997102556295473187e+04 5.115855689491192153e-22
4.997158951183522731e+04 2.960259143989081975e-22
4.997217583593190648e+04 3.661404267627008035e-22
4.997231369328586152e+04 8.179366464701768636e-24
4.997292084720239654e+04 1.091541496765849604e-22
4.997377182964926760e+04 1.043731303883795426e-22
4.997427979389204847e+04 1.711107520411623532e-22
4.997446655274339719e+04 2.946395659220747363e-22
4.997546129099812242e+04 6.922542159893642740e-23
4.997616626370706945e+04 0.000000000000000000e+00
4.997632644942177285e+04 1.292141225728503440e-20
4.997740804018562631e+04 3.116855731754479195e-22
4.997818437376523798e+04 2.070497559508079425e-21
4.997829063532706641e+04 1.928562141693052997e-24
4.997957310838059493e+04 4.303515724318996305e-22
4.998005101755356736e+04 3.090265997106173398e-21
4.998007269092575007e+04 6.079123176294680938e-24
4.998059637864493561e+04 1.224291270785607146e-22
4.998173890755118191e+04 3.816935309219388574e-21
4.998221993465175183e+04 1.359002743415899787e-21
4.998238257823717868e+04 1.811884166028323490e-22
4.998283552984016569e+04 5.466142706880020102e-20
4.998397836006598664e+04 5.496915325530842908e-19
4.998435875180077710e+04 6.405954589982645010e-22
4.998462284948171146e+04 7.044531622175556026e-23
4.998555009562689520e+04 3.850496187141889397e-21
4.998580587675118295e+04 3.968155793303116098e-23
4.998648477366664156e+04 3.308114112278387218e-19
4.998722709986630070e+04 1.152364499295099554e-19
4.998776554639771348e+04 2.229619764044561864e-20
4.998856741581199458e+04 1.191313527748428517e-20
4.998876300472061848e+04 4.668741729751662137e-20
4.998897622895090899e+04 1.072780948894897211e-19
4.999007354241908615e+04 1.253524860708241358e-21
4.999014421268603473e+04 1.143428662196574707e-20
4.999069760815998598e+04 4.773173985654249100e-18
4.999087705549888051e+04 3.607140294144463131e-19
4.999191044016485830e+04 6.407433661682459986e-21
4.999206802337953559e+04 1.273580497502695354e-20
4.999222502691135014e+04 1.258524246434266656e-18
4.999275163663267449e+04 1.892868862638560952e-20
4.999307817460451042e+04 1.293375496287582360e-20
4.999336554679623077e+04 1.443938148464607705e-20
4.999423675094213831e+04 1.225713796391876704e-19
4.999437489491811721e+04 2.721088262015561470e-20
4.999478567648208991e+04 2.504521816452767587e-20
4.999507976927936397e+04 3.753710758270421805e-20
4.999552264853985980e+04 7.228420736539676798e-22
4.999584146715117822e+04 1.585904694114680780e-20
4.999613197991156630e+04 5.450864303813316305e-20
4.999645873461762676e+04 8.208366883593919238e-19
4.999652433285411098e+04 1.187478112648609410e-17
4.999676519548172655e+04 9.915745153725494201e-20
4.999680371249090240e+04 8.669934562523945296e-20
4.999714562397557893e+04 4.240121406828932974e-19
4.999748774401210540e+04 1.287900987698708341e-19
4.999789325911132619e+04 1.073277842165923857e-18
4.999848333544852358e+04 5.765342129749649176e-18
4.999865852245299902e+04 1.473134032290020352e-18
4.999868488075720961e+04 1.512171848268568607e-17
4.999907268202297564e+04 7.303650935426405408e-18
4.999960535013236949e+04 1.634612070145644262e-18
5.000007363203266868e+04 3.660863767816655803e-21
5.000039870122024149e+04 1.101847247948258181e-19
5.000058846066104161e+04 4.824968354481178552e-19
5.000079433569007961e+04 2.638021182639655883e-17
5.000108106718525960e+04 4.876790218550017244e-19
5.000145302937775705e+04 1.509167809709161348e-19
5.000201730141742155e+04 3.160551459526029041e-19
5.000222558515144192e+04 1.169183512638117995e-18
5.000239889537655836e+04 1.799685612245255876e-19
5.000272159515003295e+04 1.839657917687654314e-19
5.000292586261827819e+04 1.351389476465015431e-18
5.000356592905017169e+04 6.694332921831973537e-19
5.000407400204442092e+04 4.887569540419555644e-19
5.000437465154029633e+04 4.425259525144765701e-19
5.000437902701716666e+04 1.012205536028804907e-18
5.000499595157073782e+04 3.266962813287892999e-16
5.000513045714674809e+04 1.243806190368928834e-16
5.000595970538924303e+04 7.823299346376735874e-18
5.000652839115612733e+04 5.923749890938635700e-16
5.000661293162727088e+04 7.447621660079272363e-20
5.000689504894764832e+04 1.400690896362932069e-18
5.000712072774113039e+04 4.346045329279419040e-18
5.000768067664188857e+04 8.115441392472863254e-19
5.000786350247031805e+04 1.954419857337848073e-21
5.000815027240879863e+04 4.114139054664794893e-18
5.000867824531281804e+04 6.535514525301749276e-18
5.000915535805813852e+04 1.174659720484153475e-17
5.000947742850470240e+04 1.395154108924399607e-17
5.000953874130321492e+04 1.092680760728599917e-18
5.001007364165323088e+04 3.433207194188353153e-18
5.001061558700870955e+04 4.875096789045063406e-18
5.001082606665304775e+04 3.607934153510506245e-15
5.001096463761923224e+04 2.143727709663098462e-20
5.001116882622709090e+04 1.877473024382453665e-18
5.001187898275803309e+04 2.183570012846373821e-19
5.001222566455507331e+04 3.295478108234303288e-15
5.001226569257149094e+04 1.180452638803590477e-17
5.001288856628749636e+04 1.489083946034439182e-16
5.001296981895980571e+04 5.383253358423368515e-17
5.001332482946918026e+04 2.793795263375081453e-16
5.001364366664874251e+04 1.089291673447729347e-17
5.001437764950237033e+04 1.742105316768482259e-17
5.001485786325866502e+04 8.119520064387027645e-19
5.001502902732155781e+04 3.699609499746543695e-17
5.001510775376281526e+04 1.334701604616302869e-15
5.001511312694460503e+04 3.878212610047582597e-17
5.001604388858417951e+04 4.136984667859819991e-20
5.001629221646607766e+04 3.570563292148836842e-19
5.001652952178505075e+04 1.252554767639074501e-14
5.001667483188299229e+04 5.750265970789956495e-18
5.001694962206516357e+04 1.729103286617265370e-16
5.001723940045948257e+04 2.122621369958624705e-17
5.001758230834935966e+04 1.312276100128393253e-17
5.001803308853319322e+04 3.069702613820524325e-17
5.001833618668362033e+04 1.197987174194898635e-19
5.001868113138306217e+04 3.865546805880435284e-16
5.001908099790541019e+04 2.576413991123204885e-18
5.001935795120743569e+04 9.043604774406193233e-15
5.001946030993957538e+04 8.738330893284565436e-17
5.002007364278208843e+04 2.362817475843798516e-18
5.002012996771579492e+04 5.868415981799074747e-18
5.002070744930547517e+04 4.235843281829816746e-18
5.002083208066484076e+04 4.909604084001965840e-14
5.002087871753727813e+04 8.207473873210665474e-20
5.002141548398478335e+04 2.553656986791684646e-18
5.002147107874657377e+04 2.431397181508533327e-16
5.002185815290761093e+04 4.015497431269302251e-18
5.002222567633687140e+04 1.532794398630258410e-16
5.002248473775292223e+04 8.069010433474699509e-19
5.002276995259352407e+04 1.851413736387146113e-19
5.002298208624969266e+04 9.976488620453509950e-17
5.002329017662047409e+04 4.815796682362424911e-18
5.002354734877309966e+04 3.400164074207117157e-15
5.002387736786883033e+04 1.600512358306155663e-16
5.002401842314731766e+04 3.664981831306805929e-18
5.002437771022816742e+04 2.267055852599299602e-15
5.002447704532352509e+04 2.713288191109435602e-19
5.002491229993336310e+04 2.468059632354244088e-17
5.002513052376658015e+04 1.307344100988680665e-13
5.002563811837661342e+04 9.964144138446364852e-17
5.002568330864071322e+04 2.385291767887454339e-17
5.002606505277522228e+04 4.418580519610815761e-20
5.002652974535700196e+04 9.449510029754004693e-13
5.002662677150328818e+04 4.058884004047612794e-19
5.002722318089914188e+04 8.569424662016020296e-17
5.002727688813091663e+04 3.047086412144637325e-15
5.002767239005312149e+04 3.529128258660654734e-16
5.002778053058776277e+04 7.045581258197442702e-18
5.002799282418171060e+04 1.788067441317489504e-17
5.002849912377687724e+04 2.553873616445531711e-17
5.002868179601526208e+04 2.387098333370032800e-16
5.002896589676608710e+04 1.385962552185311924e-16
5.002941802069364348e+04 7.464585384701514869e-14
5.002957901902539743e+04 2.598617846187872770e-16
5.002970531865028897e+04 3.898918498144050504e-17
5.002986642736186332e+04 1.632191154393178256e-16
5.003003667196393508e+04 3.001226087201845686e-18
5.003007364450168825e+04 8.058418872905134809e-15
5.003083391613462300e+04 1.314211782330438769e-12
5.003095073910553037e+04 9.478016973267992324e-21
5.003137982320461015e+04 1.438683504740535833e-17
5.003150875937768433e+04 8.515850186556785972e-17
5.003155772342025739e+04 1.136870268606475459e-15
5.003185578125813481e+04 4.691345340802946459e-17
5.003222570128038933e+04 7.528621423049972091e-12
5.003238522534980439e+04 6.212882278811167870e-18
5.003286894385409687e+04 4.516326046678659306e-18
5.003298629471652384e+04 3.498293453951955672e-14
5.003336999131520133e+04 7.057955658358333277e-19
5.003366964292047487e+04 1.777496071318680112e-15
5.003375528021638456e+04 3.939873720133018597e-16
5.003389696090779034e+04 1.804282396439328917e-18
5.003437788862858724e+04 8.882642436474107955e-16
5.003498043557415076e+04 2.270257607128901264e-15
5.003513964859193948e+04 1.785408220252231022e-12
5.003564322373192408e+04 1.417588146880253027e-17
5.003578339028041955e+04 9.042390837338874963e-19
5.003581712100494769e+04 8.682789114304421246e-17
5.003653054426651215e+04 6.133358984960912414e-12
5.003657754558784654e+04 4.171005004433266802e-18
5.003691132232680684e+04 2.778629086835422150e-17
5.003725064391439082e+04 7.951713467416243438e-16
5.003729600154162472e+04 1.893577640618976797e-14
5.003774516398642299e+04 2.121401714048251390e-17
5.003793606864839967e+04 8.026405620315948653e-16
5.003818614460361277e+04 1.628813922568500861e-18
5.003868436324542563e+04 3.061690449628613485e-13
5.003881577617032599e+04 3.835318856668201984e-18
5.003893941336587886e+04 1.006366329817169081e-19
5.003945207053791819e+04 1.908867288737383914e-14
5.003953050039998925e+04 4.432383220124435149e-18
5.003988781050374382e+04 6.241184097715232620e-19
5.004007372048618709e+04 8.111340599445166882e-17
5.004008310603560676e+04 3.869132019810881410e-18
5.004034529071350698e+04 4.265034836159744843e-17
5.004084051490060665e+04 4.188779743878406768e-11
5.004140135296616063e+04 9.322896461534266420e-18
5.004149249345912540e+04 7.660476692662180105e-18
5.004161451532594219e+04 7.245342898798979763e-16
5.004217457037432177e+04 3.810499603755370432e-16
5.004222618576763489e+04 2.220902433775987799e-12
5.004239661460887874e+04 2.733597700965375721e-19
5.004300081733368279e+04 3.190808949953942248e-13
5.004300607600200601e+04 1.544527243991442691e-15
5.004324198911827989e+04 3.221836024308352109e-17
5.004342158988304436e+04 5.860320005794819474e-18
5.004378356942193932e+04 1.161110369798073125e-14
5.004390340900774754e+04 5.118528354335771034e-19
5.004430180132141686e+04 1.032316173206457293e-17
5.004437962630487891e+04 1.947656906191013131e-12
5.004464835329808557e+04 5.381358424192096306e-18
5.004507662228911795e+04 1.861320851588731213e-17
5.004516808740856504e+04 1.569252520709165157e-13
5.004531602649171691e+04 4.554180197671515453e-19
5.004596007312688744e+04 5.924663596885910220e-18
5.004600987612100289e+04 2.252311208849090989e-17
5.004639637908960140e+04 1.652362567434299546e-14
5.004653607019050105e+04 9.117832787466796760e-10
5.004694674967780884e+04 4.828075775554909708e-17
5.004734573428086151e+04 3.786080229963423813e-15
5.004736273599671404e+04 3.919762131250602489e-18
5.004775795390304847e+04 6.010458627034545540e-17
5.004815304702645517e+04 1.069068977338269257e-14
5.004838234297847521e+04 4.949226291442089199e-19
5.004849892622350308e+04 2.077740758020486901e-16
5.004870047901209182e+04 4.530624664856710469e-12
5.004895309310495941e+04 1.518387110348592442e-17
5.004953811993499403e+04 8.853723026070150318e-14
5.004976295806316921e+04 6.606816437725764568e-18
5.005002533503560699e+04 4.802561693963313320e-18
5.005007602295124525e+04 1.771220454843493288e-11
5.005036081079731957e+04 1.398730408022325540e-16
5.005044055302456400e+04 1.414817827962006778e-18
5.005054852276350721e+04 2.598727429175656422e-16
5.005088011067609477e+04 2.349903969009743177e-12
5.005157130722044531e+04 1.037724145623971075e-21
5.005174931936137727e+04 7.220420521121617815e-17
5.005201781314508844e+04 1.288448333825662574e-15
5.005224126170190721e+04 1.617903521162332371e-08
5.005257965274658636e+04 8.501051154738766489e-14
5.005260672513352620e+04 5.802922268119539178e-17
5.005298998404984013e+04 1.456104147401780484e-17
5.005308302882390126e+04 8.038600975703188647e-14
5.005343795032078924e+04 4.476555736799612760e-19
5.005398264256407856e+04 8.096491670779656280e-14
5.005421073289407650e+04 2.499489289005647329e-19
5.005443318209081917e+04 3.828811693909704027e-11
5.005453175391050900e+04 1.062335858164128071e-16
5.005480728617191926e+04 4.638642312126005337e-16
5.005481260877944442e+04 4.095987064919676269e-16
5.005509149387945945e+04 1.133404993058024504e-19
5.005531630815479730e+04 9.233861457917022408e-13
5.005567133994623873e+04 1.730476381868849836e-20
5.005604351404691988e+04 9.912482334632933921e-17
5.005622435000836413e+04 6.112233311477914261e-16
5.005626139479244739e+04 1.098881581586212450e-15
5.005665936522346601e+04 2.484585364006218314e-13
5.005693960538406100e+04 2.189911826032568235e-18
5.005703477553342236e+04 2.393202629573376762e-15
5.005728344284983905e+04 2.513287207107644322e-16
5.005758495159971790e+04 2.172593683811651763e-14
5.005784571581699856e+04 1.041818755550339827e-18
5.005806799369872897e+04 1.828655711561872721e-17
5.005852711456557154e+04 1.841991427189503637e-14
5.005889830483688274e+04 1.044810519796169649e-18
5.005892819013584813e+04 7.245707924954817374e-14
5.005931258098481339e+04 1.895495282998547221e-16
5.005977980860418029e+04 4.401678335203420377e-17
5.005989152036188170e+04 5.001622226496543726e-13
5.006001624266535509e+04 1.349916900695332151e-17
5.006010618882315612e+04 1.079299005790587046e-11
5.006026900639083033e+04 7.454366436934440561e-18
5.006083842190240830e+04 5.675912842920831110e-16
5.006124536558047112e+04 1.756226305947285427e-11
5.006149611122866190e+04 2.639359839611754918e-20
5.006155877337742277e+04 5.316247289420397171e-17
5.006175335939296929e+04 1.278033087200067134e-17
5.006196641276183072e+04 5.907441038279405041e-17
5.006223639237949828e+04 4.382439260745974096e-14
5.006231458369948814e+04 3.875064804944822486e-11
5.006241564727165678e+04 9.776964195569830693e-18
5.006317434109695751e+04 2.029541692552403519e-16
5.006334948675194028e+04 2.042832538164010175e-17
5.006353484781649604e+04 4.466743934342827579e-18
5.006361309524016542e+04 8.682222852510068527e-14
5.006390544399963983e+04 1.991804367045784190e-17
5.006427726391996839e+04 2.953576563565404228e-18
5.006461985911532247e+04 7.895091063197885988e-15
5.006465020287414518e+04 8.467048152665467241e-13
5.006509515734831075e+04 1.424692658603016685e-17
5.006513053302858316e+04 1.869329203005789292e-17
5.006553805786454905e+04 3.042254535712872182e-17
5.006602992508358875e+04 2.682379138796712071e-13
5.006614936263841810e+04 7.937392939540199255e-16
5.006653929963501287e+04 4.720624193563843063e-17
5.006703861229225004e+04 1.202104587689149024e-12
5.006708170673021959e+04 4.916422387416978948e-12
5.006708834472586750e+04 1.137100334644074497e-10
5.006739226676293038e+04 3.287014940997878021e-16
5.006792005684385367e+04 4.892091896857327085e-14
5.006827252915692225e+04 9.363992310820795177e-18
5.006849390357993252e+04 2.618424343292533115e-15
5.006851756145837135e+04 1.917703150998403322e-16
5.006923825771310658e+04 5.778565852240085023e-16
5.006937530831618642e+04 1.305714048490420124e-16
5.006949348330443900e+04 1.068354351154725479e-13
5.006960734830016008e+04 3.212941927752249355e-13
5.006998453993897419e+04 4.493490395594047367e-18
5.007010036295140890e+04 1.431939955192850568e-16
5.007036183787811024e+04 5.082974941372374747e-16
5.007051177768209891e+04 2.607681066690795860e-16
5.007100286319393490e+04 2.468346795782766614e-13
5.007143204838486417e+04 1.366239369630841550e-16
5.007183380172473699e+04 8.396980299381831481e-18
5.007194467464241461e+04 1.922830581871308399e-16
5.007198394593122066e+04 6.306615419375690894e-16
5.007219038884260226e+04 6.218008915207304400e-15
5.007221243266501551e+04 1.976150377140328293e-16
5.007243794624083239e+04 7.521593283631382869e-18
5.007277702728679287e+04 4.166108075736067689e-17
5.007352039695480926e+04 6.187935591495315163e-16
5.007356067133352917e+04 1.435323414214750497e-15
5.007386367390623491e+04 1.533137458940631651e-18
5.007438097370205651e+04 9.329952528504238387e-17
5.007451987868870492e+04 2.182996370100186061e-16
5.007482422669307562e+04 1.544461813162448631e-15
5.007516590312238986e+04 2.287296342482539838e-17
5.007547165831855091e+04 3.738364254920741959e-18
5.007581479805277922e+04 3.988160251140207383e-17
5.007613061052175908e+04 2.360232478620138746e-15
5.007701502708683256e+04 4.659390008137412372e-17
5.007731106571115379e+04 4.771816469789047781e-18
5.007738458609322697e+04 5.785687356957204956e-15
5.007749978549006482e+04 1.032408414658032210e-13
5.007767784058126563e+04 1.086050744404821241e-14
5.007798735598198255e+04 6.597896546893632682e-18
5.007873841624509078e+04 8.086152619170790710e-19
5.007899216798230191e+04 2.420485642252096635e-18
5.007929973735442763e+04 2.595782087814240613e-17
5.007955817928515171e+04 6.536577772912318676e-16
5.007974849415566132e+04 1.700339832540091012e-16
5.008003013410837593e+04 3.758819455279934671e-17
5.008017990003626619e+04 1.657218137199041210e-16
5.008026108986864710e+04 4.176998372832187975e-16
5.008094836802364443e+04 1.061893526518177099e-19
5.008121333312753268e+04 1.295860513314373751e-17
5.008138107241525722e+04 6.392831623890493062e-16
5.008152579420324037e+04 2.016286036973139975e-18
5.008209161631985626e+04 5.306942182624820312e-18
5.008241549065157596e+04 3.208138159739059564e-18
5.008253828642605367e+04 6.374954992331571721e-18
5.008289720164588653e+04 1.930892913897207131e-18
5.008298127500145347e+04 3.952213187367207346e-17
5.008330633466593281e+04 6.712575839620193280e-20
5.008403705613538477e+04 8.098093256580397928e-18
5.008453471403997537e+04 2.075858395580648747e-18
5.008480522938672220e+04 5.199036425269459801e-20
5.008489701781636541e+04 2.325429987321702128e-18
5.008513567131198215e+04 1.111086823789104378e-19
5.008539812358104973e+04 4.808073556652834036e-22
5.008574173892213730e+04 6.515775955577270270e-19
5.008647052132220415e+04 1.012532651653191107e-19
5.008671381544157339e+04 1.273825362301125619e-17
5.008715152337138716e+04 2.192027920056551391e-20
5.008740186896503292e+04 2.775153267707046563e-20
5.008767200905671052e+04 4.688451629931548211e-19
5.008814974563632859e+04 6.753044403300574976e-20
5.008851945873401564e+04 1.105041022821604706e-16
5.008875079182838817e+04 3.923580435251958350e-19
5.008916874372471648e+04 1.213692973431890381e-20
5.008942093643129192e+04 5.008003574509017547e-20
5.008987052386312280e+04 3.593301431568797085e-18
5.009011485446104052e+04 2.818426792959076606e-19
5.009037526870806323e+04 1.046956592886462365e-18
5.009099965485429857e+04 1.208144078994441646e-21
5.009120674850080104e+04 1.690280798661304881e-20
5.009132216167212027e+04 8.553817575990669028e-19
5.009155881053058692e+04 8.529182765979170160e-22
5.009212828574421292e+04 9.711743886818318169e-19
5.009264496768223762e+04 1.645239698166325519e-19
5.009273290128125518e+04 1.409983764901427134e-20
5.009339741171973583e+04 3.761194289471932937e-22
5.009349303671802045e+04 2.392651151130801780e-22
5.009371119432157866e+04 9.286558697147540647e-22
5.009410448117739725e+04 1.932728926801680119e-19
5.009416733922207641e+04 8.217991095458934527e-20
5.009490689718466456e+04 1.537205293868565840e-20
5.009537990055434057e+04 5.468858345969604317e-20
5.009568664755814098e+04 5.925096030009230529e-22
5.009598528436964989e+04 9.494392834343729853e-24
5.009642443010034913e+04 2.272897977574998844e-22
5.009687099673422199e+04 6.566648319450057505e-23
5.009694882288884401e+04 4.792370961210916379e-23
5.009764795674636844e+04 4.531506215187453108e-20
5.009788704171323479e+04 9.892479081717707977e-24
5.009828640976228780e+04 3.058475871224519964e-22
5.009839877888612682e+04 3.747134100738228906e-23
5.009910335046085675e+04 4.959618860433309751e-23
5.009955409650373622e+04 9.616686656258806826e-21
5.009972072595138889e+04 6.844885653046246444e-20
5.010028355843792087e+04 4.596051154527012122e-21
5.010040501696810679e+04 1.323947739906300276e-20
5.010057541048867279e+04 1.267811949643764858e-21
5.010090017737224844e+04 1.119299273465203713e-20
5.010189860938260972e+04 2.473267903095482231e-22
5.010241472437964694e+04 4.884170710182855526e-22
5.010289984685427771e+04 3.580580146836076487e-24
5.010321594352028478e+04 1.909716191535741352e-21
5.010333283364444651e+04 1.028319468224880301e-22
5.010421983231977356e+04 1.135848584959621554e-24
5.010457250354385906e+04 2.116003282763172007e-23
5.010507122460734536e+04 2.321997140808330694e-22
5.010585861827432382e+04 1.106948239524806552e-23
5.010593137243366800e+04 4.518229654197377612e-22
5.010598163968110021e+04 3.364218289322797226e-23
5.010604486751552031e+04 1.648582167408080123e-22
5.010670455588089681e+04 1.194380275133889732e-23
5.010718142569657357e+04 3.551908133839106376e-23
5.010739364996171935e+04 0.000000000000000000e+00
5.010814871732050960e+04 0.000000000000000000e+00
5.010856263786902855e+04 0.000000000000000000e+00
5.010868997169617069e+04 0.000000000000000000e+00
5.010882845160680881e+04 1.345055807832565179e-22
5.010921369506071642e+04 0.000000000000000000e+00
5.010996526403172902e+04 0.000000000000000000e+00
5.011090235824607225e+04 4.238455645826607336e-23
5.011139597592448263e+04 0.000000000000000000e+00
5.011163583126357116e+04 4.348859966992774860e-24
5.011196097976332385e+04 2.517309455191785925e-23
5.011208699254834210e+04 2.266659810520550151e-23
5.011330867070464592e+04 0.000000000000000000e+00
5.011346555080291728e+04 0.000000000000000000e+00
5.011410609999852022e+04 0.000000000000000000e+00
5.011438768558363518e+04 1.483140431296944006e-24
5.011465150493841065e+04 0.000000000000000000e+00
5.011474470142728387e+04 0.000000000000000000e+00
5.011581022872642643e+04 0.000000000000000000e+00
5.011590534721807489e+04 0.000000000000000000e+00
5.011628226502770849e+04 0.000000000000000000e+00
5.011724189804944763e+04 0.000000000000000000e+00
5.011746567021993542e+04 1.513838287565608913e-24
5.011845634006332693e+04 0.000000000000000000e+00
5.011877777086779679e+04 0.000000000000000000e+00
5.011934427775592485e+04 0.000000000000000000e+00
5.012006934699134581e+04 0.000000000000000000e+00
5.012044036853370199e+04 0.000000000000000000e+00
5.012080613008156070e+04 0.000000000000000000e+00
5.012094391189493035e+04 0.000000000000000000e+00
5.012151179576561844e+04 0.000000000000000000e+00
5.012209661594563659e+04 0.000000000000000000e+00
5.012292372797479766e+04 0.000000000000000000e+00
5.012309574181692733e+04 0.000000000000000000e+00
5.012334675660193170e+04 0.000000000000000000e+00
5.012364248101694102e+04 0.000000000000000000e+00
5.012379049071789632e+04 0.000000000000000000e+00
5.012560035194679949e+04 0.000000000000000000e+00
5.012579198035172158e+04 0.000000000000000000e+00
5.012596281579226343e+04 0.000000000000000000e+00
5.012648171430916409e+04 0.000000000000000000e+00
5.012742178885555040e+04 0.000000000000000000e+00
5.012842547889523848e+04 0.000000000000000000e+00
5.012854773903513706e+04 0.000000000000000000e+00
5.012929561530715000e+04 0.000000000000000000e+00
5.012984967123910610e+04 0.000000000000000000e+00
5.013031766933960171e+04 0.000000000000000000e+00
5.013083295243767498e+04 0.000000000000000000e+00
5.013131892202130985e+04 0.000000000000000000e+00
5.013232536807767610e+04 0.000000000000000000e+00
5.013292149042445817e+04 0.000000000000000000e+00
5.013363815142735257e+04 0.000000000000000000e+00
5.013415810564892308e+04 0.000000000000000000e+00
5.013480508462724538e+04 0.000000000000000000e+00
5.013526717904330872e+04 0.000000000000000000e+00
5.013686336638108332e+04 0.000000000000000000e+00
5.013703119954084104e+04 0.000000000000000000e+00
5.013721271828365570e+04 0.000000000000000000e+00
5.013768321537646261e+04 0.000000000000000000e+00
5.013779766609086073e+04 0.000000000000000000e+00
5.013865246117813513e+04 0.000000000000000000e+00
5.013991714257265994e+04 0.000000000000000000e+00
5.014020756985629123e+04 0.000000000000000000e+00
5.014068339801306865e+04 0.000000000000000000e+00
5.014158766454789293e+04 0.000000000000000000e+00
5.014199497850897023e+04 0.000000000000000000e+00
5.014280334320561815e+04 0.000000000000000000e+00
5.014463257263147534e+04 0.000000000000000000e+00
5.014493130498128448e+04 0.000000000000000000e+00
5.014516490223910660e+04 0.000000000000000000e+00
5.014580950590428256e+04 0.000000000000000000e+00
5.014767523600489221e+04 0.000000000000000000e+00
5.014809489598436630e+04 0.000000000000000000e+00
5.014878116513749410e+04 0.000000000000000000e+00
5.014958309759959957e+04 0.000000000000000000e+00
5.015175817103368172e+04 0.000000000000000000e+00
5.015256572695052455e+04 0.000000000000000000e+00
5.015298546325534699e+04 0.000000000000000000e+00
5.015422356788336765e+04 0.000000000000000000e+00
5.015483230089738208e+04 0.000000000000000000e+00
5.015590684494454763e+04 0.000000000000000000e+00
5.015611294792181434e+04 0.000000000000000000e+00
5.015733284978593292e+04 0.000000000000000000e+00
5.015794921286302997e+04 0.000000000000000000e+00
5.015812777744638151e+04 0.000000000000000000e+00
5.015926379811480001e+04 0.000000000000000000e+00
5.016115329139373353e+04 0.000000000000000000e+00
5.016186419865854987e+04 0.000000000000000000e+00
5.016355451718645054e+04 0.000000000000000000e+00
5.016499774690288177e+04 0.000000000000000000e+00
5.016569695433083689e+04 0.000000000000000000e+00
5.016675157452456915e+04 0.000000000000000000e+00
5.016884511384448706e+04 0.000000000000000000e+00
5.017015106988405023e+04 0.000000000000000000e+00
5.017314385027877870e+04 0.000000000000000000e+00
5.017364474686322501e+04 0.000000000000000000e+00
5.017521540795661713e+04 0.000000000000000000e+00
5.017654195893814176e+04 0.000000000000000000e+00
5.017674649470728764e+04 0.000000000000000000e+00
5.017854735038356739e+04 0.000000000000000000e+00
5.017989481582913868e+04 0.000000000000000000e+00
5.018265309973208059e+04 0.000000000000000000e+00
5.018339009126588644e+04 0.000000000000000000e+00
5.018601208846889494e+04 0.000000000000000000e+00
5.018678541891957866e+04 0.000000000000000000e+00
5.019708094146552321e+04 0.000000000000000000e+00
5.019757701660731254e+04 0.000000000000000000e+00
5.020057948772164673e+04 0.000000000000000000e+00
5.020106457021283131e+04 0.000000000000000000e+00
