-5.000005080695210199e+04 5.180175830114453384e-06
-4.999816648477772105e+04 3.260254083421284862e-08
-4.999646992928303371e+04 1.596118057716624876e-04
-4.999496573753087432e+04 3.808178033418482196e-07
-4.999364383019418892e+04 2.271046217392928346e-04
-4.999248156307625322e+04 4.681774326451222124e-07
-4.999145114718373952e+04 5.839955424472367479e-06
-4.999052323288847401e+04 4.543035405010186269e-07
-4.998993884189422533e+04 8.203337306349136284e-06
-4.998967268786678324e+04 8.160898666694700620e-05
-4.998888039552179544e+04 7.289454218792471310e-07
-4.998813047873969481e+04 5.946528286781488540e-07
-4.998782674361050158e+04 1.560799326166641917e-06
-4.998740324497941765e+04 9.360289251896347051e-07
-4.998673428912304371e+04 2.754403607420740220e-04
-4.998606081388067105e+04 1.518104955661562925e-05
-4.998569248177584814e+04 1.665710294625308632e-02
-4.998540420627278218e+04 6.255447544347510127e-05
-4.998476141742642358e+04 1.145675777817331532e-06
-4.998412327414096944e+04 4.154120331568994127e-05
-4.998368856968015461e+04 1.802941581751307942e-06
-4.998339340976612584e+04 1.423240693882743966e-06
-4.998290176109799359e+04 1.007630601906699301e-05
-4.998227690928990341e+04 1.536599629239726907e-07
-4.998163507061359269e+04 3.829010410447911404e-06
-4.998146317551760876e+04 1.718655128342031315e-04
-4.998099982666561118e+04 1.930121502275046286e-07
-4.998027623684421997e+04 3.058946748649282743e-06
-4.997989684850157209e+04 9.819092476935773472e-01
-4.997977492463937233e+04 3.947090771594362210e-05
-4.997920705450059904e+04 1.116214880088051465e-07
-4.997891316385709069e+04 2.841734430334540913e-05
-4.997820314095857611e+04 5.835453400129636716e-07
-4.997770185633309302e+04 6.520235558428885095e-05
-4.997723507908662577e+04 6.513757022422159056e-06
-4.997718775350064971e+04 1.257354867815357630e-04
-4.997646644242020557e+04 2.576266622539455725e-08
-4.997539140173117630e+04 4.726900613128166946e-08
-4.997536680318697472e+04 1.536041364431924871e-06
-4.997522283249482280e+04 2.662835063250990202e-10
-4.997439540841698181e+04 1.068870091874821856e-08
-4.997352763419388793e+04 1.161391726640383656e-06
-4.997298473029822344e+04 5.026542315658963724e-08
-4.997260777145127940e+04 9.328256152060186862e-07
-4.997248894641976949e+04 1.071636471108463538e-07
-4.997101372618063760e+04 3.359149546099110161e-07
-4.997061877716377057e+04 2.480782928320029631e-07
-4.997050865800966858e+04 8.128885830350269148e-05
-4.997004834891846258e+04 1.988263645263652655e-08
-4.996848484164820547e+04 7.428837732595453150e-07
-4.996812322905159090e+04 3.809336031544828756e-09
-4.996800378988205193e+04 1.822108807392211356e-08
-4.996713737454081274e+04 2.520794816002785869e-10
-4.996633491047885764e+04 7.843013033347651683e-10
-4.996549018319378229e+04 3.562917113670752361e-08
-4.996505760133633157e+04 1.107248342736726979e-09
-4.996408176374237519e+04 1.769301701433216851e-08
-4.996397257338227064e+04 1.658282717655266809e-10
-4.996294709961611807e+04 1.829618353533599063e-11
-4.996193419527767401e+04 4.599533854275188981e-12
-4.996138035883358680e+04 1.064231375606719793e-09
-4.996043598426878452e+04 2.893730285324382623e-08
-4.996009471611577465e+04 3.010018945153616092e-11
-4.995947511681711330e+04 1.112575861779808192e-08
-4.995817183325753285e+04 3.368615648283127015e-12
-4.995725072485964483e+04 3.672902528559626681e-11
-4.995711714713817491e+04 5.104889003704884912e-12
-4.995583489273607120e+04 4.548899050712571660e-13
-4.995574045464119990e+04 1.342812621999134366e-14
-4.995441045127566758e+04 1.229635123960805141e-10
-4.995358860323305271e+04 1.365197294029249573e-13
-4.995243874571299966e+04 1.423024119041999889e-12
-4.995186336983690126e+04 3.198705737619409405e-14
-4.995095375665806932e+04 1.126515931826267212e-11
-4.995092863808741822e+04 4.568433124278987635e-14
-4.994914215025197336e+04 2.005244159098475100e-11
-4.994879462668142514e+04 1.900453682029320693e-15
-4.994693225242244807e+04 4.013727424076444244e-14
-4.994652986673060514e+04 1.871324570204723221e-14
-4.994592829754431295e+04 5.487088233802602970e-14
-4.994523562817216589e+04 1.022156033559598513e-17
-4.994389731056553865e+04 6.834074535947180415e-17
-4.994383567619317182e+04 1.815707352453170138e-13
-4.994182046388014714e+04 4.002185385242535147e-14
-4.994127926202360686e+04 9.533650601558848989e-20
-4.993986714172779466e+04 2.510092476943914669e-15
-4.993960431043324934e+04 2.829852489506768163e-17
-4.993827911712276546e+04 1.436209921869904743e-14
-4.993800267320800776e+04 2.875887706024261334e-18
-4.993648398414323310e+04 4.847981857973834038e-16
-4.993586264745359222e+04 1.603242164486277028e-17
-4.993414970095518947e+04 4.386697489438242166e-18
-4.993405969892676512e+04 1.796882261118284397e-16
-4.993180800975942111e+04 1.519780407493830902e-16
-4.993174370530878514e+04 6.967891613772878595e-18
-4.992938864625316637e+04 2.000393360369597566e-17
-4.992919554825007071e+04 4.155602465214764878e-22
-4.992716554915556480e+04 7.610988816466722151e-21
-4.992687014562414697e+04 3.620900210910784278e-18
-4.992633186792692868e+04 2.216855991247273206e-18
-4.992465074036613078e+04 2.741682007825799496e-21
-4.992388163195134257e+04 7.181067910654278548e-21
-4.992289143278824486e+04 1.638999179885930832e-19
-4.992126449137169402e+04 2.689866293366306155e-19
-4.992070920799276792e+04 1.739858159116696456e-22
-4.991972732240750338e+04 4.287528648203218371e-20
-4.991861220664527355e+04 1.266640784871589208e-22
-4.991741306047488615e+04 1.118570373095238204e-22
-4.991603750207219855e+04 6.675432052957812872e-21
-4.991455708214970946e+04 2.521237915079246124e-22
-4.991345419584033516e+04 1.527859252225477496e-23
-4.991219596070275293e+04 0.000000000000000000e+00
-4.991124601818568044e+04 0.000000000000000000e+00
-4.991043854138283496e+04 5.647656003387882986e-22
-4.990886807972403767e+04 0.000000000000000000e+00
-4.990780840700129920e+04 0.000000000000000000e+00
-4.990626753984527750e+04 1.141890240840726393e-23
-4.990495531710643263e+04 0.000000000000000000e+00
-4.990388033178103797e+04 0.000000000000000000e+00
-4.990255445917289035e+04 0.000000000000000000e+00
-4.990230485856461019e+04 0.000000000000000000e+00
-4.989994010171842820e+04 0.000000000000000000e+00
-4.989973616153252078e+04 0.000000000000000000e+00
-4.989744840435115475e+04 0.000000000000000000e+00
-4.989728795228282252e+04 0.000000000000000000e+00
-4.989515713521402358e+04 0.000000000000000000e+00
-4.989502824549425713e+04 0.000000000000000000e+00
-4.989264080546752666e+04 0.000000000000000000e+00
-4.989189858092389477e+04 0.000000000000000000e+00
-4.988915736882403144e+04 0.000000000000000000e+00
-4.988903544207032246e+04 0.000000000000000000e+00
-4.988747912235005060e+04 0.000000000000000000e+00
-4.988645206117998896e+04 0.000000000000000000e+00
-4.988501534599166916e+04 0.000000000000000000e+00
-4.988268935573241470e+04 0.000000000000000000e+00
-4.988012144797692599e+04 0.000000000000000000e+00
-4.987967138147410151e+04 0.000000000000000000e+00
-4.987681294153090857e+04 0.000000000000000000e+00
-4.987663255168419710e+04 0.000000000000000000e+00
-4.987381042310201883e+04 0.000000000000000000e+00
-4.987131176571254036e+04 0.000000000000000000e+00
-4.986862003285516403e+04 0.000000000000000000e+00
-4.986325625114067225e+04 0.000000000000000000e+00
-4.986274856048500078e+04 0.000000000000000000e+00
-4.986022385659125575e+04 0.000000000000000000e+00
-4.985967938678721112e+04 0.000000000000000000e+00
-4.984452185513911536e+04 0.000000000000000000e+00
-4.984383649510666146e+04 0.000000000000000000e+00
-4.984128262701080530e+04 0.000000000000000000e+00
-4.984058681315297872e+04 0.000000000000000000e+00
4.999995275261288771e+04 1.443744798785691115e-16
5.000184395946270524e+04 2.853537440316776482e-13
5.000354676371189271e+04 2.408461924992640414e-13
5.000505710959838325e+04 7.137666076651830479e-10
5.000638556928526668e+04 5.912430056627910583e-13
5.000755506540211354e+04 2.280257388300299957e-15
5.000859337798169872e+04 2.650410534717735116e-13
5.000952980944161391e+04 1.058296821947270487e-10
5.001006873124492995e+04 1.164823151811046802e-12
5.001038925711595220e+04 5.719480673789928636e-13
5.001119085380451725e+04 1.528225184355744614e-12
5.001195013377589203e+04 7.788429163663651357e-12
5.001219681027540355e+04 1.616288250534863369e-08
5.001268546459010395e+04 2.205311962574019391e-10
5.001336443683192192e+04 2.564509331885877757e-15
5.001404788448631007e+04 4.698875826020488723e-13
5.001434497620695038e+04 2.640712061520404031e-12
5.001471379997653275e+04 3.687434930610856903e-17
5.001536634173123457e+04 2.368425651748953498e-13
5.001601319071555190e+04 2.395411144795425489e-16
5.001639018554497306e+04 1.244979479270557264e-13
5.001672315518038522e+04 1.818364118310355113e-14
5.001725042433376802e+04 4.989248987783814948e-15
5.001788440938528220e+04 7.360245782496724815e-14
5.001853196521533391e+04 5.277846577944084304e-15
5.001860267823024333e+04 9.471343985436339344e-15
5.001917337806622527e+04 3.634702141519840645e-14
5.001989579110795603e+04 4.102109652352249405e-14
5.002010743562466087e+04 6.643881817635578092e-13
5.002037917820020084e+04 4.989193199185512953e-12
5.002089209811936598e+04 1.108918285123594581e-11
5.002126288667051267e+04 3.220157070916031183e-14
5.002197681002751779e+04 9.386642377778696613e-14
5.002231136661193887e+04 3.939841886844385069e-11
5.002289568915224663e+04 6.123793986202837094e-15
5.002294576840660011e+04 3.050932024993553910e-15
5.002371105549754429e+04 6.579725095428359581e-14
5.002463476976058882e+04 5.169501171422063967e-14
5.002479602827727649e+04 6.965300640533980581e-14
5.002489994662644312e+04 4.428562848418485592e-13
5.002575657989487809e+04 3.508997946999537174e-14
5.002662629422718601e+04 7.661004260362329796e-15
5.002704994512590201e+04 1.219434717035565456e-10
5.002751667673496559e+04 4.818267786020263965e-14
5.002767753544502193e+04 5.553301970614079885e-13
5.002915695774149208e+04 4.368972563171003908e-15
5.002949589584309433e+04 6.647474975516601345e-13
5.002953875881159183e+04 1.256734267281342974e-15
5.003012154264620040e+04 6.924881135224218939e-16
5.003163597829623905e+04 6.447764436013456178e-16
5.003204213280212571e+04 2.034204520989099121e-16
5.003205754863225593e+04 2.534582301116167813e-15
5.003302087355837284e+04 1.674991881258865894e-16
5.003380615882953134e+04 1.045456855449896373e-14
5.003458762265849509e+04 1.123434715840040607e-16
5.003510127062006359e+04 1.169058323597288302e-17
5.003606238185217808e+04 7.831392787836877521e-20
5.003618131892517704e+04 1.298789149533762600e-15
5.003714884184017137e+04 1.254271427012516779e-13
5.003821182991480600e+04 2.161920437915494216e-14
5.003876252756144095e+04 3.068808320650134855e-17
5.003968609992518759e+04 1.928148085285349671e-17
5.004005098160108173e+04 1.958064701078533245e-16
5.004067106025253452e+04 1.998697616194304215e-17
5.004198275459651632e+04 2.447073680638583047e-17
5.004290376178942824e+04 7.562783536448819586e-18
5.004301734880267759e+04 1.177939839455534264e-16
5.004431022864994884e+04 2.698290216309207767e-18
5.004442853518625634e+04 2.724505407797581136e-19
5.004572450839451631e+04 3.853445788558389759e-22
5.004659436604048096e+04 5.603055865182290107e-17
5.004769515802145906e+04 4.498011861043144441e-20
5.004827368706214475e+04 1.303442571594924664e-16
5.004920958581745072e+04 2.075276978207564290e-18
5.004924652397700265e+04 7.342557567076553348e-22
5.005100763121982891e+04 9.765360315073808902e-20
5.005141757308977685e+04 7.651035171178237553e-19
5.005323929878549097e+04 1.367398029482847735e-21
5.005363070868948125e+04 4.165393034491486354e-19
5.005428671548192506e+04 1.353714260050666808e-21
5.005491467716267653e+04 5.084888242229820405e-20
5.005632585875044606e+04 3.890804380522836252e-20
5.005633007111222832e+04 4.188556521127269443e-20
5.005838692831350636e+04 3.764546714174835300e-22
5.005890041224475135e+04 1.647364989915222205e-19
5.006033492361305980e+04 1.356049438185954291e-22
5.006058577670049999e+04 1.315403629657939466e-20
5.006186622806292144e+04 9.295789864606998664e-23
5.006219766332003928e+04 6.102001765503460118e-22
5.006375199274493207e+04 6.274788219278029467e-24
5.006430509347597399e+04 7.139394777423207947e-22
5.006610120846347127e+04 4.102663461668119398e-22
5.006619440571445739e+04 2.413093809546306008e-23
5.006844122802367201e+04 8.265603001429296140e-24
5.006852775828623271e+04 2.082700786455439474e-22
5.007086458033337840e+04 0.000000000000000000e+00
5.007105672878866608e+04 7.005598992423748541e-23
5.007309098933431960e+04 0.000000000000000000e+00
5.007335240827911912e+04 0.000000000000000000e+00
5.007397471111251070e+04 0.000000000000000000e+00
5.007559644018841936e+04 2.014261277741225397e-24
5.007641189778030093e+04 0.000000000000000000e+00
5.007734264166839421e+04 0.000000000000000000e+00
5.007902226312740822e+04 0.000000000000000000e+00
5.007954865245422116e+04 0.000000000000000000e+00
5.008063589003647940e+04 0.000000000000000000e+00
5.008167885301373462e+04 0.000000000000000000e+00
5.008295787865018065e+04 0.000000000000000000e+00
5.008427783351180551e+04 0.000000000000000000e+00
5.008577877108564280e+04 0.000000000000000000e+00
5.008687591655679716e+04 0.000000000000000000e+00
5.008815051072774804e+04 0.000000000000000000e+00
5.008915517911774805e+04 0.000000000000000000e+00
5.008989123095309333e+04 0.000000000000000000e+00
5.009153717633689666e+04 0.000000000000000000e+00
5.009252388953835180e+04 0.000000000000000000e+00
5.009413075476396625e+04 0.000000000000000000e+00
5.009544280424131284e+04 0.000000000000000000e+00
5.009652312145503674e+04 0.000000000000000000e+00
5.009786256371735362e+04 0.000000000000000000e+00
5.009810446953629435e+04 0.000000000000000000e+00
5.010041415805611177e+04 0.000000000000000000e+00
5.010064406245026476e+04 0.000000000000000000e+00
5.010298826616052975e+04 0.000000000000000000e+00
5.010310088694722072e+04 0.000000000000000000e+00
5.010531475089574815e+04 0.000000000000000000e+00
5.010548700384557014e+04 0.000000000000000000e+00
5.010788442943029077e+04 0.000000000000000000e+00
5.010846113208181487e+04 0.000000000000000000e+00
5.011120404530116502e+04 0.000000000000000000e+00
5.011132425283286284e+04 0.000000000000000000e+00
5.011315973325219238e+04 0.000000000000000000e+00
5.011392907110383385e+04 0.000000000000000000e+00
5.011557100068929140e+04 0.000000000000000000e+00
5.011809595351983444e+04 0.000000000000000000e+00
5.012057734953701583e+04 0.000000000000000000e+00
5.012071038552965183e+04 0.000000000000000000e+00
5.012355830446977052e+04 0.000000000000000000e+00
5.012376797893580806e+04 0.000000000000000000e+00
5.012658000901588821e+04 0.000000000000000000e+00
5.012960895895905560e+04 0.000000000000000000e+00
5.013220099285913602e+04 0.000000000000000000e+00
5.013710386351004854e+04 0.000000000000000000e+00
5.013760455633805395e+04 0.000000000000000000e+00
5.014010253007349093e+04 0.000000000000000000e+00
5.014064611031645472e+04 0.000000000000000000e+00
5.015579141542188881e+04 0.000000000000000000e+00
5.015651288981621474e+04 0.000000000000000000e+00
5.015901635437785444e+04 0.000000000000000000e+00
5.015973002994594572e+04 0.000000000000000000e+00
