-5.007005147289463639e+04 0.000000000000000000e+00
-5.006816854245070863e+04 0.000000000000000000e+00
-5.006816605025363970e+04 0.000000000000000000e+00
-5.006815022503094951e+04 0.000000000000000000e+00
-5.006735858340108098e+04 0.000000000000000000e+00
-5.006734294633369427e+04 0.000000000000000000e+00
-5.006647778948604537e+04 0.000000000000000000e+00
-5.006499296042180504e+04 0.000000000000000000e+00
-5.006372601103341003e+04 0.000000000000000000e+00
-5.006320212333289237e+04 0.000000000000000000e+00
-5.006318535057154077e+04 0.000000000000000000e+00
-5.006267965419609391e+04 0.000000000000000000e+00
-5.006257099717712845e+04 0.000000000000000000e+00
-5.006253860990557587e+04 0.000000000000000000e+00
-5.006183563587893877e+04 0.000000000000000000e+00
-5.006130195872348850e+04 0.000000000000000000e+00
-5.006083944598407106e+04 0.000000000000000000e+00
-5.006052831926408544e+04 0.000000000000000000e+00
-5.006006172180146677e+04 0.000000000000000000e+00
-5.005993833722598356e+04 0.000000000000000000e+00
-5.005971123414506292e+04 0.000000000000000000e+00
-5.005900504776856542e+04 0.000000000000000000e+00
-5.005856550909767248e+04 0.000000000000000000e+00
-5.005784164062773925e+04 0.000000000000000000e+00
-5.005771963219478494e+04 0.000000000000000000e+00
-5.005723187815254641e+04 0.000000000000000000e+00
-5.005625563332641468e+04 0.000000000000000000e+00
-5.005575334732278861e+04 0.000000000000000000e+00
-5.005568800898260088e+04 0.000000000000000000e+00
-5.005456726488547429e+04 0.000000000000000000e+00
-5.005398644274181424e+04 0.000000000000000000e+00
-5.005372299385595397e+04 0.000000000000000000e+00
-5.005261957045017334e+04 0.000000000000000000e+00
-5.005197006197104201e+04 0.000000000000000000e+00
-5.005176786001136497e+04 0.000000000000000000e+00
-5.005043763781405141e+04 0.000000000000000000e+00
-5.005008118731710420e+04 0.000000000000000000e+00
-5.004993342873263464e+04 0.000000000000000000e+00
-5.004951253110765538e+04 0.000000000000000000e+00
-5.004832071833917871e+04 3.262199194164385267e-24
-5.004780178472559055e+04 0.000000000000000000e+00
-5.004763942216701253e+04 7.438509620673218722e-24
-5.004733972397109756e+04 0.000000000000000000e+00
-5.004610673644107737e+04 0.000000000000000000e+00
-5.004567809145960928e+04 0.000000000000000000e+00
-5.004542373533109640e+04 0.000000000000000000e+00
-5.004455430225921737e+04 0.000000000000000000e+00
-5.004432266950982012e+04 3.778051574957148199e-24
-5.004356665787351812e+04 0.000000000000000000e+00
-5.004287221971208055e+04 1.863638129840990539e-24
-5.004229548756644363e+04 7.104007034470320678e-23
-5.004149856361053389e+04 3.205023265892353567e-24
-5.004134243652313307e+04 1.921070689348087791e-23
-5.004114940185660816e+04 1.938456202342059898e-22
-5.003997068219260109e+04 0.000000000000000000e+00
-5.003993263695682981e+04 0.000000000000000000e+00
-5.003937557037939405e+04 1.992190800905152884e-24
-5.003923178791820101e+04 2.042765051896867474e-22
-5.003817451493289991e+04 5.813679216082727001e-23
-5.003805333753488230e+04 1.591868473318115268e-22
-5.003779704150262114e+04 0.000000000000000000e+00
-5.003732483921347011e+04 5.501703125323489661e-23
-5.003706405457893561e+04 4.244780390494352621e-24
-5.003678484802207822e+04 2.903406503244835426e-23
-5.003591711089277669e+04 0.000000000000000000e+00
-5.003566292273250292e+04 0.000000000000000000e+00
-5.003530736941269424e+04 1.808995771999795497e-24
-5.003506215216602141e+04 5.478351149026436799e-23
-5.003455881568603218e+04 5.300604211616932427e-24
-5.003436184523609700e+04 7.558801715561764850e-23
-5.003399482756145153e+04 4.590425315648721460e-23
-5.003382515580243489e+04 1.868425128649512896e-22
-5.003353147459508909e+04 5.706092180667406329e-24
-5.003343807498695242e+04 1.419518637838426828e-22
-5.003334330265865719e+04 1.775094229949944263e-21
-5.003317530787994474e+04 7.144618479090830689e-22
-5.003297762364733353e+04 5.081123134217042173e-23
-5.003233284260349319e+04 2.711991605000961285e-22
-5.003184160384854476e+04 1.858883829735919910e-23
-5.003144464048002556e+04 9.089825053984918165e-23
-5.003140121693900437e+04 8.870915812354896175e-22
-5.003124552225153457e+04 2.624034606959986581e-23
-5.003072146006743424e+04 4.822485687054380571e-24
-5.002993255492558092e+04 6.932946530815056619e-24
-5.002977823015266767e+04 3.477149435066869090e-22
-5.002959459622669965e+04 0.000000000000000000e+00
-5.002929136093000852e+04 1.685579530700581108e-23
-5.002907055737320479e+04 8.313551589429955278e-23
-5.002886724709164992e+04 1.012807322782794746e-22
-5.002820678246766329e+04 0.000000000000000000e+00
-5.002779651044768252e+04 0.000000000000000000e+00
-5.002774865817771934e+04 1.927450495766811913e-22
-5.002753699526624405e+04 0.000000000000000000e+00
-5.002717492821090855e+04 8.994836715755629182e-21
-5.002665490092454274e+04 5.588651174358734401e-24
-5.002615595653733908e+04 1.439612365031802843e-20
-5.002579356650024420e+04 2.135147552553772985e-20
-5.002566065344055096e+04 1.902109415253923484e-21
-5.002527522763707384e+04 2.005909099017869285e-22
-5.002506795699361828e+04 2.563991211086201786e-23
-5.002420088342038071e+04 7.735612770201398745e-23
-5.002361055980869423e+04 7.289380947702245160e-21
-5.002352541165841831e+04 2.657141448681090301e-24
-5.002321698671857303e+04 2.308680123985341262e-22
-5.002300277152303897e+04 1.277174883731218557e-20
-5.002267689784130198e+04 2.236358741367668570e-22
-5.002225293413309555e+04 8.947572879902919907e-21
-5.002208411186707235e+04 1.282866235744084429e-21
-5.002139130182385270e+04 6.610930959711407790e-21
-5.002098519052534539e+04 4.171326539355841161e-22
-5.002069521117711702e+04 3.529101354855678713e-21
-5.002067177471055038e+04 9.202357724311989347e-22
-5.001993254612414603e+04 2.219735280628457137e-22
-5.001965284831811732e+04 7.372911478170321150e-22
-5.001927926633799507e+04 7.261201393606307374e-21
-5.001925890844422247e+04 1.949766751879823956e-22
-5.001898414032087021e+04 4.480004678790243337e-19
-5.001831368569445476e+04 9.586869723655915765e-20
-5.001800147041793389e+04 3.290424951917159706e-22
-5.001779643853066227e+04 1.362377134239996866e-24
-5.001736298944781447e+04 1.831462871505373855e-22
-5.001713055399851146e+04 3.046696957191737628e-19
-5.001684245182543964e+04 2.088362789334814528e-21
-5.001657842043870914e+04 4.314234111147077644e-21
-5.001566036585596885e+04 6.212273863458187726e-21
-5.001533450265233114e+04 2.357024816133403291e-21
-5.001522272502229316e+04 9.937318606673462096e-24
-5.001505986308224237e+04 8.021607079800802177e-21
-5.001500778128441743e+04 3.330020229369061148e-21
-5.001425752847508556e+04 4.845568837000987235e-24
-5.001388175808775850e+04 1.862681598684108701e-20
-5.001354929331988387e+04 1.521973470484816103e-23
-5.001352439341996069e+04 1.702618940587069014e-21
-5.001327524625993101e+04 4.571166298907283407e-21
-5.001289008485327213e+04 3.289419317663658064e-18
-5.001266180098792393e+04 7.332651366693818055e-21
-5.001224059316119383e+04 1.385162149375404174e-21
-5.001199254286432551e+04 6.549752036015736535e-20
-5.001138867301824939e+04 2.182227140140275206e-18
-5.001110014203325409e+04 2.231172434921843472e-18
-5.001093609831465437e+04 5.876591030386894629e-20
-5.001078447938527825e+04 1.265074677539782034e-20
-5.001015828559237707e+04 1.625687805832264973e-19
-5.000993254523973883e+04 3.284371368896950128e-20
-5.000972031656203762e+04 4.406245414465724696e-20
-5.000932691180877737e+04 7.819958160425034318e-21
-5.000925347447187232e+04 6.337233721125659607e-21
-5.000905538727402018e+04 2.059073149296703132e-22
-5.000873008731334994e+04 5.506425877397981018e-20
-5.000868873947147949e+04 7.566161673219359427e-19
-5.000788522768975236e+04 1.614119250583557337e-19
-5.000779642970072018e+04 2.366994191895221623e-21
-5.000775939661684970e+04 3.580104631526361321e-20
-5.000719758928851661e+04 5.223344589739943539e-20
-5.000711900623097608e+04 1.054816888670508520e-17
-5.000698095404866763e+04 2.465112379939701288e-20
-5.000662198771971453e+04 7.242977556729115947e-20
-5.000641220390950184e+04 1.223653438746252251e-20
-5.000635957144001441e+04 7.124039505006441211e-21
-5.000596724312567676e+04 4.996077870233301983e-21
-5.000566031903674593e+04 4.827698994283563976e-18
-5.000517076732210262e+04 1.208466545198314625e-20
-5.000498667974991258e+04 1.111456008721518310e-19
-5.000484508694154647e+04 1.450398679513012874e-18
-5.000454578234627115e+04 3.755572090805613696e-17
-5.000397600334118033e+04 7.922324769184805454e-20
-5.000393609901837772e+04 2.867734579251627665e-18
-5.000352422525951260e+04 2.743325939029126020e-21
-5.000333060031668720e+04 3.601642346466965943e-19
-5.000285659632761963e+04 3.826501698080403470e-17
-5.000253528793606529e+04 4.798392918951709284e-20
-5.000249444037549256e+04 6.787393992151715041e-20
-5.000231501355412183e+04 3.737469962980329813e-19
-5.000214745063592272e+04 3.319501408887863405e-20
-5.000138817991402902e+04 5.365464554305112367e-18
-5.000119993659984902e+04 5.065766051013821913e-20
-5.000089518059704278e+04 3.720940443742488875e-20
-5.000073008753507020e+04 4.517792339794438201e-19
-5.000062663910324045e+04 8.449020918169220000e-21
-5.000032639382234629e+04 1.474338066955926785e-18
-4.999993254514747969e+04 6.467353189177603611e-19
-4.999963467518558173e+04 5.553007069442869362e-19
-4.999957641357352259e+04 3.172072810691859872e-19
-4.999925225319599122e+04 8.298031260713752052e-19
-4.999908549763225892e+04 2.214639628951633841e-22
-4.999861720212957880e+04 3.939205927916806700e-16
-4.999850736623252305e+04 2.503824143260041483e-17
-4.999842934533988591e+04 1.510257410300667869e-18
-4.999832433608562860e+04 1.021932981716770903e-18
-4.999779642866599170e+04 1.144412422332107837e-20
-4.999735844855838513e+04 5.046800542522882199e-20
-4.999711668244845350e+04 6.355760984982183556e-16
-4.999705265131020133e+04 1.684904411280940549e-17
-4.999649371945569146e+04 3.091524586627654878e-18
-4.999647323392880207e+04 6.162467264217860759e-17
-4.999566031285622739e+04 3.883485812744739275e-17
-4.999555201522392599e+04 8.771924640180211984e-23
-4.999549450347303355e+04 8.538476229813844747e-20
-4.999498130414674233e+04 1.604756429116430909e-18
-4.999462612534237269e+04 8.451627601807365894e-19
-4.999439863783854526e+04 7.451207488183704070e-17
-4.999434841396220145e+04 1.599098371771062846e-19
-4.999410538310439006e+04 6.160145403670762933e-18
-4.999352419967060996e+04 3.688382447805888367e-18
-4.999352106454065506e+04 8.267145139267169645e-19
-4.999284685326776525e+04 2.756084125806442303e-15
-4.999282235867408599e+04 6.827486526772490552e-17
-4.999264221870096662e+04 9.046729686855554401e-19
-4.999239202351256972e+04 1.675853637024376231e-18
-4.999216244690769236e+04 1.037669923902654962e-18
-4.999205714013687248e+04 7.773561990837853069e-19
-4.999138809498321643e+04 4.954127592396141669e-15
-4.999108723469985125e+04 5.280370702037477161e-19
-4.999087422173962841e+04 6.786353110438089451e-18
-4.999078289444017719e+04 4.490934622006107973e-18
-4.999071346941261436e+04 2.072162195604254491e-17
-4.999020944604660326e+04 1.390948231405352522e-15
-4.998993254513815191e+04 1.587751807689012389e-16
-4.998941813062390429e+04 7.471789164688113586e-18
-4.998935609538604331e+04 1.603026495796107569e-17
-4.998925201295602164e+04 2.519863359705783882e-18
-4.998871375651154813e+04 1.061903535279336652e-17
-4.998858286932200281e+04 3.250273029537944550e-15
-4.998815354784857482e+04 9.717599068700044564e-18
-4.998801599424338929e+04 1.361360530885183217e-18
-4.998796644792468578e+04 9.056844835564488280e-19
-4.998779642854545818e+04 6.207237339496756095e-18
-4.998765559199634299e+04 4.141938488926298859e-19
-4.998723779405477399e+04 3.152058967848672314e-19
-4.998711598241718457e+04 8.797666093667557869e-15
-4.998664480904944503e+04 7.474777728428501887e-23
-4.998645168410460610e+04 1.595206267770780608e-17
-4.998632218572765123e+04 4.779059507319798343e-19
-4.998610781590726401e+04 3.930336297380996447e-16
-4.998589328379508515e+04 1.721117814315561277e-17
-4.998566031203495368e+04 1.283763053270500189e-14
-4.998510687585544656e+04 6.359924843677079697e-17
-4.998498006589877332e+04 1.968034274354070951e-16
-4.998471585519813380e+04 5.693172310760532666e-17
-4.998452576812549523e+04 3.306108595028553758e-16
-4.998432383386418951e+04 1.920818311810625409e-14
-4.998407309601306770e+04 1.099713361934138456e-18
-4.998383390907040302e+04 2.022746852292305491e-17
-4.998352419591279613e+04 1.874537735559042342e-19
-4.998349254996630043e+04 2.513348680199166241e-18
-4.998331374342644267e+04 3.739041366171894899e-20
-4.998284435751750425e+04 7.821839728262795916e-14
-4.998265881390570576e+04 1.039897226800848341e-18
-4.998229179177412152e+04 6.526753829771517992e-18
-4.998220666635497037e+04 1.675731625313525144e-16
-4.998206249283626676e+04 3.224690383213863973e-16
-4.998143505369406921e+04 2.697752835868171551e-17
-4.998138808109557431e+04 7.310808831053101088e-16
-4.998096327893358830e+04 2.647496651594238190e-18
-4.998070904169464484e+04 5.669300607485174377e-17
-4.998036596448376076e+04 8.392550836291869031e-18
-4.998023768347827718e+04 1.522762556078828364e-17
-4.998009391251099441e+04 9.375274724192717347e-15
-4.997993254513714783e+04 1.761384263089981438e-15
-4.997981330190229346e+04 5.496752676921358105e-18
-4.997925197261678841e+04 1.376817114409373809e-15
-4.997924885760445613e+04 1.541125655689735011e-19
-4.997904460750372527e+04 6.178018433592343162e-19
-4.997857432078339480e+04 1.985781449360791663e-13
-4.997835834902951319e+04 1.682463095632707322e-20
-4.997811576149056054e+04 5.894436805613477969e-16
-4.997799840343236428e+04 2.975355258420713318e-19
-4.997782282132502587e+04 2.923060292079132236e-18
-4.997779642853193945e+04 6.485142867074670487e-17
-4.997711587055670680e+04 1.151359307929906542e-12
-4.997680741453872906e+04 9.988288005149461278e-18
-4.997669637952445191e+04 7.420183040548044316e-18
-4.997644068728094862e+04 2.041355787163798203e-15
-4.997627237053690624e+04 1.145084335278185988e-17
-4.997589180493227468e+04 9.101463744337233286e-15
-4.997578874717839062e+04 1.596517030174704241e-16
-4.997566031193298113e+04 1.893826101466370435e-13
-4.997536919626826420e+04 7.495697322541890377e-18
-4.997514112392337120e+04 4.963782899764624776e-17
-4.997497979566856520e+04 4.282679904581487175e-17
-4.997443744710549072e+04 1.426013736335594789e-17
-4.997430986013972870e+04 2.182136016167691320e-13
-4.997429905080013123e+04 1.994272221758867660e-14
-4.997381020267697750e+04 2.059326444992977734e-16
-4.997367404639216693e+04 2.480272657039841703e-17
-4.997352419538163667e+04 6.565348048061120741e-15
-4.997348677636623324e+04 3.623560125347122349e-17
-4.997296761457607499e+04 9.896356674392827913e-17
-4.997284376814866846e+04 1.293360167052771544e-12
-4.997254396489218198e+04 2.490639592839507604e-19
-4.997221362533451611e+04 1.908218463713537398e-17
-4.997215829770913115e+04 2.966704170980606102e-17
-4.997176517300541309e+04 1.277954320145316896e-14
-4.997156893716444756e+04 1.595844748577704344e-15
-4.997138807902016561e+04 9.640430716221262177e-12
-4.997136166223965120e+04 1.846941177060771888e-16
-4.997070784360975085e+04 2.241010447763353977e-14
-4.997062546075668070e+04 7.127172721899114327e-18
-4.997018448019364587e+04 3.003871835162436423e-15
-4.997004839208673366e+04 1.582045453146652361e-13
-4.996998071349898964e+04 2.555462572972171753e-15
-4.996993254513687134e+04 7.444237474360036604e-13
-4.996964923376544175e+04 1.835054333675618175e-16
-4.996925196326138393e+04 6.011023407710357235e-16
-4.996912499047776510e+04 6.256218350046942092e-19
-4.996857210507943819e+04 5.378986429882742789e-12
-4.996847566629705398e+04 1.608009266550534199e-18
-4.996799402543881297e+04 2.578344934159829908e-15
-4.996792587867101975e+04 2.699745686251470364e-15
-4.996779642852771940e+04 1.472102622672709735e-14
-4.996762052075234533e+04 3.758307784010593032e-15
-4.996724160576088616e+04 4.276045455426320316e-16
-4.996711584905492782e+04 2.928894286339630900e-12
-4.996649330060369539e+04 1.370744491503769990e-16
-4.996643668539459759e+04 2.591682044614988513e-15
-4.996640424331241957e+04 1.997767965690771084e-17
-4.996593465053106047e+04 4.148539441916556661e-16
-4.996580660299655574e+04 3.025914478639520314e-13
-4.996566031189813657e+04 3.142891710290069631e-11
-4.996556874396470812e+04 4.778315030092057403e-18
-4.996532662946126948e+04 8.455179209364743928e-16
-4.996497973877890036e+04 2.041658103050643382e-13
-4.996481245509163273e+04 2.280956875243600959e-18
-4.996430184069460665e+04 2.084887517522936123e-12
-4.996418778495225706e+04 5.413698989634758955e-16
-4.996393410531739210e+04 1.295212379332920397e-16
-4.996369126178476290e+04 2.535567272385252292e-15
-4.996365345807356061e+04 2.320838910655016315e-15
-4.996352419517983071e+04 2.545907812291901084e-14
-4.996313994273608841e+04 4.344556744234845407e-17
-4.996284363627598941e+04 1.010470850353598581e-10
-4.996269708004868880e+04 1.285586110253842391e-17
-4.996262629008071963e+04 9.283495295213694854e-18
-4.996216755246657704e+04 4.572513638510868806e-14
-4.996212640931052010e+04 1.441503723346123455e-16
-4.996191350048474123e+04 3.023542948586569450e-17
-4.996158513436308567e+04 8.027557318552754677e-14
-4.996146689029742993e+04 4.964593819239689947e-18
-4.996138807811723382e+04 7.388718642585707209e-12
-4.996094259998770576e+04 1.260089783227778070e-18
-4.996072733971625712e+04 1.130741303769254926e-17
-4.996070752882205124e+04 7.514109554028757194e-14
-4.996028081151588412e+04 5.459143760856766752e-15
-4.996003436553431675e+04 6.637527707127889833e-12
-4.995993254513504507e+04 3.909536524585184204e-12
-4.995970124150678021e+04 8.080567905117798068e-18
-4.995948671017168090e+04 1.066197433043559596e-15
-4.995925195984995662e+04 1.479202678718851489e-12
-4.995905327404621494e+04 5.636392443402279099e-19
-4.995884064279786980e+04 8.714537843100174838e-17
-4.995857149134106294e+04 1.800452734926204535e-11
-4.995820444108271477e+04 3.278987431563802487e-15
-4.995790334214951872e+04 5.303123110184155939e-14
-4.995788082739435777e+04 3.260494867818201804e-16
-4.995779642849641823e+04 2.927775614889746562e-13
-4.995743384786447132e+04 2.810216522809318743e-16
-4.995739754843588889e+04 2.162743769741931005e-14
-4.995711583766600234e+04 1.477998734785195375e-09
-4.995670561742336577e+04 3.851067088717685934e-19
-4.995643545536491729e+04 6.143273291042222465e-13
-4.995629982537477190e+04 2.008637955291103390e-16
-4.995582938673716853e+04 5.596302166474931898e-14
-4.995577301917679870e+04 1.359838490204504297e-12
-4.995566031158888654e+04 8.055725359548309821e-10
-4.995539204959435301e+04 4.294230914448302433e-15
-4.995532214557335101e+04 6.415638233221897048e-16
-4.995497970377805905e+04 1.415019848149330274e-12
-4.995470970080672123e+04 3.085395089540885542e-17
-4.995429949862304784e+04 1.437930666193515105e-10
-4.995410690577792411e+04 4.429492059119174743e-17
-4.995391215613555687e+04 5.982372845377962686e-16
-4.995371364863828057e+04 2.830602632932124400e-15
-4.995363103479700658e+04 1.047304013815641969e-14
-4.995352419309143443e+04 8.094330340627378143e-12
-4.995325944690337201e+04 5.881055073037124994e-15
-4.995284353829301836e+04 5.813375894235190489e-11
-4.995254766723356443e+04 6.123041142300738851e-16
-4.995240411526906973e+04 8.323732402455437177e-17
-4.995223868754774594e+04 7.876230045487741441e-16
-4.995216358992219466e+04 9.891350402659620417e-13
-4.995151880231997347e+04 2.716497196932610004e-13
-4.995138806778701837e+04 1.461776795740472257e-08
-4.995127678696066141e+04 2.556557830776577805e-17
-4.995116524856089382e+04 2.125411709639855706e-16
-4.995090839084366598e+04 1.755102838551350893e-18
-4.995070729602489882e+04 7.300154339874440355e-12
-4.995059549415369838e+04 6.133296878924623492e-17
-4.995029105920504662e+04 1.121965731576568443e-15
-4.995002773184698162e+04 3.039286904197224263e-11
-4.994993254501445335e+04 4.928465592304736161e-09
-4.994953810943760618e+04 2.946858641131485356e-17
-4.994939917507983773e+04 2.547410121341958591e-15
-4.994925192010738101e+04 1.820811464828831119e-11
-4.994911357878385752e+04 1.083911501481883712e-15
-4.994875324911744246e+04 1.972361074988324237e-16
-4.994857088493564515e+04 3.023255965131672137e-09
-4.994849527384696557e+04 4.091481277433207262e-17
-4.994818390831603756e+04 5.285829535985623553e-15
-4.994789183203101857e+04 2.319712223242907113e-13
-4.994779642707580933e+04 2.580162950642790533e-11
-4.994728112958299607e+04 5.149346453608143869e-14
-4.994712957782764715e+04 7.180800351067161495e-19
-4.994711571177095175e+04 3.094756538330203446e-10
-4.994679582993416989e+04 5.311514888046526073e-18
-4.994652780006849935e+04 1.974514021296231270e-15
-4.994643412716030434e+04 1.796326859780994730e-11
-4.994626802551728906e+04 1.286395635465831195e-15
-4.994599937047471030e+04 8.238252243988164105e-15
-4.994575546694918739e+04 4.826066055181009411e-12
-4.994566030325996689e+04 6.492384612862384903e-08
-4.994516729894704622e+04 6.239918715006187104e-16
-4.994502020571124740e+04 7.664761305759416171e-16
-4.994497935932078690e+04 7.503500499343772954e-11
-4.994465306492583477e+04 2.947583320389832265e-17
-4.994444895603801706e+04 3.116749860091858574e-17
-4.994429673732729862e+04 7.069599474086398977e-10
-4.994403494924715051e+04 1.348157639945922629e-15
-4.994361898034760088e+04 3.464879257371933150e-14
-4.994352415860582551e+04 1.544850887105913237e-10
-4.994313959523556696e+04 6.616743655451016673e-15
-4.994305167998540128e+04 3.087239917359829184e-14
-4.994302924572766642e+04 2.820607611918704502e-15
-4.994284269510666491e+04 6.021059584077520903e-08
-4.994251005315839575e+04 2.281492147915023441e-19
-4.994215822862345522e+04 4.464522553992713476e-12
-4.994189348512371362e+04 2.168148787433744519e-15
-4.994148075015120412e+04 7.499438113163875573e-13
-4.994139066483495844e+04 6.914438864305893324e-17
-4.994138794688407506e+04 7.255327109503490459e-08
-4.994110876971897233e+04 9.909683473510799079e-17
-4.994094894346355431e+04 1.503117667158640494e-16
-4.994070540599412197e+04 3.108712672594006569e-10
-4.994045907255786733e+04 2.407523420858751513e-15
-4.994025230760261184e+04 9.507969620218445275e-16
-4.994001786098669254e+04 9.312284570409709859e-11
-4.993993254343618173e+04 1.216626010990333691e-08
-4.993934255960524752e+04 7.595383268748265668e-15
-4.993925153453772509e+04 6.689678828904621750e-10
-4.993920286291325465e+04 2.966447347262032837e-18
-4.993885922414090601e+04 2.121955937054466559e-15
-4.993868160988143063e+04 2.114876311347171675e-16
-4.993861538099370227e+04 2.036825229487918958e-16
-4.993856694925727061e+04 1.767959694573242622e-08
-4.993793819183453161e+04 6.634219378490622537e-18
-4.993787469326281280e+04 5.700796919239591707e-13
-4.993779640422464581e+04 9.429266297649767407e-10
-4.993728436227445491e+04 3.509375303136225639e-17
-4.993719903543964756e+04 2.290206289129909788e-12
-4.993711459727883630e+04 1.084932792534411858e-06
-4.993706456922147481e+04 3.493838944408994268e-17
-4.993674609296520794e+04 4.830065436127193334e-16
-4.993656195189016580e+04 3.827876409561808323e-15
-4.993642645559678931e+04 8.833474482733135852e-11
-4.993617400332978286e+04 7.346206664453464365e-17
-4.993572743643703870e+04 2.440181961749837062e-11
-4.993566013932101487e+04 2.280166697391417735e-06
-4.993541620982516906e+04 7.545720672798187709e-18
-4.993505611140291876e+04 2.584067604837240480e-15
-4.993497648030686105e+04 4.955547045804272139e-09
-4.993487222928996198e+04 1.181080489201859098e-17
-4.993465758595232910e+04 2.886099948017719264e-15
-4.993457409852461569e+04 1.491333192323925787e-14
-4.993429118492051930e+04 4.306587775937083964e-14
-4.993428263970635453e+04 1.720239284241378667e-09
-4.993357449557787186e+04 6.375036056192997452e-14
-4.993352342058139766e+04 5.947226413363361328e-09
-4.993301441613955103e+04 6.837366853777676479e-15
-4.993290381555704516e+04 1.015189605542442522e-12
-4.993283604738537542e+04 4.801846092281134298e-07
-4.993257680414258357e+04 6.000032962653199602e-16
-4.993249929923903255e+04 3.236001861375257687e-15
-4.993234731097114127e+04 1.192030706772293679e-14
-4.993213376170489209e+04 9.859465970874313801e-12
-4.993161815718968865e+04 1.023073781455350144e-15
-4.993141416109505371e+04 4.809164504841498960e-11
-4.993138556125449395e+04 1.607728216632688960e-05
-4.993075486610886583e+04 1.727340258262670366e-13
-4.993069155975668400e+04 1.846382720099057056e-09
-4.993055351881719980e+04 5.884358943186067423e-15
-4.993043130339624622e+04 1.516504537660011834e-13
-4.993016771678798250e+04 4.384420177390459490e-14
-4.992997763512361416e+04 6.932379382351979639e-10
-4.992993246806933894e+04 3.224393241883966059e-06
-4.992977108263241826e+04 4.283126308393157110e-15
-4.992924550124072266e+04 5.940923029811916840e-08
-4.992924467891597305e+04 9.363540832254938072e-09
-4.992869371608608344e+04 6.711783477017368598e-13
-4.992856062125900644e+04 9.134525157102449531e-11
-4.992854060734153609e+04 3.452406393261808488e-08
-4.992845451224002318e+04 2.567647520277425138e-14
-4.992837016045114433e+04 2.638316587829629540e-15
-4.992781180731823406e+04 3.557064156603281517e-14
-4.992779591350103146e+04 7.641448596289383043e-08
-4.992710104779329413e+04 1.407810054456430543e-05
-4.992706443308573216e+04 5.477253284816958925e-09
-4.992672434980941034e+04 8.299465936802218298e-16
-4.992652497917108121e+04 3.305435860664031265e-13
-4.992641398758924333e+04 5.086971299409726485e-13
-4.992638084974038793e+04 1.748988600878742135e-10
-4.992637645010549022e+04 2.063445047297877313e-11
-4.992600376449932082e+04 3.675348996599232705e-15
-4.992565835398883064e+04 1.439619565369527671e-04
-4.992563373478298308e+04 1.279092843916975869e-08
-4.992513941875268210e+04 8.842378195800295299e-16
-4.992494976834228873e+04 3.762834921658145410e-08
-4.992487276791015756e+04 1.084599498973015039e-11
-4.992454715927053621e+04 1.316487332417562918e-14
-4.992450547672876564e+04 1.021482191309316976e-13
-4.992427171032235492e+04 7.655933317593442864e-11
-4.992420741439351696e+04 1.972178653530866365e-08
-4.992406430862870911e+04 1.249765260733980880e-13
-4.992355824931224197e+04 2.795812616598532687e-13
-4.992351777151854185e+04 7.456952896541041180e-07
-4.992344092185342743e+04 4.422883317793416603e-11
-4.992319082184738363e+04 6.650566183548695721e-15
-4.992278792474031798e+04 6.186194337681645163e-07
-4.992270077533720178e+04 1.911948969357719754e-10
-4.992262289939566836e+04 2.530242022997616313e-11
-4.992216079341548175e+04 1.141796590917901043e-13
-4.992201879258712142e+04 9.668871402918986467e-12
-4.992157013161874056e+04 2.690841113678887276e-13
-4.992136931367312354e+04 4.523530867080364322e-04
-4.992123125072350376e+04 3.436192501339671892e-08
-4.992082300559968280e+04 4.375516149832471004e-13
-4.992067395507150650e+04 8.767166700748530605e-13
-4.992061124342399125e+04 2.590999579261559776e-09
-4.992043508208443382e+04 3.185086694050641502e-13
-4.992024245774675364e+04 1.912653173483859271e-12
-4.991993021401310398e+04 7.125785431034425762e-06
-4.991981308702618844e+04 2.637347492546453826e-08
-4.991978630841793347e+04 1.545747650371107177e-09
-4.991929324443932273e+04 7.334725842151115829e-13
-4.991920586372596881e+04 8.207475256925794102e-07
-4.991900328254972555e+04 7.915927255761971282e-11
-4.991864783318257105e+04 1.244249322055050873e-15
-4.991841542702784500e+04 2.410733982282923914e-07
-4.991834600322231563e+04 6.841548120114644183e-14
-4.991820425971963414e+04 7.472898991345442727e-11
-4.991778123448461702e+04 4.639241569718156782e-06
-4.991759953075162775e+04 4.924069448194764227e-11
-4.991757911989402055e+04 1.827205080447064231e-10
-4.991742179586342536e+04 4.935736691319139650e-14
-4.991701947543044662e+04 2.088110696470624604e-05
-4.991678177234379109e+04 6.941689376305771444e-10
-4.991673238427808974e+04 4.503440109533806058e-10
-4.991619661261978035e+04 3.127576701335465781e-10
-4.991595324407539738e+04 2.740466738424724341e-11
-4.991560596719332534e+04 1.721070282920117780e-02
-4.991545065517418698e+04 1.093971271891741097e-11
-4.991533127241035254e+04 3.707132224720180073e-07
-4.991507844155893690e+04 6.143152171549580993e-10
-4.991480307335644466e+04 7.744600033139640368e-08
-4.991469129968751804e+04 8.731773460504172359e-12
-4.991464077906394959e+04 2.390403134400477693e-12
-4.991448259459769906e+04 1.188406889856263446e-10
-4.991395190585158707e+04 5.182672173770659918e-07
-4.991369702391241299e+04 1.758341050802170262e-09
-4.991363701995512383e+04 6.399191309838964426e-10
-4.991339647122445604e+04 1.471999884215755186e-05
-4.991337977007558948e+04 4.039848219943222730e-10
-4.991305674544166686e+04 1.107832040438158478e-09
-4.991294635382643173e+04 1.844747377566699324e-11
-4.991255162942702009e+04 1.094784826115499779e-05
-4.991251285899074719e+04 7.856372847329496673e-11
-4.991228701958741294e+04 2.423763968017986762e-09
-4.991218129793348635e+04 1.676274032714044860e-08
-4.991167957804360049e+04 7.229251123921430905e-09
-4.991163890582479507e+04 8.841871277240270556e-12
-4.991138543974549248e+04 5.799664586545755732e-11
-4.991114423550821812e+04 1.254705827033145854e-04
-4.991110613081779593e+04 1.634095666416696515e-09
-4.991075546358478459e+04 5.635531727397483423e-07
-4.991026245740635932e+04 1.224624897579002599e-06
-4.991025962534322025e+04 1.150463111686040355e-08
-4.990989642466624355e+04 9.815024257468810687e-01
-4.990988497261668090e+04 2.398240083115257887e-06
-4.990941532409430511e+04 2.098654214194818561e-10
-4.990937858084653999e+04 9.014476099775355810e-06
-4.990922740987678844e+04 2.834185082750876017e-08
-4.990903768914418470e+04 1.671190283485938557e-09
-4.990884358468847495e+04 5.329812369071332525e-07
-4.990862451631505246e+04 4.853534464414234558e-10
-4.990843106397466181e+04 2.803226497016914639e-10
-4.990797567764364067e+04 5.213678122597998975e-09
-4.990793461214476702e+04 1.363119361776351048e-05
-4.990769744551634358e+04 2.572766153393473147e-04
-4.990755590290384862e+04 4.958811937645775858e-09
-4.990725596457861684e+04 1.315542879508928309e-11
-4.990708140934153926e+04 9.633496125449873447e-13
-4.990704875670244655e+04 1.984034087310878391e-08
-4.990651951371449104e+04 2.785245585794678662e-12
-4.990649240376920352e+04 9.917327613682180355e-05
-4.990608259490074124e+04 2.857550912320091528e-09
-4.990573957872082246e+04 2.277948560315060288e-14
-4.990556871670988767e+04 2.770286948991994040e-08
-4.990537292247932055e+04 8.652437146908919097e-07
-4.990532239139161538e+04 1.793781267330938117e-12
-4.990520986863627331e+04 3.971866538595932460e-11
-4.990469105740083614e+04 5.005359340931747541e-09
-4.990409162186233880e+04 1.653205505458765344e-07
-4.990406146048907249e+04 2.809367082565053484e-10
-4.990370988508594019e+04 1.708781064217700039e-12
-4.990356102244590875e+04 2.177525812167580990e-11
-4.990316618198933429e+04 1.219045812398791425e-07
-4.990314317532352288e+04 4.609541240260608142e-10
-4.990305418490363809e+04 3.635556897444800453e-12
-4.990294730510078807e+04 1.736293452199797570e-07
-4.990282063916687912e+04 4.382306439760834994e-10
-4.990230585780154797e+04 2.003434685341089657e-12
-4.990214827381804207e+04 4.526855022780939691e-13
-4.990180547127136379e+04 4.416781689381427809e-12
-4.990164429542588914e+04 8.153510202846169930e-07
-4.990136076821875031e+04 6.573305994786675712e-12
-4.990131608682837395e+04 4.817958879556937406e-09
-4.990098203104642016e+04 1.085030498621054225e-09
-4.990075209865731449e+04 4.226082087314368359e-10
-4.990072691367590596e+04 1.092811739512542268e-08
-4.990044139543585334e+04 7.891240435372718395e-05
-4.990041668070441665e+04 5.613039232932066553e-09
-4.989998831900065125e+04 3.004866159028015984e-10
-4.989989376340196031e+04 1.373253486212539980e-07
-4.989961497076576779e+04 1.464418593442327443e-10
-4.989915484030911466e+04 6.830641822472692443e-11
-4.989896321098914632e+04 1.339695674072762607e-12
-4.989889137880963972e+04 5.708289940318771437e-14
-4.989826373682302801e+04 8.575283015786252868e-08
-4.989812753604562749e+04 2.492954237979493094e-09
-4.989787221900880832e+04 7.597835368963424478e-08
-4.989782802839857322e+04 1.299387036404019905e-12
-4.989745794988127454e+04 4.925510429275544193e-10
-4.989743136724749638e+04 2.237792766106313882e-11
-4.989717591563583119e+04 1.005449705995653224e-11
-4.989662948192990734e+04 1.328947571320554194e-07
-4.989651135664677713e+04 4.323044221083026516e-09
-4.989639691123554076e+04 1.288498258780915844e-09
-4.989582940482602862e+04 3.970633243117348427e-11
-4.989573575769151648e+04 1.039245424005199734e-10
-4.989552651185617287e+04 3.606612413904217777e-15
-4.989525475470715901e+04 3.216588078965491532e-08
-4.989500914475921309e+04 7.768248693586933779e-11
-4.989499012370756827e+04 5.907605503730644580e-10
-4.989413264181055274e+04 6.712382594474707357e-12
-4.989407674443401629e+04 3.051784188655255305e-10
-4.989397982989350567e+04 7.535304307564418946e-11
-4.989392436710304901e+04 2.984095539589002658e-12
-4.989322830421883555e+04 6.671330984860771960e-10
-4.989261468658775993e+04 1.154735335435790451e-11
-4.989253657035432843e+04 2.235865574490983943e-12
-4.989248736371820996e+04 3.864255192178846548e-12
-4.989167194595226465e+04 6.309967536197808360e-14
-4.989151904969702446e+04 1.112926611401692080e-09
-4.989142833167775825e+04 1.174892185007665666e-09
-4.989135195664088678e+04 3.175217715496224042e-12
-4.989098758169887878e+04 7.427004828309672344e-15
-4.989067786143133708e+04 2.237170497323706943e-12
-4.989032542225054203e+04 3.226430831374868781e-11
-4.989009593281994603e+04 2.732295921182184688e-11
-4.989003133942587010e+04 4.852844466971589437e-09
-4.988985805034177611e+04 2.564068933395835454e-08
-4.988947868236903741e+04 1.448697053675076452e-11
-4.988907736220144579e+04 4.436249570047050990e-14
-4.988895161569727497e+04 3.413920255988832746e-14
-4.988882113454441424e+04 5.116787773045198313e-13
-4.988859098788953270e+04 1.783134224948669880e-15
-4.988810303224567906e+04 3.167452243591427458e-10
-4.988801319075802166e+04 4.370761872692316058e-12
-4.988763491889209399e+04 1.642420501150059810e-12
-4.988751760287423531e+04 2.120141460268235534e-12
-4.988735672978455113e+04 4.881679472652272555e-13
-4.988714515672915149e+04 4.852201939921455983e-11
-4.988650185429040721e+04 4.526140669266841390e-12
-4.988618405926260311e+04 1.380831476519338602e-10
-4.988562582275251771e+04 1.537672304720271193e-13
-4.988551599545502540e+04 7.509872333114102523e-13
-4.988526443481622846e+04 6.866149342359076267e-14
-4.988497382556521188e+04 5.052468285881977367e-12
-4.988486528207228548e+04 9.586212876466241701e-14
-4.988440619571191928e+04 8.623751434062755155e-11
-4.988429845755357383e+04 2.454733769337586957e-12
-4.988400644681787526e+04 9.576190971814425573e-15
-4.988352097482956742e+04 5.592303940585224713e-13
-4.988322663889739488e+04 1.228320575641749809e-14
-4.988290634689781291e+04 4.893106110340992075e-12
-4.988255420508921088e+04 1.630526015352676221e-14
-4.988240342977462569e+04 8.637138492540833453e-15
-4.988219466489527258e+04 5.842566145372969985e-15
-4.988187614760090946e+04 5.710620762270278931e-18
-4.988163833556577447e+04 1.242518529068185618e-14
-4.988085153421032737e+04 5.502253651738371749e-12
-4.988042795638027019e+04 8.597197087711908987e-14
-4.988030205168814427e+04 2.816408846686537832e-15
-4.987980199065171473e+04 3.432883932397511865e-14
-4.987978515183745913e+04 2.600361281297497198e-14
-4.987887114151679998e+04 1.480495439102675800e-11
-4.987845956486296927e+04 4.235137531095151784e-13
-4.987824442932320380e+04 5.087120930548844007e-15
-4.987815879840007983e+04 1.399647183660221011e-14
-4.987793078448123561e+04 1.476521989626064240e-13
-4.987785450336167560e+04 3.137005871892085171e-16
-4.987755911031863798e+04 7.022799643052347390e-13
-4.987727326904368238e+04 9.841345069617728816e-14
-4.987717680586670758e+04 3.922497056101006870e-19
-4.987611877008940064e+04 2.368874300802587745e-14
-4.987599472371715819e+04 1.324896741407209376e-14
-4.987571372477644763e+04 2.333599750748619770e-16
-4.987549295974258712e+04 2.216170119315644682e-17
-4.987543003946144745e+04 1.033715763422149155e-13
-4.987508719616159942e+04 1.449198017887214518e-16
-4.987490637391862401e+04 1.238300999447375723e-14
-4.987476924289575254e+04 4.893130032399489742e-16
-4.987438186807544844e+04 5.689558510590686003e-15
-4.987330098403568991e+04 1.271969479557688315e-13
-4.987272204402779607e+04 7.303322236188165443e-16
-4.987250071791716618e+04 1.395454595351149918e-17
-4.987239208260748273e+04 1.349822361846240005e-14
-4.987231414258127916e+04 1.679640596463523491e-14
-4.987185473695817927e+04 4.840218534960656999e-15
-4.987175331296223885e+04 1.328288536984823689e-16
-4.987136669536638510e+04 1.230441782774173052e-16
-4.987052406273779343e+04 7.066596465578225414e-17
-4.987014987807068974e+04 2.391017455953627535e-15
-4.987002944711057353e+04 3.867656469355241167e-15
-4.986971138128326129e+04 1.170086729982680997e-15
-4.986969080936071987e+04 3.938793971225332445e-15
-4.986925447370533220e+04 2.785626236421362202e-18
-4.986900014534082584e+04 1.254048645276762105e-20
-4.986805672056110780e+04 6.288988130306089867e-17
-4.986773067289307073e+04 6.490461951195012059e-15
-4.986748438355440885e+04 9.783926231909159061e-19
-4.986700845957440470e+04 7.130073310378007166e-17
-4.986677777604106814e+04 2.656331307460831948e-15
-4.986536378389388119e+04 4.802177269473369336e-18
-4.986528535685451061e+04 7.248657769927292465e-19
-4.986497326870037068e+04 1.338454380195475337e-17
-4.986468172742789466e+04 1.966590510948634259e-17
-4.986428695702299592e+04 3.792970375112309006e-17
-4.986425801913833857e+04 4.943044229255624617e-18
-4.986416516787391447e+04 6.062494960247808350e-18
-4.986401975855814089e+04 1.484106977341300424e-17
-4.986273256811140163e+04 4.277918438279883027e-22
-4.986219214009194548e+04 1.341701915734770946e-17
-4.986205397294904833e+04 1.123653969226579274e-16
-4.986197047325517633e+04 1.331071701409592032e-17
-4.986168331888266403e+04 1.097800730726726066e-20
-4.986162643058877438e+04 3.061029298312502601e-20
-4.986148196725697198e+04 3.269155506900882652e-19
-4.986098306002737081e+04 9.166055818601740992e-17
-4.985933043665267905e+04 5.820641781147661937e-20
-4.985914208193256491e+04 4.093747169582739541e-21
-4.985887021445440041e+04 2.060317067554230642e-17
-4.985820407627911482e+04 7.745840648308893439e-19
-4.985817182104871608e+04 1.013950558301766734e-18
-4.985802923694138735e+04 0.000000000000000000e+00
-4.985699596998631750e+04 5.854015694005635505e-19
-4.985668378388832207e+04 1.699569357944512742e-19
-4.985610133919306099e+04 7.201385760332385724e-20
-4.985569096827225439e+04 3.922222100798397620e-18
-4.985550693744631280e+04 3.213274659924675537e-20
-4.985541057096550503e+04 6.177473215671979748e-21
-4.985453985477659444e+04 2.335102712629301203e-20
-4.985447904890423524e+04 5.869621170679266934e-20
-4.985393727550138283e+04 5.782247087491649602e-22
-4.985317171069465257e+04 4.379694659343690052e-21
-4.985287618913360348e+04 2.380854625335574439e-20
-4.985179432816897315e+04 0.000000000000000000e+00
-4.985158434700514044e+04 2.073546348126258775e-20
-4.985091939164666837e+04 2.489156824502514558e-21
-4.985036193674308743e+04 1.289144883015891844e-22
-4.984993054531756934e+04 2.657412813140212159e-19
-4.984951118701598898e+04 5.960248841177293537e-22
-4.984938435512649448e+04 1.020327433052367967e-21
-4.984887296067987336e+04 3.043017486867270669e-22
-4.984818757473446021e+04 3.678424903179613785e-22
-4.984762304158664483e+04 4.662461874444568607e-21
-4.984736812739996822e+04 3.157580655212815333e-20
-4.984705125259659690e+04 4.772642427028955408e-22
-4.984680125791223691e+04 0.000000000000000000e+00
-4.984666292570652149e+04 3.862094222685846233e-24
-4.984482524497928534e+04 1.687071362715760368e-21
-4.984474227074230294e+04 4.628538537194075674e-22
-4.984451263288816699e+04 1.796865419811340330e-22
-4.984395780418280629e+04 6.107927923474995478e-22
-4.984300911554348568e+04 2.066191320310165412e-23
-4.984203685317434429e+04 2.272521040048205040e-24
-4.984193123462585936e+04 1.518806780866630088e-23
-4.984119083761799266e+04 7.713854317899320287e-24
-4.984078251066472149e+04 1.666925016095452437e-23
-4.984020882487377094e+04 1.470781110208054696e-24
-4.983987556038665207e+04 1.678584223392958378e-23
-4.983922868135654426e+04 1.834899438825921721e-24
-4.983830703657209961e+04 2.901668879450955506e-22
-4.983779963310304447e+04 1.755562671808265802e-24
-4.983715234775679710e+04 0.000000000000000000e+00
-4.983634556187073758e+04 7.631792569450160334e-23
-4.983577416545632150e+04 2.861348803953276862e-24
-4.983543265995188995e+04 1.490886064183345175e-24
-4.983370074832515820e+04 0.000000000000000000e+00
-4.983348538783554250e+04 0.000000000000000000e+00
-4.983322129835406668e+04 0.000000000000000000e+00
-4.983289487268064840e+04 0.000000000000000000e+00
-4.983277638062919868e+04 0.000000000000000000e+00
-4.983190104330362374e+04 0.000000000000000000e+00
-4.983070793266408873e+04 0.000000000000000000e+00
-4.983034232315482222e+04 0.000000000000000000e+00
-4.982991106118994503e+04 0.000000000000000000e+00
-4.982897797458614514e+04 0.000000000000000000e+00
-4.982867951318091218e+04 0.000000000000000000e+00
-4.982772307775455556e+04 0.000000000000000000e+00
-4.982587628270826826e+04 0.000000000000000000e+00
-4.982569462450043648e+04 0.000000000000000000e+00
-4.982545030999976007e+04 0.000000000000000000e+00
-4.982481179785406857e+04 0.000000000000000000e+00
-4.982294493522326229e+04 0.000000000000000000e+00
-4.982247868626422860e+04 0.000000000000000000e+00
-4.982196368763050123e+04 0.000000000000000000e+00
-4.982106104637498356e+04 0.000000000000000000e+00
-4.981898416892591922e+04 0.000000000000000000e+00
-4.981809419876084576e+04 0.000000000000000000e+00
-4.981762081885673251e+04 0.000000000000000000e+00
-4.981636985274572362e+04 0.000000000000000000e+00
-4.981556090114582912e+04 0.000000000000000000e+00
-4.981473877714118134e+04 0.000000000000000000e+00
-4.981451931289456843e+04 0.000000000000000000e+00
-4.981330517406462604e+04 0.000000000000000000e+00
-4.981267958575738885e+04 0.000000000000000000e+00
-4.981254415773040091e+04 0.000000000000000000e+00
-4.981147664654588152e+04 0.000000000000000000e+00
-4.980964044748985179e+04 0.000000000000000000e+00
-4.980888475343770551e+04 0.000000000000000000e+00
-4.980708384002504317e+04 0.000000000000000000e+00
-4.980578216345003602e+04 0.000000000000000000e+00
-4.980510246008789545e+04 0.000000000000000000e+00
-4.980398790930640098e+04 0.000000000000000000e+00
-4.980197781408801529e+04 0.000000000000000000e+00
-4.980068393453000317e+04 0.000000000000000000e+00
-4.979758434609213873e+04 0.000000000000000000e+00
-4.979724326272263716e+04 0.000000000000000000e+00
-4.979513013983216661e+04 0.000000000000000000e+00
-4.979420954246508336e+04 0.000000000000000000e+00
-4.979408386937448086e+04 0.000000000000000000e+00
-4.979193674172533792e+04 0.000000000000000000e+00
-4.979093722791355685e+04 0.000000000000000000e+00
-4.978806573088410369e+04 0.000000000000000000e+00
-4.978730116874288069e+04 0.000000000000000000e+00
-4.978484081104204233e+04 0.000000000000000000e+00
-4.978404313630412798e+04 0.000000000000000000e+00
-4.977316764406516450e+04 0.000000000000000000e+00
-4.977268892897210753e+04 0.000000000000000000e+00
-4.976980872945046576e+04 0.000000000000000000e+00
-4.976933334083565569e+04 0.000000000000000000e+00
4.992995208793147322e+04 0.000000000000000000e+00
4.993184189232588687e+04 0.000000000000000000e+00
4.993197902071978751e+04 0.000000000000000000e+00
4.993199608204576361e+04 0.000000000000000000e+00
4.993278582675311918e+04 0.000000000000000000e+00
4.993280227699169336e+04 0.000000000000000000e+00
4.993353888570898562e+04 0.000000000000000000e+00
4.993502990362235141e+04 0.000000000000000000e+00
4.993630395193953154e+04 0.000000000000000000e+00
4.993691670717514353e+04 0.000000000000000000e+00
4.993693493672648037e+04 0.000000000000000000e+00
4.993736500021035317e+04 0.000000000000000000e+00
4.993754395692335675e+04 0.000000000000000000e+00
4.993757681608491112e+04 0.000000000000000000e+00
4.993821690268848033e+04 0.000000000000000000e+00
4.993876270742336055e+04 0.000000000000000000e+00
4.993923753712006146e+04 0.000000000000000000e+00
4.993955312103986944e+04 0.000000000000000000e+00
4.994001721192564582e+04 0.000000000000000000e+00
4.994007502906273294e+04 0.000000000000000000e+00
4.994037369211451005e+04 0.000000000000000000e+00
4.994107925130246440e+04 0.000000000000000000e+00
4.994151850715169712e+04 0.000000000000000000e+00
4.994218188312056009e+04 0.000000000000000000e+00
4.994236350597634737e+04 0.000000000000000000e+00
4.994285222852617881e+04 0.000000000000000000e+00
4.994382856095054740e+04 0.000000000000000000e+00
4.994429296970600990e+04 0.000000000000000000e+00
4.994438994220124732e+04 0.000000000000000000e+00
4.994551950848418346e+04 0.000000000000000000e+00
4.994610039906734892e+04 0.000000000000000000e+00
4.994632399608463311e+04 0.000000000000000000e+00
4.994746997285607358e+04 0.000000000000000000e+00
4.994811907402476209e+04 0.000000000000000000e+00
4.994828990611013432e+04 0.000000000000000000e+00
4.994965033180767932e+04 0.000000000000000000e+00
4.994999710381333716e+04 0.000000000000000000e+00
4.995007447364382824e+04 0.000000000000000000e+00
4.995056461475088872e+04 0.000000000000000000e+00
4.995176421823292912e+04 0.000000000000000000e+00
4.995222176584339468e+04 0.000000000000000000e+00
4.995244274253986077e+04 0.000000000000000000e+00
4.995275185150973266e+04 0.000000000000000000e+00
4.995397700188501040e+04 0.000000000000000000e+00
4.995436071547553729e+04 0.000000000000000000e+00
4.995467053866682545e+04 0.000000000000000000e+00
4.995553789715910534e+04 0.000000000000000000e+00
4.995576844987776713e+04 0.000000000000000000e+00
4.995648663000442320e+04 0.000000000000000000e+00
4.995722722346675437e+04 0.000000000000000000e+00
4.995780492156178661e+04 0.000000000000000000e+00
4.995857151058549789e+04 0.000000000000000000e+00
4.995875604360803845e+04 0.000000000000000000e+00
4.995895032497777720e+04 0.000000000000000000e+00
4.996007532372880814e+04 0.000000000000000000e+00
4.996014199115418160e+04 0.000000000000000000e+00
4.996070545837010286e+04 0.000000000000000000e+00
4.996089026970873238e+04 0.000000000000000000e+00
4.996194601698315819e+04 0.000000000000000000e+00
4.996205710704297962e+04 0.000000000000000000e+00
4.996222680239901820e+04 0.000000000000000000e+00
4.996276677310132800e+04 0.000000000000000000e+00
4.996304820766845660e+04 0.000000000000000000e+00
4.996336347764030506e+04 0.000000000000000000e+00
4.996424103316796391e+04 0.000000000000000000e+00
4.996437668622607453e+04 0.000000000000000000e+00
4.996480167042590620e+04 0.000000000000000000e+00
4.996511945511715021e+04 0.000000000000000000e+00
4.996563287343594857e+04 0.000000000000000000e+00
4.996580617093017645e+04 0.000000000000000000e+00
4.996620737945802830e+04 0.000000000000000000e+00
4.996638239357522980e+04 0.000000000000000000e+00
4.996652431378163601e+04 0.000000000000000000e+00
4.996675333412115288e+04 0.000000000000000000e+00
4.996682208984040335e+04 0.000000000000000000e+00
4.996698397161031608e+04 0.000000000000000000e+00
4.996723886479573412e+04 0.000000000000000000e+00
4.996787603134066740e+04 0.000000000000000000e+00
4.996835159495165135e+04 0.000000000000000000e+00
4.996866374784031359e+04 0.000000000000000000e+00
4.996873050309801329e+04 0.000000000000000000e+00
4.996893132094189787e+04 0.000000000000000000e+00
4.996948615927127685e+04 0.000000000000000000e+00
4.997007541259969730e+04 0.000000000000000000e+00
4.997038876123345835e+04 0.000000000000000000e+00
4.997057700955706969e+04 0.000000000000000000e+00
4.997079564152440435e+04 0.000000000000000000e+00
4.997111985576534062e+04 0.000000000000000000e+00
4.997130435728313751e+04 0.000000000000000000e+00
4.997193258125238208e+04 0.000000000000000000e+00
4.997222736619714124e+04 0.000000000000000000e+00
4.997242038853352278e+04 0.000000000000000000e+00
4.997263804087866447e+04 0.000000000000000000e+00
4.997292615626494080e+04 0.000000000000000000e+00
4.997350637922536407e+04 0.000000000000000000e+00
4.997403507939216797e+04 0.000000000000000000e+00
4.997437300359761139e+04 0.000000000000000000e+00
4.997437983785731922e+04 0.000000000000000000e+00
4.997492174258646992e+04 0.000000000000000000e+00
4.997505853095960629e+04 0.000000000000000000e+00
4.997595370434330835e+04 0.000000000000000000e+00
4.997653018028813676e+04 0.000000000000000000e+00
4.997660169669865718e+04 0.000000000000000000e+00
4.997691657618746103e+04 0.000000000000000000e+00
4.997712321780784259e+04 0.000000000000000000e+00
4.997753736615697562e+04 0.000000000000000000e+00
4.997789631225400080e+04 0.000000000000000000e+00
4.997804790547972516e+04 0.000000000000000000e+00
4.997868003291967034e+04 0.000000000000000000e+00
4.997915541621069133e+04 1.334265125939439806e-24
4.997947141352413746e+04 1.281064550680836466e-24
4.997952575127199088e+04 0.000000000000000000e+00
4.998007542216037837e+04 0.000000000000000000e+00
4.998054345541095972e+04 0.000000000000000000e+00
4.998082788904156041e+04 2.646959845015044410e-24
4.998090677988504467e+04 0.000000000000000000e+00
4.998116769421128993e+04 0.000000000000000000e+00
4.998187973464184324e+04 0.000000000000000000e+00
4.998218968004362250e+04 0.000000000000000000e+00
4.998222744566579786e+04 0.000000000000000000e+00
4.998282889488813089e+04 0.000000000000000000e+00
4.998297157050194801e+04 0.000000000000000000e+00
4.998332540096322191e+04 1.619572503537237218e-24
4.998362242128157231e+04 0.000000000000000000e+00
4.998437943006592104e+04 0.000000000000000000e+00
4.998486427953714883e+04 0.000000000000000000e+00
4.998498490962454525e+04 0.000000000000000000e+00
4.998510818361127895e+04 2.719434891945753028e-24
4.998511062212257093e+04 1.417460904107604001e-24
4.998593733404992963e+04 0.000000000000000000e+00
4.998628380960841605e+04 0.000000000000000000e+00
4.998653130074683577e+04 5.511229806898247380e-24
4.998667154463131010e+04 0.000000000000000000e+00
4.998690643367955636e+04 1.263669721703926903e-23
4.998724120383150148e+04 0.000000000000000000e+00
4.998750993505282531e+04 0.000000000000000000e+00
4.998797995928760065e+04 6.050107030279553122e-24
4.998824679219612153e+04 0.000000000000000000e+00
4.998868289859135984e+04 0.000000000000000000e+00
4.998908116937286104e+04 0.000000000000000000e+00
4.998931191110693180e+04 3.148636916821008676e-24
4.998936223747712938e+04 5.068768811682987531e-23
4.999005151721347647e+04 0.000000000000000000e+00
4.999007542315158207e+04 0.000000000000000000e+00
4.999055089134695299e+04 0.000000000000000000e+00
4.999083369999615388e+04 0.000000000000000000e+00
4.999085159875926183e+04 2.762238793980770588e-24
4.999117673136577650e+04 1.012757611081483611e-24
4.999146954212214041e+04 0.000000000000000000e+00
4.999154886839210667e+04 2.423534489770058701e-24
4.999222745532624685e+04 1.036417755265807581e-24
4.999239166336502240e+04 0.000000000000000000e+00
4.999246259600495978e+04 0.000000000000000000e+00
4.999298348391059699e+04 0.000000000000000000e+00
4.999307132051531516e+04 0.000000000000000000e+00
4.999329463437442610e+04 1.233002943690884025e-24
4.999355658367994329e+04 1.802741363713832349e-22
4.999381011621846847e+04 4.772149449469232909e-24
4.999392873073286319e+04 1.004845465337954909e-24
4.999431796299858979e+04 5.174411148059803510e-24
4.999437948195416539e+04 0.000000000000000000e+00
4.999508588107359537e+04 3.993156866602099360e-24
4.999513221512669406e+04 6.271266215314147333e-22
4.999545377620189538e+04 0.000000000000000000e+00
4.999563681367824029e+04 1.597192894584202292e-24
4.999629649317188887e+04 0.000000000000000000e+00
4.999633099206141924e+04 1.013376055481795118e-24
4.999653148981470440e+04 9.822868886628637761e-23
4.999695048147928173e+04 0.000000000000000000e+00
4.999727769335847552e+04 0.000000000000000000e+00
4.999766628235749522e+04 1.312764356579687854e-22
4.999774926421113196e+04 4.742088280136473501e-24
4.999793859121100104e+04 1.491555266030951440e-23
4.999812527644296642e+04 1.135087810123787097e-23
4.999868344198858540e+04 3.148821996267080907e-24
4.999906326934319077e+04 0.000000000000000000e+00
4.999929970988248533e+04 0.000000000000000000e+00
4.999941923070358462e+04 9.821325979986283576e-22
4.999960235622832261e+04 0.000000000000000000e+00
4.999990322216196364e+04 0.000000000000000000e+00
5.000007542325602844e+04 0.000000000000000000e+00
5.000057785659233195e+04 1.071281419460267773e-24
5.000065116653232690e+04 0.000000000000000000e+00
5.000083526077584975e+04 3.837797929815656258e-21
5.000117180418067437e+04 4.899294838357583712e-23
5.000155043538443715e+04 1.414906053980866563e-23
5.000175077649448212e+04 1.466675082742129349e-22
5.000179581038540346e+04 2.255145399738615255e-22
5.000191891156991187e+04 1.082188269314571970e-23
5.000222745650445722e+04 4.238316863665492028e-22
5.000292811569887999e+04 4.061382418920447131e-23
5.000298677759155544e+04 0.000000000000000000e+00
5.000320088738466438e+04 1.301856467423279194e-24
5.000368394971006637e+04 3.459852505686989274e-21
5.000375809192672023e+04 1.273344021770803172e-23
5.000437948897749447e+04 5.448523568271611015e-24
5.000471709042476868e+04 0.000000000000000000e+00
5.000479315582098934e+04 0.000000000000000000e+00
5.000513789693398576e+04 1.422659657187671069e-21
5.000561325148043397e+04 3.624802619242506165e-22
5.000579374621865281e+04 2.080019390861559921e-24
5.000593696860939235e+04 1.176568319735750513e-23
5.000614671464650019e+04 5.130761825509549290e-24
5.000653151839559723e+04 9.208069989415174563e-21
5.000681119723385200e+04 0.000000000000000000e+00
5.000728819459414080e+04 1.298606096869853833e-22
5.000742817044377443e+04 1.136080942473957973e-23
5.000761849781238561e+04 5.484112671340124933e-23
5.000784890669400193e+04 4.521094860368839043e-21
5.000812940150006762e+04 1.496894082917609687e-21
5.000822878414367733e+04 1.943297028716332954e-23
5.000868353800616751e+04 1.577853825550536822e-23
5.000916442746813846e+04 5.548371493538718612e-23
5.000937523683786276e+04 0.000000000000000000e+00
5.000943691881209816e+04 5.808541870355604787e-20
5.000949990503257868e+04 3.694326079391904243e-24
5.001000796319092478e+04 7.989045370276659097e-23
5.001007542326683324e+04 0.000000000000000000e+00
5.001083552750691888e+04 4.949929121703175581e-21
5.001084690760605008e+04 6.169770353053985969e-24
5.001092418477960746e+04 1.351477116674495273e-24
5.001158133462174737e+04 0.000000000000000000e+00
5.001158955352807970e+04 0.000000000000000000e+00
5.001207711746467248e+04 6.610348573808255881e-21
5.001222745664322429e+04 1.428755343341143859e-21
5.001229623331919720e+04 2.611388043565794143e-22
5.001233789900518605e+04 9.701726731621390839e-23
5.001260581820635707e+04 5.864563036754628884e-24
5.001298746626819047e+04 7.682027878828536207e-22
5.001304454124605400e+04 1.543956035309018573e-22
5.001364963531141257e+04 4.440640210891409952e-21
5.001373448009308049e+04 4.557682660670246368e-20
5.001395110851257778e+04 9.537992176163982123e-24
5.001413581504263857e+04 1.858234064978654743e-23
5.001437015259401232e+04 1.548134706984087486e-24
5.001437948992871679e+04 1.629164396390084122e-22
5.001513926952046313e+04 6.613397177677320211e-19
5.001518423035200976e+04 9.619280367273008261e-24
5.001558105991111370e+04 6.842739491122717794e-23
5.001577342126538133e+04 3.505130849590199397e-23
5.001587875552200421e+04 8.684078742027838688e-22
5.001617797939201409e+04 8.026707668087840713e-22
5.001653152270748978e+04 2.665216692921308984e-19
5.001653545766991010e+04 2.394843736049044603e-23
5.001683313909375283e+04 3.462196663566134498e-22
5.001699268629169819e+04 2.328277966624055467e-22
5.001729083832205652e+04 1.978352200791588489e-22
5.001770974084892805e+04 8.218891489904527524e-22
5.001800079100298899e+04 1.073952308073539443e-19
5.001801478565451544e+04 3.174771393794196112e-20
5.001822091597120016e+04 4.410250155276893186e-23
5.001868355388762575e+04 3.133118075563901956e-21
5.001888435272571223e+04 4.556947610014627293e-24
5.001935403454643529e+04 6.808521522388312801e-23
5.001944195633041818e+04 1.844451834819308149e-19
5.001999838558191550e+04 1.644038915119841995e-22
5.002005346115768043e+04 2.471772985074442139e-21
5.002007542326793919e+04 3.129485028007587519e-22
5.002013047547917085e+04 2.356429573335575342e-22
5.002050809260622191e+04 1.610720325568298424e-21
5.002083558028703555e+04 4.531537660251007255e-18
5.002110466212968458e+04 1.091131167801334668e-22
5.002132393183711974e+04 1.161571912113261691e-23
5.002159245782305516e+04 8.608278486108751853e-21
5.002192237034710706e+04 0.000000000000000000e+00
5.002217676899100479e+04 3.539642920079545374e-22
5.002222745665966067e+04 1.232925948685138168e-18
5.002224534749636950e+04 2.267987795704384920e-20
5.002253917594988889e+04 4.580352769060588931e-22
5.002298759418197005e+04 4.694699391744481675e-21
5.002350689838717517e+04 8.895284414209541612e-23
5.002360044691904477e+04 5.870516612775467333e-23
5.002374165506610734e+04 2.568863932938708451e-18
5.002402251250813424e+04 1.571722110665552991e-21
5.002435717171595752e+04 6.799767066070182450e-22
5.002437949003517133e+04 6.481996487089237140e-21
5.002457675274694338e+04 1.303330947786000023e-23
5.002495973172249069e+04 1.299818523507632412e-23
5.002513957880777161e+04 9.421705673879068930e-22
5.002518260720610851e+04 1.312714461893885387e-23
5.002588902081336710e+04 4.000755536082236574e-21
5.002592157915230200e+04 1.223226884633240038e-23
5.002601886795486644e+04 8.242712139072414196e-23
5.002645079891986097e+04 8.892312012645040894e-20
5.002653152334590413e+04 1.271168941601716049e-17
5.002664046888596204e+04 1.723556078336886424e-21
5.002686653029180889e+04 7.973749477188912600e-23
5.002729150717302400e+04 6.575783486199748272e-20
5.002733440909088677e+04 2.287216820687076554e-23
5.002777574515232118e+04 6.203043725736821879e-23
5.002802874377171247e+04 2.107820084774241125e-19
5.002816336986504029e+04 1.547727219721259285e-20
5.002850866367275739e+04 1.037633944748210330e-21
5.002868355641840026e+04 5.371873298236748152e-20
5.002874934942678374e+04 6.412960453337320612e-23
5.002895772557242162e+04 8.477053539034907965e-24
5.002944331832221360e+04 3.923429319882064417e-17
5.002971912701334804e+04 1.088238933092836227e-23
5.003007542326816474e+04 9.227482340612008886e-22
5.003015072252712707e+04 1.677275696273515277e-21
5.003019103160769737e+04 9.317198526735877983e-21
5.003035336222055776e+04 6.812142612361077405e-21
5.003065126603251701e+04 2.445332449583294058e-20
5.003083558875702875e+04 2.376006104469369977e-17
5.003124745597229048e+04 1.094578036224998086e-21
5.003159491340292152e+04 7.301624864199828372e-20
5.003184654883197072e+04 2.564754149952701122e-21
5.003222745666418632e+04 1.213479520563095976e-18
5.003231622516499192e+04 1.751879794196066030e-18
5.003233920470300654e+04 5.633502379349395634e-20
5.003270426671919267e+04 1.708320121610044677e-22
5.003298761908456800e+04 3.882595031630454768e-19
5.003316008881684684e+04 4.886521129075522355e-23
5.003374614869475772e+04 5.345409099675417196e-19
5.003386068640431768e+04 2.994440483526479319e-21
5.003395624143704481e+04 2.549792050720060441e-21
5.003437949007379939e+04 3.590585486663615310e-19
5.003444550470782997e+04 1.638348214406351922e-20
5.003445716285490198e+04 1.695910200357236055e-21
5.003477018730484997e+04 5.270385235511801700e-21
5.003506195829550416e+04 0.000000000000000000e+00
5.003513964480053983e+04 4.635019047878199740e-16
5.003553945536155516e+04 8.955747924834497204e-23
5.003589677049672173e+04 1.071835742761546812e-19
5.003621843594907114e+04 6.283174303055703779e-23
5.003644060625878774e+04 1.037196661593064685e-20
5.003653152356685314e+04 5.836735098206559593e-16
5.003658137099293526e+04 3.784675206093792959e-19
5.003669343635582482e+04 2.745917541751001574e-22
5.003717346566150809e+04 1.752791408673704453e-23
5.003729166128852376e+04 1.064376770445968961e-18
5.003769809791344596e+04 1.166690736513232195e-20
5.003774037199246959e+04 2.557065160759861191e-21
5.003804670784733753e+04 3.465333144013982587e-17
5.003827018149659852e+04 3.931597902348711537e-24
5.003841548733763921e+04 3.907065208308241734e-21
5.003868355740063271e+04 1.665537848078146102e-18
5.003869832169326401e+04 4.353638718542188742e-21
5.003885736645990983e+04 5.797732198165375010e-24
5.003941136010045011e+04 5.106591361367267460e-21
5.003944366050727695e+04 8.715992855022172966e-18
5.003966125365268817e+04 1.060234986972723577e-21
5.004007542326997645e+04 8.579380447799450588e-19
5.004008927303802921e+04 7.521687491698166571e-22
5.004019582570042257e+04 2.522566034627565393e-19
5.004064002478322072e+04 5.668619420744649579e-24
5.004080942460214283e+04 7.010731389847647056e-20
5.004083559244352364e+04 3.652476169089880563e-15
5.004134433444277965e+04 1.061810688182410676e-21
5.004154483458406321e+04 2.555142468356745390e-21
5.004159561874737847e+04 9.335653143525322444e-19
5.004222745669585856e+04 3.289019359126191066e-15
5.004223119513529673e+04 2.898204067524677830e-21
5.004234190312018472e+04 6.949150661189791747e-18
5.004248866331882164e+04 2.162315318936622689e-22
5.004291063534721616e+04 9.638851216391449598e-22
5.004296547199795896e+04 2.222589947899791047e-23
5.004298763144846453e+04 1.183545158434442222e-17
5.004371111351683794e+04 1.426085898590738446e-18
5.004374762190829642e+04 6.136764008424469466e-16
5.004414461798649427e+04 1.623561044167564318e-23
5.004437949039247906e+04 4.375582597342096255e-18
5.004448385413756478e+04 5.273726611851151294e-20
5.004456125085226813e+04 1.309627983598785631e-21
5.004496317408481991e+04 7.417543991986525782e-22
5.004499976344204333e+04 1.201548422238087283e-20
5.004513968239392125e+04 1.302687428569210773e-15
5.004573547199948371e+04 4.891721297862565186e-22
5.004589936570780264e+04 4.009738645229107004e-18
5.004629297048674925e+04 9.515766395477164106e-21
5.004653152574418345e+04 1.264791349852561603e-14
5.004656938395470934e+04 5.646239557064337897e-21
5.004660654468803841e+04 4.892494387393766543e-19
5.004666973273557232e+04 2.842393606523227869e-19
5.004707371449849597e+04 1.525216123996197341e-22
5.004729176576861209e+04 6.060197612455392257e-18
5.004785078195746610e+04 1.261316486850725120e-23
5.004804165866156836e+04 1.821306565051886052e-20
5.004805110760330717e+04 1.462299411494988470e-16
5.004815960353570699e+04 0.000000000000000000e+00
5.004868356821074121e+04 9.661187371731157762e-17
5.004877115691981453e+04 7.126294466730802159e-21
5.004906776186361094e+04 2.035363554179734861e-21
5.004921186148223933e+04 6.050127456142112156e-22
5.004944392786217213e+04 9.843153551586496276e-15
5.004949251391293365e+04 4.695718051714410037e-20
5.004979754511683132e+04 2.384604066031411088e-22
5.005007542339542124e+04 5.958714162876440073e-19
5.005011942835131777e+04 3.507626792544811832e-22
5.005020275537686393e+04 8.851452916500730326e-19
5.005083468928882212e+04 1.864023873517035827e-18
5.005083563401834544e+04 4.885209311690786406e-14
5.005090524637028284e+04 1.829034083521542710e-19
5.005124586703432578e+04 1.445316939418986381e-24
5.005159626421285066e+04 5.925838049584288173e-17
5.005164782056803233e+04 1.063480889702287469e-21
5.005192375560812070e+04 0.000000000000000000e+00
5.005222745815735107e+04 1.720057231669480133e-16
5.005223764347378165e+04 1.140718216612637043e-22
5.005235436953277531e+04 1.041350193666420054e-17
5.005298776255393022e+04 2.536419334120968486e-17
5.005303643585510144e+04 5.455116694539982637e-22
5.005323430233831459e+04 9.409407343102905189e-24
5.005363585822382447e+04 7.917832347186953215e-22
5.005374894935842894e+04 3.283955617417262907e-15
5.005388522027339059e+04 8.158844691711603393e-20
5.005414551336274599e+04 1.155665004337459763e-21
5.005437949885402486e+04 5.672838511253359334e-16
5.005448364816772664e+04 1.137281227357926593e-20
5.005450946255242161e+04 6.721551079875470022e-20
5.005514003941354167e+04 1.333187850834341872e-13
5.005516383273058455e+04 8.978123277245519081e-19
5.005535790012185316e+04 3.510252083801870708e-23
5.005578470143507730e+04 6.332206880102786888e-22
5.005590229859104147e+04 1.571971659338225712e-17
5.005599242694401619e+04 3.579784393718180309e-21
5.005643291217781371e+04 4.638367815374342704e-22
5.005653156039155147e+04 9.458487531182077089e-13
5.005665856097614596e+04 2.525363150383486802e-18
5.005727570248080156e+04 1.681837896232175534e-20
5.005729263669451757e+04 7.837134371794025312e-16
5.005733750815858366e+04 0.000000000000000000e+00
5.005740340185815876e+04 4.082387802762161027e-22
5.005793339918348647e+04 4.934673875605607560e-21
5.005805679063343996e+04 1.407895591570153938e-16
5.005855785275022936e+04 1.960434118129920654e-22
5.005868368924154493e+04 6.083862765290745498e-17
5.005881275697152159e+04 4.313550129050395929e-21
5.005909174577103113e+04 2.566056346624248437e-22
5.005928428994313435e+04 2.195927900088845432e-22
5.005941288955393975e+04 3.985089922899126410e-19
5.005944587298416445e+04 7.660702285421065475e-14
5.005997944281960372e+04 1.120872341904906902e-22
5.006007542498097609e+04 2.014715170012403073e-15
5.006018349034820130e+04 2.362665975803233796e-21
5.006021321092951985e+04 9.888237919886855815e-19
5.006083602161082672e+04 1.327704061381263273e-12
5.006096624611684092e+04 1.828431309175891291e-19
5.006119060471107514e+04 0.000000000000000000e+00
5.006152084058099717e+04 5.927026648236454268e-23
5.006160030350174929e+04 2.803657675828641001e-16
5.006176755212082935e+04 5.083813948814650670e-21
5.006184922252542310e+04 1.276746305923206620e-21
5.006222748157357273e+04 7.530670764869818632e-12
5.006237242633932328e+04 4.259576713481540290e-17
5.006253979749314021e+04 3.371109119216858706e-23
5.006298889076122578e+04 8.781180326053742624e-15
5.006310281184499036e+04 2.510570059380038127e-23
5.006312523268417863e+04 3.535281955032788095e-21
5.006342611268308974e+04 6.191101160268642338e-23
5.006363742536748032e+04 7.621355358574673419e-21
5.006375681781859748e+04 1.721410708040003661e-15
5.006391950084113341e+04 2.362193106153784032e-22
5.006429294740250771e+04 1.490513573407278119e-22
5.006437966820845031e+04 2.253896042739623229e-16
5.006453584236541064e+04 2.552565383650177872e-20
5.006496346658144466e+04 1.361978476965862786e-20
5.006514297066255676e+04 1.815535079161879423e-12
5.006528454332530237e+04 2.025180246454754783e-19
5.006561560061254568e+04 4.234865192946813530e-21
5.006576081881827849e+04 9.835418423115083401e-21
5.006591325111949845e+04 5.193067850882353930e-19
5.006591689551258605e+04 1.189121526058239899e-17
5.006620684551279555e+04 1.960594898422345714e-22
5.006653232317284710e+04 6.198068525363487739e-12
5.006670504326128139e+04 4.831762585527344645e-18
5.006729942807207408e+04 4.949041246962141049e-15
5.006744830004379764e+04 0.000000000000000000e+00
5.006746730755893805e+04 2.523916765416996284e-24
5.006785978641258407e+04 8.852129371799459841e-20
5.006796472713204275e+04 5.798037539091082643e-20
5.006808183079704031e+04 6.683624924464780779e-16
5.006814398763015197e+04 4.817409809468857579e-21
5.006868614578287088e+04 7.680347877790948705e-14
5.006888165677008510e+04 1.724858562773557847e-20
5.006889332854299573e+04 3.799333585731798736e-24
5.006946003896503680e+04 2.027522336237771031e-14
5.006961669114312099e+04 3.672497125209084024e-20
5.006991525539848226e+04 4.179008412947918122e-23
5.006999024589703185e+04 1.884292784803431962e-24
5.007007550030868879e+04 2.126110676027323180e-17
5.007025428972209193e+04 4.182399284070759896e-20
5.007029477192868944e+04 4.854035076322196946e-22
5.007071057159361953e+04 1.929440019853142547e-19
5.007084231609743438e+04 4.227782850507849329e-11
5.007106765368395281e+04 7.791580315290750346e-17
5.007162721745383897e+04 1.752668917426529822e-16
5.007177592005789484e+04 3.084550830687785031e-22
5.007189853834815585e+04 7.651047631421939221e-21
5.007196123199308931e+04 3.166206921141664828e-19
5.007208547223313508e+04 9.053212019920063589e-20
5.007222796309887781e+04 2.157153349800093576e-12
5.007243675319395697e+04 1.677669852946374656e-16
5.007300270827432541e+04 8.052619086449323154e-14
5.007326484331287793e+04 2.696464635868312619e-19
5.007378443959658034e+04 3.304672388541810662e-17
5.007380397749079566e+04 1.170260912140724465e-14
5.007390674780177505e+04 5.068531167566143109e-20
5.007401517845150374e+04 4.481715788311791417e-20
5.007413734352122992e+04 7.426515964830420976e-22
5.007438139499247336e+04 4.880861583848942888e-13
5.007442337033771037e+04 8.580399839157660812e-21
5.007463167539949791e+04 6.700996908867671239e-19
5.007517008416198223e+04 1.737786990838364826e-13
5.007537534027754009e+04 2.732366125995107376e-21
5.007547396219772054e+04 5.241769892636488512e-18
5.007587125992553047e+04 1.471018622936936937e-23
5.007599338550427638e+04 5.891197993658087672e-18
5.007602872796156589e+04 1.028138447864732500e-20
5.007615425393469195e+04 6.887779843086621925e-20
5.007636963125987677e+04 1.556827796572496449e-18
5.007653781162949599e+04 9.164606502568242335e-10
5.007684158589645085e+04 3.361279505007339712e-15
5.007699618137377547e+04 3.397074468977869585e-19
5.007731094093318825e+04 1.883167242635907424e-20
5.007734810861376172e+04 9.695321700985484510e-16
5.007769254126334272e+04 2.073627468966878692e-19
5.007788007540692342e+04 9.078002840545749622e-20
5.007819873307419039e+04 1.019185491984775856e-14
5.007827642063456005e+04 3.127912093279698800e-17
5.007870216601259017e+04 1.136035534777929270e-12
5.007894308392136008e+04 4.404748663417208015e-19
5.007906869877090503e+04 8.272584932664255041e-18
5.007954107233927789e+04 9.020286935983722732e-14
5.007969693250891578e+04 1.077741505208069724e-18
5.007984421511832625e+04 5.248402246485544543e-20
5.007995045660096366e+04 1.293690999775639429e-18
5.008007778460513509e+04 4.432032059093715502e-12
5.008029758170035348e+04 2.882258456146098599e-19
5.008042373483363190e+04 2.577427699449787440e-17
5.008071455983600754e+04 8.103329356719941912e-20
5.008088172348641820e+04 2.555287060771660667e-12
5.008116948564470658e+04 2.324177668829149552e-20
5.008131441778646695e+04 2.652720166656604264e-16
5.008175335877946782e+04 1.911640445209529635e-17
5.008185032888538990e+04 5.790954279157990634e-18
5.008217859279595723e+04 5.936850618485727563e-16
5.008219202831113944e+04 3.305309623061059205e-16
5.008224295515842823e+04 1.622009233782846194e-08
5.008266957701253705e+04 5.805596116908343256e-14
5.008290335340827733e+04 1.273373074130949717e-16
5.008302852906428598e+04 2.967748363378005106e-18
5.008308455886597221e+04 2.040019556014278033e-14
5.008357817992811761e+04 3.741626197085341405e-18
5.008380571452470031e+04 2.738258985122255613e-20
5.008398883026585099e+04 8.184922779729625792e-14
5.008443479589607159e+04 9.588218088873756579e-12
5.008445991668897477e+04 5.516110339378407510e-17
5.008493837585155416e+04 1.458391250822135837e-16
5.008502741940646956e+04 1.595559261515065482e-18
5.008531780957115552e+04 9.495668751693036113e-13
5.008543113992561121e+04 4.005915492387861410e-19
5.008582902582989482e+04 1.110741579343155698e-16
5.008585929110223515e+04 2.121033101705731066e-16
5.008589551398242475e+04 2.423278731280741650e-16
5.008625040368311602e+04 4.226627914336014487e-16
5.008666089468159043e+04 1.285607117881646518e-13
5.008676054215987824e+04 8.298475041752593737e-19
5.008688157018535276e+04 4.600802970624658504e-21
5.008708249202101433e+04 1.012439702039766786e-18
5.008723244382295525e+04 2.899883290870039719e-15
5.008753282193659106e+04 5.084634976856524087e-18
5.008758649774713558e+04 5.470394423422309866e-15
5.008801073277816613e+04 5.921992217666195685e-19
5.008816208143693075e+04 5.394142850766687688e-18
5.008828179022122640e+04 7.838545977771229744e-19
5.008853985988770728e+04 1.922057559713086519e-14
5.008887993933863618e+04 1.357360440646362623e-18
5.008892964347366069e+04 1.858323493638486773e-14
5.008906747546188126e+04 3.356272239408650559e-17
5.008949286760464020e+04 2.490422739119351622e-18
5.008955455653359968e+04 5.573655650897678425e-17
5.008989329785534210e+04 5.231217233262839225e-13
5.009010792175278038e+04 2.700541541816135339e-12
5.009024620414576930e+04 2.119062736542914878e-18
5.009050573314535723e+04 3.361195993615359193e-16
5.009085801826138777e+04 1.501405406635790813e-16
5.009111776122684387e+04 2.247899501342468551e-19
5.009124676980263030e+04 1.765958164029208182e-11
5.009128582428419031e+04 1.938247311850260428e-17
5.009153094060863805e+04 1.747789932315744042e-17
5.009189428528233839e+04 1.444978113481978402e-15
5.009191253681794478e+04 4.310285228212193280e-20
5.009223899645659549e+04 1.144450224202494449e-14
5.009231611916620022e+04 3.992759153347634227e-11
5.009259627256150270e+04 3.970796079202590169e-21
5.009285185069814906e+04 2.365808513132118041e-18
5.009320498328150279e+04 3.047746291764506866e-16
5.009327950161302579e+04 5.542488875417288173e-19
5.009340864646426053e+04 1.882298179287371810e-17
5.009361449317632650e+04 2.175608325979017731e-14
5.009396857888681552e+04 1.311334772703926385e-17
5.009426103099267493e+04 4.487657117627301922e-17
5.009462303064035950e+04 2.706483159357103739e-14
5.009465143100786372e+04 2.152428168962162892e-13
5.009484301184976357e+04 1.653095475151974182e-19
5.009520159768318263e+04 1.952173404444729837e-16
5.009522735093851952e+04 1.964649313519828197e-16
5.009558034177315130e+04 1.552766487329607452e-17
5.009603197815251769e+04 2.723637804037962270e-13
5.009648075628231163e+04 4.078055729199247091e-17
5.009665233457880095e+04 2.873529187670323158e-14
5.009694086433781195e+04 4.960345045947638771e-17
5.009704421489434026e+04 3.756497949847409942e-13
5.009708922723741853e+04 1.200831068053165069e-10
5.009738217845404142e+04 1.013381057544006722e-15
5.009743492037260148e+04 1.126033462979207210e-16
5.009766908232768765e+04 2.253787029785541670e-17
5.009798318132104760e+04 4.265746459252190184e-14
5.009840798738013837e+04 3.287572048932697626e-19
5.009849628566930187e+04 7.100438691825298609e-16
5.009870602379265620e+04 9.864114681012843226e-17
5.009906559015710809e+04 5.501428277066445064e-18
5.009911834178485151e+04 3.113853947688068662e-17
5.009950015510386584e+04 9.118197621482846467e-14
5.009954334856068454e+04 8.742682386749501662e-17
5.009960867344871804e+04 8.058072626988812617e-14
5.009973709198108554e+04 1.567858254497163746e-17
5.010011625908402493e+04 2.514376235405343328e-17
5.010041280453712534e+04 1.408748237491724638e-16
5.010055747192325362e+04 1.281248397500165708e-19
5.010100327876772644e+04 2.509692176406386599e-13
5.010103175924676907e+04 1.649953768391878725e-16
5.010149732776224118e+04 2.293708932286573629e-16
5.010155141261241806e+04 1.718620428806755392e-17
5.010198840303879842e+04 2.024797398042552460e-16
5.010219283899352013e+04 4.845480298559591209e-15
5.010237657040116756e+04 1.184164246457438392e-19
5.010277750082958664e+04 3.678297515564320848e-20
5.010286775127844885e+04 1.507476234948253812e-17
5.010316525858433306e+04 8.959326330450818524e-19
5.010337273216896574e+04 2.414235958241331048e-19
5.010354856101263431e+04 5.170546361015112759e-16
5.010396351169090485e+04 3.097306851219430937e-19
5.010413119384546007e+04 1.063456864152895115e-19
5.010450241148343048e+04 3.678324174251338579e-16
5.010470755124904099e+04 1.314841988702385394e-18
5.010482817112466728e+04 3.884115984798432359e-16
5.010505727546576236e+04 8.450030984380368602e-19
5.010534777281049173e+04 1.938083951187533422e-18
5.010550215366740304e+04 2.164400432084037220e-18
5.010612704561415012e+04 2.555965142593006389e-15
5.010643638068118162e+04 2.582039463868346481e-18
5.010645996394112444e+04 7.651063349382449337e-18
5.010658378181298031e+04 8.091517073280782288e-22
5.010705976689211820e+04 1.545011476631450254e-17
5.010750237339723390e+04 1.178450112752274291e-13
5.010785270431664685e+04 3.427766860635916806e-15
5.010806988535638811e+04 6.400669354843918275e-20
5.010873765556675789e+04 3.257146795550915688e-19
5.010884222548465186e+04 1.231975112107960618e-17
5.010903444228832086e+04 2.017481406872208722e-20
5.010915109796691104e+04 1.306498806278100055e-19
5.010949625992742949e+04 8.275280169149834948e-19
5.010962978049651429e+04 7.913554721044752310e-16
5.011018355553168658e+04 8.701042620320849846e-17
5.011023263421571755e+04 5.118847629121133517e-17
5.011040564767642354e+04 1.902710387556426173e-17
5.011047323739821150e+04 5.054104796655814732e-20
5.011103580090162723e+04 1.062053332448531737e-19
5.011135951212767395e+04 4.739958043335243333e-16
5.011141499139236839e+04 1.639665918799911252e-16
5.011160836038390698e+04 2.704688861298084138e-17
5.011189332723402913e+04 3.744453405760854056e-20
5.011222443766407378e+04 1.677934879124791957e-18
5.011254037456014339e+04 2.296034227136219810e-19
5.011285238730808487e+04 2.452486778737170253e-17
5.011301996850982687e+04 2.361293289576890503e-17
5.011303650455092429e+04 7.966066715690765967e-18
5.011315393244582810e+04 2.881806816342252547e-21
5.011400473105529818e+04 1.456744763197498530e-18
5.011413668014080758e+04 5.987083337569066514e-19
5.011483473755203158e+04 4.755728906951521759e-18
5.011498622773684474e+04 1.031804787252902211e-22
5.011538627346615976e+04 7.349635653242498715e-22
5.011544737599711516e+04 2.708988236667966908e-21
5.011570256700400932e+04 1.213497196814397208e-20
5.011576724008277961e+04 1.359455680900754229e-19
5.011632605926723772e+04 9.583998997912183952e-20
5.011655546713877266e+04 2.333573445436088055e-18
5.011675786957519449e+04 1.103860563244232303e-17
5.011735262524656719e+04 1.616613174913794272e-20
5.011746127257015905e+04 2.097778414367527615e-21
5.011799009866502456e+04 1.404518477345493670e-19
5.011804871743402327e+04 4.294667963743525413e-18
5.011831310029901215e+04 4.036388068226441872e-20
5.011853929129476455e+04 1.078793007099766562e-16
5.011871743261857773e+04 1.421390619140134693e-18
5.011943493807224149e+04 5.139110786066000943e-21
5.012009185134382278e+04 4.039654495251908643e-18
5.012018384679898008e+04 8.261225112408797694e-22
5.012070339118792617e+04 1.380654281472480708e-19
5.012073635908527649e+04 2.646501452498486539e-21
5.012133557293225022e+04 2.136147459678276270e-19
5.012204541649488965e+04 1.795750710638324514e-21
5.012214809797633643e+04 1.011416882885771110e-18
5.012231961482681800e+04 1.201063428810116093e-20
5.012249719607523730e+04 1.084105891611662698e-23
5.012269690452161740e+04 6.301041391153497483e-20
5.012285066089111933e+04 5.242772560260273182e-21
5.012323627408261382e+04 1.121939531570508792e-21
5.012336939188614633e+04 2.279425407252518193e-20
5.012414060653365595e+04 2.887285579456576190e-19
5.012448450908563245e+04 1.403011170890896458e-20
5.012480936699776794e+04 3.203446324577908289e-22
5.012489283759498358e+04 5.967294394236091839e-21
5.012493593528763449e+04 3.872715276607953407e-21
5.012539322775491746e+04 1.925752423683940809e-20
5.012563429606371938e+04 2.006269100664541103e-20
5.012572226453967596e+04 6.297689850441606350e-21
5.012627988432830170e+04 0.000000000000000000e+00
5.012695902564660355e+04 0.000000000000000000e+00
5.012763509857283498e+04 4.694676804587894387e-20
5.012808710869812785e+04 2.459279457714982254e-22
5.012817944557189185e+04 3.784955552011418334e-22
5.012824901355771726e+04 4.735436171993164900e-22
5.012862294925309106e+04 0.000000000000000000e+00
5.012887941813309590e+04 6.375506969725989996e-22
5.012935164531105693e+04 2.928064559914940533e-22
5.012977197604667163e+04 8.962557216970898494e-20
5.013034732526009611e+04 2.781199959756256022e-23
5.013056779020246904e+04 7.691979300393876073e-22
5.013076156129715673e+04 1.124008664696964765e-20
5.013079084304965363e+04 2.677539843663318253e-21
5.013120248624592932e+04 4.261004462937015529e-21
5.013163093483860575e+04 3.194644386556957545e-23
5.013256007136975677e+04 1.868612636555877332e-22
5.013271156784622872e+04 3.751969554790537466e-23
5.013303380562287930e+04 3.776517864941489446e-22
5.013340565403216169e+04 8.886100281520824681e-22
5.013365122200913902e+04 5.132385468239432698e-23
5.013519474962194363e+04 1.123092658551396872e-24
5.013531703621963970e+04 3.620760026677584182e-22
5.013547931427519507e+04 1.924392023090941384e-22
5.013594755084726057e+04 6.104896471021412036e-24
5.013613875790654856e+04 1.427391435890403220e-23
5.013618842802015570e+04 1.529283070612006085e-23
5.013624621384357306e+04 1.668091136754554412e-24
5.013641096805668349e+04 4.041510195304014228e-22
5.013780245209051645e+04 0.000000000000000000e+00
5.013828211111644487e+04 1.578573882510757718e-24
5.013847230083805334e+04 1.161637277234490608e-23
5.013872035952590522e+04 0.000000000000000000e+00
5.013879371691570122e+04 3.849146940608969231e-24
5.013880928573348501e+04 3.280605548394539175e-24
5.013891231043769949e+04 1.110762600791176341e-22
5.013947526718872541e+04 0.000000000000000000e+00
5.014108126277317206e+04 5.949917857780027868e-23
5.014157322981416655e+04 8.042850209557773223e-24
5.014158287545855273e+04 0.000000000000000000e+00
5.014227320597776998e+04 2.502336026975655283e-23
5.014231557665095897e+04 3.410094818887480250e-24
5.014249960971750988e+04 0.000000000000000000e+00
5.014358106256840983e+04 0.000000000000000000e+00
5.014421356010562158e+04 0.000000000000000000e+00
5.014437867620831821e+04 0.000000000000000000e+00
5.014473841119377903e+04 0.000000000000000000e+00
5.014497204146764125e+04 0.000000000000000000e+00
5.014510008434159681e+04 0.000000000000000000e+00
5.014608347313747799e+04 0.000000000000000000e+00
5.014619258720098878e+04 0.000000000000000000e+00
5.014687382206401526e+04 0.000000000000000000e+00
5.014729204163691611e+04 0.000000000000000000e+00
5.014753936760149372e+04 1.622561483288128375e-24
5.014883185915678769e+04 0.000000000000000000e+00
5.014896993695091805e+04 0.000000000000000000e+00
5.014976835819883127e+04 0.000000000000000000e+00
5.015011731511129619e+04 0.000000000000000000e+00
5.015049176867389906e+04 0.000000000000000000e+00
5.015092451263572730e+04 0.000000000000000000e+00
5.015106347405401175e+04 0.000000000000000000e+00
5.015165630384998076e+04 0.000000000000000000e+00
5.015248308974786050e+04 0.000000000000000000e+00
5.015301262389933254e+04 0.000000000000000000e+00
5.015321685969216196e+04 0.000000000000000000e+00
5.015337539855714567e+04 0.000000000000000000e+00
5.015362202675473964e+04 0.000000000000000000e+00
5.015377171694146818e+04 0.000000000000000000e+00
5.015568879796499823e+04 0.000000000000000000e+00
5.015583220081969921e+04 0.000000000000000000e+00
5.015609646810987033e+04 0.000000000000000000e+00
5.015661489110968978e+04 0.000000000000000000e+00
5.015751022984080919e+04 0.000000000000000000e+00
5.015852808126136370e+04 0.000000000000000000e+00
5.015858259935165552e+04 0.000000000000000000e+00
5.015937877655808552e+04 0.000000000000000000e+00
5.016003405567093432e+04 0.000000000000000000e+00
5.016030596804025117e+04 0.000000000000000000e+00
5.016091131028553355e+04 0.000000000000000000e+00
5.016133411605210131e+04 0.000000000000000000e+00
5.016238306778907281e+04 0.000000000000000000e+00
5.016300955041150155e+04 0.000000000000000000e+00
5.016360801637794066e+04 0.000000000000000000e+00
5.016420510160479171e+04 0.000000000000000000e+00
5.016491836042453360e+04 0.000000000000000000e+00
5.016520605998694373e+04 0.000000000000000000e+00
5.016694718426188774e+04 0.000000000000000000e+00
5.016704127831447840e+04 0.000000000000000000e+00
5.016727522006583604e+04 0.000000000000000000e+00
5.016774948777083046e+04 0.000000000000000000e+00
5.016778951504378347e+04 0.000000000000000000e+00
5.016867546718735684e+04 0.000000000000000000e+00
5.016990345486952720e+04 0.000000000000000000e+00
5.017015586824301863e+04 0.000000000000000000e+00
5.017062133691193594e+04 0.000000000000000000e+00
5.017158011092137167e+04 0.000000000000000000e+00
5.017203845818391710e+04 0.000000000000000000e+00
5.017283090336909663e+04 0.000000000000000000e+00
5.017474177568655432e+04 0.000000000000000000e+00
5.017497943840116204e+04 0.000000000000000000e+00
5.017512035843524063e+04 0.000000000000000000e+00
5.017574786389760266e+04 0.000000000000000000e+00
5.017764375593775185e+04 0.000000000000000000e+00
5.017807805351255956e+04 0.000000000000000000e+00
5.017880975562196545e+04 0.000000000000000000e+00
5.017959830874351610e+04 0.000000000000000000e+00
5.018173152927896444e+04 0.000000000000000000e+00
5.018258798606329947e+04 0.000000000000000000e+00
5.018298023458180978e+04 0.000000000000000000e+00
5.018427052300326613e+04 0.000000000000000000e+00
5.018490796070523356e+04 0.000000000000000000e+00
5.018584306355725130e+04 0.000000000000000000e+00
5.018620090166836599e+04 0.000000000000000000e+00
5.018730770584664424e+04 0.000000000000000000e+00
5.018788661071567913e+04 0.000000000000000000e+00
5.018812104654904397e+04 0.000000000000000000e+00
5.018921093107663182e+04 0.000000000000000000e+00
5.019111627375642274e+04 0.000000000000000000e+00
5.019190087951347959e+04 0.000000000000000000e+00
5.019362737046189432e+04 0.000000000000000000e+00
5.019496428767612815e+04 0.000000000000000000e+00
5.019572958567259775e+04 0.000000000000000000e+00
5.019667795275300887e+04 0.000000000000000000e+00
5.019879951625316608e+04 0.000000000000000000e+00
5.020017965444338915e+04 0.000000000000000000e+00
5.020325255601845129e+04 0.000000000000000000e+00
5.020355826013335900e+04 0.000000000000000000e+00
5.020529582992018550e+04 0.000000000000000000e+00
5.020656515780364862e+04 0.000000000000000000e+00
5.020672414520414895e+04 0.000000000000000000e+00
5.020845952904583828e+04 0.000000000000000000e+00
5.020981162353899708e+04 0.000000000000000000e+00
5.021273753059149021e+04 0.000000000000000000e+00
5.021349719550885493e+04 0.000000000000000000e+00
5.021589059521523450e+04 0.000000000000000000e+00
5.021669684505835176e+04 0.000000000000000000e+00
5.022715088922084396e+04 0.000000000000000000e+00
5.022766420421611110e+04 0.000000000000000000e+00
5.023049183002586506e+04 0.000000000000000000e+00
5.023098937524808571e+04 0.000000000000000000e+00
