-5.003005349942405155e+04 1.853747069581538855e-16
-5.002843648612002289e+04 3.999255986160652971e-20
-5.002842110485216108e+04 3.262419458072891388e-20
-5.002817106222105213e+04 9.252326812136830716e-17
-5.002700891934305400e+04 2.262391353425618331e-19
-5.002699439496373816e+04 1.998799123707146388e-19
-5.002648115490652708e+04 3.221121628705189694e-14
-5.002499786336385296e+04 1.392149241142616496e-16
-5.002373654274185537e+04 2.586479253566102669e-14
-5.002345601590187289e+04 2.489539754693540422e-15
-5.002343731602657499e+04 1.239757042437588086e-17
-5.002269008787925122e+04 2.236596710073125253e-14
-5.002230420315266383e+04 2.796051044589141948e-14
-5.002226552788748813e+04 3.906301608026795985e-17
-5.002186380576695956e+04 3.145605634445545286e-13
-5.002134148978949816e+04 1.517595333790059915e-14
-5.002092930759261799e+04 9.112423393103236699e-14
-5.002046918534590077e+04 9.315243760763105774e-15
-5.002009592681717913e+04 6.191558028491071291e-14
-5.001994247220145917e+04 6.935478465065557418e-15
-5.001960799157000292e+04 9.317005325540541653e-16
-5.001905152778696356e+04 9.269808116033638009e-14
-5.001848737551252270e+04 4.026298471036540439e-14
-5.001785136994766799e+04 5.244692362931068704e-15
-5.001775812254641642e+04 1.184027706462876336e-14
-5.001715595280464186e+04 3.424742899019705018e-15
-5.001630527405267640e+04 1.189476131833637955e-13
-5.001576016794553288e+04 1.395950389022561168e-13
-5.001560793244546949e+04 1.694317152519180569e-15
-5.001461695623498235e+04 7.236655802486947411e-15
-5.001391141994609643e+04 1.405727317593495160e-15
-5.001372104318197671e+04 4.110807009362509335e-14
-5.001267226653484977e+04 1.034096976497897091e-13
-5.001189447481052775e+04 4.068202630027727000e-14
-5.001176743484547478e+04 1.018708244828739852e-11
-5.001050542379487888e+04 7.065742505000885557e-13
-5.001002222846892255e+04 8.255423565946540175e-14
-5.000993524365399935e+04 7.792273032465973281e-13
-5.000947644015033438e+04 4.895830079638433833e-14
-5.000834148054399702e+04 1.126489768092807676e-12
-5.000780367664287769e+04 9.623380194236856826e-14
-5.000769375767593010e+04 2.473854574425491784e-12
-5.000724650857807137e+04 2.726383371425648325e-14
-5.000610387532087043e+04 1.035507095167407337e-12
-5.000568010462014354e+04 3.303168113332065654e-11
-5.000546257211516786e+04 8.049938927624419631e-12
-5.000453425706695998e+04 2.048385407900928236e-11
-5.000428152601207694e+04 3.771214673310188750e-11
-5.000356853713641613e+04 6.959816104060388041e-14
-5.000287095592304831e+04 7.343542027573924328e-13
-5.000232616658447660e+04 8.790503548366860708e-13
-5.000150330018803652e+04 1.315546416336922601e-11
-5.000132723623671336e+04 2.464108960435281052e-13
-5.000111841726606508e+04 6.035222620235403631e-13
-4.999996533030935097e+04 5.370389720954190112e-16
-4.999993444806162734e+04 3.895539316870160558e-12
-4.999938456585125095e+04 7.311177324106941019e-12
-4.999923769134253962e+04 4.110770691574205436e-14
-4.999819536845728726e+04 2.048419974248505702e-11
-4.999804168621759163e+04 5.051984257144360886e-11
-4.999779885102689150e+04 1.109306796448837310e-12
-4.999733890263532521e+04 1.219803925887733001e-09
-4.999702348248440831e+04 1.108315715924729369e-10
-4.999676615708742611e+04 6.561997854472780041e-11
-4.999588917137293902e+04 6.803997712837319629e-12
-4.999566473536877311e+04 8.290909770230673451e-10
-4.999531471387117926e+04 1.398795860127889161e-11
-4.999500437297653116e+04 6.618455779370867631e-12
-4.999450013572322496e+04 1.569710767800995820e-11
-4.999417947528496006e+04 2.826321904777319330e-12
-4.999370461041447561e+04 4.540009775426114488e-15
-4.999353570045816741e+04 2.078161306636421148e-11
-4.999348446480947314e+04 3.339192533429964225e-11
-4.999325786586419417e+04 4.737021098531743682e-12
-4.999302690963356144e+04 6.976602882003567623e-14
-4.999266048592032166e+04 2.912001638895493929e-12
-4.999223000351791416e+04 1.158750126055343599e-11
-4.999180041578632517e+04 1.344665065703973497e-11
-4.999140967544841988e+04 1.327560763798052214e-08
-4.999137955636895640e+04 1.309698782596854206e-09
-4.999115700971952174e+04 2.192547585636446619e-11
-4.999066178927918372e+04 2.670920964201936311e-11
-4.999009076257811830e+04 3.071753565845219199e-11
-4.998993436517852388e+04 4.948012202454286687e-09
-4.998967843412498041e+04 1.567292296621172940e-09
-4.998928865294814750e+04 1.052000672061866608e-10
-4.998915656109165138e+04 2.783102784260933144e-11
-4.998883460300548904e+04 3.693565870231685847e-10
-4.998829973517722829e+04 3.254018928980741032e-11
-4.998803329700377799e+04 1.046484001917751129e-11
-4.998779831939600263e+04 1.031642570748924326e-10
-4.998752311997864308e+04 5.552428070315953123e-11
-4.998719564497037209e+04 4.271126167980203733e-10
-4.998707954770618380e+04 2.986825254462124226e-11
-4.998623860703028913e+04 2.445746164480430693e-13
-4.998595020843652310e+04 7.039010178325827024e-10
-4.998566251046727848e+04 6.465559843982735461e-08
-4.998548107930502010e+04 1.030381763362298236e-10
-4.998509222747480817e+04 2.648172659301174892e-10
-4.998465703002535156e+04 1.165784496719769236e-11
-4.998414803516367829e+04 7.704729578771480833e-11
-4.998352718314254162e+04 6.125995876852649931e-10
-4.998319903656213864e+04 7.767970440373904149e-09
-4.998309961877965543e+04 2.780008476753420800e-14
-4.998297883054162958e+04 4.766082685951901679e-08
-4.998222531692907069e+04 4.713292419873918719e-11
-4.998206975218772277e+04 3.111971703216853995e-11
-4.998182630468878051e+04 3.129204898670604066e-11
-4.998139292577761080e+04 7.421786463097141870e-08
-4.998096987071289914e+04 1.364923910830256404e-09
-4.998062068116328010e+04 2.210749377493412938e-11
-4.998031339905200002e+04 1.391654380983755167e-10
-4.997993435492111894e+04 1.203200508110360628e-08
-4.997927132830638584e+04 5.911387077812491313e-10
-4.997925589424608188e+04 2.130713240759362903e-09
-4.997899600005143293e+04 4.744045974743206256e-09
-4.997893331019457401e+04 1.531573328678207963e-08
-4.997801124939558213e+04 7.107376155572062242e-10
-4.997779822454031819e+04 3.772299114304292899e-09
-4.997767989885779389e+04 9.109274423321550521e-12
-4.997713095552119921e+04 1.058771675788563942e-06
-4.997710270792852680e+04 4.094846610811949916e-09
-4.997669629596653976e+04 2.885411460214378803e-10
-4.997641817035629356e+04 3.518144877817205206e-11
-4.997566200114144885e+04 2.287676552727654024e-06
-4.997506249326586840e+04 1.216076831151259063e-10
-4.997500668540410697e+04 2.384677508448804195e-08
-4.997500207532104105e+04 2.491527257958404855e-12
-4.997486898621279397e+04 1.229712556677756937e-10
-4.997375845030896016e+04 4.837335899167777827e-10
-4.997360878811487783e+04 1.798012404080583620e-10
-4.997352541390046099e+04 2.368429670459909026e-08
-4.997320844988541648e+04 2.386484938110243021e-10
-4.997311131807134370e+04 3.941208964213777774e-10
-4.997288255536430370e+04 4.752151553207686147e-07
-4.997228164543303137e+04 1.765088490481847127e-11
-4.997177566732626292e+04 4.319103305348471818e-12
-4.997140992794777412e+04 1.732275290025769189e-07
-4.997138771722695674e+04 1.575714061195817840e-05
-4.997098672966630693e+04 3.176197264458491143e-09
-4.997076775128962618e+04 8.028499402528174508e-09
-4.997013266646196280e+04 6.169477765466921568e-12
-4.996993427799247729e+04 3.250905596983620448e-06
-4.996950084698945284e+04 3.206708670679631809e-10
-4.996924875803545729e+04 2.735216517657949540e-07
-4.996916509310835681e+04 9.091200462867247864e-10
-4.996865755299061129e+04 3.675068563083721551e-08
-4.996860213442136592e+04 5.749093135903273839e-09
-4.996810654417638580e+04 6.831939704814282664e-11
-4.996779772199660511e+04 3.048878407557568609e-07
-4.996742658385295363e+04 3.787636001792379959e-09
-4.996724522572195565e+04 4.010932925084294280e-10
-4.996710595056117018e+04 1.387729236125183541e-05
-4.996673132512586017e+04 6.263712149017274418e-10
-4.996654879644596076e+04 1.400766746701063418e-09
-4.996584463971258810e+04 2.830712665681864452e-11
-4.996566567598109395e+04 7.368389039023027207e-09
-4.996566015801061440e+04 1.429500815172502306e-04
-4.996515202878438868e+04 2.921596222027595496e-10
-4.996495758946827118e+04 1.505860371119714272e-07
-4.996444980163204309e+04 2.238061047475129477e-08
-4.996440624292658322e+04 1.452860941785533237e-10
-4.996382452051117434e+04 5.779398691823773682e-10
-4.996358941559786035e+04 7.582431840924325089e-10
-4.996351957075295650e+04 2.974975038390160503e-06
-4.996280107957569271e+04 6.032650757207914247e-07
-4.996263288812918472e+04 5.563166119808527272e-11
-4.996237002602206485e+04 3.749124442163168192e-10
-4.996191783288731676e+04 8.578987459293395874e-11
-4.996177947657733603e+04 3.205581436120907217e-11
-4.996137112629946205e+04 4.488855588756884537e-04
-4.996107190470523346e+04 4.376879014841514824e-09
-4.996063769826381031e+04 8.103637066106149759e-09
-4.996057970469776046e+04 4.059430023494410020e-09
-4.996041517326233588e+04 2.699050318843209792e-08
-4.995997142080972844e+04 1.338600042116983491e-08
-4.995993200440159853e+04 7.337325602921302013e-06
-4.995962228776727716e+04 2.218185595923991134e-10
-4.995937047575062024e+04 8.316303049912872193e-11
-4.995920776760294393e+04 3.271645384079534311e-06
-4.995883816174155800e+04 1.078835087617593500e-09
-4.995855061596298037e+04 1.182896995299130588e-08
-4.995844263875666365e+04 2.237211741623889392e-07
-4.995809782045588508e+04 9.741045409370916537e-11
-4.995778295461123344e+04 1.853032300652037223e-05
-4.995772538636446552e+04 2.483372667990795849e-10
-4.995721617562026222e+04 1.039691000243225267e-11
-4.995702168106538011e+04 2.026787393698694739e-05
-4.995639542808941042e+04 1.120959113699997067e-09
-4.995624741255881963e+04 1.815042716159719593e-09
-4.995616509699501330e+04 3.554186515316770876e-09
-4.995560760515094444e+04 1.715766656951940930e-02
-4.995533600014907279e+04 4.825735488126164158e-08
-4.995514227984342142e+04 1.402991553546349778e-08
-4.995480621755230095e+04 3.043646464083384099e-07
-4.995467965978089342e+04 5.080842976155261247e-09
-4.995431823296837683e+04 6.954412368267846975e-10
-4.995402405487139185e+04 4.977137591244111985e-07
-4.995358436861350492e+04 1.801919009968923654e-10
-4.995339803437504452e+04 5.875993817910112234e-05
-4.995333775184884144e+04 1.231714907673050933e-08
-4.995276956374461588e+04 1.037559833219018094e-08
-4.995255490869132336e+04 1.074969189263998293e-05
-4.995202427688432363e+04 3.062501773157939199e-08
-4.995179099960228632e+04 2.900904186385135724e-08
-4.995120500824616465e+04 9.521937397512835381e-08
-4.995114572279119602e+04 1.203232932030670838e-04
-4.995107833210329409e+04 2.868216804911101640e-09
-4.995087221749368473e+04 7.199333951992176713e-08
-4.995026888170967140e+04 4.821331038615294098e-06
-4.995014780142300879e+04 5.611640324770246419e-09
-4.994989817847523227e+04 9.807171811531630867e-01
-4.994966506410216243e+04 9.579583807858235767e-08
-4.994955235565179464e+04 1.951615036754215241e-05
-4.994915051048027090e+04 8.201385233968311924e-10
-4.994899803457657254e+04 4.340029780453114037e-09
-4.994884505263099709e+04 2.141618185192276654e-06
-4.994861223857721052e+04 1.358733055294656771e-08
-4.994794515045196749e+04 1.513065367820216107e-05
-4.994769904580990988e+04 1.028230885116759603e-03
-4.994745011479758978e+04 1.084652353514852196e-07
-4.994733566055646224e+04 8.723743401538761240e-09
-4.994730587728197133e+04 6.359963617227247597e-08
-4.994702383537928836e+04 2.266464985616366008e-08
-4.994649389990161580e+04 9.748513692466109564e-05
-4.994559870231480454e+04 1.526725381064757489e-09
-4.994558611830711016e+04 1.158597792077716090e-07
-4.994537644021536835e+04 1.237506021002303440e-06
-4.994537135028473131e+04 7.524219345766652563e-07
-4.994525426286680158e+04 4.656324862310513838e-11
-4.994496938035845233e+04 2.275095896526099991e-10
-4.994426949805681943e+04 4.448823387616762429e-10
-4.994409325249399262e+04 6.563801657093499866e-07
-4.994370708571314753e+04 2.871177970793725044e-10
-4.994360291071946267e+04 2.853698095644883535e-12
-4.994319784032031748e+04 1.068345232154273786e-07
-4.994294947750174470e+04 6.950485579907457187e-07
-4.994293352387452614e+04 7.879583372646820917e-09
-4.994272961519264209e+04 1.804256512468618894e-09
-4.994229889093354723e+04 2.972359204769073725e-11
-4.994164622682514891e+04 7.765011864371252879e-07
-4.994140672891473514e+04 4.864785826665416517e-10
-4.994089789781848958e+04 1.108535217001108415e-08
-4.994075109042424447e+04 1.605238351141197752e-08
-4.994045801062916144e+04 4.392351142099578889e-05
-4.994042259632899368e+04 3.434599776164486156e-05
-4.994016612514858571e+04 1.339464257500657606e-07
-4.993953935295619158e+04 1.054594444856603549e-11
-4.993915674689823936e+04 2.473195500563490853e-10
-4.993888154757143639e+04 8.932841047733017711e-10
-4.993846038183532073e+04 1.283125084802946158e-09
-4.993831905954583635e+04 9.484178136216534407e-08
-4.993809575327017228e+04 9.047465499370102995e-09
-4.993786824818604509e+04 2.988314345072194724e-07
-4.993709299136148184e+04 8.567571906788469239e-12
-4.993701091628981521e+04 3.780120751987225530e-11
-4.993664898105992324e+04 4.702761192962746848e-08
-4.993661675787036074e+04 8.927810961928938434e-08
-4.993586059479460528e+04 5.892143020211260786e-10
-4.993564777455269359e+04 9.494110590598158648e-10
-4.993524712675345654e+04 2.757997700301392396e-08
-4.993518019517355424e+04 8.971470626369256037e-11
-4.993488329162514128e+04 2.226328792984976201e-13
-4.993451239757242001e+04 1.030082503151718944e-11
-4.993406959081608511e+04 1.500357335708217147e-09
-4.993344814480539208e+04 2.667987952214750253e-11
-4.993338291335647227e+04 3.405131755799284430e-10
-4.993329529504691891e+04 2.861946603996954792e-10
-4.993258624672218866e+04 6.675612253621481210e-11
-4.993257040718495409e+04 4.318220661525214632e-12
-4.993213928932651470e+04 8.174542799930666697e-12
-4.993177060450014687e+04 3.240451060805894158e-11
-4.993147895316959330e+04 2.052733174646417079e-09
-4.993134983181385178e+04 1.020055878477437899e-10
-4.993086805775522225e+04 5.945134597603235656e-12
-4.993058675772789866e+04 7.333300569785320166e-11
-4.992998311733796436e+04 6.311737995627360168e-11
-4.992989017586478440e+04 2.994301469986500602e-08
-4.992977719030567823e+04 1.204010172128728317e-11
-4.992914269948421861e+04 9.962901949902961579e-11
-4.992885644027783565e+04 7.533554584933985237e-15
-4.992838272828434128e+04 1.262335227126563362e-10
-4.992822631391510367e+04 2.688839618668866894e-10
-4.992774073399757617e+04 5.631670439515366012e-12
-4.992717769169598614e+04 1.846272996484596185e-10
-4.992707798159164668e+04 1.558568180593700778e-11
-4.992659049471402250e+04 2.959391555609258410e-12
-4.992617607668382698e+04 1.447162170519714471e-10
-4.992578641673177481e+04 1.980327467025547998e-12
-4.992568704184320086e+04 6.713624577660942125e-13
-4.992523505268094596e+04 9.135700002833770012e-14
-4.992445512159909413e+04 4.259525073909823805e-11
-4.992441433267968387e+04 3.981119216590554677e-11
-4.992411464925247856e+04 3.312100015993220053e-14
-4.992353168226692651e+04 1.159606710086606116e-12
-4.992336167887265765e+04 5.973384248616374190e-12
-4.992316751491655305e+04 9.360534106678157296e-13
-4.992282503675567568e+04 7.182994111137680204e-13
-4.992187772752419551e+04 2.579965986571354841e-14
-4.992172914715483785e+04 3.120215656349052865e-16
-4.992162396861128946e+04 1.511635232137159873e-13
-4.992119834386476577e+04 8.843689943345397176e-14
-4.992104265783556912e+04 2.813671654703202130e-14
-4.992083880022520316e+04 5.298882182127046903e-12
-4.992050113276256161e+04 4.404716060344065068e-15
-4.991968791622483695e+04 7.449201148009747544e-15
-4.991915748811675439e+04 1.588730542699121505e-12
-4.991888626018735522e+04 1.171187155064523030e-11
-4.991874799196726963e+04 8.473560789314893783e-13
-4.991815234837754542e+04 1.681595023826558150e-13
-4.991798345679852355e+04 1.814296089658935761e-12
-4.991694954232760210e+04 4.330147849705357255e-15
-4.991662607129884418e+04 2.156964468220864401e-14
-4.991616058627113671e+04 1.055055033157405220e-13
-4.991563999258351396e+04 3.907681576659973318e-15
-4.991547431685295305e+04 1.710534265915117768e-13
-4.991536899091719533e+04 3.362304616300980120e-15
-4.991477844885352533e+04 8.582052450635570090e-16
-4.991455329131522012e+04 9.192050290450609075e-16
-4.991440620778792800e+04 2.628006675696040462e-15
-4.991359494103326142e+04 4.906822602947901586e-14
-4.991331034683142934e+04 4.145718029133238493e-15
-4.991296685775648075e+04 8.538441887791626903e-14
-4.991273858432850102e+04 4.029279096187768178e-15
-4.991252054366580705e+04 8.649900203980049750e-15
-4.991235259924051934e+04 2.189437155929705369e-15
-4.991208936215565336e+04 5.363575979874741718e-16
-4.991121961933116108e+04 1.105159634226263000e-15
-4.991113072835981438e+04 9.430234099197539776e-16
-4.991042028389577899e+04 5.048615662918098227e-16
-4.991002866330493998e+04 2.453524580464482527e-15
-4.990996717015056493e+04 9.730859055938036760e-15
-4.990872887793755217e+04 1.752844129223574630e-18
-4.990855178560443892e+04 3.298173213431557384e-16
-4.990772659508245852e+04 1.968915412506623760e-15
-4.990735804479924263e+04 6.089501456149901027e-15
-4.990723673839137336e+04 1.350379203690240542e-16
-4.990653712063652347e+04 5.919676372200179454e-16
-4.990613485335309815e+04 5.629625113113734059e-19
-4.990558436826761317e+04 4.831303781117437884e-17
-4.990506774067652441e+04 4.795923274291110057e-17
-4.990458334937703330e+04 8.702518667811975357e-17
-4.990449781646544579e+04 4.193972370998820211e-17
-4.990411815099892556e+04 2.549094768159850865e-17
-4.990393023732958682e+04 1.760289569781904582e-17
-4.990300453749902226e+04 2.393103404147295613e-19
-4.990265338173529744e+04 4.609745720410190890e-18
-4.990225207183442399e+04 6.920600062135565955e-17
-4.990178580027318822e+04 1.982793850845813690e-18
-4.990147259829534596e+04 1.783497435324012881e-18
-4.990134808839136531e+04 1.375101009279245071e-16
-4.990007723071852524e+04 2.229269377025738162e-19
-4.989957858704421960e+04 6.623566965516775136e-20
-4.989913191065630963e+04 2.112462189608277142e-17
-4.989860946529760986e+04 3.535000946525119467e-18
-4.989852377436334791e+04 2.062019775124230552e-18
-4.989775748903291242e+04 2.619100159353007542e-19
-4.989686990623245947e+04 9.127795165994602491e-19
-4.989642209401934815e+04 7.403732922747304393e-20
-4.989587090997410996e+04 2.365705474947204444e-18
-4.989579295717687637e+04 1.238813036658214999e-18
-4.989520756648023962e+04 5.579399417272683996e-19
-4.989514087795808882e+04 2.622888168076594387e-19
-4.989417672214494814e+04 1.703586839366925648e-20
-4.989368436871973245e+04 7.853905667055727545e-22
-4.989316826047288487e+04 2.632518252220567351e-20
-4.989295219417263434e+04 2.089834043004060630e-20
-4.989260828280391434e+04 5.712339721767689885e-20
-4.989094184312938160e+04 3.923214621345673242e-22
-4.989040857213373238e+04 1.094274229263348902e-19
-4.989022752482240321e+04 1.916546779255655996e-20
-4.989011080871681042e+04 9.298731505996567912e-20
-4.988993417962504464e+04 2.360278347035828463e-20
-4.988893534071864269e+04 1.024322011579676062e-20
-4.988790737262885523e+04 5.220155677959204696e-20
-4.988759059874717059e+04 1.414948965676631041e-21
-4.988730757901300240e+04 7.921750791112076723e-22
-4.988711402960009582e+04 3.438190258536410894e-24
-4.988657562328696076e+04 2.271525307298546425e-21
-4.988609811396161240e+04 1.923162030305830761e-22
-4.988519544855321146e+04 1.809604482490190645e-21
-4.988489275642114080e+04 6.773221732750283936e-22
-4.988413114554077038e+04 1.467474146830167197e-21
-4.988374887513955764e+04 3.636138725226320542e-24
-4.988268757573334733e+04 7.922467565643781827e-24
-4.988221489543519419e+04 3.404048886444193376e-23
-4.988172087953188020e+04 4.578078572757124751e-23
-4.988121778341307800e+04 3.078243177642606546e-23
-4.988019027468676359e+04 0.000000000000000000e+00
-4.987978013050790469e+04 1.166955103386850085e-23
-4.987882381464900391e+04 1.029762843558205391e-23
-4.987855521596319159e+04 2.434252734932785282e-22
-4.987733752393335453e+04 0.000000000000000000e+00
-4.987692753078517853e+04 0.000000000000000000e+00
-4.987661042088251997e+04 1.139582557079524805e-22
-4.987566889901043760e+04 2.807626847370895118e-24
-4.987424521138284035e+04 0.000000000000000000e+00
-4.987395583245030866e+04 0.000000000000000000e+00
-4.987373234629671060e+04 1.460555695189991001e-24
-4.987334607245137886e+04 0.000000000000000000e+00
-4.987290221817327256e+04 0.000000000000000000e+00
-4.987205728592605010e+04 0.000000000000000000e+00
-4.987114884957068716e+04 0.000000000000000000e+00
-4.987036426675063558e+04 0.000000000000000000e+00
-4.986989335653802846e+04 0.000000000000000000e+00
-4.986912125443293189e+04 0.000000000000000000e+00
-4.986889693273529701e+04 0.000000000000000000e+00
-4.986787662038141571e+04 0.000000000000000000e+00
-4.986607337166267098e+04 0.000000000000000000e+00
-4.986588711817978037e+04 0.000000000000000000e+00
-4.986553239164298429e+04 0.000000000000000000e+00
-4.986489389841610682e+04 0.000000000000000000e+00
-4.986301543527119793e+04 0.000000000000000000e+00
-4.986255815048258955e+04 0.000000000000000000e+00
-4.986210058374278015e+04 0.000000000000000000e+00
-4.986111374095195060e+04 0.000000000000000000e+00
-4.985907198033798340e+04 0.000000000000000000e+00
-4.985817872705667833e+04 0.000000000000000000e+00
-4.985764179277599033e+04 0.000000000000000000e+00
-4.985644920771065517e+04 0.000000000000000000e+00
-4.985564954995109292e+04 0.000000000000000000e+00
-4.985470156045180192e+04 0.000000000000000000e+00
-4.985462743872355350e+04 0.000000000000000000e+00
-4.985334577179086773e+04 0.000000000000000000e+00
-4.985269084047448268e+04 0.000000000000000000e+00
-4.985246857417887804e+04 0.000000000000000000e+00
-4.985144711611093953e+04 0.000000000000000000e+00
-4.984963227603403357e+04 0.000000000000000000e+00
-4.984893183935176057e+04 0.000000000000000000e+00
-4.984716948715792387e+04 0.000000000000000000e+00
-4.984576455093421828e+04 0.000000000000000000e+00
-4.984515073005289742e+04 0.000000000000000000e+00
-4.984392340277671610e+04 0.000000000000000000e+00
-4.984194991083335481e+04 0.000000000000000000e+00
-4.984071452593748108e+04 0.000000000000000000e+00
-4.983771688075805287e+04 0.000000000000000000e+00
-4.983714870246778446e+04 0.000000000000000000e+00
-4.983521445727238461e+04 0.000000000000000000e+00
-4.983425719564189058e+04 0.000000000000000000e+00
-4.983402762222327146e+04 0.000000000000000000e+00
-4.983185408468790411e+04 0.000000000000000000e+00
-4.983085995562805329e+04 0.000000000000000000e+00
-4.982814599472002737e+04 0.000000000000000000e+00
-4.982740548021096765e+04 0.000000000000000000e+00
-4.982472577948418621e+04 0.000000000000000000e+00
-4.982395951198122930e+04 0.000000000000000000e+00
-4.981323661466223712e+04 0.000000000000000000e+00
-4.981277440323170595e+04 0.000000000000000000e+00
-4.980972237761350698e+04 0.000000000000000000e+00
-4.980925975618203665e+04 0.000000000000000000e+00
4.996995007875164447e+04 2.775547992467262604e-23
4.997171063405869791e+04 0.000000000000000000e+00
4.997172722144386353e+04 0.000000000000000000e+00
4.997183939225546055e+04 1.547555981211607529e-20
4.997313698786618625e+04 0.000000000000000000e+00
4.997315244558281847e+04 0.000000000000000000e+00
4.997353555037354090e+04 9.342926690519609498e-22
4.997502506226104742e+04 1.933754011608684861e-19
4.997629443527066906e+04 6.984231842884047568e-20
4.997666445224513154e+04 3.823514589239492739e-20
4.997668379859966808e+04 5.583519953549045257e-21
4.997735012731760798e+04 3.913858732273055297e-18
4.997780809242642863e+04 1.202558869061466957e-20
4.997785265566134331e+04 2.265988595776195327e-20
4.997819378935969144e+04 7.208911964587952101e-20
4.997872537604667741e+04 1.730076115098974662e-19
4.997914912114123581e+04 9.791181743808381071e-21
4.997960864444251638e+04 2.981940990481865968e-20
4.997998600610368158e+04 4.309311727855504897e-20
4.998006667562664370e+04 1.097549187292110511e-22
4.998047718247932789e+04 1.854702583984324301e-20
4.998103300216167554e+04 1.489302466481967929e-19
4.998159737681473780e+04 8.203655533453421552e-20
4.998217637830242165e+04 1.290843660037355504e-18
4.998232108041118045e+04 2.322542809177387314e-24
4.998292910516491247e+04 6.731096979069833794e-21
4.998378009492255660e+04 1.219201055870166908e-19
4.998428085104266938e+04 1.482781010793036065e-19
4.998447499058140238e+04 1.573262965168505202e-19
4.998547008455278410e+04 1.784777563980000106e-21
4.998617505947613245e+04 5.143806539625919660e-19
4.998632730426033959e+04 1.506358142719951172e-17
4.998741759960203490e+04 6.008155624814315533e-19
4.998819433963072515e+04 2.404226953073156319e-18
4.998829134605394211e+04 5.731273395756816076e-20
4.998958224172194605e+04 4.334414818056912358e-19
4.999005528675527603e+04 1.415475837687467371e-17
4.999007269230786915e+04 1.564074899557802335e-20
4.999060302829230204e+04 5.918876654170234508e-18
4.999174451307211712e+04 2.345105114010700694e-18
4.999221994121518219e+04 1.054556723577203052e-18
4.999238824201768875e+04 5.199607308800081005e-19
4.999284530559423001e+04 3.506007502575802364e-17
4.999397995720118342e+04 3.426225721427169229e-16
4.999435878607037012e+04 1.527146270652858535e-18
4.999463160908609279e+04 1.742702125269207548e-18
4.999555803211508464e+04 2.107930623435218361e-19
4.999581101767079235e+04 8.376772034391674390e-18
4.999648477820317930e+04 6.172239969005045330e-16
4.999722861411650229e+04 1.059281074036515347e-17
4.999777426267830742e+04 1.503529668133489411e-18
4.999856773930913914e+04 8.722865352984300153e-18
4.999877133649015013e+04 1.420067921175044888e-17
4.999898203348827519e+04 1.349270758308676487e-17
5.000007354243669397e+04 3.444651330150838478e-18
5.000014728766229382e+04 5.376966546624601511e-17
5.000069816079032171e+04 3.389125000141965404e-15
5.000088216882308188e+04 2.063755880979071574e-16
5.000191928659340920e+04 4.417932939864275419e-17
5.000207747395056504e+04 2.334410101799898934e-17
5.000222503011138178e+04 3.315037967620077148e-15
5.000275336049083853e+04 3.740144445894898757e-17
5.000309148003049631e+04 3.673403626359113200e-17
5.000337866948529700e+04 4.115426617965292797e-18
5.000426867310873058e+04 1.396968510227165953e-18
5.000437490465591691e+04 1.733610746288414058e-17
5.000479508995091601e+04 1.383379973405643887e-15
5.000517355835059425e+04 1.483098004728184509e-16
5.000565962213691819e+04 5.339554458776899106e-19
5.000598634806691553e+04 4.270265573541328517e-17
5.000648940018798748e+04 2.679141121480328987e-17
5.000652143345741206e+04 1.242699882956797046e-14
5.000668214129661646e+04 2.534128408545604561e-17
5.000687947142343910e+04 1.770417089130657382e-19
5.000717404550062201e+04 7.660426935944152835e-18
5.000754695325040666e+04 2.469119091786942851e-16
5.000800562485065893e+04 3.737871205453310083e-17
5.000842382992582134e+04 1.790068309589266775e-15
5.000866370346928306e+04 1.111843193017290958e-16
5.000877605224593572e+04 4.600159750066625846e-15
5.000906902780025848e+04 4.680771652087187885e-17
5.000956649831715185e+04 1.150883001347687978e-16
5.001007363225474546e+04 2.388292511014509329e-18
5.001014091062549414e+04 3.144431003476712368e-16
5.001045606684435916e+04 2.762884449373907061e-16
5.001079715501893952e+04 5.024217364925654654e-14
5.001107014129646268e+04 4.381746159215418475e-17
5.001132855084759649e+04 3.516083464178032600e-17
5.001191913719772128e+04 1.622341919513750822e-16
5.001211000790778053e+04 1.457306991146062407e-15
5.001222558775109064e+04 1.493443415906419070e-16
5.001264632484938920e+04 1.270233944006948774e-15
5.001291089069419832e+04 2.137478493554583032e-16
5.001311808170277072e+04 1.638253816745468299e-16
5.001396144159185496e+04 7.282776599570448478e-16
5.001421123241172609e+04 2.961008254159704167e-17
5.001437729565046175e+04 2.269947794948946242e-15
5.001473789162829780e+04 3.786007320235698027e-18
5.001502248960860015e+04 1.213667057500169884e-13
5.001556670737584500e+04 1.289765136474684290e-15
5.001601469740972971e+04 1.701833644680623964e-15
5.001652844707143231e+04 9.483981086000342518e-13
5.001700312611431582e+04 1.150974219176723730e-15
5.001704115905860090e+04 5.291933968584286269e-17
5.001716852897793433e+04 2.067707779671472795e-15
5.001793174142934731e+04 1.256205722134610225e-19
5.001815882295546180e+04 8.431744640205797218e-16
5.001831341800107475e+04 4.367272224702057309e-18
5.001867844786095520e+04 2.405006972939410866e-16
5.001917010906212818e+04 7.504349762559452538e-14
5.001954410069609730e+04 3.400802835252496078e-15
5.001990889949189295e+04 1.038730314038645425e-17
5.002007364342385699e+04 8.057374438753098255e-15
5.002082583701144904e+04 1.294899684120433132e-12
5.002094053220540809e+04 6.022211483582999351e-15
5.002118350099658710e+04 2.585339544536621134e-15
5.002124803431728651e+04 2.114341160559951315e-17
5.002219352187919867e+04 6.229992490232995821e-17
5.002222569014189503e+04 7.529809801849775059e-12
5.002252429259283235e+04 8.386328025222675415e-16
5.002297127981633821e+04 3.552860163474451439e-14
5.002307647776661179e+04 4.136751976944330379e-15
5.002349471833164716e+04 1.979835739692974763e-15
5.002378316743517644e+04 4.150570253335769107e-16
5.002437783025173849e+04 8.887878022860668325e-16
5.002511122375783452e+04 1.776456080427045405e-12
5.002513840477733174e+04 1.558058877963442691e-15
5.002518143966422213e+04 4.187811907993559262e-15
5.002534360065200599e+04 2.590008317314132894e-15
5.002643801429047744e+04 6.602357105625760093e-20
5.002653032201164024e+04 6.121925068936212298e-12
5.002658275462695019e+04 3.528202448240742336e-15
5.002699974226159247e+04 6.347270874350775298e-16
5.002709046301562194e+04 3.723090782141948731e-16
5.002724913201168965e+04 2.089227757346903003e-14
5.002788843293828540e+04 3.308177831250173542e-17
5.002846025652444223e+04 1.439225348233135148e-16
5.002868367497215513e+04 3.062111568100501723e-13
5.002882716812079889e+04 2.496467432534590464e-17
5.002920674081284960e+04 2.424511905177559341e-20
5.002937796379844076e+04 2.854225661379008526e-14
5.003007372037198365e+04 8.110613517664394644e-17
5.003012425121787237e+04 1.913029525059212623e-15
5.003071921634098544e+04 1.075823786351657650e-15
5.003083889168271708e+04 4.186226720835832557e-11
5.003102238004007086e+04 1.364302217759787690e-14
5.003150543093185115e+04 1.167227472349526457e-15
5.003166117176956323e+04 1.833911676428129573e-16
5.003212717329234147e+04 1.954985112955053301e-17
5.003222618438655627e+04 2.221485026374920807e-12
5.003280763939830649e+04 4.308732414302264622e-16
5.003299755462614849e+04 3.210546069326421233e-13
5.003303654329251003e+04 3.473496684365347542e-16
5.003351415267802804e+04 3.660376928863799784e-16
5.003362472709760914e+04 1.295901535988632174e-14
5.003437961773767893e+04 1.947658136246430741e-12
5.003439650038202672e+04 3.210876434830826880e-17
5.003462349679689214e+04 2.375163085607386734e-18
5.003509837284425157e+04 4.656030266544140001e-15
5.003516245989098388e+04 1.579227365069241985e-13
5.003573595491073502e+04 2.978726147457673068e-17
5.003588953381470492e+04 1.110583483624471086e-17
5.003645060186586488e+04 2.288817843944810018e-17
5.003653603528378153e+04 9.117975709679286256e-10
5.003666101721009181e+04 1.234443849498865653e-16
5.003733396449328575e+04 4.012650249593571947e-15
5.003766766223177547e+04 8.853023031276263035e-17
5.003782810366922058e+04 1.414513053811887071e-14
5.003834808838725439e+04 2.539915573438271132e-16
5.003850443261554028e+04 2.159691641155109988e-16
5.003870036694790906e+04 4.531448252720294357e-12
5.003915550779736805e+04 5.065531969508182837e-18
5.003951641443771950e+04 8.779271094126608241e-14
5.003972158012291038e+04 5.218384753029703075e-16
5.003982767508312099e+04 2.066094267804116315e-16
5.004007602329547080e+04 1.771236689895188685e-11
5.004027889656838670e+04 3.225804108960701422e-17
5.004061190144260036e+04 2.356253387857390373e-17
5.004086462494432635e+04 3.403278475295320959e-15
5.004087983505513694e+04 2.347546717002182262e-12
5.004144186656970851e+04 3.778745857332528947e-16
5.004170879098673322e+04 2.006279461319912089e-16
5.004179901586657797e+04 1.643678296191415668e-15
5.004213881729725108e+04 4.320069066954912610e-13
5.004224126598289149e+04 1.617868207631102466e-08
5.004253404812828376e+04 2.959567997171422920e-15
5.004308231257263105e+04 8.061782688650667749e-14
5.004312975520835607e+04 1.088221774231719328e-15
5.004388108505732089e+04 3.024878868627735400e-16
5.004393419213366724e+04 8.224668225028003847e-14
5.004413726210496679e+04 2.012154483440045136e-17
5.004443318526785879e+04 3.828910633337969312e-11
5.004498710609721456e+04 7.063731643787055512e-17
5.004520852838956489e+04 7.935868092598490132e-16
5.004531492259666993e+04 9.210983021108328602e-13
5.004567197674363706e+04 9.088186491603000572e-16
5.004597349267877871e+04 1.988432497145451784e-15
5.004617439287714660e+04 1.606104060382814935e-15
5.004665936133135256e+04 2.483231062427261945e-13
5.004681633104419598e+04 2.912702011778495106e-16
5.004695109133655933e+04 4.358243615627610177e-16
5.004750741830475454e+04 5.022852643136513600e-16
5.004758411192391213e+04 2.128818279860231737e-14
5.004825071193792974e+04 1.987903470546021647e-16
5.004842144219478359e+04 1.805450867568252505e-14
5.004892816528424009e+04 7.245741139031240341e-14
5.004918156835777336e+04 1.275412924999276097e-18
5.004921575406888587e+04 1.402795677014138770e-16
5.004946355138449871e+04 8.238933193264007113e-19
5.004988659255399398e+04 5.009608546174830351e-13
5.005010618725029053e+04 1.079273178355017018e-11
5.005015052160725463e+04 3.282112964733215867e-20
5.005067363391562685e+04 6.451643831114429473e-16
5.005070361835630320e+04 4.966374055396384399e-16
5.005113858786571654e+04 3.202140387790997533e-17
5.005124531415745878e+04 1.756257742586268415e-11
5.005133773843458039e+04 3.058581137836198699e-16
5.005170842447977338e+04 3.475750802545785344e-17
5.005222761535749305e+04 3.775382973723509146e-14
5.005231456427440571e+04 3.875663003698969807e-11
5.005286924049493246e+04 8.220682400506552841e-17
5.005294814632328780e+04 4.681012967685679449e-18
5.005295317821396020e+04 2.627241884136031279e-17
5.005326673123062210e+04 6.773743924419965165e-18
5.005361297426997771e+04 8.678426958440460967e-14
5.005460373630798131e+04 1.557824700163533233e-14
5.005464990118145943e+04 8.362755360557315391e-13
5.005469208987076854e+04 2.451400123858798250e-15
5.005498793135965389e+04 4.065560947474034906e-17
5.005506961269953899e+04 1.139915794175598505e-16
5.005529532775776170e+04 1.187075463956351857e-19
5.005603021736361552e+04 2.660332321905162469e-13
5.005608658361664857e+04 2.066423253228202892e-16
5.005661093745243124e+04 2.924358463609117464e-15
5.005680094249280955e+04 1.039516390859992175e-14
5.005701203130622162e+04 5.443142127063549443e-13
5.005708772243575368e+04 1.191939812536974263e-10
5.005736531694862788e+04 1.414604083711930525e-14
5.005755053418427269e+04 1.070857041810362113e-13
5.005805570871817326e+04 4.681819284656869319e-15
5.005849408158996812e+04 2.782629467196653117e-15
5.005899970270808990e+04 4.417120355633526144e-17
5.005940091515130189e+04 4.669267443583777333e-14
5.005949401830522402e+04 5.592897699816578721e-14
5.005960615996246634e+04 3.284716166198283088e-13
5.005986478358342720e+04 1.305949391888223144e-15
5.006019002200378600e+04 1.593565390464168241e-16
5.006087156414208584e+04 9.449814782630883800e-16
5.006100079493188969e+04 2.468117245578314433e-13
5.006146854328642803e+04 6.054945348916042261e-18
5.006188181856978190e+04 2.840555585257902354e-16
5.006193069750438008e+04 6.197583662959158809e-16
5.006217184961131716e+04 3.694412116549116558e-15
5.006223183327900188e+04 2.875689344927985394e-15
5.006328509466817923e+04 3.988028952290242865e-18
5.006336855288585502e+04 2.469068254343063137e-19
5.006354495695591322e+04 2.061064415395825555e-15
5.006374159652958042e+04 8.285601630813725198e-19
5.006440342983219307e+04 2.969621155181195643e-16
5.006463514084296185e+04 4.445545407976691207e-17
5.006483666869691660e+04 1.519744611575730408e-15
5.006516752648406691e+04 2.662762975575202714e-19
5.006552947209158447e+04 9.453501279472449865e-20
5.006582131643159664e+04 9.414664141680039802e-18
5.006612233463927987e+04 2.459951743162694978e-15
5.006684252356336947e+04 2.318818762038151429e-16
5.006692644370641938e+04 1.078019161897634407e-16
5.006701463193739619e+04 2.226324848842518958e-16
5.006751121539223823e+04 1.190942786095315413e-13
5.006775113819578110e+04 6.226062888369173123e-17
5.006824799808993703e+04 2.416986174261540309e-17
5.006865817060656263e+04 2.431399418426920811e-20
5.006874037788115675e+04 1.309969590119921226e-22
5.006899054277393589e+04 9.743556985255490668e-19
5.006942876667100791e+04 9.901174659591415279e-16
5.006977783146850561e+04 1.052608915405835540e-18
5.007022537004554761e+04 6.238892792116456405e-16
5.007040601829542720e+04 6.457154781143312515e-18
5.007066415968925139e+04 3.290052497908696523e-20
5.007129281111215096e+04 1.471053865415196334e-16
5.007138505233010801e+04 5.086175634603502084e-16
5.007197013177612098e+04 2.412443930731369738e-17
5.007211933938683069e+04 2.346873752537447528e-20
5.007272475879147532e+04 1.797288983696369823e-21
5.007296139693432633e+04 4.326898435341138804e-17
5.007336027307641052e+04 8.563296734718736938e-19
5.007376444156022626e+04 1.449314416488019608e-18
5.007407160383570590e+04 6.644460425459144460e-18
5.007457118472667935e+04 4.120727829866860225e-18
5.007474252622175845e+04 5.742166110905467015e-19
5.007516894102318474e+04 8.640472495770521286e-22
5.007571655996062327e+04 6.139690973100517327e-19
5.007593721530925541e+04 2.591487341864947443e-19
5.007631893918389687e+04 6.964934920622749017e-20
5.007672908569791616e+04 1.244207142556393112e-17
5.007698595130432659e+04 9.105852048391064613e-20
5.007722916957209964e+04 8.370466763642745708e-21
5.007756618942794739e+04 2.817120546928019950e-21
5.007847609502365958e+04 1.022615925448496941e-16
5.007856984289371030e+04 1.944771620678143756e-19
5.007875022375304252e+04 5.236063942052396485e-18
5.007922537307292077e+04 5.748418534538629792e-19
5.007933974831910746e+04 3.986789287377172328e-18
5.007944889921101276e+04 4.798309515545076237e-19
5.007988201601646870e+04 3.791862377465141312e-18
5.008072211414720368e+04 4.498269564088672702e-20
5.008123207775084302e+04 5.256986133240520427e-19
5.008145175761273276e+04 3.246691710249323648e-19
5.008171171469221008e+04 3.371931291946909459e-21
5.008214545923556580e+04 1.209509523347385407e-18
5.008238695298266975e+04 3.624158209746796595e-20
5.008356965242275328e+04 1.874698613535259541e-20
5.008385180777370260e+04 2.179535005627936371e-20
5.008409767968720553e+04 2.204600164044092088e-19
5.008484260618479311e+04 2.157121341986729085e-20
5.008485351726964291e+04 1.696964992454493664e-21
5.008499556565174134e+04 7.217209166977302165e-20
5.008565192423329427e+04 2.684140165509042453e-22
5.008585894923812884e+04 3.566380929485810107e-22
5.008607963105889212e+04 1.479357945403248310e-21
5.008674320046439243e+04 3.457078062374280045e-24
5.008713173874530912e+04 4.047439646850863852e-24
5.008737421208802698e+04 1.158146867615753639e-21
5.008759758237379720e+04 4.931356018195446739e-20
5.008795380333391222e+04 5.188846427724465228e-22
5.008812020792032854e+04 0.000000000000000000e+00
5.008832320004899520e+04 3.823429833958195482e-24
5.008921558648248902e+04 1.183983519761878730e-20
5.008935089314292418e+04 2.190816479083558476e-21
5.008992648359017767e+04 7.091281130611895126e-20
5.009038000029698014e+04 4.310680561600654637e-22
5.009044491925166949e+04 2.028112632591631959e-20
5.009177928376492491e+04 1.366004300102068489e-21
5.009195555077631434e+04 3.665386055140075164e-22
5.009274982072805142e+04 4.201240808334295599e-22
5.009299393260868965e+04 1.038235332715419041e-21
5.009313863749808661e+04 9.854597175138237106e-22
5.009391555656210403e+04 6.723888681526271888e-23
5.009441429432678706e+04 1.023080848297676923e-22
5.009489244530125870e+04 1.477647302549611882e-23
5.009539313438794488e+04 1.102970680548224812e-22
5.009575151087646373e+04 5.885015754911865381e-22
5.009592302663167357e+04 3.302162670193297599e-23
5.009631542987714784e+04 0.000000000000000000e+00
5.009650199308112497e+04 1.067928457140352926e-22
5.009744879482602846e+04 4.181853315988153887e-23
5.009780808096540568e+04 0.000000000000000000e+00
5.009814208595752280e+04 0.000000000000000000e+00
5.009865538125485182e+04 9.510703466139721632e-23
5.009893961739826045e+04 4.215411020904773101e-23
5.009903598207987670e+04 0.000000000000000000e+00
5.010037778827227885e+04 2.116522808496512311e-24
5.010084218130269437e+04 2.421051788143439635e-23
5.010135077878029551e+04 7.912166079672676685e-24
5.010182196286762337e+04 5.408968421956325920e-23
5.010198164045742305e+04 6.543797312646843438e-24
5.010279025914261001e+04 0.000000000000000000e+00
5.010374273711979913e+04 0.000000000000000000e+00
5.010410965383385337e+04 0.000000000000000000e+00
5.010458423472525465e+04 1.182964731769080719e-24
5.010472213212201314e+04 0.000000000000000000e+00
5.010529363491784898e+04 0.000000000000000000e+00
5.010537721615771443e+04 0.000000000000000000e+00
5.010643497548239975e+04 0.000000000000000000e+00
5.010692223712150007e+04 0.000000000000000000e+00
5.010729972568360972e+04 0.000000000000000000e+00
5.010746738938554336e+04 0.000000000000000000e+00
5.010781481827962853e+04 1.070705792396092868e-24
5.010964674864872359e+04 0.000000000000000000e+00
5.011003842344903387e+04 0.000000000000000000e+00
5.011019794771111629e+04 0.000000000000000000e+00
5.011030920044476807e+04 0.000000000000000000e+00
5.011051340466411784e+04 0.000000000000000000e+00
5.011169642195610504e+04 0.000000000000000000e+00
5.011260043553335709e+04 0.000000000000000000e+00
5.011286840169474453e+04 0.000000000000000000e+00
5.011310946698522457e+04 0.000000000000000000e+00
5.011332415646604204e+04 0.000000000000000000e+00
5.011399244507758704e+04 0.000000000000000000e+00
5.011451385454999399e+04 0.000000000000000000e+00
5.011534167834598338e+04 0.000000000000000000e+00
5.011565731499835238e+04 0.000000000000000000e+00
5.011637850295940734e+04 0.000000000000000000e+00
5.011680296946471935e+04 0.000000000000000000e+00
5.011785517019275721e+04 0.000000000000000000e+00
5.011837187680260831e+04 0.000000000000000000e+00
5.011888095506247919e+04 0.000000000000000000e+00
5.011928477094558912e+04 0.000000000000000000e+00
5.012057139898824971e+04 0.000000000000000000e+00
5.012076182210260595e+04 0.000000000000000000e+00
5.012178640550241107e+04 0.000000000000000000e+00
5.012209060296509415e+04 0.000000000000000000e+00
5.012341244343975995e+04 0.000000000000000000e+00
5.012380330692269490e+04 0.000000000000000000e+00
5.012392501790712413e+04 0.000000000000000000e+00
5.012497142678969976e+04 0.000000000000000000e+00
5.012642104222658236e+04 0.000000000000000000e+00
5.012670757287317247e+04 0.000000000000000000e+00
5.012678224084997782e+04 0.000000000000000000e+00
5.012710066394124442e+04 0.000000000000000000e+00
5.012765772572901915e+04 0.000000000000000000e+00
5.012848061310713092e+04 0.000000000000000000e+00
5.012947902445353247e+04 0.000000000000000000e+00
5.013005293552723742e+04 0.000000000000000000e+00
5.013063382282765815e+04 0.000000000000000000e+00
5.013141549406083504e+04 0.000000000000000000e+00
5.013181820681213139e+04 0.000000000000000000e+00
5.013265852467985678e+04 0.000000000000000000e+00
5.013453620717758167e+04 0.000000000000000000e+00
5.013478998612725991e+04 0.000000000000000000e+00
5.013503825553199567e+04 0.000000000000000000e+00
5.013564902271463507e+04 0.000000000000000000e+00
5.013757286470176768e+04 0.000000000000000000e+00
5.013799629204820667e+04 0.000000000000000000e+00
5.013865486626187339e+04 0.000000000000000000e+00
5.013952328694805328e+04 0.000000000000000000e+00
5.014163605694521539e+04 0.000000000000000000e+00
5.014248976450965711e+04 0.000000000000000000e+00
5.014295812978332833e+04 0.000000000000000000e+00
5.014417986241638573e+04 0.000000000000000000e+00
5.014481912694755010e+04 0.000000000000000000e+00
5.014588091862278088e+04 0.000000000000000000e+00
5.014607998275210412e+04 0.000000000000000000e+00
5.014728665877461026e+04 0.000000000000000000e+00
5.014793655532832054e+04 0.000000000000000000e+00
5.014810564419985167e+04 0.000000000000000000e+00
5.014922765444275137e+04 0.000000000000000000e+00
5.015112774988525780e+04 0.000000000000000000e+00
5.015184316364154802e+04 0.000000000000000000e+00
5.015354075613857276e+04 0.000000000000000000e+00
5.015497621387826075e+04 0.000000000000000000e+00
5.015568480565048230e+04 0.000000000000000000e+00
5.015673707091811229e+04 0.000000000000000000e+00
5.015883312105271034e+04 0.000000000000000000e+00
5.016013850064137660e+04 0.000000000000000000e+00
5.016313456439903530e+04 0.000000000000000000e+00
5.016363641565296712e+04 0.000000000000000000e+00
5.016521460558321996e+04 0.000000000000000000e+00
5.016653937388837221e+04 0.000000000000000000e+00
5.016674277398446429e+04 0.000000000000000000e+00
5.016854661592006596e+04 0.000000000000000000e+00
5.016989275034494494e+04 0.000000000000000000e+00
5.017265243423021457e+04 0.000000000000000000e+00
5.017338898059097846e+04 0.000000000000000000e+00
5.017601135312484257e+04 0.000000000000000000e+00
5.017678419901513553e+04 0.000000000000000000e+00
5.018708092386732460e+04 0.000000000000000000e+00
5.018757697617576923e+04 0.000000000000000000e+00
5.019057946852820169e+04 0.000000000000000000e+00
5.019106452655206522e+04 0.000000000000000000e+00
