-2.999727193908511981e+04 2.503534123438492519e-13
-2.999724225976688831e+04 1.081801507966624495e-12
-2.999614156660130175e+04 3.489188586827390274e-10
-2.999610748844689442e+04 3.521236931841187727e-10
-2.999540863062271092e+04 1.016483033145813616e-08
-2.999538840960517700e+04 5.625224658202751157e-08
-2.999528373817640750e+04 8.250292445846401733e-08
-2.999501363080975716e+04 7.642678295387857331e-08
-2.999484328808843202e+04 6.869417299220455076e-09
-2.999466512882831375e+04 3.081415459290371694e-08
-2.999442830755025352e+04 1.707579306328670825e-07
-2.999415777257920126e+04 2.537216344953315495e-07
-2.999403453954625365e+04 1.815257130382646322e-07
-2.999376069736904901e+04 3.486654207818167776e-07
-2.999348826700065183e+04 5.868206179958871139e-08
-2.999346861675210675e+04 1.794603690419290131e-07
-2.999320217614674766e+04 1.329769538941902643e-07
-2.999309438835687251e+04 4.004921520011158262e-09
-2.999293429050914710e+04 6.154756057868025204e-08
-2.999267412570800661e+04 2.711529369908062650e-12
-2.999266929381815862e+04 2.261362069132898962e-08
-2.999240302692243858e+04 3.455590659841961043e-09
-2.999188700240812250e+04 1.956298522085685022e-09
-2.999121068900821410e+04 9.833240016236751561e-11
-2.999071329559460719e+04 4.094528304556788301e-11
-2.999008749904200522e+04 2.494643903676186322e-06
-2.998991578349818155e+04 2.773759925560790613e-08
-2.998931675236467709e+04 6.703339939561976271e-07
-2.998908428942171668e+04 1.027061738099055598e-08
-2.998898434881092544e+04 2.842474989953995219e-09
-2.998892934042576962e+04 5.556858091281914873e-08
-2.998875535942407805e+04 1.104324595511126576e-05
-2.998846084832083943e+04 4.469337003210329508e-06
-2.998843939494973165e+04 1.670850797732098559e-07
-2.998835757979433765e+04 8.378935243636634610e-06
-2.998817791099844544e+04 8.807174545125539732e-09
-2.998813810292497510e+04 1.559478327651964758e-06
-2.998804514706832924e+04 1.371841665545649081e-06
-2.998793504206218495e+04 3.886381458103998962e-07
-2.998778861329047140e+04 8.165987521206627740e-07
-2.998773711436277881e+04 3.158836704335281041e-07
-2.998753206308729568e+04 1.545002557782201352e-07
-2.998734479099058080e+04 7.238708975062718118e-08
-2.998731862254175212e+04 2.785711006644197697e-08
-2.998721627113235445e+04 5.453333253732432100e-09
-2.998709788689573907e+04 5.770898975579067458e-09
-2.998679731361984886e+04 1.175489709090610346e-06
-2.998638650754015543e+04 1.389627593585347873e-12
-2.998613494018328129e+04 9.846721051165775695e-07
-2.998560700508462833e+04 6.579467395958056368e-08
-2.998538979449023100e+04 2.646802714945067305e-08
-2.998498500025641260e+04 1.386149774437496925e-05
-2.998485823772132426e+04 1.285041396615062605e-07
-2.998454278948137653e+04 9.196276925747502116e-07
-2.998414584920480411e+04 1.201398064829224413e-07
-2.998396463929120000e+04 1.608124968412809309e-05
-2.998370874544085018e+04 3.651897086017367082e-07
-2.998333158757887577e+04 3.230859842646840915e-07
-2.998302449293784593e+04 1.228376795815866863e-04
-2.998298091580988330e+04 2.634863057557715224e-05
-2.998254675097225117e+04 3.131179409867784339e-06
-2.998218044638760330e+04 2.494076518273748372e-04
-2.998212657207580196e+04 4.898870945766918631e-05
-2.998190077799392748e+04 1.368864081950348068e-06
-2.998144361831847709e+04 5.975946371937304217e-05
-2.998130589827554650e+04 2.817927894057145837e-06
-2.998107799180311849e+04 1.728292037935521477e-06
-2.998081384591454844e+04 3.780404222679367552e-05
-2.998071775139314195e+04 3.306882851893992448e-08
-2.998030840567123596e+04 1.307873957263791555e-05
-2.998017314756890846e+04 3.248321694020877486e-09
-2.998002882969315397e+04 2.012598457718872439e-06
-2.997997209820428179e+04 8.039123142898071890e-06
-2.997989896861546003e+04 1.307066287884752960e-05
-2.997961776049793116e+04 3.962986854516757823e-06
-2.997936365520139225e+04 3.025610979155774445e-06
-2.997931859102052840e+04 3.702006034389743107e-06
-2.997921736809170761e+04 3.332338269865356878e-06
-2.997895879871710713e+04 7.888662502570238091e-05
-2.997890739560915608e+04 8.023882681575946699e-04
-2.997886409401643323e+04 3.319956728648826100e-06
-2.997858540491290114e+04 5.601362568521197176e-06
-2.997838691267983086e+04 3.066684998594173503e-06
-2.997812362189679698e+04 9.075662582190392773e-08
-2.997793663968379769e+04 4.425570951417555696e-05
-2.997787883666620110e+04 5.291784489973125772e-04
-2.997771401963662720e+04 5.637619618604839802e-06
-2.997752153037298194e+04 1.343499206812322523e-05
-2.997723228051829210e+04 2.911115597659727895e-05
-2.997692565158428988e+04 6.858318855182961955e-04
-2.997690474626985815e+04 1.742372082415690219e-03
-2.997673372865106285e+04 1.250376735440385217e-05
-2.997653690148403984e+04 1.047790560453671193e-05
-2.997645487701505772e+04 8.692526228942733117e-07
-2.997614941262393404e+04 2.927949961506721606e-06
-2.997600755316182040e+04 5.768522601096012694e-04
-2.997576747439332394e+04 5.512664869614136267e-06
-2.997560892629782393e+04 7.698897037350024127e-07
-2.997529060033527639e+04 3.143898570044803896e-07
-2.997518336146086949e+04 6.911034595831960304e-05
-2.997507865416879940e+04 4.290194045641573585e-06
-2.997496903906594525e+04 1.178483839750428877e-02
-2.997478348999553418e+04 3.211760540162475645e-06
-2.997467654783572289e+04 5.714349375786848433e-06
-2.997441885956545229e+04 3.078924200467440093e-04
-2.997411055634067452e+04 2.834829533780144589e-08
-2.997395365488943571e+04 5.314567599063135931e-06
-2.997389469177771025e+04 2.650890518105472604e-02
-2.997378239601953464e+04 6.000448549749544542e-06
-2.997374397218688682e+04 2.987736780553135437e-05
-2.997353633324345356e+04 4.309823018866629926e-08
-2.997335127537814697e+04 8.978427370157488046e-07
-2.997315822192561609e+04 2.702970430183648483e-05
-2.997299863203315545e+04 1.165883715800842330e-05
-2.997283180683742830e+04 2.761533698726888197e-02
-2.997281225755918422e+04 5.499531415086575830e-06
-2.997261268297030620e+04 1.932691465465227762e-05
-2.997260425645011128e+04 2.454233803004485839e-07
-2.997235720189604763e+04 2.502855136185563205e-07
-2.997215895355458633e+04 3.778245423232658577e-06
-2.997212529867726698e+04 1.052044494924581870e-06
-2.997188302179575112e+04 2.624349615749372164e-07
-2.997178939746877586e+04 6.178232852484597440e-06
-2.997171643037012836e+04 8.157610749413262682e-06
-2.997149845328638912e+04 1.154229811338140644e-07
-2.997138186727705761e+04 6.320128112933463946e-07
-2.997132881549445301e+04 1.833033562058950794e-06
-2.997101025889029916e+04 3.772605536105403679e-07
-2.997098667771747205e+04 3.384396096645788901e-06
-2.997077603060558613e+04 2.061842133362039981e-04
-2.997067531614276595e+04 2.834872570893117024e-06
-2.997061787501348226e+04 7.889364885823478447e-07
-2.997040374417173007e+04 4.184779574024559256e-07
-2.997035524134232401e+04 7.371986319100251140e-07
-2.997019459190747148e+04 1.541719443699700871e-05
-2.997001710363098027e+04 2.802446757581919325e-05
-2.996996832577870373e+04 8.874127851469271189e-01
-2.996981143673812039e+04 5.567447608334389968e-05
-2.996979083937897303e+04 5.315420820651178280e-06
-2.996965854611103714e+04 5.814473914741494769e-07
-2.996940134201004548e+04 8.385100338575129645e-08
-2.996921487927938142e+04 1.562172945731165769e-08
-2.996913796817211551e+04 8.256283461547837543e-08
-2.996890084042460148e+04 3.173697934460300191e-05
-2.996888384084857171e+04 7.182920624914891021e-05
-2.996880081087644066e+04 2.022176585393785584e-08
-2.996875682570744902e+04 8.396472224987043978e-08
-2.996864423477465607e+04 5.643831864801480825e-08
-2.996840150135314252e+04 8.578236090874945430e-09
-2.996807203517247763e+04 1.029258590322360160e-06
-2.996799086771194197e+04 3.928769035022959663e-06
-2.996781228880931667e+04 8.509040229964686449e-04
-2.996777217656399080e+04 4.751024348990244763e-06
-2.996758065050262303e+04 4.035074445711799893e-08
-2.996747441733716187e+04 8.338509825973828314e-07
-2.996738779743723717e+04 3.135117682781926098e-09
-2.996722691201369162e+04 7.352282403403545671e-05
-2.996701329580696620e+04 4.124257781817878607e-06
-2.996685392014836179e+04 4.573771896046650189e-06
-2.996674219782141517e+04 3.284950387328945415e-03
-2.996662115595063005e+04 1.656123067944481591e-06
-2.996647837276534119e+04 1.097494296705435861e-06
-2.996627602878082689e+04 4.107034909402090719e-08
-2.996603665858426757e+04 9.591633885874624025e-08
-2.996597371596130324e+04 2.584607285258352611e-08
-2.996577890096739429e+04 3.475226785348641999e-08
-2.996568671669015748e+04 4.995140217234082846e-04
-2.996556233937515208e+04 1.746185320555458596e-07
-2.996544360004858754e+04 1.711483989034188051e-08
-2.996511877682241902e+04 3.832467140682995872e-07
-2.996510946882377903e+04 2.512166561915185748e-09
-2.996496774065061618e+04 1.077050444074551319e-02
-2.996492275437129865e+04 2.541345321308334571e-09
-2.996471533742881729e+04 2.353405809125343504e-07
-2.996466170257809790e+04 2.775696857077606649e-05
-2.996449190310267295e+04 3.203243131564182531e-08
-2.996433329012352988e+04 9.453547982240420333e-09
-2.996409362512570442e+04 2.476723068912112418e-08
-2.996396213383514987e+04 1.194858569122862448e-05
-2.996391238349290143e+04 6.444364664702950836e-05
-2.996388628021015029e+04 1.845132047618251725e-02
-2.996363904132812604e+04 7.321222328797855050e-06
-2.996356877757228358e+04 3.043885773383200081e-07
-2.996341632048898464e+04 1.110979141386718623e-08
-2.996335678604559871e+04 2.451836735604122299e-08
-2.996294188748662418e+04 1.645921776463899028e-07
-2.996284232766678178e+04 7.603851477350192706e-11
-2.996280358772557156e+04 2.833924285440588085e-03
-2.996277213169056267e+04 6.639376709618657232e-09
-2.996267846455033214e+04 9.389463491526872091e-08
-2.996264676034024160e+04 9.557353068563801408e-08
-2.996237711138427767e+04 5.587179767220989025e-07
-2.996207166767948002e+04 1.946241703505883307e-07
-2.996186251416399318e+04 6.763777234241991959e-06
-2.996177010117669124e+04 3.532251864517632343e-06
-2.996173173480799960e+04 1.194325520643100560e-04
-2.996171020351812331e+04 1.533727890851115236e-04
-2.996166723878703124e+04 1.929441277976961261e-06
-2.996131050991189841e+04 5.746328287232552345e-08
-2.996122148674954587e+04 1.268156654310630223e-08
-2.996086512291757754e+04 1.076193965604226070e-06
-2.996074500426458690e+04 2.945863078188246757e-07
-2.996074028827909206e+04 2.670620312878750455e-08
-2.996063437059540593e+04 2.313579311528031726e-05
-2.996053561004510630e+04 9.798964934895888983e-08
-2.996040764499416036e+04 2.983433269462360347e-08
-2.996001257312389134e+04 6.334520860886634222e-06
-2.995996543538115657e+04 7.417681417662068096e-04
-2.995992316295194905e+04 4.538073822242886378e-08
-2.995986092997373999e+04 2.486362417687760012e-07
-2.995955674502161492e+04 6.690111012283458643e-05
-2.995953268306426253e+04 1.288776145757938444e-06
-2.995926752324741392e+04 3.204702210873063523e-10
-2.995918790169676504e+04 1.403693096511243516e-07
-2.995900348637003481e+04 3.122111496520505687e-07
-2.995887673160759005e+04 1.804512429454928520e-03
-2.995865587674697963e+04 4.657873857943765063e-09
-2.995855251024261452e+04 2.128417279760022351e-09
-2.995849156190158465e+04 1.789160429027555910e-08
-2.995839978261090801e+04 7.828067834396194005e-07
-2.995821027016516746e+04 7.583141936219801862e-09
-2.995793044810753054e+04 5.667601456688790195e-07
-2.995778236442311754e+04 3.752371799219246073e-05
-2.995777087406427017e+04 1.114933333191620041e-06
-2.995771751174484598e+04 2.945649813423644455e-07
-2.995762367417448695e+04 5.943313182250967480e-08
-2.995744466034178549e+04 3.155144806163940883e-06
-2.995729312226296315e+04 5.570357045973093156e-10
-2.995698394565284616e+04 3.605917895319624256e-07
-2.995690105544262042e+04 2.189698848830783656e-07
-2.995674892863141940e+04 2.561294561071510871e-07
-2.995667880695293934e+04 1.073308367860937760e-04
-2.995644238778744329e+04 4.730719874865167147e-07
-2.995629980518068987e+04 8.945863174236223753e-10
-2.995617428311526237e+04 2.191826318165756785e-09
-2.995600000237745917e+04 9.408130026636726836e-09
-2.995584345064500303e+04 8.921973844391584939e-08
-2.995563935196754392e+04 7.193977901327379376e-09
-2.995557287431791337e+04 6.299676101564247218e-06
-2.995544110032355456e+04 1.674999677059121798e-08
-2.995539338523457263e+04 2.420495262643665016e-07
-2.995532144226491801e+04 2.826512018449906603e-08
-2.995511938513572022e+04 8.318388784831900830e-13
-2.995499397960092392e+04 3.018067479295012191e-07
-2.995495395407801334e+04 1.591158431220478323e-07
-2.995483410939851092e+04 1.586349653056122687e-09
-2.995448133475361101e+04 1.366595536917599089e-05
-2.995445729043687970e+04 6.014655867093914232e-06
-2.995436493178330784e+04 1.292524646718881893e-06
-2.995423760583751573e+04 2.477209231623919494e-07
-2.995409905790813355e+04 1.093844022736652092e-08
-2.995396632131245860e+04 1.365646104232454367e-08
-2.995384457854227367e+04 1.719867692326851208e-04
-2.995360142625342996e+04 5.506348980015601992e-09
-2.995348746926157401e+04 2.480211454272494978e-07
-2.995334514860214404e+04 1.341041874923263442e-07
-2.995321334112584009e+04 2.333907239958173297e-12
-2.995307944713841061e+04 7.558439954113449445e-09
-2.995299074102683880e+04 6.015743085933834946e-07
-2.995283152873113067e+04 1.466715795535875699e-06
-2.995277005051303786e+04 2.107198155190952249e-06
-2.995272237274460713e+04 2.134239945310308995e-04
-2.995253645576698182e+04 3.096281241371309529e-06
-2.995231712699077616e+04 5.597709418970432693e-08
-2.995223031570799867e+04 2.554763943704543104e-07
-2.995221447101040394e+04 4.590331904240385563e-08
-2.995194944634585045e+04 1.954249013481597535e-08
-2.995167651494593520e+04 1.357045143506262119e-06
-2.995160675081489899e+04 1.385200118445626420e-05
-2.995157797219985150e+04 3.107327486896785645e-05
-2.995143925233008849e+04 5.674384839528172050e-07
-2.995131483253731494e+04 3.615104700884210648e-08
-2.995117066490617071e+04 2.427905560651313519e-07
-2.995112735204103228e+04 5.900999109905069491e-07
-2.995091872091587720e+04 2.654180468098914222e-09
-2.995074237959608581e+04 1.450725482924734552e-07
-2.995048172983566474e+04 2.167624824434109762e-10
-2.995043878564953411e+04 4.268064379822111412e-10
-2.995036841643350272e+04 8.843031713859755621e-09
-2.995016975784737588e+04 1.327153101090301807e-07
-2.995003639933063823e+04 2.901849522346535758e-07
-2.994999004685211912e+04 1.603665112391498062e-06
-2.994989242145977187e+04 1.792072024459611252e-05
-2.994966633754866052e+04 8.456127863869055732e-08
-2.994945843395720294e+04 2.366091183897365193e-09
-2.994933264243837039e+04 1.531181409037732558e-08
-2.994928165565083691e+04 1.436868905200044380e-07
-2.994903266636528861e+04 1.983384201093299014e-09
-2.994892092617446906e+04 5.512528650386518401e-07
-2.994887887755475458e+04 5.640151916746372080e-08
-2.994877893042759752e+04 2.495445527100429251e-06
-2.994871225326009881e+04 1.768473959058310436e-05
-2.994861450017848256e+04 3.511384842891450854e-07
-2.994832063004448355e+04 9.873982479343307249e-09
-2.994817154355445018e+04 5.170207449053458145e-09
-2.994810585355957301e+04 5.059823952044517183e-07
-2.994786543725728916e+04 4.280264831335106393e-09
-2.994779166935961985e+04 8.187133917176427380e-09
-2.994776785881490650e+04 1.032388038513606592e-08
-2.994761910048625214e+04 5.792179859248408817e-07
-2.994752672554030869e+04 5.202627817420226984e-06
-2.994730319925200820e+04 6.010288832921003183e-08
-2.994721458394817819e+04 2.221526360694585005e-09
-2.994703002374758216e+04 1.242613037026153293e-07
-2.994687597182453464e+04 2.449189925227085797e-07
-2.994669198694009174e+04 6.482683968465865144e-12
-2.994656129990101908e+04 4.571503906885787842e-07
-2.994641170819798936e+04 1.089284654323336006e-08
-2.994632762561491836e+04 1.514138261849182104e-07
-2.994632125596684273e+04 6.714723996027007454e-08
-2.994611622671154328e+04 3.340427900948166495e-09
-2.994578297416412533e+04 6.233761638525904813e-08
-2.994565701524458927e+04 1.357351611227769509e-09
-2.994553191400644937e+04 5.507771594609602833e-08
-2.994537225489584671e+04 4.270188455762746443e-07
-2.994533107612637832e+04 2.015554519522457473e-09
-2.994524884934053262e+04 3.455739539075109504e-08
-2.994505964443810444e+04 1.875839579204154424e-06
-2.994488549344255443e+04 2.289474019905832595e-09
-2.994470098632068766e+04 1.312718629250684762e-08
-2.994464656684524743e+04 1.094156367377611591e-08
-2.994451778876727258e+04 7.428893794328631125e-08
-2.994439933259223471e+04 1.659162411258229548e-08
-2.994433210333184979e+04 4.911452006442305545e-08
-2.994414913794809036e+04 3.753429581125498879e-09
-2.994392546266624777e+04 5.359280664021170805e-09
-2.994379615080262374e+04 4.914098073739781412e-07
-2.994361464678920674e+04 1.601519231451762349e-07
-2.994351781328148354e+04 2.142581219931804164e-08
-2.994337345729650042e+04 1.633741738375738490e-07
-2.994331097389210481e+04 1.877173072618966990e-07
-2.994323098906340601e+04 1.881177391209779425e-09
-2.994297072646447486e+04 6.627737782001526594e-08
-2.994269692247956118e+04 2.486737890823794493e-10
-2.994259215642736308e+04 1.967440768978301454e-10
-2.994243551707671213e+04 1.425237460219635053e-09
-2.994226632267103560e+04 7.544294832161289372e-09
-2.994208136067537635e+04 1.148759810823161173e-07
-2.994193320715322989e+04 3.330584993375819112e-07
-2.994186660294325338e+04 5.032611974459171821e-07
-2.994179469366718695e+04 4.467135817494053371e-09
-2.994152289116197426e+04 2.379933969789055889e-09
-2.994141962090743618e+04 1.542593280510238457e-08
-2.994131835158546528e+04 9.170570533971038366e-12
-2.994116714817667162e+04 7.310191786030435888e-12
-2.994112080106304711e+04 3.773258359261528625e-08
-2.994079744169742480e+04 1.226533080818503542e-08
-2.994062681311837150e+04 4.259605063622188762e-08
-2.994045333721688075e+04 1.506901515692404188e-07
-2.994042227285439367e+04 9.455711807532099218e-07
-2.994018145786565583e+04 6.479025224654172493e-08
-2.994001755781575048e+04 7.782365675218440353e-09
-2.993994773077606078e+04 2.934075639069208275e-09
-2.993986574131898305e+04 1.177104172428557284e-08
-2.993966290112684510e+04 2.207083786081029004e-10
-2.993956274136961292e+04 3.170067473266211667e-09
-2.993927784757749032e+04 2.441827788219637570e-09
-2.993901123036036006e+04 4.348356853724885741e-07
-2.993897482196917190e+04 1.089915933301827669e-07
-2.993884358916441488e+04 1.197519876611364313e-07
-2.993872826356375663e+04 6.948359831891442976e-11
-2.993858759683060271e+04 2.770167847972869228e-07
-2.993842946206193665e+04 4.701153627209102419e-09
-2.993807552333913554e+04 4.422133358503205087e-08
-2.993782675035989450e+04 7.343397306846420966e-09
-2.993778297914584982e+04 1.111545981193728323e-08
-2.993766642624430460e+04 5.490182756332058703e-09
-2.993737058285429885e+04 2.530087024737746543e-08
-2.993728705687171896e+04 1.935376500278878152e-07
-2.993725108674726653e+04 5.629935999642046757e-09
-2.993699088779186786e+04 1.233757331617115764e-07
-2.993678404865844641e+04 2.666371808654341095e-09
-2.993653101698368846e+04 3.556209538789501084e-08
-2.993642028495152408e+04 2.392064240141396740e-08
-2.993623877891365555e+04 8.021202045891054963e-09
-2.993595652766904823e+04 2.226481755644231432e-09
-2.993586862188266241e+04 1.847435729160957758e-10
-2.993573417629880350e+04 1.533556901674166980e-08
-2.993567540344945519e+04 8.878248413083815116e-09
-2.993540268240940350e+04 1.646638571360954194e-08
-2.993525020667548233e+04 6.336922388660974261e-09
-2.993500966109006185e+04 2.057313529667752661e-08
-2.993483237860017107e+04 2.550276764022274800e-08
-2.993455910683269758e+04 3.539799412713050848e-09
-2.993430600553246768e+04 4.362267901286642038e-09
-2.993422663354436008e+04 8.169520360973103216e-10
-2.993401409886325928e+04 1.462346674258985547e-10
-2.993397971246613452e+04 4.120081506950080867e-09
-2.993376132587091342e+04 2.371615411206176830e-10
-2.993340423065687355e+04 4.132925878759169592e-11
-2.993331031643343158e+04 3.885870074588571495e-09
-2.993311580120716826e+04 1.250907119231459842e-09
-2.993280816868962938e+04 4.216161226471747068e-09
-2.993263483907395130e+04 2.809944874809864492e-09
-2.993237806704585091e+04 3.947753875475970204e-09
-2.993231063684090259e+04 4.602023160191433283e-10
-2.993210112064483837e+04 7.690903330182177566e-09
-2.993170948470786243e+04 5.021095113925463862e-10
-2.993155189340150901e+04 1.651479494864150725e-10
-2.993147646563670060e+04 2.419999812872221825e-10
-2.993118679656566746e+04 4.583189633105939926e-10
-2.993105246200996407e+04 9.864218587612507158e-10
-2.993072151902248879e+04 4.830010033134967663e-09
-2.993055028763122027e+04 9.305183691036566304e-10
-2.993023949821366477e+04 2.247243041794995251e-09
-2.993009383119049380e+04 1.431610578584261853e-09
-2.992983300996257458e+04 1.953340580747860916e-09
-2.992954431247801767e+04 3.476699336097627866e-10
-2.992951184057659702e+04 4.129226327527706256e-10
-2.992940995532724264e+04 1.686522247480332143e-09
-2.992884732322211494e+04 4.846927789332162715e-10
-2.992847176810221572e+04 1.328968577283954004e-09
-2.992819271620032669e+04 1.227367786081263643e-09
-2.992812531823454992e+04 9.823410723990530617e-10
-2.992798676958168653e+04 8.633449216356191069e-10
-2.992774297951738481e+04 1.868641399069692457e-10
-2.992763955840188282e+04 1.348169820923892071e-10
-2.992742990910697335e+04 1.154853415976363500e-10
-2.992724813070399614e+04 1.922367262575434239e-11
-2.992660974639370397e+04 4.018786765988767965e-10
-2.992647098262231884e+04 1.129779448208283011e-10
-2.992631923606155760e+04 1.011860031601038048e-09
-2.992601158755612414e+04 8.617258262862214822e-12
-2.992580082911339923e+04 5.596005958681403697e-12
-2.992556723444517775e+04 1.689367976977618915e-10
-2.992519516383510927e+04 1.182575089208349048e-14
-2.992491191504616654e+04 3.475626263233613952e-12
-2.992462297885660882e+04 2.275421474372534124e-10
-2.992435512009106242e+04 9.351931472838767456e-12
-2.992410166167057832e+04 1.118100740618382425e-10
-2.992391063666536502e+04 3.190313757280367424e-11
-2.992370676718009781e+04 8.268226195425745766e-12
-2.992329407262879249e+04 4.474272772437512061e-12
-2.992313212482379458e+04 4.076654668310101242e-13
-2.992288617543824512e+04 2.006577894007412080e-14
-2.992275254773777124e+04 2.547746389342609699e-12
-2.992250362065328591e+04 1.276200590116655177e-11
-2.992220920592082257e+04 1.819832155712831742e-11
-2.992212113302667785e+04 2.266854051359698119e-13
-2.992163601247406041e+04 4.847753128870997668e-11
-2.992147067867191799e+04 3.982726790384824090e-13
-2.992103655329121102e+04 7.948395357189746327e-13
-2.992053506408644535e+04 2.830668604449309694e-12
-2.992031142989255750e+04 1.386943704177582394e-13
-2.992014409624177279e+04 1.516337627284204555e-12
-2.991999712421134609e+04 3.124406412401378464e-12
-2.991940948827443935e+04 5.077637873757022336e-12
-2.991920265171654682e+04 2.214968333261694211e-12
-2.991891561774495131e+04 5.557033157304504431e-12
-2.991873818694710280e+04 9.604602653450411718e-14
-2.991830876655351676e+04 1.385978357729312135e-12
-2.991803822960677644e+04 5.419159587767147700e-12
-2.991755501595660098e+04 2.059673948851894015e-12
-2.991747807739010386e+04 4.432151365631181673e-13
-2.991708048811970730e+04 1.541017660371488482e-12
-2.991675577097691712e+04 1.030818562702156522e-13
-2.991617184767113213e+04 9.654990955701070936e-13
-2.991612251590822780e+04 1.016813660422888473e-13
-2.991570913661765735e+04 1.988266875825882672e-12
-2.991552374175172372e+04 5.213921113504580256e-13
-2.991456767646407025e+04 4.716468373136502476e-14
-2.991431479146642232e+04 3.351519521698782224e-13
-2.991415414954459266e+04 1.968498237229660811e-13
-2.991385725419268056e+04 1.747150866210747097e-13
-2.991345058885540493e+04 1.061853147468359350e-13
-2.991319481825347611e+04 1.288681094143856458e-13
-2.991291649491619319e+04 3.854686632826812039e-14
-2.991240731095827505e+04 1.512274838866444002e-13
-2.991204775144411906e+04 1.289111964646693046e-13
-2.991145147603118312e+04 3.249460603748783735e-14
-2.991123660898884555e+04 1.851078637895099796e-16
-2.991052315759874182e+04 8.751613064737226952e-15
-2.991018747437785350e+04 4.300741067087056118e-16
-2.990976763761420807e+04 3.256178950184702494e-15
-2.990956126650469741e+04 1.724569208614296244e-14
-2.990914580725736596e+04 1.350248551818595425e-15
-2.990875220281269867e+04 1.581618662000661199e-15
-2.990802959553490655e+04 1.235314569421023739e-15
-2.990771539189379109e+04 7.809150623643799188e-15
-2.990753993163158157e+04 1.233419149054455294e-14
-2.990728671861011026e+04 4.911848904051353476e-15
-2.990676211540430813e+04 5.021985489684956570e-17
-2.990645148612227786e+04 1.580494477982672363e-17
-2.990618517054651238e+04 7.131832245185166467e-17
-2.990534355677494750e+04 1.339459451247468720e-15
-2.990487314453105137e+04 2.822282867982212189e-15
-2.990426670925269354e+04 7.957918114702123252e-16
-2.990371384153638792e+04 1.516554948784082891e-16
-2.990292442905031930e+04 3.178892924270739544e-16
-2.990258778294428339e+04 4.374641411018902870e-16
-2.990214395903716286e+04 2.169619543038255893e-16
-2.990166473872707866e+04 3.035875345542919308e-16
-2.990104176237729916e+04 1.285356166483609171e-16
-2.990084501586300394e+04 3.469333656472345347e-17
-2.990055642168019040e+04 1.320730035200646682e-16
-2.989963608263413698e+04 1.909841929321918706e-17
-2.989906046471624359e+04 2.010929853493664071e-20
-2.989879026985070959e+04 2.466196985834963621e-17
-2.989840851395424397e+04 1.701310392422000190e-17
-2.989782572173712470e+04 2.353089210870332499e-18
-2.989756946476596931e+04 1.101659590127071085e-18
-2.989649010099643783e+04 1.441985753329681402e-17
-2.989497699181078497e+04 1.179360210220393677e-18
-2.989462873073145602e+04 5.592080306686372043e-19
-2.989391097384638488e+04 5.558000104914500631e-18
-2.989331395524725667e+04 8.193467646432599661e-19
-2.989302033287942322e+04 1.188967353816306955e-19
-2.989267322331713513e+04 5.357722518214571423e-19
-2.989244864115033124e+04 3.267379241470903455e-19
-2.989136145409539313e+04 8.886297839032827002e-20
-2.989046550141973785e+04 6.851864730683504852e-19
-2.988985816005093147e+04 8.103895271103417980e-22
-2.988944026018584555e+04 3.606965057879779588e-22
-2.988841325272431641e+04 3.926739871317613910e-20
-2.988712316722414471e+04 2.986282268981705314e-20
-2.988667348822013810e+04 1.069423615280238173e-19
-2.988568897566736996e+04 9.204104785356822144e-21
-2.988426870979791784e+04 3.033981676748006555e-22
-2.988312706069456544e+04 4.592058913452118174e-22
-2.988271581691536630e+04 3.098183941216041156e-22
-2.988217035448615206e+04 3.357513773044358769e-24
-2.988134335809956610e+04 8.124765539987729918e-22
-2.987996903808719071e+04 2.243571645611541551e-23
-2.987850303298678773e+04 7.116529357554422518e-22
-2.987781140080580371e+04 4.436111056402237840e-22
-2.987713405598101963e+04 7.994603931656716349e-24
-2.987539962323587315e+04 0.000000000000000000e+00
-2.987437929762845670e+04 0.000000000000000000e+00
-2.987180447449322673e+04 2.540980126202161669e-24
-2.987154725629336826e+04 0.000000000000000000e+00
-2.987124553137634939e+04 0.000000000000000000e+00
-2.987086387431128969e+04 0.000000000000000000e+00
-2.986967176059129997e+04 1.947546231590871700e-24
-2.986862822936307566e+04 1.646230798315258535e-24
-2.986710652184461651e+04 0.000000000000000000e+00
-2.986562228660926121e+04 0.000000000000000000e+00
-2.986004285601257288e+04 0.000000000000000000e+00
-2.985905689745157724e+04 0.000000000000000000e+00
-2.985724456620789715e+04 0.000000000000000000e+00
-2.985700329923898607e+04 0.000000000000000000e+00
-2.985596382202385212e+04 0.000000000000000000e+00
-2.985507028339924727e+04 0.000000000000000000e+00
-2.984738013972980116e+04 0.000000000000000000e+00
-2.984658766931442733e+04 0.000000000000000000e+00
-2.984093958842500069e+04 0.000000000000000000e+00
-2.984052875909890645e+04 0.000000000000000000e+00
-2.983280259130819832e+04 0.000000000000000000e+00
-2.983229233844949340e+04 0.000000000000000000e+00
-2.981423864051573037e+04 0.000000000000000000e+00
-2.981394921160838567e+04 0.000000000000000000e+00
3.000294071892041757e+04 3.299914309126615167e-20
3.000296820513192870e+04 6.360204931961092946e-18
3.000406060919481024e+04 5.304658427309138640e-16
3.000409025771810411e+04 2.927219684958269576e-15
3.000468239312378137e+04 1.943936794094897371e-13
3.000477559051352364e+04 3.452556322052615079e-14
3.000482412018081595e+04 1.468159560533590015e-13
3.000510343963456398e+04 1.317987313023708382e-14
3.000531225037252443e+04 2.506212589815459339e-13
3.000552322671647926e+04 9.902264178089328789e-13
3.000582682203695367e+04 7.102594028191203866e-13
3.000604138531516219e+04 1.525875760455132113e-12
3.000636601292999694e+04 1.170995953013249378e-12
3.000663612436048788e+04 5.397698719327911249e-13
3.000682448855538314e+04 6.507125792356976106e-13
3.000717734940286027e+04 3.404948319421372264e-13
3.000738106155356218e+04 8.549481219601958945e-15
3.000751382082698547e+04 1.109716330511789058e-13
3.000780779083420930e+04 1.762244699086019402e-14
3.000802443206473254e+04 1.378611508466197957e-14
3.000810966306413684e+04 3.461917090517502898e-17
3.000829635808974490e+04 1.270127485363326743e-14
3.000831916039934731e+04 1.610567881273973723e-18
3.000911276691880630e+04 1.715962757894896992e-16
3.000992629833301544e+04 1.907045597649267327e-12
3.000995200243904037e+04 3.613449180235081547e-12
3.001042727460580863e+04 2.160688512271475242e-14
3.001073984932855819e+04 5.584472421450275337e-14
3.001106578927554438e+04 1.985561205989620227e-13
3.001133837716476773e+04 5.401854414355979080e-11
3.001148159867498180e+04 1.054289509365834983e-14
3.001150157951581787e+04 2.371284567367339314e-13
3.001173212983593112e+04 2.210369522601989399e-11
3.001190155492186386e+04 2.452380187028915597e-12
3.001195410808962333e+04 1.194818135090537860e-14
3.001203263680450254e+04 5.642316545618427286e-12
3.001218678403243393e+04 1.025785728696412441e-12
3.001235873782921772e+04 3.919242349756298286e-12
3.001254331566081237e+04 4.374279474211921056e-13
3.001275413917643891e+04 8.881497212540246979e-13
3.001284319811673049e+04 3.407300459101813903e-14
3.001295212984479804e+04 8.751307643348610961e-14
3.001313522980790731e+04 7.749176526592028812e-14
3.001333547224831273e+04 1.772192701961761640e-14
3.001348547127516213e+04 6.584499842573249028e-18
3.001357895182028733e+04 3.107873678994712621e-15
3.001368333992430416e+04 1.725319735181927716e-17
3.001376616881576774e+04 1.049484644625252784e-16
3.001407269717751842e+04 7.456507294255158561e-16
3.001446723518229919e+04 1.737367958068388473e-17
3.001475588034309112e+04 2.204444945952971370e-13
3.001503763580132363e+04 6.905408334293738011e-11
3.001524361723330367e+04 1.387301365386286284e-15
3.001555441599171172e+04 7.575385450558766203e-14
3.001595379729884735e+04 5.126788307971867148e-15
3.001606908680502602e+04 5.308113903156652158e-11
3.001638756838218978e+04 1.566064050977508833e-13
3.001675233765166922e+04 3.609876874978539324e-14
3.001702638213375758e+04 1.014017921142164986e-10
3.001711869669982480e+04 6.697605539974392483e-12
3.001753211013373948e+04 5.347705605945636034e-12
3.001788783795102063e+04 4.612835009884517385e-10
3.001797369255109516e+04 3.261787228819845501e-11
3.001818682195538349e+04 6.505908199548425083e-12
3.001864146303998132e+04 2.448579168069151856e-10
3.001878852589337839e+04 6.620678745186381260e-12
3.001902559624352944e+04 1.512519543540690479e-13
3.001929536102048587e+04 6.431799946572326806e-12
3.001938393528953748e+04 2.006246472951919629e-13
3.001983044744409199e+04 9.432017768241434654e-11
3.001992769812044207e+04 2.710230065562449506e-12
3.002005031706541558e+04 2.352256777721324238e-09
3.002008721785071248e+04 1.874585679162760502e-12
3.002027665704971514e+04 2.273114793968066716e-11
3.002060850399903939e+04 1.438194350381881865e-11
3.002078539575285322e+04 2.906387926291591345e-13
3.002087997265886588e+04 1.051756666937015835e-11
3.002096485753856905e+04 1.087357768386815334e-11
3.002112030171117294e+04 8.191055837576779689e-10
3.002124483287953262e+04 9.316319537893124216e-12
3.002130719934779700e+04 7.485856720887232044e-12
3.002161733214950800e+04 4.033291797522896727e-11
3.002176920506060560e+04 4.245210208855772168e-12
3.002203981772534826e+04 1.026633896727816214e-10
3.002216059356573169e+04 5.724956984616569276e-09
3.002226400485507475e+04 5.593378933956191704e-11
3.002244036182696436e+04 5.021682348771989199e-12
3.002266677564370184e+04 2.404309941222943891e-12
3.002292165887836018e+04 3.456032807600173927e-11
3.002315003856548719e+04 1.584228279960433685e-09
3.002333185227925424e+04 9.767436275494052706e-12
3.002339917135047654e+04 2.478855254420180852e-12
3.002363897130268015e+04 2.206842156562312933e-12
3.002367248874717916e+04 7.998044947511125564e-13
3.002405908172979252e+04 4.281471956591896577e-11
3.002409351411714670e+04 3.709990239046564004e-11
3.002443767008064970e+04 4.470723069680987854e-12
3.002453060716257460e+04 2.387925892946549390e-14
3.002491361107341436e+04 6.351723375635472307e-10
3.002494449782471929e+04 3.711992548551433795e-11
3.002505289048117629e+04 5.772391210747514653e-08
3.002512708230653880e+04 9.628844765496498895e-14
3.002534461171576186e+04 1.343377872831978458e-12
3.002562644683947656e+04 1.548563822408540444e-11
3.002570598307195542e+04 1.009119434479674616e-10
3.002602437579053003e+04 2.279308875679593462e-13
3.002613658475253396e+04 1.585328471480387226e-08
3.002624416362273405e+04 1.782970232011114112e-13
3.002639375536014995e+04 2.935641003712122412e-12
3.002645312645938611e+04 2.965731509479053143e-17
3.002674627223955395e+04 4.631223101644021407e-15
3.002685146070806150e+04 8.573803606547257876e-13
3.002700732001444703e+04 2.214822219195399517e-11
3.002720904560834970e+04 5.603420865065744831e-10
3.002722182062734282e+04 3.514148085105187113e-11
3.002740875284716094e+04 7.865829757747058047e-14
3.002758189513261823e+04 1.621920632308839228e-12
3.002768833670345339e+04 1.543492298311475912e-15
3.002794174623812432e+04 9.356597676603238552e-15
3.002802017022642030e+04 1.408426983815555960e-15
3.002807839557288389e+04 3.315259062043169651e-11
3.002826532145731107e+04 1.631792798981028950e-09
3.002846170875180542e+04 5.331733447259039210e-12
3.002853422576951198e+04 1.234292426061892072e-11
3.002868924940969737e+04 1.697462827183228655e-12
3.002893029064222719e+04 1.437203860200114561e-11
3.002898836414283141e+04 2.124956620434177937e-15
3.002926265300458545e+04 8.051284367220363323e-10
3.002930060073476125e+04 6.778714416829052232e-10
3.002931992467211603e+04 2.031777109421073027e-10
3.002962430949744885e+04 3.135819764228936374e-15
3.002976435131730977e+04 1.043712076323307215e-12
3.002985784344167041e+04 9.864796065141292639e-14
3.002997011357310839e+04 2.093196243829144039e-12
3.003005347361882014e+04 1.338516645800001413e-09
3.003010030464592637e+04 2.900945446587025097e-13
3.003026740825450179e+04 1.515963072712633283e-10
3.003042599603833514e+04 7.928463136691279003e-13
3.003055228769801033e+04 4.081272570712261442e-13
3.003063912816622906e+04 5.854822223073317228e-15
3.003084553828382559e+04 8.010494024694639724e-13
3.003104595099663493e+04 2.340737901342941436e-12
3.003109291585840765e+04 9.765317017974916701e-14
3.003114017303170112e+04 6.069507662576363186e-09
3.003120727501665533e+04 5.683451071848730123e-11
3.003148330858504050e+04 1.629385915665603241e-13
3.003156191709113773e+04 2.372482683080149765e-13
3.003171142936822071e+04 2.102504632566333166e-12
3.003205564577593395e+04 8.112142834572920739e-11
3.003207349409002563e+04 3.525733110874787527e-10
3.003222828692709663e+04 1.103773526710805726e-08
3.003230790185157093e+04 1.242363088084403158e-11
3.003240312547801659e+04 1.629477142920019178e-12
3.003274931066039062e+04 2.128353863418177116e-14
3.003284732150959098e+04 2.115706318229068241e-12
3.003290021728549618e+04 1.751137820630769506e-11
3.003302623135573958e+04 1.991590878708355799e-12
3.003330539187665272e+04 1.683455363386367728e-09
3.003331658096173487e+04 3.665500019142088381e-10
3.003344049235221610e+04 8.809837822217369981e-13
3.003364423759332567e+04 7.559330064130355718e-13
3.003368389828494037e+04 4.982989707308871420e-14
3.003393954390358704e+04 8.595927768734107450e-14
3.003416318821549430e+04 2.116127239729247118e-14
3.003436675661642948e+04 1.736951369491010009e-11
3.003437460176245440e+04 6.661806454211126653e-12
3.003445114418705634e+04 2.187203042608290170e-12
3.003481455372722849e+04 7.304476939933382590e-14
3.003500032117512819e+04 2.157339829669329129e-16
3.003505398230328865e+04 5.307035944857885839e-08
3.003505680797695459e+04 3.264177174740055985e-12
3.003506641339585985e+04 2.163304354317532991e-12
3.003541280656907838e+04 1.549936599744935164e-10
3.003543857591382402e+04 5.505354979474709867e-13
3.003562880022978788e+04 8.312862145876530306e-13
3.003571130078936039e+04 2.811026036770743075e-12
3.003605796124877088e+04 2.896258251039027121e-13
3.003614399593583585e+04 9.533492604636157008e-09
3.003616460893236945e+04 1.843783587660072471e-12
3.003625786527642413e+04 2.210277656595678504e-12
3.003640410851570414e+04 1.324131977459333192e-11
3.003646063503183905e+04 5.946115901325016445e-11
3.003672840490417002e+04 2.439291602760289702e-13
3.003684388826541908e+04 3.734722994227885197e-13
3.003695734881325916e+04 1.586168187304329982e-15
3.003723526427521210e+04 6.735795938929738182e-12
3.003725481171450883e+04 1.299762369262053607e-14
3.003735080005989948e+04 2.683847655665286520e-14
3.003742339407148393e+04 1.877592310430717984e-13
3.003757280072748836e+04 2.981693983603095476e-16
3.003760630819801736e+04 8.381023671991863518e-16
3.003786433925914025e+04 3.016898148355835544e-14
3.003820397449043230e+04 3.117227154529586159e-15
3.003830368377538616e+04 1.946762919562976945e-10
3.003833898714177485e+04 3.830985847255242098e-10
3.003841004581933521e+04 8.330364930950441547e-16
3.003846858600045016e+04 5.862370239525528966e-13
3.003870796451010028e+04 2.259782993328295888e-14
3.003890447224572199e+04 2.376019438013759522e-13
3.003899243550684332e+04 2.339055167189971463e-13
3.003926320626981033e+04 3.163423872438434658e-11
3.003942125120297351e+04 3.929402087028207343e-10
3.003947089886595131e+04 1.084201520867672713e-11
3.003949052413721802e+04 3.990778472432839946e-15
3.003966290272846527e+04 1.433817059564659289e-12
3.003977579100176808e+04 6.642845013487635992e-14
3.004005599817069742e+04 4.050459545053766487e-11
3.004012509338030941e+04 6.028009218464466521e-15
3.004030832928908421e+04 2.143677028527078262e-15
3.004034843495790483e+04 1.771029210687670832e-13
3.004050983890627322e+04 1.566634337162354486e-11
3.004062531186938941e+04 9.776512640344819678e-16
3.004093688199810276e+04 1.209651439261320285e-13
3.004096028355375165e+04 1.318085347175597284e-12
3.004115156416101308e+04 1.408196176654173432e-09
3.004116237624338828e+04 1.448845417708599258e-10
3.004154814020940466e+04 1.421036260488866936e-13
3.004158041696930377e+04 1.115643798766591567e-12
3.004162364951058407e+04 1.133795250216603115e-13
3.004176545508722847e+04 5.634973085228589033e-13
3.004197387323324438e+04 8.621191550330504803e-15
3.004225076021613131e+04 4.288807287578664218e-10
3.004226257331097804e+04 2.622868532749846067e-10
3.004239976981084692e+04 2.077396822900708954e-13
3.004251608947951536e+04 9.580971923022022150e-13
3.004263473818820785e+04 4.518296870677475678e-12
3.004266998721268101e+04 3.151340743565928489e-13
3.004287776343594305e+04 4.553404411292568896e-16
3.004322215273943584e+04 2.464626446282940095e-15
3.004328747548528190e+04 9.991940490549775626e-15
3.004336499909950726e+04 1.581627620410305006e-12
3.004339104661251258e+04 1.347225554258057321e-14
3.004366091502287236e+04 1.542933531224205928e-12
3.004389454129176011e+04 4.407949822697131361e-17
3.004400086236710558e+04 6.443622832466943823e-16
3.004416616292180333e+04 1.542500589489431286e-15
3.004439889569659863e+04 3.194679105983101637e-13
3.004448025139935271e+04 1.775404262501417521e-11
3.004455650698325553e+04 1.336915999945068256e-13
3.004472701057275845e+04 6.173701601933812817e-14
3.004473836205142652e+04 2.083580530537796190e-14
3.004482939646492014e+04 4.660159745264829386e-14
3.004506592501655905e+04 2.859186042643135465e-10
3.004511253980581023e+04 1.527889856905002477e-13
3.004523173307130128e+04 1.524387808132543749e-13
3.004541422333545052e+04 9.428364989783774410e-14
3.004558987162980702e+04 6.821625059455966724e-12
3.004567554749023111e+04 6.099045792022856921e-13
3.004584772189571231e+04 8.039216737364023159e-15
3.004592260831316889e+04 1.687423520744687235e-13
3.004608235136963413e+04 3.631850125750941955e-14
3.004618280405958285e+04 3.980494749516569529e-10
3.004625104846382237e+04 3.251865937989629968e-13
3.004661581407954509e+04 1.892190567838602024e-12
3.004665783782729341e+04 1.486280621905523146e-12
3.004673369448067024e+04 1.945268742261543551e-12
3.004699798659007865e+04 2.657819111387707815e-17
3.004713315711229370e+04 1.476902365260001224e-15
3.004724127411669906e+04 1.747221284217082553e-12
3.004731169258588852e+04 5.045551907567459016e-11
3.004733545300458718e+04 3.065993332813332633e-12
3.004751079142104209e+04 3.705493906902428842e-13
3.004761526596918702e+04 8.448152585772235971e-14
3.004785056746985720e+04 6.289490683021617996e-13
3.004789903118339134e+04 7.630785077586145022e-14
3.004801512723052656e+04 1.794877462097632290e-13
3.004827855751238167e+04 4.058819424593084303e-14
3.004844219411672748e+04 2.722949073951231207e-12
3.004850948794297801e+04 4.069845211800521739e-14
3.004857548003447300e+04 1.372120108841979682e-14
3.004875486371691295e+04 4.349574414471574608e-15
3.004886336568852857e+04 3.552536876520957853e-15
3.004895047036048709e+04 3.101856650791131368e-13
3.004908469600389435e+04 1.348187964819099693e-15
3.004927231702048084e+04 1.116618943834372600e-14
3.004943251049945320e+04 2.627800251487999486e-13
3.004959872717533653e+04 2.510903369299399635e-15
3.004974453159533005e+04 3.086340028238428525e-14
3.004987536030929914e+04 5.299314600479320564e-14
3.005001958489277240e+04 4.174493572947582583e-15
3.005011554140924636e+04 1.720818415675468041e-12
3.005014824675160708e+04 1.035204188750670899e-12
3.005024444063795454e+04 1.015702200778869899e-13
3.005053557541661212e+04 3.971437382386819793e-13
3.005075074860332825e+04 5.482496472468644839e-14
3.005076451713683491e+04 4.423387547266661633e-12
3.005088784375901378e+04 6.714818546539298591e-14
3.005115104509708544e+04 1.357564217043875096e-13
3.005122892810144913e+04 2.298399335336937241e-12
3.005130281784876206e+04 2.945613698445586388e-12
3.005133944763143882e+04 3.116841605257701630e-13
3.005143446957410924e+04 2.391624864163720893e-14
3.005162793773764133e+04 4.690755589865924616e-14
3.005188320771550207e+04 8.085513557512287755e-15
3.005194885949805030e+04 2.228818121436674666e-12
3.005205512254039058e+04 3.104006766233373134e-13
3.005232340965613548e+04 3.597000077643218654e-12
3.005237002426268373e+04 2.259934756666672608e-12
3.005248750589464180e+04 2.207453927068155351e-11
3.005251883654078483e+04 9.847423356135799171e-13
3.005260290987618282e+04 9.822092794424430486e-13
3.005291178221184600e+04 2.918077978829585857e-15
3.005297047825809932e+04 5.019801309383448997e-15
3.005309903388678504e+04 6.129534892130993761e-14
3.005321764358937071e+04 1.897805944526369202e-16
3.005351380580181649e+04 1.112639437151360231e-13
3.005354792173482929e+04 3.541302863977119101e-12
3.005371416824779953e+04 1.605996199984866927e-11
3.005382174780956848e+04 4.885313905101399685e-13
3.005385960303799584e+04 1.929652177562656175e-15
3.005405107288834552e+04 1.450215301003921420e-13
3.005439282897394878e+04 3.497293816253607047e-14
3.005446053888008464e+04 4.316002608017042321e-14
3.005469418952708293e+04 9.185016256617853876e-14
3.005474791801925676e+04 1.192596834743493087e-13
3.005488027691108437e+04 1.005426492556323101e-13
3.005499070724606645e+04 2.125483875897861905e-12
3.005502035479324695e+04 3.528580864358850697e-14
3.005530902554721251e+04 3.924612186872240017e-12
3.005535454721063434e+04 1.576126315442259085e-13
3.005550620829868785e+04 9.689999432963461090e-15
3.005562304041452444e+04 5.169743923799279895e-15
3.005584156634141254e+04 7.394603761940476017e-18
3.005592680675238807e+04 2.149996333344104932e-15
3.005596966723001242e+04 6.452540344765379182e-14
3.005625876032979068e+04 6.759107661183462465e-15
3.005628174513198610e+04 1.222841802540513961e-15
3.005653433572301583e+04 2.617496419644319940e-14
3.005665761778646265e+04 8.344288479315675814e-13
3.005669931144885049e+04 3.880847765357012253e-12
3.005681358209294194e+04 3.880480863777104397e-13
3.005693609719350570e+04 4.231413100932733926e-14
3.005717164232784853e+04 2.677469131424934302e-15
3.005746224488918233e+04 4.178658544766402715e-15
3.005759539123691138e+04 2.526471560124733509e-14
3.005762685001848149e+04 4.047989577588919976e-14
3.005792270503911277e+04 7.747580751975749692e-15
3.005806959631714199e+04 1.204799935056878279e-12
3.005816392231681675e+04 2.331897420609992463e-12
3.005828798682090928e+04 2.040667836768105849e-13
3.005837955618057458e+04 3.571260469462745460e-14
3.005865399153243925e+04 6.656962930821111381e-15
3.005874457055113089e+04 2.722778397250769191e-14
3.005888717432343037e+04 2.423555623763332026e-16
3.005894530065495564e+04 8.990993796602269164e-14
3.005903599861528710e+04 1.576426706647729578e-16
3.005935077033673588e+04 1.203354476096436099e-15
3.005958251887215738e+04 8.229669708465384805e-13
3.005963942911350387e+04 4.814182660339981926e-13
3.005972737810829858e+04 2.608337333213352900e-14
3.005994046511414854e+04 1.442272748792090623e-14
3.006016024077023394e+04 2.116827760004013399e-13
3.006021829797865212e+04 1.605866291669743585e-13
3.006036012315382322e+04 2.156193652755538484e-14
3.006052406481377329e+04 9.190604641067763154e-14
3.006057154419899598e+04 6.450240965096159277e-15
3.006099313988760696e+04 2.133849150302555332e-16
3.006106693649370573e+04 2.502690321532561169e-14
3.006122969731294506e+04 8.807935434857359092e-15
3.006135216673764808e+04 3.411156604819523900e-17
3.006143917859036446e+04 2.225634262581662506e-14
3.006153514408213596e+04 2.031166484502369919e-13
3.006176828030101387e+04 6.903995776120740349e-15
3.006202172701132076e+04 9.382530573668692826e-14
3.006233623231927777e+04 9.405361917314423926e-14
3.006239594176295213e+04 2.496985616124964771e-14
3.006255625033663455e+04 9.350285253936999669e-16
3.006275430203236101e+04 1.429124825538042183e-14
3.006280765932351642e+04 2.339043733824802393e-14
3.006295702994753083e+04 1.230611458465209012e-15
3.006321279631822472e+04 4.949055214068203092e-15
3.006340925720587984e+04 2.494092369264656674e-14
3.006359286420512217e+04 7.081279049746163431e-15
3.006380052172927390e+04 6.184414470815179503e-16
3.006397070658045413e+04 2.558535272261350743e-14
3.006417649933545181e+04 1.200599791035337962e-13
3.006426305979739482e+04 6.726708763200827172e-14
3.006442641269944943e+04 2.008401621488812532e-14
3.006447414585836668e+04 1.052718097946108161e-14
3.006477417415285890e+04 7.742657056416364268e-16
3.006498671008464225e+04 1.393921867106140009e-14
3.006510160851155888e+04 3.127646071705982081e-14
3.006529934661048173e+04 5.942362893050732649e-15
3.006557026241781932e+04 1.540779312937456472e-14
3.006581695005531947e+04 6.576003450946021457e-14
3.006591918778268519e+04 3.235350549905388662e-15
3.006616076486078236e+04 2.215120932090238016e-14
3.006617203974998120e+04 2.343145566510135198e-15
3.006641422983211305e+04 3.271728029100375348e-14
3.006673466247177930e+04 4.098457395339774163e-14
3.006681890688132989e+04 9.876363804826712818e-15
3.006701955371359145e+04 2.219556402440194065e-15
3.006732421785705446e+04 1.259292360682073639e-14
3.006750832828200146e+04 1.032796990840123581e-14
3.006779488438635235e+04 1.202946242342063735e-14
3.006789590844636405e+04 2.801989544095358850e-15
3.006806733777256159e+04 8.991804997877821954e-15
3.006845587296732992e+04 1.277512615136853215e-14
3.006857564435012318e+04 1.583151271338567530e-14
3.006865517240059125e+04 1.486582821009680501e-15
3.006899115804187022e+04 4.849474816326784577e-15
3.006908737046753959e+04 1.373543916052233276e-15
3.006943737891797355e+04 1.846703848683995721e-15
3.006970977936145209e+04 1.545243388064750042e-17
3.006990839087437416e+04 4.103546860441923789e-15
3.007006517744834491e+04 2.658310990494069323e-15
3.007033156680055981e+04 4.302317833316948358e-15
3.007060577220173946e+04 2.051883490501719763e-15
3.007062770285145234e+04 2.355494914141186700e-15
3.007069239658751394e+04 1.096981099568353416e-17
3.007131148364260662e+04 1.030587436762560652e-18
3.007166225657672112e+04 2.390713098827117843e-16
3.007195540969658396e+04 2.126588810992946742e-16
3.007201790460434859e+04 9.264412583563995945e-17
3.007211127513000974e+04 1.479955586618437582e-15
3.007245969806347421e+04 1.273345907809732844e-16
3.007251255784905879e+04 2.113734143864324165e-16
3.007272139450424220e+04 7.436540654286603325e-16
3.007297078213295026e+04 9.417395161366724475e-17
3.007352355804471881e+04 1.704772634718260112e-16
3.007366337467804260e+04 6.686992231345168093e-17
3.007378611678753805e+04 7.069824359466869335e-17
3.007415092906136852e+04 2.599435332518389488e-17
3.007431728364066294e+04 3.060229730219470058e-16
3.007461827375377470e+04 2.855208514567003519e-17
3.007495082938469932e+04 2.326469705245243119e-16
3.007527030187035780e+04 1.998756659298983363e-16
3.007547662921845767e+04 3.038565292282290561e-17
3.007583035479021783e+04 3.236188748355049627e-17
3.007601317365903014e+04 7.728120494368303247e-18
3.007628392230026293e+04 9.394932179972503934e-18
3.007651062596889096e+04 1.012373928245408586e-18
3.007684077719758352e+04 2.282769487855288071e-16
3.007702432314683392e+04 5.694437547660407954e-17
3.007731367134072570e+04 6.999934156607977134e-23
3.007734796532570908e+04 2.113149298692047120e-17
3.007763540953665142e+04 4.295640866225472924e-17
3.007798609297836811e+04 1.400797101063854583e-17
3.007812718532445433e+04 7.804200195428612976e-20
3.007850289126580537e+04 2.582728251967997315e-17
3.007864639005124991e+04 2.370259654932501483e-17
3.007907151614742179e+04 6.718493163918111447e-17
3.007964399222852808e+04 1.843743137248325880e-18
3.007981799499809131e+04 1.032693456603252750e-17
3.008004713870318665e+04 7.398869666934604215e-21
3.008017046264392775e+04 3.362635509037420608e-18
3.008072002030932708e+04 2.153921434776547768e-17
3.008094696583902260e+04 5.573216021800767018e-18
3.008125595021785921e+04 3.992642651983727622e-18
3.008140997399083426e+04 1.290504187586665852e-18
3.008187013969731197e+04 6.757620030465492908e-19
3.008207161442243887e+04 1.391305306541480199e-18
3.008256607736187652e+04 1.624836531578130838e-18
3.008275553591702919e+04 1.258225799614760408e-18
3.008304882955022913e+04 4.407104661730187744e-18
3.008346329522606175e+04 4.642266990053471506e-19
3.008397232962203270e+04 7.697343472527928611e-19
3.008398387751915652e+04 4.557022537537609925e-20
3.008439870333202998e+04 3.774956630985080495e-20
3.008458229605338420e+04 2.523607809264093760e-19
3.008557535172422286e+04 1.174047276485857866e-19
3.008580014084489812e+04 8.209432597651083663e-20
3.008596422689979954e+04 5.184254657962958168e-19
3.008627979900586797e+04 1.738325032677196458e-19
3.008668287940530718e+04 2.831641426901208545e-20
3.008693225563054148e+04 1.944878362342943960e-20
3.008728707220710203e+04 5.367948787557758736e-20
3.008774351224148268e+04 1.267193191984206524e-19
3.008809711835885901e+04 8.987951968025766592e-21
3.008864468389250396e+04 1.995329457106640488e-19
3.008890686364704379e+04 2.025727244558059531e-20
3.008962626247246953e+04 5.155831592129912330e-20
3.009008275897306157e+04 1.294293791843005465e-21
3.009036836191103430e+04 2.949772153503742159e-20
3.009063524416417931e+04 2.160264035928172893e-22
3.009098777692198928e+04 2.596036074756386152e-20
3.009142284037042918e+04 2.647145393382631896e-21
3.009219619104735102e+04 2.016312722860767117e-21
3.009244378401790163e+04 8.228242780875168643e-23
3.009256703458893026e+04 4.682779030446776296e-21
3.009282290054935220e+04 2.621677579303277655e-20
3.009342962056349643e+04 4.400439932944897725e-21
3.009365376689815093e+04 2.646647837385069220e-22
3.009396960400397802e+04 2.521517186918120630e-23
3.009472682381765117e+04 3.859406296252029915e-21
3.009527509325516075e+04 1.305881825777552510e-22
3.009591696744815272e+04 6.443427579176777282e-23
3.009641899231361822e+04 4.040538827544956416e-22
3.009723713083611801e+04 0.000000000000000000e+00
3.009758982789279980e+04 1.600282596877384484e-22
3.009802724240877433e+04 2.536340534878175512e-22
3.009846879515327964e+04 7.071558530441448008e-23
3.009904241174982235e+04 2.857932312819192656e-23
3.009934474908429547e+04 3.024830576249072562e-22
3.009957017452879518e+04 1.360663698817141949e-22
3.010055068482129718e+04 8.967427926434319562e-24
3.010108054435366648e+04 5.454891768675381804e-24
3.010134799914406176e+04 3.229471033613863225e-24
3.010174261415071669e+04 9.017481410934348932e-24
3.010235793448123877e+04 1.499945051572792958e-23
3.010263536903955901e+04 1.789935374608963476e-24
3.010368015545517119e+04 7.506930189657705465e-24
3.010511232128022675e+04 2.673823992601280551e-23
3.010557417457924385e+04 0.000000000000000000e+00
3.010619565669498115e+04 0.000000000000000000e+00
3.010686442951824938e+04 0.000000000000000000e+00
3.010715530406638936e+04 0.000000000000000000e+00
3.010744029064375718e+04 0.000000000000000000e+00
3.010773639900414128e+04 0.000000000000000000e+00
3.010872096028297165e+04 0.000000000000000000e+00
3.010961878072445688e+04 0.000000000000000000e+00
3.011032203907970688e+04 0.000000000000000000e+00
3.011069755419129069e+04 0.000000000000000000e+00
3.011170959237041097e+04 0.000000000000000000e+00
3.011295843077332393e+04 0.000000000000000000e+00
3.011344702316415714e+04 0.000000000000000000e+00
3.011445885213318979e+04 0.000000000000000000e+00
3.011596579078927607e+04 0.000000000000000000e+00
3.011698917963074564e+04 0.000000000000000000e+00
3.011744096454697865e+04 0.000000000000000000e+00
3.011800545742596660e+04 0.000000000000000000e+00
3.011872826975853604e+04 0.000000000000000000e+00
3.012020861872303067e+04 0.000000000000000000e+00
3.012160969256916724e+04 0.000000000000000000e+00
3.012228704911278692e+04 0.000000000000000000e+00
3.012300929332287706e+04 0.000000000000000000e+00
3.012472647902720200e+04 0.000000000000000000e+00
3.012577565220530596e+04 0.000000000000000000e+00
3.012833081924470025e+04 0.000000000000000000e+00
3.012855538965219603e+04 0.000000000000000000e+00
3.012897540990682319e+04 0.000000000000000000e+00
3.012922411120160541e+04 0.000000000000000000e+00
3.013052759844954198e+04 0.000000000000000000e+00
3.013151483672911854e+04 0.000000000000000000e+00
3.013308935708335412e+04 0.000000000000000000e+00
3.013456527073052348e+04 0.000000000000000000e+00
3.014005579580614722e+04 0.000000000000000000e+00
3.014102424459207759e+04 0.000000000000000000e+00
3.014290328728131499e+04 0.000000000000000000e+00
3.014310860003387279e+04 0.000000000000000000e+00
3.014413589448702987e+04 0.000000000000000000e+00
3.014502532671242079e+04 0.000000000000000000e+00
3.015270547410670406e+04 0.000000000000000000e+00
3.015348537924539778e+04 0.000000000000000000e+00
3.015927035865764628e+04 0.000000000000000000e+00
3.015967247189101909e+04 0.000000000000000000e+00
3.016728174320629842e+04 0.000000000000000000e+00
3.016778316352446200e+04 0.000000000000000000e+00
3.018584909480350325e+04 0.000000000000000000e+00
3.018613313861282222e+04 0.000000000000000000e+00
