-3.002934826056244128e+04 0.000000000000000000e+00
-3.002759252009311240e+04 9.487010983898974893e-23
-3.002703097906185576e+04 6.902472532311539035e-22
-3.002683709986032773e+04 1.136510495761204662e-20
-3.002638718138250260e+04 2.804265028797361522e-22
-3.002503061831058949e+04 1.324357274208195829e-20
-3.002430465065618409e+04 3.166635810207491642e-19
-3.002376314530493619e+04 1.374959492493930453e-18
-3.002303892205733791e+04 3.434787811829541311e-18
-3.002224564988492421e+04 1.664355445001372517e-17
-3.002206989543465897e+04 6.114336335476149927e-17
-3.002114291202702952e+04 7.102033100595805973e-17
-3.002017520422619418e+04 1.318832722074168030e-15
-3.001970041265825421e+04 7.704852306666513811e-17
-3.001922275330128468e+04 1.505364184804906362e-14
-3.001827778302360093e+04 1.278496564904778469e-17
-3.001780835218430002e+04 1.153161115726448186e-15
-3.001731748993097790e+04 4.032198216346815356e-13
-3.001656435893280286e+04 2.629297153797114587e-15
-3.001631512167430992e+04 9.092182638476172124e-13
-3.001561140494730353e+04 3.118694390490806225e-13
-3.001536323654385342e+04 4.099269566802526147e-12
-3.001465332962944376e+04 3.757740988051427723e-13
-3.001440665163770973e+04 3.998634314560807771e-11
-3.001355448638586677e+04 1.482761570129925409e-12
-3.001343546002747826e+04 1.913194521501792399e-11
-3.001248523898713029e+04 7.940230752189466040e-10
-3.001238396790113984e+04 7.327329382002655079e-11
-3.001150682508334648e+04 3.618492507851092143e-11
-3.001127813976447942e+04 7.009368555383544085e-13
-3.001052753696632135e+04 1.277133324294569309e-08
-3.001018994510938137e+04 3.144619127274900048e-11
-3.000954604876380836e+04 1.452560785049306612e-10
-3.000910068562013112e+04 7.572953496126190416e-14
-3.000856270729029347e+04 1.423175819796312763e-07
-3.000801677966948046e+04 4.763716775757791930e-12
-3.000758040167166837e+04 2.128967918487583071e-08
-3.000694273784311008e+04 3.358876138791925521e-09
-3.000660334137465543e+04 9.511828066552190400e-07
-3.000588837215873355e+04 2.980887074713686330e-08
-3.000563932745590864e+04 9.611514155350997750e-07
-3.000490050256361064e+04 1.987629894906276659e-07
-3.000470244218923108e+04 1.100110806594328590e-06
-3.000412374514815019e+04 4.915845183454469294e-06
-3.000390895508841641e+04 3.013999774029606862e-07
-3.000349252149032691e+04 1.021284555679484592e-05
-3.000331952897192241e+04 1.827485016541304175e-06
-3.000259160809920650e+04 2.830412682230972001e-06
-3.000251695611691684e+04 6.375890632588931912e-09
-3.000171285972686019e+04 1.785723884185608780e-06
-3.000154277519783136e+04 9.821278822095972047e-08
-3.000089893287311497e+04 1.549912433414084204e-06
-3.000058083253862787e+04 2.885437781803515338e-07
-3.000031803387150285e+04 1.307932718929088363e-07
-2.999993894655474651e+04 1.344115187909058317e-06
-2.999963515940013895e+04 7.871163419511837965e-06
-2.999926439044850122e+04 4.433266116989681645e-06
-2.999881796659413158e+04 1.707084370953476340e-05
-2.999834456744220734e+04 1.661697011810264485e-06
-2.999811754649363138e+04 3.549992675591239270e-06
-2.999756528191203688e+04 3.218926143648360387e-06
-2.999749828764473932e+04 1.554172329666808137e-07
-2.999709442627931639e+04 3.767029052557733365e-05
-2.999683937661355958e+04 5.089030401497354408e-07
-2.999637144409195025e+04 1.361698483220224955e-04
-2.999613015741394338e+04 5.887659482699706217e-05
-2.999572935543655331e+04 4.928102034407591590e-05
-2.999560536374666481e+04 1.517512432288802141e-05
-2.999532684101539417e+04 1.912123966036195593e-04
-2.999507477603871666e+04 4.027448633479084009e-05
-2.999454200039347052e+04 8.954128093739750663e-05
-2.999431839999456133e+04 1.051492247473133704e-06
-2.999409646847724798e+04 2.312392196505684752e-06
-2.999379347133341435e+04 2.957537472621844620e-08
-2.999377493577176574e+04 2.146813821140055768e-07
-2.999350614901086738e+04 1.682460940479093218e-08
-2.999304161857892541e+04 2.356576924303029592e-06
-2.999300447043615350e+04 4.285764737952140922e-05
-2.999254188757188967e+04 4.161469558602267311e-06
-2.999233496914797070e+04 5.270956490667190194e-08
-2.999213490577543052e+04 1.275125594521833964e-05
-2.999197243787304978e+04 8.988585549916777424e-06
-2.999162075300578363e+04 4.681314469760294254e-04
-2.999136463403968810e+04 4.774961359050147372e-05
-2.999120083364790116e+04 2.103687171773076150e-04
-2.999096274193069985e+04 1.345005830742156389e-05
-2.999069221135881526e+04 2.969916519063762217e-05
-2.999041911749954670e+04 1.084355899620378485e-05
-2.999018232085007185e+04 1.539971187268598487e-05
-2.998999596620178272e+04 7.496477651192242578e-05
-2.998983033328549209e+04 7.305933838383433284e-05
-2.998958155457582325e+04 4.160871415966959866e-05
-2.998942958038130382e+04 1.827668563047501213e-04
-2.998899767059123405e+04 7.355848912062107339e-07
-2.998878961514123148e+04 1.379805727560823254e-05
-2.998828432241836344e+04 3.202703475745611954e-05
-2.998817760541320240e+04 2.546662111067511843e-04
-2.998795020332384593e+04 3.247570222181163520e-04
-2.998777339180157287e+04 3.463968887389742954e-04
-2.998767751901502561e+04 4.885027953717812031e-06
-2.998730308308479653e+04 1.179332526288651349e-07
-2.998678478246566374e+04 5.767020712169409905e-04
-2.998664805091113158e+04 1.121124199647925614e-03
-2.998632556772620956e+04 8.714959651090516124e-04
-2.998623260527062303e+04 1.542052780803315802e-05
-2.998598388109893858e+04 6.809078910129291468e-05
-2.998568145712272963e+04 3.237627570377698280e-04
-2.998552069355058484e+04 7.033088180348010671e-04
-2.998535651879007492e+04 8.307046900732619138e-04
-2.998520572104397434e+04 6.369518169518726270e-05
-2.998513813283577110e+04 1.745428929482970883e-04
-2.998502937623671096e+04 1.316300236853838691e-03
-2.998458752781890871e+04 5.880809847730718385e-04
-2.998425733216554727e+04 2.107036786451240025e-04
-2.998403768192792268e+04 1.489305034319325877e-05
-2.998396040309940145e+04 1.469888398364699767e-04
-2.998368198564788327e+04 1.570305479598009280e-07
-2.998331594966515695e+04 1.004513947338293138e-07
-2.998304827910865788e+04 1.083475776989567003e-05
-2.998299148079377119e+04 4.086358655822284856e-05
-2.998280723561371269e+04 3.753546350939973147e-05
-2.998269016812479094e+04 2.023771623644557600e-04
-2.998225310512874421e+04 2.665114204235567711e-05
-2.998194437726606702e+04 2.873949256070677783e-04
-2.998179447750019972e+04 3.094167793683760901e-05
-2.998153479820509165e+04 9.595226375361966655e-04
-2.998111611173468191e+04 6.925894269520586335e-04
-2.998094211050605008e+04 3.686381930153215161e-04
-2.998075508279579662e+04 3.743993083081573019e-03
-2.998049609677808257e+04 4.312898207132945250e-03
-2.998038551652798560e+04 5.237755915184513864e-04
-2.998030509649707892e+04 6.891621917734548664e-07
-2.998012009068008047e+04 3.701073178200643815e-06
-2.997971499935652901e+04 9.868476222438924209e-03
-2.997965401684597600e+04 1.368597072882252576e-03
-2.997940940853331995e+04 8.548659427652531562e-03
-2.997926243570008592e+04 3.198980787722043983e-03
-2.997905609904893936e+04 4.101092806801664460e-05
-2.997883385585866199e+04 5.727986474326896352e-03
-2.997857976092563695e+04 7.311557777431186751e-05
-2.997824023071264310e+04 6.169742257444163601e-06
-2.997782298331575294e+04 1.815866593652563433e-04
-2.997767981405745013e+04 4.330739938420674048e-05
-2.997733725254301680e+04 9.749311404356491738e-04
-2.997705827339443931e+04 7.975489365404571124e-05
-2.997688344052732282e+04 1.187354695352710805e-06
-2.997642752962333907e+04 1.693573961636184611e-03
-2.997622160912347681e+04 8.256312935988824125e-05
-2.997579684365055437e+04 4.461923275092580623e-05
-2.997572552608288242e+04 5.180209228319892145e-06
-2.997521769001910070e+04 3.095514603747288873e-02
-2.997512979805032955e+04 1.062569465359234494e-01
-2.997491811700744802e+04 8.963543027454749876e-04
-2.997486094260653044e+04 2.347335343031222224e-03
-2.997464151547273286e+04 1.300121075240368192e-02
-2.997427927903096133e+04 9.687171971951334670e-02
-2.997418650646372407e+04 1.558475034146452297e-02
-2.997395455212695379e+04 3.279777209310890014e-03
-2.997357958428567144e+04 2.998334030737125760e-02
-2.997350522262845698e+04 1.518493451087235427e-05
-2.997332805083084168e+04 5.631302193375273182e-04
-2.997308740237922029e+04 1.347821243314982877e-03
-2.997274876034865883e+04 1.126850026441721803e-02
-2.997256042503611388e+04 2.902921427370273432e-03
-2.997241976762879131e+04 4.423490425445441980e-04
-2.997196355951013902e+04 4.244075535212068172e-03
-2.997179142503160256e+04 2.071411329885662622e-03
-2.997155583985244448e+04 5.156821280201822916e-04
-2.997141437978385875e+04 4.006737685035511513e-05
-2.997107455278007183e+04 3.675765337653921425e-03
-2.997100406821825163e+04 6.760416495286659065e-05
-2.997084065953692334e+04 1.762874730681165741e-03
-2.997040465644832148e+04 1.309992637759895733e-04
-2.997025397976987006e+04 1.846846510260902836e-03
-2.997004075196312624e+04 1.032024006939399538e-02
-2.997003059519411909e+04 2.307392314440556702e-01
-2.996986976821615099e+04 1.172080164704846113e-02
-2.996942211963721638e+04 9.022296385034597646e-05
-2.996918028129246522e+04 1.648581779894248611e-05
-2.996901825879815442e+04 1.189971922911714386e-07
-2.996897374297525676e+04 1.489664957880336980e-04
-2.996878558742169116e+04 6.359119584022322139e-04
-2.996848781730590417e+04 9.723502935630026821e-06
-2.996842123819457629e+04 5.921842486129056359e-03
-2.996811929154425161e+04 9.643741614399936601e-02
-2.996806606664082574e+04 1.729937103788274817e-03
-2.996792253807511224e+04 8.391628684322778933e-03
-2.996770108261130736e+04 3.909441129438025013e-03
-2.996763659711512446e+04 4.616445714795343628e-04
-2.996735764652030048e+04 1.386855303661234330e-04
-2.996722014430838317e+04 9.296143951898375862e-03
-2.996691376012981709e+04 1.109944185246858339e-02
-2.996681309937169499e+04 3.762224332088930784e-04
-2.996656581664317127e+04 1.498916710441983223e-04
-2.996651014116900478e+04 5.281101473502479264e-04
-2.996627228503307560e+04 6.729924099345960036e-04
-2.996606571213394272e+04 1.149961235158357478e-05
-2.996586424006379093e+04 7.233083496516041350e-03
-2.996541195650615191e+04 2.220384967345003738e-03
-2.996533684436131807e+04 6.504267496398094929e-04
-2.996513555818469104e+04 7.889540611377389869e-08
-2.996492269790123464e+04 6.018752234110767707e-02
-2.996482402294487474e+04 3.883954371099361888e-05
-2.996466419433719057e+04 3.509228423854589534e-04
-2.996438044510816326e+04 6.959098419302676172e-05
-2.996419207418094084e+04 1.629036766646336902e-04
-2.996407807273240542e+04 4.003785004763938424e-04
-2.996367529143053980e+04 1.020268594633404330e-01
-2.996362327488479423e+04 5.299006728812506208e-03
-2.996344390625576125e+04 5.994590185706122733e-04
-2.996334334162918094e+04 1.727991736867771780e-03
-2.996309254427338965e+04 6.979923307831917799e-05
-2.996288200718555163e+04 2.214621993575071411e-05
-2.996256655219336244e+04 1.102384984807634050e-04
-2.996248284961255922e+04 2.752278229568145916e-05
-2.996233230990684388e+04 5.172717901056420601e-05
-2.996212827723910232e+04 3.412211852347681959e-06
-2.996191258753238071e+04 3.310526470435379179e-04
-2.996162884204685906e+04 1.908663655717094234e-03
-2.996144749601831427e+04 8.831491189764818783e-03
-2.996109213833680769e+04 3.163542090383259832e-05
-2.996087909323224085e+04 7.342276240536300632e-05
-2.996068892968896398e+04 1.331032705497172406e-03
-2.996060429172053045e+04 6.905738464354569252e-05
-2.996040656038484303e+04 3.448268760771582551e-04
-2.996029158737029502e+04 3.091017161053944695e-07
-2.996000707243981742e+04 3.721048552624224614e-04
-2.995973720184645572e+04 2.305519855823496016e-04
-2.995970968301070752e+04 4.127706622327385888e-03
-2.995960999705638460e+04 7.468095518869662195e-04
-2.995925828683064901e+04 8.355207964028167102e-04
-2.995921974783347468e+04 5.444464258442573970e-04
-2.995898969636088077e+04 1.304256507173334636e-04
-2.995876111320258860e+04 3.825764773857066262e-05
-2.995854464094635841e+04 1.357177998932648161e-05
-2.995836341782302770e+04 2.192077697109356309e-05
-2.995825821428128256e+04 1.874592095720631303e-03
-2.995822855588675520e+04 3.994408946071405751e-04
-2.995803822119115284e+04 1.941559398078650551e-05
-2.995766713484016873e+04 1.073370995331079849e-04
-2.995751412168191382e+04 1.321246663318349616e-04
-2.995736333557247417e+04 8.587414663566454633e-04
-2.995705538429610169e+04 2.267284312586941627e-05
-2.995679942272518747e+04 3.928230556902748312e-03
-2.995664814866188317e+04 4.357501870584045208e-07
-2.995650160861494078e+04 1.870662267280639773e-04
-2.995630489692584524e+04 5.518084593506101068e-05
-2.995616857585552134e+04 4.552160391705582223e-05
-2.995594336381077665e+04 1.273959882779047796e-04
-2.995575565728535730e+04 2.734614682651083459e-04
-2.995555229383830374e+04 2.506947672481558623e-08
-2.995544269422760408e+04 1.728252785438233984e-03
-2.995523674904096333e+04 3.683247463378121417e-04
-2.995486975746373355e+04 6.364462577430246461e-07
-2.995476880490222175e+04 3.114031601070515417e-06
-2.995463019371228074e+04 6.901109948664934041e-05
-2.995440546466393425e+04 4.947389161373778719e-07
-2.995429793795973455e+04 3.028746448705541940e-05
-2.995418014938740453e+04 3.822131525691498132e-04
-2.995402055720626959e+04 1.304600650984253643e-03
-2.995372686839799644e+04 7.824926695114944777e-05
-2.995361132301599719e+04 2.650293303529396665e-07
-2.995327572162746947e+04 2.970573575418614050e-05
-2.995315556179938721e+04 6.241063641865702552e-05
-2.995285259813173616e+04 1.109361458424639428e-04
-2.995270521606391776e+04 1.958097324199297676e-05
-2.995245417288367025e+04 2.477378541100584610e-03
-2.995243941765009004e+04 2.360580268404763480e-06
-2.995217300568151404e+04 4.894773968544102767e-07
-2.995182406063764574e+04 1.108353173796666204e-05
-2.995173640492232153e+04 2.139746915945069453e-05
-2.995164170740154077e+04 1.204910214767511557e-05
-2.995149491521937671e+04 3.139539390332419058e-05
-2.995133856133556037e+04 1.597363289943483014e-05
-2.995093651967164988e+04 5.457265544025821234e-05
-2.995076857379591456e+04 2.764987023810135721e-03
-2.995060721257563273e+04 4.565719098847582122e-05
-2.995050472793020890e+04 2.481240715442756153e-04
-2.995045121861706139e+04 2.229472365472423296e-04
-2.995018315304530915e+04 2.533046697084457763e-05
-2.995005222792166751e+04 1.138536598523912828e-04
-2.995002231758730341e+04 4.420659394807672599e-05
-2.994969892090762369e+04 3.524028738991181000e-08
-2.994941790810970269e+04 1.394632348044955282e-05
-2.994905807982026818e+04 3.769427358361109666e-05
-2.994891661194704284e+04 1.390931864204139030e-06
-2.994880970246400102e+04 5.362082461292778067e-04
-2.994862950351052496e+04 6.336116167634333913e-05
-2.994852171011552127e+04 3.867032750398783784e-05
-2.994838193209899691e+04 2.531444586229013348e-04
-2.994830825899425690e+04 1.417032940363752288e-03
-2.994800512848238577e+04 6.842071060591537726e-05
-2.994764497321595991e+04 1.232049709985846852e-06
-2.994745360300261018e+04 2.072088242551942757e-04
-2.994730632360524032e+04 1.167634703554674448e-04
-2.994711644125368184e+04 6.504769305767179657e-06
-2.994704564058163669e+04 6.027861985925596080e-06
-2.994689904386295166e+04 2.367707324291679287e-06
-2.994675982193601885e+04 7.876401196815905530e-06
-2.994661413378228099e+04 2.330398021648134713e-08
-2.994607444967426636e+04 1.890736803290225663e-05
-2.994600564484581264e+04 2.754552511026222270e-04
-2.994588912657608671e+04 4.418822508986863166e-04
-2.994569843941674480e+04 9.577974341404160097e-07
-2.994557410640781745e+04 1.333800524752614140e-05
-2.994547967288334985e+04 3.486377326007857567e-05
-2.994507868826226695e+04 2.991149448837461742e-06
-2.994479822797160887e+04 1.399530955299103235e-05
-2.994453187171987156e+04 9.717470152977651215e-06
-2.994444109959964408e+04 1.302637234412492547e-06
-2.994417738458450549e+04 1.151395394240744096e-07
-2.994397201112740731e+04 2.237430801382291577e-06
-2.994387556208750175e+04 3.942784975832815598e-07
-2.994369930802626186e+04 1.587172974084046038e-04
-2.994364479770051912e+04 8.802844325959048209e-05
-2.994337669879721943e+04 4.716125545630993235e-05
-2.994314560434151645e+04 3.172882964652194547e-05
-2.994284041946252182e+04 2.362016065491135178e-05
-2.994261920230550459e+04 8.019225459827553037e-07
-2.994255235193638873e+04 2.658534772562403504e-05
-2.994236100039944722e+04 5.330831413941513567e-05
-2.994218713724036206e+04 9.927381684225171924e-07
-2.994210994617620236e+04 2.433304071622831064e-05
-2.994181881206629623e+04 3.222950933477787154e-05
-2.994157418451321064e+04 2.534808856345631078e-05
-2.994133628541079088e+04 4.899389846504043324e-07
-2.994121755692589431e+04 2.388294564747852740e-07
-2.994111423051392921e+04 2.668158747439636667e-07
-2.994078024574233859e+04 2.697290323721406673e-06
-2.994072348976502326e+04 5.434754818976764769e-06
-2.994053387953602578e+04 1.088940696158515644e-07
-2.994043526606339583e+04 4.020167790150858801e-07
-2.994029891437283368e+04 1.918855909932985871e-05
-2.993988605545854807e+04 1.572587138041305531e-07
-2.993931734459932341e+04 9.694463762332695633e-07
-2.993928005047718034e+04 4.745360725292104459e-05
-2.993900844631284781e+04 1.501219106359972845e-05
-2.993891108192391403e+04 6.009143826681930704e-07
-2.993881637820900869e+04 7.525370413013995647e-06
-2.993871145669022007e+04 7.692898638977044035e-06
-2.993865319388451098e+04 2.815550145956319341e-07
-2.993822220067583476e+04 6.417744390045332849e-07
-2.993791779851531464e+04 2.702958607323977907e-06
-2.993777621870942676e+04 4.499895060450791121e-06
-2.993754568171871870e+04 2.804214682690752065e-07
-2.993749505846359534e+04 1.413768042323057762e-06
-2.993722694054690874e+04 7.312165115701029915e-07
-2.993711904379492989e+04 5.287719763940307379e-07
-2.993689480767408168e+04 8.735711768283752204e-06
-2.993670865100122319e+04 2.981041178817556373e-05
-2.993631184715917334e+04 1.307273722356575642e-05
-2.993615322174497487e+04 1.354646476927581703e-05
-2.993603756486936254e+04 9.882659822702729446e-07
-2.993563039133112397e+04 9.773298057152679838e-08
-2.993559204056137969e+04 2.098179872999612192e-07
-2.993528685534540637e+04 1.278248538609875996e-06
-2.993524128484739776e+04 1.393423676494925361e-06
-2.993511816075128081e+04 3.413333886462550446e-08
-2.993487953364634450e+04 1.329791817475042148e-06
-2.993453095465740626e+04 8.580137423379298955e-06
-2.993430182910794247e+04 1.547099654182221978e-05
-2.993403133861139577e+04 8.868814557820808679e-06
-2.993377386876425226e+04 1.894891933190926350e-05
-2.993372787401989262e+04 9.406926537849007069e-06
-2.993327362565125441e+04 3.653188119824478806e-06
-2.993313145697840810e+04 5.171656100293559136e-06
-2.993296573812405768e+04 2.233996630650107287e-07
-2.993275066319756297e+04 6.067364250790068466e-09
-2.993258459018282520e+04 7.918154034492446290e-07
-2.993228250166206999e+04 2.015179274230297442e-06
-2.993221768272406916e+04 4.530976054038462990e-07
-2.993203859558971453e+04 5.998266350665885566e-06
-2.993152016330422339e+04 1.927446566323833847e-05
-2.993132205242919372e+04 5.342554061142749198e-06
-2.993110143525039894e+04 1.223781199200601250e-05
-2.993097464642513660e+04 1.873038598364601036e-06
-2.993073126606047663e+04 3.477050979463408735e-07
-2.993065801737101719e+04 4.928086603725662110e-07
-2.993048481163820907e+04 2.258550291756425378e-08
-2.992992743298456480e+04 3.297576812496808859e-09
-2.992989497927164848e+04 1.180528858102492082e-06
-2.992958674362701277e+04 8.291299772123722393e-08
-2.992954625994921298e+04 1.660853405520054115e-09
-2.992925138972229979e+04 1.414913815180077456e-05
-2.992903377840181565e+04 2.869120716505668037e-06
-2.992891058921104195e+04 2.108623204507888916e-06
-2.992862367244425695e+04 2.717491479860936075e-06
-2.992832771640184365e+04 9.031798001659754516e-07
-2.992814839873948222e+04 2.455103435591099375e-07
-2.992793828149394540e+04 1.169264650664109601e-07
-2.992742883787630126e+04 1.397075595433822981e-06
-2.992731870433526274e+04 1.527995962482959751e-06
-2.992705272224528017e+04 1.031718249885698656e-07
-2.992692347343183792e+04 4.402603148695330174e-06
-2.992664068870713163e+04 3.345180802206808592e-07
-2.992637486668632482e+04 2.281662371191927166e-06
-2.992609599943792637e+04 1.303718955006881770e-08
-2.992594971749213073e+04 2.956352379700490768e-07
-2.992559577733736296e+04 6.638765035929353516e-08
-2.992548500414634691e+04 5.200853118776688762e-08
-2.992507737068645292e+04 1.228602544260728276e-06
-2.992469356764875556e+04 2.952449584975432631e-07
-2.992460892007146686e+04 1.286403037391726464e-06
-2.992447279081965826e+04 2.631085762746170292e-07
-2.992423972207498446e+04 7.794238306020502109e-07
-2.992399314608178247e+04 2.079793906762002696e-07
-2.992370355206203021e+04 4.737453698283191306e-08
-2.992343801098710173e+04 3.823365436761671195e-08
-2.992297970185130907e+04 2.551557798777148142e-07
-2.992287892507326251e+04 1.135609167062210353e-08
-2.992229504960418490e+04 3.067182148123367996e-08
-2.992211441556827776e+04 1.273059367597620310e-06
-2.992198572746349964e+04 1.706400603689430977e-07
-2.992168519112990543e+04 1.910795308120378771e-08
-2.992130446169310744e+04 2.776587915791777180e-08
-2.992109132344844693e+04 3.749390672648455616e-09
-2.992098920636891489e+04 9.841637096254640843e-08
-2.992075937713707026e+04 1.177377806036568445e-08
-2.992042941892429008e+04 2.525428009375315581e-08
-2.992023331868554305e+04 1.537580248402353892e-08
-2.991998688692212454e+04 5.590471257891881342e-07
-2.991982483576440427e+04 1.106098427100529281e-07
-2.991956115902013335e+04 2.317041049466923638e-08
-2.991932826068222857e+04 4.382803203951601007e-08
-2.991893978303689801e+04 3.996208217740285553e-08
-2.991866359450326490e+04 2.557116588750874830e-09
-2.991844212620933104e+04 2.571542927276973355e-07
-2.991810524673373220e+04 6.939812407262677403e-09
-2.991787624279689408e+04 3.076941823764935461e-07
-2.991751118093331388e+04 1.973611383363402601e-08
-2.991719224588551879e+04 4.865814374026495440e-08
-2.991689571149554467e+04 1.249655619703239044e-08
-2.991645285042230898e+04 2.743704209065351549e-08
-2.991609580771577021e+04 1.993928200543940733e-07
-2.991574051933054216e+04 8.403296982312809146e-08
-2.991543999734201861e+04 1.652588829773221546e-09
-2.991540607786094552e+04 6.032038643623685455e-08
-2.991509639140970103e+04 7.281097805506811551e-10
-2.991458207648936150e+04 1.033977046162970518e-08
-2.991441153530753945e+04 8.389940370643955512e-08
-2.991402385880693691e+04 5.335296561574931735e-08
-2.991372626765274981e+04 1.206398734513802738e-08
-2.991361664116844622e+04 2.639377258410013935e-09
-2.991345549918744291e+04 3.263466034407512447e-08
-2.991294033806317020e+04 1.547755330893824527e-08
-2.991223892047111440e+04 1.212203378976041406e-08
-2.991220163982861413e+04 5.067106508387623500e-08
-2.991198723652714398e+04 3.214827682624617611e-08
-2.991172676036252960e+04 3.316331551632565679e-10
-2.991126657250850985e+04 2.399290768523205720e-10
-2.991064486760248838e+04 1.541648625147349407e-08
-2.991034093823290095e+04 2.882161972165693457e-09
-2.990993642174779961e+04 2.224342885983885474e-08
-2.990959171545273421e+04 1.272864365543087647e-10
-2.990917695986688341e+04 8.405762825132470293e-10
-2.990881128550738140e+04 3.023432006918737982e-09
-2.990861427190760878e+04 1.449630825738161360e-08
-2.990850593146123720e+04 1.202026313220374998e-10
-2.990826115077147915e+04 2.388677168435433029e-09
-2.990804029842539967e+04 8.295181842452205688e-10
-2.990722347895631538e+04 3.969160485455441909e-11
-2.990697380711499500e+04 9.927007823913026936e-10
-2.990666880450744065e+04 6.499311449842763113e-10
-2.990615766140143387e+04 5.692165021090642544e-09
-2.990536205145167332e+04 2.411654078693675967e-10
-2.990520574952875177e+04 1.610979589984973062e-10
-2.990466592992947335e+04 2.101624352878444363e-09
-2.990455086440907689e+04 1.089576550232208015e-09
-2.990374335786073789e+04 1.053856640481226298e-10
-2.990334721767269366e+04 8.532194179825469281e-14
-2.990294274995162050e+04 3.700308363080346077e-11
-2.990245588165372101e+04 3.936091151611407655e-10
-2.990209766688433228e+04 1.558992018393989253e-09
-2.990123486788375521e+04 6.264799100354842946e-10
-2.990115853636310567e+04 1.883004325016835705e-10
-2.990052606318287872e+04 5.108958302385073010e-12
-2.990011216184312434e+04 6.586117062285863348e-14
-2.989980519453828674e+04 2.345892264471046857e-10
-2.989924886275211975e+04 1.249502703493741360e-10
-2.989850176089429078e+04 1.699225153867628785e-10
-2.989818817851845233e+04 1.967501535481830321e-10
-2.989760595059814659e+04 1.376018485515105265e-10
-2.989709049732170388e+04 7.657690126705753223e-11
-2.989658006821063100e+04 1.856447994127104214e-10
-2.989547332527009712e+04 3.280356942459166097e-12
-2.989482442643090690e+04 9.230776657735687326e-11
-2.989440795420177164e+04 1.143422081793840333e-11
-2.989400647208799637e+04 9.299750952837485949e-12
-2.989349324591840923e+04 3.999467557295984066e-11
-2.989290228816667513e+04 2.332900018833569977e-12
-2.989250188084387264e+04 3.059232096788199532e-11
-2.989154171137219237e+04 1.841363741372679771e-12
-2.989058750842103109e+04 1.174451954855100241e-14
-2.989016944988311661e+04 2.339964643571463438e-15
-2.988921678439496463e+04 1.523018101041807790e-11
-2.988827787481376799e+04 5.006468848922252642e-12
-2.988814912108940189e+04 6.362916071860053767e-13
-2.988563496136670074e+04 1.551217153065293958e-12
-2.988479526031588102e+04 3.149613107582332297e-14
-2.988418727708553342e+04 6.410429251594931063e-16
-2.988291110180595570e+04 2.629982365434206854e-13
-2.988233520742161272e+04 1.103118896477364342e-12
-2.988196383615203740e+04 1.424144779613693781e-13
-2.988064967591913592e+04 3.248996400397230701e-13
-2.988017383450195121e+04 1.162305350588424717e-13
-2.987799602495228828e+04 2.506165125925404235e-14
-2.987747428153754299e+04 2.551553434619568899e-14
-2.987538885025496347e+04 1.146500214961953666e-14
-2.987503681235160184e+04 5.613413082541853482e-14
-2.987390974179521072e+04 1.503157442675837393e-14
-2.987233529567436926e+04 4.101613923622424909e-16
-2.987182604260704102e+04 6.040722925918711885e-16
-2.986947652596492117e+04 1.422180282083675025e-15
-2.986827608648111709e+04 7.036167838073236328e-16
-2.986618340200729654e+04 1.506046099243823969e-15
-2.986562420527932773e+04 5.865549201306215730e-17
-2.986365000906779096e+04 1.810890598250804264e-17
-2.986281071925342985e+04 2.558896852060006817e-16
-2.986047317427177768e+04 2.309172416116269212e-17
-2.985987659235674801e+04 2.765091694735982017e-18
-2.985646163981980135e+04 2.426022116480564668e-17
-2.985607240754110535e+04 2.324250214264695798e-18
-2.985238837258965941e+04 1.669486710707668793e-19
-2.985216296708687878e+04 9.945454445595750293e-19
-2.984978435944783996e+04 1.282928779029749428e-19
-2.984930833161677583e+04 8.073426633752144068e-22
-2.984628617686352663e+04 1.112319210459527130e-19
-2.984560173130789190e+04 2.328859764636697984e-19
-2.983992076557801192e+04 9.631147832097883774e-22
-2.983951575847327695e+04 4.648033915311869519e-23
-2.983604124269619933e+04 2.422029412869187156e-23
-2.983542310153835933e+04 1.032274860937495467e-22
-2.983478404602368391e+04 3.683595252284083532e-23
-2.983435364823191412e+04 1.818281667391861814e-21
-2.982631999250482113e+04 0.000000000000000000e+00
-2.982584381130829570e+04 3.222803190363410080e-24
-2.982279986301461395e+04 5.535138422172167824e-24
-2.982208730144683432e+04 2.368173424452431089e-24
-2.981090193515065403e+04 0.000000000000000000e+00
-2.981058685102061281e+04 0.000000000000000000e+00
-2.980872526160099369e+04 0.000000000000000000e+00
-2.980827155120142925e+04 0.000000000000000000e+00
-2.979393679252727088e+04 0.000000000000000000e+00
-2.979352974917637403e+04 0.000000000000000000e+00
-2.979003118413722041e+04 0.000000000000000000e+00
-2.978970105207619781e+04 0.000000000000000000e+00
-2.977534920421289280e+04 0.000000000000000000e+00
-2.977504454410515245e+04 0.000000000000000000e+00
-2.975196397871577938e+04 0.000000000000000000e+00
-2.975176321840249147e+04 0.000000000000000000e+00
2.997322698158467392e+04 0.000000000000000000e+00
2.997346313516564260e+04 0.000000000000000000e+00
2.997348618379670006e+04 0.000000000000000000e+00
2.997533238205503585e+04 0.000000000000000000e+00
2.997588078474155554e+04 0.000000000000000000e+00
2.997677337890160925e+04 8.701392424987361908e-24
2.997703208086280210e+04 1.306123126309232918e-23
2.997732939451539278e+04 4.397827273847369181e-24
2.997813163855385574e+04 1.622382681644187304e-22
2.997895465094263272e+04 2.812985372560782457e-22
2.997985222506962236e+04 1.772649910911379013e-21
2.998060823358314883e+04 6.259731097702377763e-21
2.998079173983952205e+04 2.524681233123702925e-20
2.998164666225954716e+04 8.915416001880631822e-21
2.998256553893486489e+04 5.294462999649495370e-19
2.998278766476962846e+04 2.136085516638441377e-21
2.998348383786303748e+04 2.331653648598258403e-18
2.998411891154730620e+04 1.200748842340296589e-18
2.998446163356578109e+04 8.741288035204197420e-19
2.998487377644221851e+04 1.459307201042062836e-18
2.998537939889134941e+04 7.976343847291476210e-17
2.998569847408156056e+04 2.191328305944150830e-19
2.998628928660200472e+04 1.653490856198098257e-17
2.998672470209830135e+04 1.942800957724967605e-19
2.998721357537575386e+04 1.176353031042309807e-15
2.998781967316777445e+04 8.712206429463004963e-18
2.998814145180989726e+04 1.353159949943894133e-15
2.998887212672817259e+04 1.104827766484107405e-18
2.998907669697496021e+04 1.293631157318198986e-14
2.998988976261434800e+04 1.843781290402565551e-16
2.999001756957203906e+04 2.744302780351494820e-14
2.999091733006643699e+04 5.778591885796719484e-16
2.999096371833614103e+04 1.359834496889005114e-13
2.999191258462419864e+04 2.741868573294986376e-13
2.999194967002879639e+04 3.242927046111645887e-16
2.999286375887714894e+04 1.547062856813947050e-12
2.999297435981193121e+04 1.115391254950730496e-16
2.999381190114494530e+04 8.581652885264158009e-13
2.999399352952024492e+04 2.313191427204310797e-14
2.999474735443174359e+04 1.336647407374583831e-11
2.999499948048108490e+04 2.766287085491907340e-13
2.999563964869116171e+04 9.521635475033666433e-13
2.999597381667808440e+04 7.794095670605253380e-14
2.999638860011408906e+04 1.816351989182280395e-11
2.999681259704677723e+04 5.712883170109188678e-15
2.999694320768364923e+04 6.924706425635772636e-11
2.999736521775188885e+04 9.383493746885496750e-12
2.999776688740563986e+04 1.029294650427708809e-10
2.999819061646370756e+04 9.507068350422383723e-16
2.999862999818791650e+04 1.200511930067332425e-11
2.999912254635604040e+04 1.050675348465973626e-12
2.999947123296591235e+04 8.942260087085976672e-12
3.000002823639134658e+04 6.983176257098604507e-13
3.000016919760214296e+04 2.826986316564173968e-12
3.000065831263421569e+04 3.417295802348606470e-12
3.000076460876740748e+04 5.741264001187447861e-13
3.000133341365061278e+04 4.006896076120460061e-11
3.000150516233037342e+04 7.959426585699789498e-11
3.000221005251268434e+04 6.751422912935662365e-11
3.000229209081622685e+04 1.726764167989318429e-10
3.000288335881240710e+04 1.607665764088570159e-10
3.000304318843966757e+04 2.599087984278622788e-13
3.000337670123796852e+04 5.602685085891845033e-11
3.000362504579354572e+04 7.789391597129825514e-11
3.000406933094146370e+04 1.051630969835618011e-10
3.000436120464009218e+04 4.741853477664974298e-10
3.000489486905599188e+04 3.752481798828773057e-10
3.000510520367170466e+04 1.281315725931975875e-09
3.000546345498780283e+04 4.208014442658362714e-10
3.000581137443222178e+04 8.038726510919425701e-10
3.000598261082341196e+04 1.212719397786404442e-09
3.000641807898398110e+04 3.775937795887431535e-11
3.000666864036161496e+04 7.147254708233431722e-10
3.000686067044552328e+04 1.202135698496503823e-10
3.000704059758903168e+04 2.415829975577843781e-11
3.000727567027237819e+04 7.588809081491982921e-14
3.000750217489693023e+04 3.958270319980920874e-14
3.000815766895622437e+04 2.204211655973053693e-11
3.000820196950159152e+04 6.479501157327984428e-11
3.000837992636774288e+04 2.692038067829570731e-12
3.000858117703599055e+04 7.423739844485802238e-14
3.000879898557772685e+04 5.331976857466751618e-10
3.000911038830836696e+04 2.230846878646756933e-10
3.000920307902107743e+04 3.997934606926920863e-10
3.000965459005262892e+04 5.410953208146382513e-11
3.000976905099409123e+04 9.673393681745619548e-11
3.000999724202840298e+04 1.213509082319923481e-10
3.001022710779934641e+04 3.509531319033287999e-12
3.001036713026202415e+04 7.152654467134904506e-11
3.001062262939807988e+04 3.606233315487750974e-11
3.001085782080908393e+04 4.575920534017550926e-10
3.001120935116855981e+04 1.069247620444184874e-11
3.001136351052296595e+04 1.949125407049894874e-10
3.001182908791490991e+04 3.744640459223573523e-10
3.001196928137140640e+04 1.242726517468666972e-09
3.001228746608181973e+04 7.696194274727268055e-15
3.001253184346975831e+04 5.311977986023472549e-11
3.001261723161229020e+04 1.802846032975915564e-09
3.001291714724786289e+04 5.992848351404772433e-10
3.001313752300320266e+04 2.732010817582409865e-09
3.001334533311437553e+04 1.348539488697516011e-09
3.001359440828895094e+04 7.201809116978999121e-12
3.001389757334314345e+04 5.754076483187871861e-09
3.001429743887760560e+04 4.048979110260289106e-09
3.001447753033601475e+04 1.330142176472399058e-09
3.001469112201308599e+04 3.839575870358437313e-09
3.001472894332502983e+04 2.240761039080042919e-09
3.001491098245486137e+04 5.066523910291971844e-09
3.001507732430432225e+04 3.293611641433993722e-10
3.001517410633432155e+04 3.009667142576972515e-09
3.001569285555616079e+04 2.077834208760704758e-09
3.001591759935804293e+04 2.747058267837493732e-10
3.001629070209378187e+04 2.730244357249420636e-11
3.001639615221766508e+04 3.634936726060153708e-10
3.001656000655320895e+04 2.848395592234047196e-11
3.001692795640516124e+04 6.948823256956285997e-10
3.001716167230045539e+04 1.751827209750252427e-10
3.001717255863484388e+04 8.437295701865176875e-11
3.001741290257779474e+04 3.472202621568466663e-11
3.001763280082260826e+04 6.421307664376849397e-11
3.001799002555274274e+04 9.303151573290882586e-15
3.001817749605649078e+04 1.971675697817369631e-09
3.001835315696345424e+04 5.661789469068642673e-10
3.001857063798112722e+04 5.950574970075121772e-11
3.001898115685198354e+04 4.797882614702869017e-09
3.001920865050869907e+04 2.880030796403900402e-09
3.001931652690593182e+04 1.996930880521090276e-10
3.001945010975125115e+04 3.889983307855175992e-09
3.001982935924627964e+04 7.684998465550528320e-08
3.001989838861551107e+04 2.237149190745047723e-08
3.001991572595164689e+04 5.880983150736846476e-08
3.002021408432608951e+04 4.712166800423724599e-09
3.002043665324806352e+04 5.594993201479151754e-08
3.002057876567075436e+04 2.209994408271039632e-08
3.002081214640825783e+04 6.273013876196640861e-09
3.002116023249087812e+04 1.668761895775283093e-09
3.002119027433584779e+04 5.924293968512198803e-11
3.002133356971645117e+04 8.324069556232405355e-08
3.002145283840098273e+04 7.017802987786494443e-11
3.002164882001166552e+04 2.047234612051101276e-10
3.002214241234020301e+04 1.957124517052138797e-11
3.002252002592412828e+04 3.279928696522064690e-10
3.002261502492133513e+04 6.976303410472348907e-11
3.002290661180606912e+04 2.843394048681952927e-10
3.002330648664627370e+04 1.832518245665507745e-11
3.002347278202473171e+04 2.762253539157872028e-10
3.002374286322816988e+04 9.756882066660903722e-10
3.002403283565388847e+04 7.494749008689073339e-10
3.002445199858858177e+04 4.407696897777511830e-10
3.002470628258787474e+04 6.062917588924770945e-12
3.002507966845225747e+04 4.533669824535227878e-08
3.002511771910345487e+04 9.488547593369189035e-08
3.002532408832854708e+04 1.635998859267741283e-09
3.002537788921384708e+04 1.228425931680856907e-08
3.002572597726782988e+04 7.422310214811009300e-10
3.002597889120682885e+04 7.238794286184478323e-09
3.002611653287067747e+04 2.131259496564243479e-08
3.002633798758271223e+04 7.580943607875464265e-08
3.002670231484932447e+04 1.935933493346057484e-08
3.002680191054796160e+04 6.591336791625864438e-08
3.002697659712262248e+04 6.131313700287932489e-08
3.002709565097276209e+04 3.054089628365090706e-09
3.002758290171788394e+04 3.641151886502327254e-08
3.002776118455991673e+04 2.187868820998827218e-08
3.002785378223952284e+04 3.574653734817410269e-09
3.002833379155900184e+04 1.603162264721802009e-08
3.002848843658389887e+04 2.349685793106668491e-08
3.002869196903828561e+04 2.631282815795750504e-09
3.002902972998666519e+04 8.431381867207149865e-12
3.002917468422047386e+04 2.480272556114720655e-09
3.002945585721034513e+04 2.011481849844433317e-08
3.002972546259617229e+04 1.297751400735926691e-09
3.002996724221436671e+04 2.918856266862293543e-10
3.002998272127842210e+04 2.086744792182616765e-09
3.003020840058768226e+04 3.918963663543323329e-09
3.003023595087492140e+04 6.810286596261549998e-10
3.003059831414001383e+04 7.417081508316395147e-09
3.003074585859572107e+04 1.288581705756076328e-09
3.003109686933408375e+04 9.290245747372138740e-09
3.003127218876928600e+04 2.931339733802943321e-07
3.003132948216670775e+04 6.071783641959303238e-08
3.003167285078870918e+04 1.394128777973696813e-08
3.003173422135952933e+04 2.710980412554984357e-09
3.003205081542401967e+04 1.367891383275642695e-08
3.003215423898620793e+04 1.821902714500344903e-08
3.003227275721147089e+04 2.154652964967351919e-08
3.003242086703062887e+04 2.797331180121665551e-08
3.003257129922417880e+04 1.310158781117590962e-08
3.003281284186521225e+04 3.960707074645909502e-08
3.003307972815502944e+04 1.231806916920328700e-08
3.003319137018016409e+04 2.332755152680623678e-08
3.003334896068852322e+04 7.752996975539487479e-09
3.003349675924057738e+04 1.942182361935471624e-08
3.003361034208698402e+04 3.032384883123125507e-08
3.003385502977512806e+04 1.459359668054906185e-10
3.003416969438067463e+04 1.146869701613260376e-09
3.003427412952627492e+04 1.031913423832134493e-10
3.003464713933406892e+04 3.845154667795983733e-08
3.003498749294288427e+04 7.313780714048775515e-10
3.003502294349113436e+04 1.549526093350035912e-10
3.003513978943649636e+04 9.527390689436345007e-11
3.003529953401104649e+04 2.126514168149439674e-07
3.003541184760428587e+04 1.000308907507309315e-08
3.003562965472555152e+04 5.879791346369668111e-09
3.003608010140117767e+04 5.101188380574563723e-11
3.003621647280612888e+04 1.800720490378763338e-10
3.003632916427915188e+04 3.621838252089394365e-09
3.003648474221484867e+04 1.594689753061026690e-12
3.003656400959819439e+04 3.542209225746112439e-09
3.003689351669628377e+04 3.021383085605639470e-09
3.003709295809194737e+04 3.936839833445403284e-10
3.003713038524723379e+04 1.682788269995085806e-09
3.003746460032761024e+04 2.214457461237294361e-09
3.003767549217530905e+04 3.364935876736707978e-09
3.003777245156196659e+04 1.182030873844940241e-07
3.003810531007885220e+04 1.498421272530222402e-09
3.003832858969747758e+04 1.731512270547854055e-09
3.003844524301970523e+04 5.732767105770732202e-12
3.003873507015314317e+04 9.544529136323460335e-09
3.003885747241659556e+04 2.619072932902572548e-08
3.003915426686033607e+04 5.677900038460148881e-10
3.003945021102991086e+04 1.448265825782657530e-09
3.003960061428192057e+04 3.887577152763968210e-11
3.003967105416124105e+04 3.102387771391591037e-09
3.004003016984400529e+04 1.379840659446416413e-10
3.004010922899043362e+04 2.689345619032586169e-09
3.004037515797144442e+04 1.406797593270058662e-08
3.004046911736500624e+04 9.847864455750859596e-09
3.004057987534181302e+04 2.504860896861465153e-10
3.004070379599134321e+04 1.801656682536879039e-09
3.004101581411221923e+04 5.730630484860364757e-10
3.004114992101680400e+04 5.810364477725670094e-10
3.004131736660699971e+04 6.821165936761029594e-10
3.004152228175788332e+04 3.771780431613856496e-10
3.004164890942498096e+04 3.287527140943508364e-10
3.004195485480008938e+04 4.416782755698615830e-08
3.004200668192860394e+04 1.383737687312804134e-08
3.004207240084359728e+04 8.009483204321356667e-10
3.004222089597761806e+04 9.266863291243644803e-12
3.004263390582939246e+04 6.545994010329372609e-13
3.004294176573830555e+04 1.800270354575662765e-10
3.004314186009776313e+04 8.898884151460055324e-11
3.004332348940071824e+04 7.984036230271335739e-11
3.004345253271812544e+04 5.481734820689149622e-10
3.004352857162647342e+04 2.236073058327713767e-10
3.004381570154489236e+04 1.264638218386220948e-10
3.004394230479554244e+04 2.728654799186885052e-14
3.004408175810658940e+04 1.019048450955856864e-10
3.004435966815548818e+04 6.023448048047659229e-11
3.004467238689466467e+04 3.872840449080148484e-11
3.004474227898606114e+04 2.967280722815510382e-12
3.004485579504858106e+04 2.797362290625673172e-11
3.004501064145297278e+04 3.688391201317815285e-11
3.004539179334205983e+04 4.019048022685601956e-11
3.004552134946079241e+04 1.326396790381844754e-11
3.004573440392242992e+04 1.303147896456720504e-09
3.004583273151574394e+04 3.931004182382183157e-09
3.004590600117682698e+04 7.993378505306789778e-11
3.004610304323378659e+04 4.029750643278605139e-10
3.004631869415844994e+04 9.033776214418247490e-11
3.004652773345697278e+04 4.207693383483728088e-12
3.004669028316004551e+04 4.064950597008690343e-13
3.004698820772166800e+04 1.948160606687055543e-15
3.004711015846244482e+04 6.251854602224690436e-13
3.004743851221633668e+04 3.735773914524058029e-13
3.004766561916030332e+04 1.541292169424934845e-09
3.004775903543963796e+04 4.885670697181084236e-09
3.004782342586564118e+04 1.317457902975157392e-09
3.004807448112692873e+04 2.966337143157364600e-13
3.004845638559741565e+04 1.016826168912341051e-11
3.004859630407373697e+04 2.916108821418036438e-10
3.004867535845891689e+04 1.064209423301005569e-09
3.004882887492427108e+04 2.721703537426235550e-12
3.004900686750628665e+04 1.496375197933244806e-10
3.004937074904000110e+04 3.182900446292651171e-12
3.004944767341289844e+04 6.319242708551612603e-10
3.004963515419384930e+04 1.024647515607547025e-13
3.004976253821362479e+04 3.825571381304740001e-10
3.004989348134481406e+04 8.114562445795271623e-12
3.005005178188459831e+04 2.120459564556286451e-11
3.005020114067755276e+04 1.461139087634160123e-13
3.005026474054483333e+04 5.565536949248660609e-11
3.005061823845744584e+04 5.670346525865887233e-12
3.005090438059774169e+04 1.538127231019176065e-10
3.005115846118425907e+04 4.612974522261873834e-11
3.005125758139682512e+04 9.328293123839186321e-14
3.005145574503281750e+04 8.766383415972866753e-11
3.005166167498236973e+04 1.570675487804612267e-15
3.005178474090055533e+04 9.410142049326590264e-11
3.005189734753056473e+04 4.187635996301604466e-11
3.005192380358708033e+04 4.313921043780582677e-10
3.005241664906301594e+04 1.931262405570923055e-12
3.005257448677544016e+04 4.360658152335969366e-10
3.005279149421753027e+04 1.285364930456155816e-09
3.005292252036706486e+04 3.666834179344164321e-10
3.005316518314131099e+04 1.696463624325492468e-12
3.005318769518359477e+04 1.217914057902862290e-12
3.005346615622313038e+04 8.885337023765994233e-14
3.005364257851380535e+04 5.613415768964137579e-11
3.005387878368234306e+04 1.190515555960989370e-10
3.005417752590681266e+04 1.856273484673111153e-10
3.005426052601414631e+04 1.979481461040955503e-11
3.005441112605065791e+04 2.387476669996504372e-12
3.005457170841407424e+04 3.838450545381707626e-10
3.005470584802251688e+04 1.618924621329427306e-13
3.005475808309785862e+04 2.517538849207938601e-10
3.005522079671063693e+04 1.777671965178995786e-11
3.005547038436476578e+04 3.547565174265298382e-11
3.005570615912053108e+04 1.211772248525270700e-10
3.005581364274093357e+04 7.476624959289115548e-11
3.005600363231022129e+04 1.019311922854848613e-11
3.005619203508032297e+04 2.143724110157900583e-10
3.005632790392656170e+04 1.901292675833289995e-11
3.005648461646634314e+04 7.867857216780953269e-11
3.005671347720601261e+04 1.301016216334392578e-12
3.005685473475600156e+04 1.478715654532664582e-10
3.005710517386939682e+04 1.060035062652616136e-10
3.005731321838705844e+04 2.553171140515107427e-13
3.005759908010006620e+04 6.729690704271138787e-11
3.005764572971963571e+04 4.708605744618965150e-10
3.005782658009426086e+04 4.305728110222511519e-10
3.005805043506494985e+04 2.030258019304915630e-10
3.005811336140781714e+04 7.816539622805333444e-12
3.005842184292154343e+04 1.988934794338206846e-10
3.005862975607062253e+04 2.579817170199055842e-10
3.005885501788583861e+04 2.986018752901866233e-12
3.005898887872511477e+04 4.093267324825060162e-11
3.005901761277316473e+04 8.971442402364468075e-12
3.005944330424824147e+04 1.631297076172913082e-11
3.005965024977492430e+04 1.129393394987289851e-11
3.005968539205818161e+04 5.009477173840905252e-12
3.005981742892518741e+04 2.415113041098102310e-12
3.006000672951786328e+04 2.838144212948608833e-12
3.006038848619573037e+04 4.533972680183096356e-11
3.006089381345738730e+04 1.006298557623520957e-10
3.006095799917088152e+04 1.045368027476493136e-10
3.006118984146761795e+04 1.273667793632660115e-10
3.006137400144993080e+04 1.442746475335260510e-10
3.006138243341661655e+04 1.285948616486133728e-11
3.006147932936828511e+04 1.720702807009522825e-11
3.006149731738670380e+04 2.329933042952350189e-11
3.006196963160894666e+04 5.677098169548163523e-12
3.006233769477384340e+04 5.585359402809919615e-12
3.006248864220366886e+04 1.311715228893386934e-12
3.006261256388801121e+04 2.443529683703884558e-14
3.006267468249141530e+04 3.235511902551193030e-13
3.006302104195066204e+04 9.545659797308205256e-16
3.006308316034021118e+04 3.115310998913223971e-13
3.006325175488057721e+04 1.420282815074488020e-13
3.006349290222616037e+04 6.218760168544164936e-11
3.006393925006968857e+04 1.409115676543729289e-10
3.006412239026866882e+04 1.385570836842830328e-11
3.006413345445568848e+04 1.211692848684319614e-10
3.006456735273394224e+04 2.143289337684761887e-11
3.006459851349364180e+04 5.985567328213454893e-12
3.006492180318673127e+04 5.132882541228892322e-13
3.006500796828273451e+04 6.967757716808739060e-12
3.006511806824879022e+04 1.836268510595404361e-11
3.006535778232298981e+04 1.485152246295582167e-12
3.006568723025211148e+04 2.959295176524170614e-13
3.006593608571069853e+04 1.858367142896009581e-12
3.006621014724106863e+04 6.394023730527882013e-13
3.006639635711734081e+04 6.000384688406192966e-11
3.006653683468140298e+04 1.797655206257193700e-12
3.006693184101200313e+04 5.407929768990773160e-11
3.006704335438843918e+04 6.541118030779346122e-12
3.006716758511308944e+04 4.217691360690999574e-13
3.006738922424296470e+04 1.057842160898139844e-11
3.006765519271192534e+04 1.401645318665332444e-11
3.006791946688537064e+04 3.179457626823385978e-13
3.006797480729142626e+04 6.507466816983197464e-12
3.006814757573419411e+04 3.304331856560204825e-12
3.006861634376844813e+04 1.109048973334764883e-12
3.006884804274360431e+04 7.501241327235135730e-12
3.006914661360457831e+04 1.471208953053313743e-11
3.006929955713739037e+04 1.351734627284647589e-12
3.006938787248246445e+04 2.633926247528468867e-12
3.006951990617043703e+04 2.648446401504189201e-13
3.006969939418957438e+04 1.055159504448946166e-11
3.007029779137168225e+04 2.135550173814351686e-11
3.007034620808616819e+04 6.497149640647623806e-13
3.007061051676155694e+04 8.190928885733450213e-14
3.007064668827946298e+04 5.615693504129590309e-14
3.007090630273939314e+04 3.676801280862540076e-13
3.007115866836100395e+04 4.795895984598758349e-16
3.007134422549104420e+04 7.949557587949146073e-13
3.007160279477092627e+04 7.912764368536931318e-12
3.007196481224923991e+04 1.828544529107538188e-12
3.007209675505336054e+04 3.465982573174372010e-12
3.007228048585234501e+04 1.955482900137886850e-12
3.007273960441061354e+04 8.586203837340432600e-12
3.007280409694629998e+04 6.151196072621191771e-12
3.007312239537811547e+04 2.766963121190529490e-13
3.007327712129422434e+04 8.099142196617952631e-15
3.007349585404806203e+04 5.634401821192129002e-14
3.007375337868228962e+04 1.210517696649238620e-12
3.007404938153325202e+04 6.400508554432153910e-14
3.007431024228873139e+04 3.753012078524221948e-12
3.007453391852464847e+04 6.903009193715686369e-12
3.007473831208909542e+04 3.011612417388766372e-12
3.007515175473009731e+04 2.931989175182379026e-12
3.007549119068589425e+04 3.483823692824924000e-13
3.007560356268095711e+04 8.933414486814335242e-14
3.007575192400401647e+04 2.273577635525838190e-13
3.007600255242634375e+04 1.077143915176063506e-13
3.007628767990987035e+04 1.209678837480357375e-12
3.007654138174532636e+04 5.540055565805254377e-13
3.007671892836800180e+04 6.133249644822259869e-12
3.007716709876352616e+04 2.757873680616618501e-12
3.007740013454822474e+04 4.469359142386950503e-14
3.007783454021034777e+04 1.804182045396734756e-13
3.007807068960379183e+04 9.263553342535051571e-13
3.007812774586322485e+04 3.762097274341703109e-13
3.007858574936690638e+04 6.778477257415118166e-14
3.007884972444269079e+04 1.982399487493180426e-12
3.007911390711525382e+04 1.904824544151060977e-12
3.007926931285905812e+04 1.925188768719068424e-15
3.007941640051420836e+04 3.980834770549997659e-13
3.007973406833551780e+04 7.509100697888573115e-15
3.007998814153220883e+04 1.173750275861135740e-13
3.008019021869594144e+04 5.124894019648526641e-13
3.008042566838751009e+04 7.965453528941955227e-14
3.008077931841211102e+04 1.415128237541578187e-12
3.008100028859375016e+04 5.085321284906001833e-14
3.008118329489896860e+04 5.945236971388346571e-13
3.008148611804542816e+04 1.969090736844697742e-14
3.008176131082545180e+04 5.095491591054620259e-15
3.008214116186584943e+04 1.697212061332002609e-14
3.008236091485813813e+04 4.365185886632423601e-13
3.008270592938160917e+04 1.008485616444696047e-13
3.008304742419023387e+04 5.962717818355444758e-13
3.008332859720148917e+04 4.117704754103038415e-14
3.008378920674665642e+04 2.803857257337184975e-14
3.008401847378067760e+04 3.876315914973393093e-14
3.008438595005755269e+04 9.234685800171836930e-14
3.008477566216048217e+04 2.560132853774244741e-13
3.008482924625057058e+04 7.645391569142353270e-16
3.008530115375821697e+04 4.423154883996315395e-14
3.008561090768311988e+04 2.742230169088318934e-15
3.008578595456433322e+04 3.625844529496566363e-16
3.008613346205334528e+04 2.274603731665588335e-15
3.008644013354539129e+04 3.432236246817203081e-14
3.008665749993646023e+04 9.951720961604110325e-18
3.008681690854656335e+04 1.747866014178888083e-13
3.008723847170016597e+04 4.150741400026909445e-15
3.008794673392540062e+04 6.081897440045876354e-15
3.008813769947988112e+04 3.376193222790860069e-15
3.008824610433368798e+04 1.562520050878301942e-15
3.008848413513657215e+04 1.944308013282565940e-16
3.008892217030337997e+04 4.307650618043436478e-14
3.008951189900599275e+04 1.830983859167019721e-14
3.008993396861540532e+04 5.674422717122520117e-15
3.009029103494158335e+04 3.174037100192018378e-14
3.009068689859263031e+04 8.177389672903622259e-16
3.009109564616490752e+04 2.429245362167696907e-15
3.009136804903491429e+04 9.209775889803267841e-15
3.009164561062659050e+04 3.034409056997128102e-16
3.009177951677724195e+04 5.947853231400995879e-16
3.009193671730951974e+04 1.041115567963400337e-17
3.009218495278456612e+04 2.241461436191410392e-15
3.009291493248298866e+04 2.627124620236172428e-14
3.009333394296525512e+04 2.276700519356892144e-17
3.009359073686895863e+04 7.545756684274509338e-18
3.009399967016268783e+04 7.155032510123631238e-15
3.009488096185462564e+04 2.816747585513047530e-16
3.009494698572876950e+04 5.352510550901904453e-15
3.009561504414312367e+04 5.721812114270563687e-17
3.009566349832853302e+04 2.368765692609951205e-17
3.009643158016786037e+04 4.042272219281186496e-15
3.009678978852072396e+04 3.257269664232340358e-15
3.009758320412302419e+04 1.375896327524432431e-17
3.009775653859525482e+04 1.194758336191706153e-15
3.009813629846517870e+04 1.937887597408632216e-15
3.009894811630301047e+04 2.836538410541909161e-20
3.009917658652917453e+04 4.609348422807017894e-16
3.009990670807432616e+04 2.197583826963975628e-16
3.009998989270037782e+04 2.586324906589924174e-17
3.010033714170617168e+04 8.447900302803351941e-16
3.010107224394280274e+04 1.410038270748312121e-16
3.010182146974405259e+04 3.857845815377175823e-16
3.010209873210852311e+04 7.361393250697575794e-17
3.010265030341645979e+04 5.546291508690729421e-17
3.010324639012246553e+04 1.583593303325552067e-17
3.010368764756136807e+04 8.273016464609323426e-18
3.010472577264747088e+04 2.083841618397713317e-16
3.010536088021872638e+04 7.335582696245743140e-17
3.010568010534697169e+04 1.363404504165272748e-19
3.010647565273069267e+04 1.203423948540681767e-17
3.010669054844646598e+04 5.711670127101574517e-19
3.010748221830155308e+04 1.697693883720369211e-18
3.010789356479738854e+04 3.314154154774330276e-18
3.010889545619475030e+04 8.558924597799056476e-18
3.010977871000707455e+04 2.750706863000191807e-17
3.011015063538337563e+04 1.168261637930353750e-17
3.011101210241545050e+04 8.307244051932439099e-18
3.011192831882248356e+04 5.252764297775157856e-18
3.011238856837336425e+04 7.347109588620945246e-20
3.011461542454118899e+04 6.025428579269761452e-18
3.011567463531449903e+04 1.856364646246574429e-19
3.011623353147180387e+04 1.723401153028058185e-19
3.011748205959262123e+04 4.496916147815313336e-19
3.011791021905813977e+04 1.176948023407296665e-19
3.011852073045333600e+04 5.657827231623992150e-19
3.011963358466735735e+04 2.974478666084718808e-19
3.012043353179383121e+04 2.357468559888189766e-20
3.012236159989513544e+04 4.672388851935910533e-20
3.012300463963697985e+04 7.014591193558451972e-21
3.012491648995481955e+04 1.253937080792681832e-20
3.012530464273879261e+04 1.051379895909066699e-20
3.012633351159910308e+04 2.769259710424345146e-20
3.012798071544128834e+04 1.314784007582071399e-20
3.012855432197859045e+04 2.868857402277553436e-21
3.013088276361449607e+04 1.015080341096854929e-22
3.013212093414840274e+04 5.810678822692763260e-22
3.013407904765654166e+04 2.184289700599001711e-22
3.013453987490768850e+04 1.658525888150601812e-21
3.013688725188610988e+04 0.000000000000000000e+00
3.013747008350402029e+04 0.000000000000000000e+00
3.013996440960126711e+04 2.308774218349056013e-24
3.014053308183095578e+04 1.392678782387338702e-23
3.014374261285138346e+04 5.883753001011889937e-24
3.014406247426795380e+04 2.231333094470519605e-23
3.014812943803198141e+04 0.000000000000000000e+00
3.014821879119388177e+04 0.000000000000000000e+00
3.015071048918614179e+04 0.000000000000000000e+00
3.015120087268861971e+04 0.000000000000000000e+00
3.015390522754274207e+04 0.000000000000000000e+00
3.015452080587868477e+04 0.000000000000000000e+00
3.016042947311977696e+04 0.000000000000000000e+00
3.016086612300536217e+04 0.000000000000000000e+00
3.016444697223378171e+04 0.000000000000000000e+00
3.016516766243289749e+04 0.000000000000000000e+00
3.016569156753813513e+04 0.000000000000000000e+00
3.016578003824257758e+04 0.000000000000000000e+00
3.017403340216700599e+04 0.000000000000000000e+00
3.017450172291304625e+04 0.000000000000000000e+00
3.017737864592928599e+04 0.000000000000000000e+00
3.017805082160213715e+04 0.000000000000000000e+00
3.018942380612301349e+04 0.000000000000000000e+00
3.018973775871915132e+04 0.000000000000000000e+00
3.019150591581652770e+04 0.000000000000000000e+00
3.019192196086807598e+04 0.000000000000000000e+00
3.020622494462753821e+04 0.000000000000000000e+00
3.020662650589941040e+04 0.000000000000000000e+00
3.021039230489017064e+04 0.000000000000000000e+00
3.021071412339881499e+04 0.000000000000000000e+00
3.022480439836088044e+04 0.000000000000000000e+00
3.022510145174176432e+04 0.000000000000000000e+00
3.024819582043400442e+04 0.000000000000000000e+00
3.024839122068700817e+04 0.000000000000000000e+00
