-3.005273859450227610e+04 0.000000000000000000e+00
-3.005074366265442950e+04 0.000000000000000000e+00
-3.005011546476095828e+04 2.241437759798909631e-23
-3.005002737709817666e+04 5.413858446805758135e-24
-3.004827903901187892e+04 4.778314094484983568e-24
-3.004632481742693926e+04 2.646011908547241789e-23
-3.004508666952479325e+04 1.828771944453652793e-20
-3.004494112969412890e+04 8.135996758651295937e-21
-3.004434691017871228e+04 5.008084454463142584e-20
-3.004355221449681267e+04 2.027484445236139325e-21
-3.004270489231678584e+04 2.531923200427430654e-21
-3.004155741526662314e+04 3.230590076989148753e-18
-3.004045525444046507e+04 5.299573363310037029e-18
-3.004017415071588766e+04 2.610766272439197019e-21
-3.003929645673539562e+04 3.942619245754763719e-17
-3.003809368679198087e+04 3.295307056456612763e-16
-3.003724098106783640e+04 2.438308470568047722e-17
-3.003692982531486268e+04 1.330874319178097341e-16
-3.003582799437275753e+04 5.098692351654247232e-15
-3.003535760949289397e+04 1.558268223080670751e-15
-3.003498214857244966e+04 5.376358781383128642e-15
-3.003428106943348394e+04 8.577592701447475473e-15
-3.003396232961704663e+04 4.790569302973316334e-15
-3.003309031990469521e+04 1.543945030350985697e-13
-3.003230692032699153e+04 7.895618199401654158e-16
-3.003182881146862928e+04 3.530106488269357620e-13
-3.003089157754629559e+04 9.685861895279039900e-13
-3.003050318346050699e+04 1.067971730620324644e-12
-3.002963830652280012e+04 9.488972580760875928e-13
-3.002922378388372454e+04 9.757455583517970892e-12
-3.002834848175965453e+04 1.016687640084329159e-11
-3.002795248534169150e+04 9.392646095009848918e-12
-3.002701527279685251e+04 5.053130441525928741e-11
-3.002666274967320351e+04 1.185206335048319905e-10
-3.002571125986043990e+04 1.681112924402010146e-10
-3.002537780017555633e+04 6.835294297113175959e-11
-3.002445056857266536e+04 1.091347464681165444e-09
-3.002410201460218741e+04 3.073110860884143014e-10
-3.002324245638690263e+04 3.656172359819834653e-09
-3.002289381697391582e+04 7.949494560219255867e-11
-3.002230116222215293e+04 3.082113065124227819e-11
-3.002184299167013160e+04 7.785296650564842924e-09
-3.002164197114433045e+04 4.238250884903597304e-10
-3.002090076158940064e+04 2.385048750722026109e-08
-3.002058863362374177e+04 2.044445020594144201e-08
-3.001978113439597291e+04 6.116615394649028278e-09
-3.001947237340270658e+04 7.768233534186013637e-09
-3.001863035130136268e+04 7.957460615081597947e-09
-3.001835282895618366e+04 3.060677668738619049e-07
-3.001755891630060796e+04 8.676113186568721064e-08
-3.001716493683724184e+04 1.798092888190514568e-07
-3.001673254031016404e+04 2.333831623239121585e-09
-3.001624169572385654e+04 7.154807461718653719e-08
-3.001582895777399244e+04 3.652133520538369996e-07
-3.001563579261588166e+04 4.690608401845188443e-07
-3.001483573921972129e+04 2.291301724439047554e-06
-3.001451477357632393e+04 4.281864523601073940e-07
-3.001397676166586098e+04 1.164664028980091237e-06
-3.001326833615433861e+04 3.831977862827754040e-08
-3.001314595683907464e+04 2.428884374084688485e-07
-3.001278364109167887e+04 1.381556059181731755e-06
-3.001218266495340504e+04 3.733546431765883691e-06
-3.001187112900703869e+04 2.123647504899186287e-06
-3.001152476473874776e+04 1.049461112712989217e-05
-3.001126169399925857e+04 1.010574626237799435e-05
-3.001115509945711528e+04 5.762474557682314020e-08
-3.001060187638204297e+04 7.130987463436912452e-07
-3.001029691053300849e+04 1.430236832575427505e-05
-3.000985535608019927e+04 4.743139348083621810e-07
-3.000959263370426561e+04 3.644642590453731862e-07
-3.000919462005444439e+04 1.724941046319505985e-07
-3.000866323502195519e+04 2.706719825132842381e-06
-3.000862027261428011e+04 1.405407740092471530e-07
-3.000852266102052818e+04 1.905169287487164078e-06
-3.000824801807678159e+04 2.894081559831396602e-08
-3.000765519361838960e+04 3.078139199381618637e-05
-3.000729276674948778e+04 8.114807106992680421e-07
-3.000653516046631921e+04 7.032591172728941486e-07
-3.000647124535131297e+04 1.086899714520300304e-05
-3.000628213707962641e+04 1.936413892972754021e-06
-3.000587436671324031e+04 8.717108522349924916e-07
-3.000563502122578939e+04 1.175995929355935736e-06
-3.000506900890707766e+04 1.455706231051587250e-05
-3.000498985999507931e+04 7.708155138230562424e-07
-3.000468994783268499e+04 2.334994379397807464e-06
-3.000436718034662044e+04 1.334081149247909200e-05
-3.000396921910295714e+04 3.675125025506000132e-07
-3.000379084795359086e+04 1.113306409623637306e-04
-3.000349260906540803e+04 1.986073578667878030e-05
-3.000321289062157302e+04 6.495107173731528517e-07
-3.000267122292559725e+04 2.276533189417056643e-05
-3.000247880258448276e+04 1.226044399189614551e-04
-3.000197460986256556e+04 8.251854080951216144e-05
-3.000168490752425714e+04 3.750548223395524195e-06
-3.000134639672352205e+04 2.095386627866847258e-05
-3.000126946396049971e+04 6.711340890524037587e-05
-3.000093645172492324e+04 1.327502053006348861e-06
-3.000074368207372754e+04 4.799172791994293837e-05
-3.000036847197045790e+04 2.334984951236848964e-04
-2.999990669772696128e+04 1.994412726343316859e-04
-2.999974035262988400e+04 1.162791097480839279e-04
-2.999929791323313839e+04 3.882175745254719696e-05
-2.999910196114093924e+04 4.120023097273594454e-04
-2.999886088727525203e+04 5.092170721076776714e-05
-2.999875604504132934e+04 7.313298986592327448e-07
-2.999847747332967265e+04 3.952299718281954523e-05
-2.999796677270595683e+04 3.122510302707796464e-05
-2.999765146870222452e+04 5.391233176830637151e-05
-2.999735330294882806e+04 8.459455093495035445e-08
-2.999712320260234264e+04 4.347567505608302665e-05
-2.999669285390987352e+04 1.066416530131623539e-04
-2.999655535442283144e+04 2.012813665597028992e-05
-2.999643751122083995e+04 6.874743661984831121e-06
-2.999580769037007849e+04 3.897727721739199601e-05
-2.999556165490635976e+04 4.284134366617097672e-04
-2.999535888672303554e+04 3.031690615993427841e-06
-2.999479026468918528e+04 1.224206314771419902e-04
-2.999448447385908003e+04 2.990418908870260889e-06
-2.999444428528736535e+04 3.238661818372735564e-04
-2.999423418867229339e+04 4.981761058526068672e-04
-2.999390636803595771e+04 3.980698306113914886e-04
-2.999355732366065058e+04 3.847706804975881741e-04
-2.999339515487715107e+04 8.875503879568596424e-04
-2.999323579230498581e+04 1.916013129536749543e-08
-2.999275543627570369e+04 5.506307166546928157e-04
-2.999241202136116772e+04 3.247294122305366941e-05
-2.999215740002795428e+04 6.024995949633993406e-04
-2.999197820101935577e+04 5.904989455077700160e-04
-2.999173094352538101e+04 4.734576552574490800e-05
-2.999122060792712000e+04 9.026087901421137949e-04
-2.999108496523452413e+04 8.272873371506962866e-06
-2.999078521510424616e+04 1.891849354610770462e-04
-2.999047004683900377e+04 2.859881411077149564e-05
-2.999010666825016597e+04 1.004104917293564071e-04
-2.998991714719481752e+04 1.549951189823516701e-04
-2.998931883409064540e+04 2.378266232818533306e-04
-2.998902363986113050e+04 3.523904603531169606e-04
-2.998870926685758968e+04 8.256147512369643596e-04
-2.998865098495261918e+04 7.524462521613412718e-05
-2.998809924582767417e+04 5.882575534135774586e-04
-2.998761779162387393e+04 2.675806944719648622e-03
-2.998742226435684279e+04 3.988831921097555895e-05
-2.998728434083703542e+04 2.391731479558726464e-04
-2.998717841108888024e+04 4.827533207584946799e-03
-2.998678854653884991e+04 2.236108468934005502e-04
-2.998639582784553204e+04 1.213805343854519521e-04
-2.998614816546533257e+04 2.707489555003615593e-08
-2.998597942707893890e+04 1.403095159969150376e-03
-2.998551361910758715e+04 2.857920248291884546e-07
-2.998512573994930790e+04 1.163669075254517449e-03
-2.998476193132928529e+04 1.362128749903128520e-03
-2.998462828204586185e+04 2.381182040923918684e-03
-2.998394711501395068e+04 1.473531111272588166e-06
-2.998388980584269666e+04 1.172686965875977059e-04
-2.998348830084577639e+04 7.251085533326390642e-04
-2.998335571462373264e+04 1.137829214908104989e-04
-2.998269052591005311e+04 5.452737473515652179e-05
-2.998248975540644460e+04 1.758622645091916306e-02
-2.998233650772667170e+04 2.704633469913633303e-03
-2.998200416058813789e+04 6.694007780601034414e-03
-2.998158639336263514e+04 4.713499924486499299e-04
-2.998150472392293523e+04 1.856160367219708617e-04
-2.998117414216908219e+04 1.473358851630404351e-02
-2.998098990137462897e+04 1.890791808618086725e-02
-2.998062123922793762e+04 2.279835964247006481e-03
-2.998043664772153716e+04 3.697982110035807229e-04
-2.998020281408916344e+04 3.968251061309284369e-04
-2.997996661782609590e+04 9.159257493299679176e-04
-2.997986529832804808e+04 9.178788002120627466e-04
-2.997926999687564967e+04 5.716664676784085578e-04
-2.997904995237544426e+04 2.218544313387363180e-03
-2.997870736157827196e+04 8.961781077692968205e-04
-2.997843007663976459e+04 2.047124733531680918e-04
-2.997806046087944924e+04 3.151720024454979924e-03
-2.997787154588329577e+04 1.673733379156207898e-03
-2.997727406118827275e+04 3.643352113629856701e-03
-2.997712669718975303e+04 1.691314148511418734e-04
-2.997674077914861118e+04 4.303902680796786316e-04
-2.997635255961638177e+04 1.050701068531136951e-03
-2.997625966451464046e+04 2.936767790718520024e-02
-2.997607015335528922e+04 7.531944165879623024e-03
-2.997582932659124344e+04 1.587718296403297091e-01
-2.997560988536506920e+04 7.521851655956501848e-02
-2.997539573586079860e+04 1.427045661432160611e-03
-2.997535578805432306e+04 9.199702037262734704e-04
-2.997491625672569353e+04 2.253161816140183754e-04
-2.997468987606186784e+04 1.058208433920006242e-02
-2.997452493563657845e+04 1.112307445229094097e-02
-2.997433521613077028e+04 1.102113831640542420e-02
-2.997397182528594931e+04 6.675370174009740559e-03
-2.997368594129753910e+04 7.802862546333275015e-06
-2.997347743030194033e+04 1.266533852167413916e-03
-2.997306179415371298e+04 2.036088873932325599e-02
-2.997282240644003105e+04 6.091089260228706955e-06
-2.997261682412681330e+04 3.997278484862064503e-03
-2.997244214641997678e+04 1.676382069876890864e-03
-2.997185801919937512e+04 2.172492328265922083e-03
-2.997182861185135698e+04 1.905425398366056376e-03
-2.997164308716406595e+04 2.289077045182545535e-08
-2.997125040887901559e+04 5.579991928961781922e-04
-2.997099167914322970e+04 1.447169920277483228e-03
-2.997069027676644328e+04 1.982074722243350098e-03
-2.997054630604162230e+04 1.834378725591417604e-05
-2.997028535719057618e+04 3.602583699919004179e-03
-2.997017104787790231e+04 6.084003590892116640e-03
-2.997011906447040019e+04 2.114000302781670476e-02
-2.996986678062756619e+04 3.031613124429260574e-03
-2.996973429979813227e+04 9.170430023559855053e-04
-2.996922887432619973e+04 4.214462964383121520e-03
-2.996902332357563500e+04 3.939500940137928564e-02
-2.996876676744399447e+04 1.248683710772805107e-02
-2.996865116022086295e+04 2.242442199469956918e-03
-2.996846215235095951e+04 3.250820821968716801e-02
-2.996812601539703974e+04 1.371505292154611940e-05
-2.996796918219416330e+04 1.598614063291106668e-02
-2.996760007123516698e+04 1.252550125814877024e-03
-2.996746506241912721e+04 8.164300172768751418e-02
-2.996702894392122107e+04 1.216581752763565977e-02
-2.996661657358186130e+04 7.848796845261119676e-03
-2.996650435880788064e+04 5.520456233046311390e-05
-2.996630684945142275e+04 3.450585362634992631e-02
-2.996619825513016622e+04 2.856489132959535559e-03
-2.996565623563693225e+04 7.283146109099888086e-04
-2.996517561275844128e+04 2.229546114328878961e-02
-2.996510808463134890e+04 6.870496790591907287e-04
-2.996467883365975649e+04 1.835618142357245408e-02
-2.996456835882347150e+04 2.429427506488810937e-02
-2.996447702105474309e+04 4.121217190974103654e-03
-2.996438096158751432e+04 3.400311107087971348e-04
-2.996399249806737862e+04 3.469296400217271835e-03
-2.996363733024521571e+04 6.711187552765541424e-04
-2.996335691934712304e+04 6.107285794625283328e-05
-2.996329911512764738e+04 4.115312847066401707e-03
-2.996302653775031649e+04 2.616579632817191831e-02
-2.996282553782356990e+04 2.672588216614841129e-04
-2.996255721598578748e+04 2.771727069318751999e-02
-2.996237199914541270e+04 3.647315075146333185e-02
-2.996210310632625624e+04 2.953836676190401463e-03
-2.996199627166442224e+04 1.816578889184094527e-03
-2.996166946639201706e+04 6.615015302513711261e-04
-2.996153269016941704e+04 4.658929525145709925e-03
-2.996119874057424386e+04 1.501604972163543105e-04
-2.996064082903971939e+04 3.766768069989505276e-03
-2.996031072766329089e+04 2.540789659925681010e-02
-2.996016915628677452e+04 2.349319689828764581e-04
-2.996000163595293634e+04 2.530578494527523873e-03
-2.995975141477491343e+04 7.146632898697460835e-04
-2.995949018952832557e+04 2.104945219685109073e-03
-2.995929320693356567e+04 9.833289180428866124e-04
-2.995893786579515290e+04 1.684501974564052646e-03
-2.995874695028771384e+04 9.191747950231987825e-04
-2.995856668851122231e+04 2.009736857307999145e-03
-2.995847492395449808e+04 1.280217640574127160e-04
-2.995820693276552629e+04 1.278683246198566093e-05
-2.995797264431602525e+04 2.551581561005688442e-05
-2.995755738529703012e+04 3.231331311130706207e-04
-2.995749424234845355e+04 4.467590338582322351e-03
-2.995705672612687340e+04 6.752377050887606790e-04
-2.995675127631292344e+04 1.661477898277123654e-03
-2.995658321419568529e+04 2.555008399457181556e-06
-2.995632430933392607e+04 4.685319522788757127e-04
-2.995594778743772258e+04 9.145736003337849216e-05
-2.995557258148425899e+04 1.353976945241451742e-03
-2.995542636792129633e+04 7.789500028548386945e-04
-2.995529177741368767e+04 8.679850465574436014e-04
-2.995506218442322643e+04 1.142284009027151438e-05
-2.995475055761791373e+04 7.970201328896546391e-04
-2.995470232133752506e+04 9.334047304526902331e-05
-2.995405717617626942e+04 3.531429872017910048e-05
-2.995380968600455526e+04 2.070370077055147659e-06
-2.995358082367176030e+04 5.379642706417346078e-03
-2.995354616901009649e+04 2.239541585556597408e-03
-2.995318381170122302e+04 3.333499327982339145e-05
-2.995296881286294592e+04 5.730600403702429207e-05
-2.995281911020298503e+04 2.113347897299118917e-03
-2.995244484992375874e+04 2.582492803032104389e-03
-2.995235668554349468e+04 8.426262652506121573e-05
-2.995198239410963288e+04 5.763095016266224973e-05
-2.995182942426526279e+04 3.712503721059046960e-06
-2.995172658521424455e+04 4.598440670459528253e-04
-2.995135540431252957e+04 1.073765753349844810e-05
-2.995093235193625878e+04 3.117691203210231401e-05
-2.995071338501994614e+04 3.636172982121697511e-07
-2.995050086633783940e+04 1.650927061179742700e-04
-2.995019034036830271e+04 7.591250623192603549e-05
-2.995009740297244207e+04 3.156733056147347568e-05
-2.994980892529081757e+04 4.285725218743933118e-04
-2.994967719713257611e+04 4.599759587016176259e-03
-2.994934329714109481e+04 6.073057954301559905e-06
-2.994891384657243543e+04 7.024791683703058643e-04
-2.994868362375548895e+04 4.936088319185132658e-05
-2.994840719149053621e+04 1.258372214886399642e-04
-2.994829061379338600e+04 4.019082934095482055e-04
-2.994795595327856427e+04 1.563411994672331490e-04
-2.994787268214563301e+04 5.065863801428746756e-05
-2.994767092383715135e+04 1.176823202807706684e-06
-2.994733015008639632e+04 3.997177963391597704e-04
-2.994705577952440581e+04 2.023432065410012723e-04
-2.994687632204919646e+04 2.555179626779153839e-04
-2.994657198692811653e+04 2.720412164090332645e-04
-2.994637598373811852e+04 9.861621059637736258e-04
-2.994609542130313639e+04 1.437607813427008185e-04
-2.994577168190291923e+04 1.983920275738661632e-03
-2.994535099555013221e+04 1.725729032710332771e-03
-2.994520590085617732e+04 1.517326193601870694e-03
-2.994490388465576689e+04 3.785968140969785692e-05
-2.994479602001372405e+04 1.312982301642325511e-04
-2.994475239577858520e+04 1.310369415982706915e-04
-2.994416075848527180e+04 2.640534832848520866e-05
-2.994382421453620191e+04 3.595111996702469239e-05
-2.994359975613368078e+04 8.119419414715386392e-08
-2.994333116287077064e+04 4.532662192500091529e-06
-2.994309622512031274e+04 1.489169399297667419e-06
-2.994276010518261319e+04 8.098272601392227142e-04
-2.994253086387174699e+04 3.126989072099096971e-06
-2.994222310670762090e+04 2.648012134279349944e-04
-2.994207086468011403e+04 7.636893451580976456e-04
-2.994174573423245965e+04 6.780340932992652255e-06
-2.994144472890092584e+04 4.058093502377868692e-06
-2.994131280675571543e+04 9.799773770700090456e-05
-2.994082861912600129e+04 3.864768863062699134e-06
-2.994066937887954555e+04 5.988145440244971394e-05
-2.994025130163288850e+04 1.242853843853889903e-04
-2.993994918339866490e+04 2.452992804909308804e-05
-2.993985502073067255e+04 4.752595666314721214e-06
-2.993955344758816136e+04 7.797735369862749072e-05
-2.993931729955751507e+04 5.871461784049424092e-05
-2.993919092032921617e+04 3.610107897269621300e-05
-2.993863982333750755e+04 1.433985423911915695e-04
-2.993839866734451789e+04 3.663453028315969741e-05
-2.993825795291388931e+04 3.256074805546871364e-04
-2.993804887945533847e+04 3.969930200959370015e-06
-2.993782575860778161e+04 7.272553116237988704e-05
-2.993735496710602092e+04 4.261601125427596362e-06
-2.993705734110231424e+04 5.148553357317582540e-06
-2.993694801421192096e+04 1.057777174027280634e-07
-2.993667279816388691e+04 1.152257458556571929e-04
-2.993630007026066960e+04 2.312600747370970949e-07
-2.993620157081163052e+04 8.512827716178851274e-08
-2.993601786966220607e+04 1.040453618533787673e-05
-2.993534388824739654e+04 8.640842509839525976e-06
-2.993520417154211827e+04 9.961152890012548388e-05
-2.993458369374029280e+04 4.774799116850760928e-05
-2.993440255758302737e+04 5.921381344944845612e-06
-2.993427929749802934e+04 8.272416788111839291e-05
-2.993393408470223949e+04 1.019873335155898863e-06
-2.993356577399716116e+04 2.977988241707619502e-06
-2.993347124865051956e+04 6.747227145508694174e-06
-2.993337452592779300e+04 4.538460981367825177e-07
-2.993296838533849950e+04 3.208105704202643506e-06
-2.993265730553330650e+04 6.579788111929864990e-06
-2.993244808090542210e+04 8.749368415924429652e-06
-2.993229796439845813e+04 1.736267139134862848e-05
-2.993166905496204345e+04 1.242656551013675283e-05
-2.993134365620345852e+04 1.121455507656837038e-07
-2.993127580364642927e+04 9.637207240954057079e-06
-2.993093139377263651e+04 1.077514009289566523e-04
-2.993068972085998394e+04 1.767633174691178631e-05
-2.993024800754888929e+04 7.408674457998665110e-05
-2.993001381970368311e+04 2.646057108183993036e-07
-2.992974868102245091e+04 6.129100754189785289e-08
-2.992947475254242818e+04 5.495557684179862973e-06
-2.992920740063845005e+04 2.514841315017435952e-07
-2.992874084463629333e+04 3.594305526083428059e-06
-2.992843669860326918e+04 3.256888111681246331e-07
-2.992817278870758673e+04 8.696920176247094157e-07
-2.992803254205578560e+04 5.398015535162574370e-06
-2.992778536639505546e+04 1.356849276875606384e-07
-2.992752243836491107e+04 7.498000572343714956e-05
-2.992714857216595192e+04 7.192612930229327888e-06
-2.992689043040342949e+04 8.298264609610508306e-05
-2.992675342216733770e+04 4.015411571639458487e-06
-2.992612665534832195e+04 2.293364899153603681e-06
-2.992596924306508663e+04 6.948279348354131851e-06
-2.992573924184861608e+04 7.919724714236656381e-07
-2.992530283899553615e+04 5.578649158206555825e-07
-2.992489332943546469e+04 6.278303059845474747e-08
-2.992480355850483829e+04 5.050475078546535076e-06
-2.992467957367787312e+04 2.409272581740333390e-06
-2.992411297339581142e+04 2.775752375213927802e-06
-2.992397288335542908e+04 5.702313322730519099e-05
-2.992367337496711116e+04 1.830302991058462024e-06
-2.992345289534304175e+04 4.080576361274813550e-06
-2.992313503634629524e+04 2.262320246601466037e-05
-2.992286172792833167e+04 3.297767595667027309e-06
-2.992237886910505767e+04 7.446775861766786319e-07
-2.992199238130599770e+04 3.383529594641436108e-07
-2.992160918359094649e+04 2.021213701189964777e-06
-2.992138040442666534e+04 9.874322949508172523e-07
-2.992116541646269616e+04 2.607107605002854446e-06
-2.992076472936314167e+04 1.599696135110538190e-06
-2.992051237526510158e+04 2.323855772591850856e-05
-2.992025024235932869e+04 7.739473277975209063e-06
-2.992000366755646246e+04 2.750670130087589343e-08
-2.991943344848935158e+04 9.526610337457517326e-07
-2.991929120571227031e+04 7.952763286547913346e-07
-2.991900275348266587e+04 8.657308183785353314e-07
-2.991859829485282535e+04 1.652901752657326082e-09
-2.991809014625533018e+04 1.208362588311665316e-07
-2.991780040624564572e+04 5.828026101051048625e-06
-2.991742694009606930e+04 6.041616654335024986e-07
-2.991729787370187478e+04 2.610083362237478077e-07
-2.991712912358281028e+04 5.928672784889737638e-07
-2.991695932079134582e+04 7.520012838917253866e-06
-2.991654218272141952e+04 6.542145499007743718e-10
-2.991594775979445694e+04 8.575286504914526218e-08
-2.991574062063496240e+04 3.379062411893247371e-07
-2.991519642656950600e+04 7.465009506066529636e-07
-2.991497968907801260e+04 2.905533560763452654e-07
-2.991474096504082991e+04 1.913986191601484397e-08
-2.991412033526592495e+04 2.425446747332504010e-06
-2.991375671865136974e+04 6.754973573774420916e-07
-2.991345377187044141e+04 4.872496559119294268e-07
-2.991330393347624340e+04 1.489815542882758425e-06
-2.991305509564634849e+04 2.656213141877632381e-11
-2.991242431110655525e+04 1.485197317582191731e-07
-2.991208411147943116e+04 1.086571283416856455e-07
-2.991199663696427888e+04 2.663635452075644767e-07
-2.991156497984824455e+04 4.505775588030491446e-08
-2.991114687150621830e+04 2.770952641001490849e-07
-2.991082346578048600e+04 1.483259104590902401e-06
-2.991053200981106784e+04 5.423770863699768786e-07
-2.991003282055612726e+04 7.151788516257326891e-08
-2.990977085397591509e+04 2.667336575462431349e-08
-2.990953283550227206e+04 1.467141541615018858e-09
-2.990892628683751536e+04 3.219244113607725874e-08
-2.990854895447247691e+04 1.349236229849358009e-06
-2.990835169722624050e+04 1.370261604670835342e-08
-2.990762864631010598e+04 2.218666357569351745e-07
-2.990752489000135756e+04 1.035042461013832302e-07
-2.990686636237816856e+04 4.209905528866210971e-09
-2.990677350036796997e+04 3.515495853402056992e-08
-2.990643161359589794e+04 6.661673449984380220e-10
-2.990588503995379870e+04 9.040338508299755226e-07
-2.990580076519295108e+04 2.394114290102200811e-08
-2.990523033507656146e+04 4.221187790286291199e-08
-2.990496738942810043e+04 7.034613209743529755e-09
-2.990453542534958979e+04 5.115189006144118097e-08
-2.990418960515413710e+04 1.266487077797389132e-07
-2.990366577365164994e+04 3.816631995658710161e-09
-2.990327015852509430e+04 2.468655543562715919e-07
-2.990287690040914094e+04 6.707242105513309514e-08
-2.990243162947323071e+04 4.271054166077831698e-08
-2.990209063429997332e+04 2.003942183069900230e-08
-2.990162603268146631e+04 1.198575637539115909e-07
-2.990092908187304783e+04 5.171038228310086279e-09
-2.990075772696786589e+04 1.335717145348695372e-07
-2.990034366404550019e+04 8.033846243054817009e-09
-2.990005347936912949e+04 4.225890706021873194e-09
-2.989976308188739858e+04 7.805244258194210313e-09
-2.989958581739073270e+04 1.344603837558760794e-08
-2.989860756306615440e+04 4.427706586983440342e-08
-2.989818839198508795e+04 3.944982151313468206e-08
-2.989793065877875779e+04 3.645697788813673916e-09
-2.989741122293618901e+04 4.814643295324598212e-09
-2.989682929136763778e+04 1.697734144432329527e-08
-2.989619685412108083e+04 2.934988624026283919e-09
-2.989592486354963330e+04 2.112330803179866789e-08
-2.989527893028803010e+04 3.640415162458520652e-09
-2.989473866692860611e+04 4.718689916385331589e-09
-2.989466546604190808e+04 2.755002712650693215e-09
-2.989444720383274762e+04 2.053230057571183699e-09
-2.989362668111710082e+04 7.752778760288195970e-09
-2.989286835425321988e+04 1.956120787214667052e-09
-2.989222455190405890e+04 7.259265511074855810e-09
-2.989126952695368891e+04 2.845664853013453061e-09
-2.989097811610815552e+04 1.892784628068327198e-09
-2.989055702541686696e+04 9.341339759720153725e-10
-2.988994372364475566e+04 1.537091923090488615e-09
-2.988975071870463944e+04 1.575238766864183094e-11
-2.988874419001356000e+04 1.160999042491536544e-09
-2.988863794192876230e+04 3.205338026022099115e-10
-2.988821278371514200e+04 6.438021394582704570e-11
-2.988749886471838545e+04 3.024440628244688480e-09
-2.988684993244487123e+04 1.052716813463980236e-09
-2.988626336216594427e+04 7.231969358537718220e-10
-2.988581450469049742e+04 2.727898546726987673e-10
-2.988520282344463703e+04 5.957198544094002409e-10
-2.988479013161818875e+04 1.959987414729495677e-11
-2.988442846507548893e+04 8.945724399457659606e-11
-2.988332264231231966e+04 1.075973660148535298e-09
-2.988287781088680276e+04 7.074635198275500533e-11
-2.988185495920189715e+04 4.540953146698055820e-11
-2.988149830170651694e+04 2.270582767207484486e-10
-2.988038706914007344e+04 1.422443443456522226e-10
-2.988014071746591799e+04 7.547861560805474515e-11
-2.987983382900269498e+04 1.973255912385474187e-13
-2.987894221576013661e+04 2.264044666672352578e-10
-2.987884741774182112e+04 2.180817053334952219e-12
-2.987736046066111521e+04 1.055093071312164360e-10
-2.987643146896289909e+04 3.295064042764359541e-11
-2.987599601759203142e+04 4.000929903977372758e-14
-2.987504616440555401e+04 2.257004973525539850e-14
-2.987293148341165579e+04 2.701431103296034093e-13
-2.987199443906519446e+04 3.320940656714646130e-11
-2.987130287179719744e+04 1.100642452630954086e-11
-2.987055447967867440e+04 7.112831433306651170e-14
-2.986900746374775190e+04 4.827721923520918520e-13
-2.986801015260751228e+04 3.579934714939039999e-16
-2.986766716423178514e+04 4.884835841136087694e-12
-2.986660970025585993e+04 1.056498753935349404e-12
-2.986476220831244063e+04 6.886155571348744485e-13
-2.986354550337966066e+04 1.954537889456001705e-12
-2.986214023998250923e+04 8.379244308697325025e-14
-2.986203796194347524e+04 1.079085699830438795e-13
-2.986037353022066236e+04 4.875326093860981096e-13
-2.985909449342110020e+04 1.962669705824559250e-13
-2.985768089958394921e+04 1.533924645663400385e-14
-2.985444871149686514e+04 1.079492810232059017e-15
-2.985417443218973131e+04 7.536671128750662098e-15
-2.985268982536465046e+04 4.142698882947410835e-14
-2.985195009963051052e+04 1.429563218165318142e-14
-2.984928776743564958e+04 7.554415621313540375e-15
-2.984827335329321431e+04 8.810895118402405693e-17
-2.984376903525100715e+04 1.342063422432923438e-16
-2.984360678030209237e+04 1.383184034191899604e-16
-2.984254150069748357e+04 2.119561183930354563e-15
-2.984197949670513117e+04 1.514386434398083788e-16
-2.983823782405040765e+04 1.943201127720016495e-18
-2.983751690691101248e+04 1.535952625917194448e-17
-2.983219148709607180e+04 1.031405598684508764e-17
-2.983124436842890282e+04 2.379465994019570259e-17
-2.983103511669797444e+04 5.942762883151625500e-19
-2.983015191360415702e+04 1.629584491518283717e-18
-2.982620124509937159e+04 1.441515109111300044e-19
-2.982556149489205563e+04 4.278472313493627833e-19
-2.982022494888073925e+04 4.384913698262634468e-19
-2.981914728131838274e+04 1.974465152229921972e-20
-2.981498080822765405e+04 5.298488204758077455e-22
-2.981458374022845237e+04 1.530630098477450357e-21
-2.981246265422369834e+04 1.084511568773239052e-21
-2.981199973314590534e+04 1.362698968498362051e-21
-2.980720133205936872e+04 2.519910375722506016e-21
-2.980624070686836421e+04 4.839750372525687824e-22
-2.979822760443843435e+04 4.588055359226133385e-24
-2.979772387464612257e+04 2.025926275376391952e-24
-2.979294046045644791e+04 2.165942814604139529e-24
-2.979218877738990341e+04 6.376476757620926183e-24
-2.978073053039074512e+04 0.000000000000000000e+00
-2.978034132116327964e+04 0.000000000000000000e+00
-2.977708268484425207e+04 0.000000000000000000e+00
-2.977656057453922404e+04 0.000000000000000000e+00
-2.975991732015216257e+04 0.000000000000000000e+00
-2.975965489692981282e+04 0.000000000000000000e+00
-2.975771043469073993e+04 0.000000000000000000e+00
-2.975742508219138108e+04 0.000000000000000000e+00
-2.973878950845968939e+04 0.000000000000000000e+00
-2.973851933519220984e+04 0.000000000000000000e+00
-2.971252647660475850e+04 0.000000000000000000e+00
-2.971233962970544962e+04 0.000000000000000000e+00
2.995017271661259656e+04 0.000000000000000000e+00
2.995025035027423291e+04 0.000000000000000000e+00
2.995102658099694963e+04 0.000000000000000000e+00
2.995363927205225991e+04 0.000000000000000000e+00
2.995480927584195888e+04 0.000000000000000000e+00
2.995566418242230429e+04 0.000000000000000000e+00
2.995571476380806780e+04 0.000000000000000000e+00
2.995711467246726897e+04 0.000000000000000000e+00
2.995804883913583762e+04 0.000000000000000000e+00
2.995882410883206103e+04 8.574829080663739366e-24
2.995968922936696981e+04 2.018769488224253823e-23
2.996015556514038326e+04 1.927304220103184580e-24
2.996083710777439774e+04 5.000609253276174170e-23
2.996196370091072458e+04 8.708091369331377091e-22
2.996310902728217116e+04 0.000000000000000000e+00
2.996344373419866315e+04 1.289665645835634109e-22
2.996423496232128309e+04 1.504936176615984760e-20
2.996522797300706588e+04 1.702346711050650905e-23
2.996551806944786586e+04 5.895530694936782180e-22
2.996584423106917893e+04 8.663349160451087649e-20
2.996655978679353575e+04 1.411118663710217608e-21
2.996684749233177354e+04 1.183475660428312758e-19
2.996796242007837645e+04 1.028147290551101310e-18
2.996831537566325642e+04 5.422579619111647603e-19
2.996917386939056814e+04 9.732846547381161842e-19
2.996967514884860066e+04 1.190422538635347636e-18
2.997043636529867217e+04 2.437064396851966323e-17
2.997083730357145032e+04 3.512091094760751957e-18
2.997163616301658112e+04 1.217410753688720641e-18
2.997205806779074919e+04 1.347850619088253264e-17
2.997283392374917094e+04 3.702632076297840763e-16
2.997338909093720576e+04 2.088646464398315449e-17
2.997405041522032843e+04 1.568944132981043306e-19
2.997469826576230844e+04 2.414101602301125828e-16
2.997524575098308924e+04 4.185071534588154361e-15
2.997598593988996799e+04 1.593782460400762823e-16
2.997642197619917351e+04 1.171111874991055816e-16
2.997725939955059584e+04 3.753404224064827327e-16
2.997753451254628089e+04 3.153000900955587992e-14
2.997827271953199306e+04 1.381573937181047054e-14
2.997860759663318095e+04 8.842773270012244028e-15
2.997893261979886665e+04 2.079326542064430883e-15
2.997951255516492893e+04 9.674949424725362086e-15
2.997997132221128413e+04 1.479385827330224668e-13
2.998045297868525449e+04 1.452688447980106841e-13
2.998119860610496107e+04 3.120576148580959559e-13
2.998142739001908558e+04 1.631567838013308595e-14
2.998230786974459988e+04 3.888630210665726671e-13
2.998257363003470891e+04 1.070405175281116159e-15
2.998329268195660552e+04 2.862696890559303797e-12
2.998385384598606834e+04 1.243178888090865980e-12
2.998410124291231114e+04 1.199880180793256186e-12
2.998465958780844448e+04 6.526434287915084968e-14
2.998501422263249697e+04 2.626394146037363005e-14
2.998533498680499906e+04 1.357314595118959908e-12
2.998593143772910480e+04 1.118763949977785343e-11
2.998654013232443322e+04 3.264861233501141430e-13
2.998681045118222755e+04 2.485486723532054621e-11
2.998766967160705462e+04 1.117775798041839436e-11
2.998778905388157364e+04 9.554872775797128314e-13
2.998820564747360550e+04 1.010703357620711652e-13
2.998866894108420820e+04 2.687083484681493832e-12
2.998897977545036338e+04 3.070512580848598173e-11
2.998934087069744783e+04 2.335278014652794438e-11
2.998997419764149527e+04 1.225872428946911498e-10
2.999024263707605496e+04 6.862263074495930960e-11
2.999068230281666911e+04 9.809051801847123631e-11
2.999097023269963756e+04 7.597258754911843196e-11
2.999119461802126534e+04 4.635759188075125154e-12
2.999153852876068413e+04 8.511146095417533213e-12
2.999164148567890152e+04 1.278292592632452199e-10
2.999243094586257212e+04 4.009155814816339430e-14
2.999265481332813215e+04 5.488453346013180712e-13
2.999274466393679904e+04 6.489421161511058215e-13
2.999302383680030107e+04 8.505496449252790575e-12
2.999356378866468367e+04 8.777059083831669908e-13
2.999385015113588452e+04 1.117500610276848222e-10
2.999435214957927747e+04 1.328363334575709823e-10
2.999462687892124814e+04 1.888213479095830358e-11
2.999488840660520873e+04 1.593808471107401108e-11
2.999528939927883403e+04 7.032517391418862940e-11
2.999552727017004509e+04 1.336947176801902638e-11
2.999576051453399486e+04 5.891965284496453812e-11
2.999622075368198421e+04 1.023365968884231346e-11
2.999636213769842288e+04 6.324669039929555595e-11
2.999673877736770010e+04 6.516031062712041148e-11
2.999730856391954148e+04 5.896538828152733436e-12
2.999739018504094565e+04 9.474549249410496311e-12
2.999771160212756513e+04 7.444182847167226015e-10
2.999793738483734342e+04 2.234107673116972330e-10
2.999823089954289753e+04 2.841218623730817715e-10
2.999852831180852809e+04 4.315476811502426994e-10
2.999890384250480565e+04 3.217882767330313751e-11
2.999913109676310705e+04 8.409996075907753694e-10
2.999956967806159810e+04 3.363443206319719943e-12
2.999982791597713731e+04 3.499431804373358841e-09
3.000038523774814530e+04 7.780730127222311046e-11
3.000050740698709342e+04 1.976804591260694405e-09
3.000052966114751689e+04 2.644975766808288595e-11
3.000089822886013280e+04 5.267226865429334667e-10
3.000108554739567626e+04 4.193531967331267403e-11
3.000140693112228473e+04 2.906142324250401456e-09
3.000184838642095565e+04 9.073096652014328509e-10
3.000215441346919397e+04 5.922913495322273423e-10
3.000266591537953354e+04 1.306117760394036980e-09
3.000284389783937513e+04 6.723639915432481551e-10
3.000315250702165577e+04 1.239967328700449944e-10
3.000330243204683211e+04 8.804117279848817516e-10
3.000376326493860688e+04 4.753769712232726235e-11
3.000397878856131138e+04 2.022674319936452178e-10
3.000429433098079244e+04 7.315273496787296043e-10
3.000464542224682373e+04 8.263453248480405149e-11
3.000499605719780084e+04 1.116190676248789719e-10
3.000512828566939061e+04 4.746835720160514687e-10
3.000536167352378834e+04 8.153801295473209543e-10
3.000588476389566495e+04 1.588400000735998855e-10
3.000608713784451538e+04 1.880115199164641091e-09
3.000631722895711937e+04 5.453203245359072102e-09
3.000641444048115227e+04 7.621854612759882076e-10
3.000660825474820012e+04 4.591572012599158914e-10
3.000699442734218610e+04 2.526842205608910120e-09
3.000708167431672337e+04 7.556570268370308927e-11
3.000754922840913423e+04 2.420443924027489522e-09
3.000759502085653367e+04 1.533799295134973418e-09
3.000823525766874809e+04 7.851956857130332783e-11
3.000828028465056559e+04 1.503200930992123266e-10
3.000866377989979082e+04 3.590435555525359375e-09
3.000886753111246799e+04 9.611324517913561116e-10
3.000912110050564661e+04 7.592611054235579804e-09
3.000946507719492001e+04 2.739752898858428994e-10
3.000966427891209969e+04 8.509304740118304190e-09
3.001020926109710126e+04 1.349356797903024919e-10
3.001032258171076319e+04 1.060090833204696943e-08
3.001056104641303682e+04 2.436820834680406843e-10
3.001119820354333206e+04 6.996570393985200107e-09
3.001141313510742475e+04 4.456608121689106744e-11
3.001152011610311456e+04 3.735987921444921243e-10
3.001194224771933295e+04 2.587119410402373028e-10
3.001235077323643054e+04 1.967584398131430118e-09
3.001259153486894502e+04 9.332970927371092718e-09
3.001286897397006760e+04 4.295446481332081033e-09
3.001320671490644963e+04 2.665247350924639339e-08
3.001341576909358992e+04 7.125216185145642717e-10
3.001359214581974084e+04 4.076030182047514805e-09
3.001376811020488458e+04 9.883154840808983249e-10
3.001418938535540292e+04 5.947195341777423388e-10
3.001444268272858608e+04 2.733440810345746827e-10
3.001483445228285927e+04 1.125996978346362923e-11
3.001485527298783563e+04 2.577064246887202207e-09
3.001542758485021841e+04 2.550360430818770174e-09
3.001592179392216349e+04 7.301663791999046064e-09
3.001602554296121525e+04 2.917531930337543860e-08
3.001642183659895090e+04 3.997672780575265121e-09
3.001663894970130059e+04 3.860440501100039490e-09
3.001721864531995379e+04 2.908495346056244999e-09
3.001723851666213523e+04 1.551718050160796852e-08
3.001784432006551651e+04 1.134744046927435175e-08
3.001805667020160035e+04 9.873823471232063271e-10
3.001834354722616627e+04 4.402365012619276705e-08
3.001848746299753111e+04 3.059206281205762773e-09
3.001898561754524781e+04 4.073571599100719785e-07
3.001932686858791567e+04 9.888750903508871441e-11
3.001934903336606294e+04 1.085620821969926031e-09
3.001945986508349597e+04 1.488046215732542629e-08
3.001976274074425237e+04 2.598944405225061253e-11
3.002035290237852314e+04 9.365033056230427867e-08
3.002041949514479711e+04 4.516511645828513134e-09
3.002052725437261688e+04 3.801004670538811002e-10
3.002073341726885701e+04 7.388191662545099918e-11
3.002132882985018296e+04 8.131890725790460361e-09
3.002134086472851413e+04 7.885060390279409404e-12
3.002185421175516603e+04 1.197853229515793978e-09
3.002201144468126950e+04 1.416329488447062752e-08
3.002237968540559450e+04 5.116340037907167710e-11
3.002270963505034160e+04 5.781766852011887101e-09
3.002327087640972968e+04 5.499091319213105532e-09
3.002340243688130795e+04 2.788387755032651458e-08
3.002379660827873522e+04 4.478313066933540060e-08
3.002410866057432941e+04 1.007629193979974465e-08
3.002443519930275579e+04 5.232408324903997761e-08
3.002459576875108542e+04 5.137900558627255540e-08
3.002465841883831308e+04 5.602462970569684771e-10
3.002498384461261594e+04 1.787257235699381783e-08
3.002522833101668948e+04 2.148699767170998765e-07
3.002533371687574254e+04 1.862463413227146346e-07
3.002566906705832298e+04 3.097668370466169228e-08
3.002578975486677155e+04 1.032461652584528304e-08
3.002596927443939057e+04 2.391546015245514040e-09
3.002627173935288010e+04 4.189088986364753364e-08
3.002659339180962706e+04 6.823056035213740687e-08
3.002695969807502115e+04 8.851864341738626003e-08
3.002697900686213325e+04 5.405964001462506946e-08
3.002739054324386962e+04 1.806571165758303730e-10
3.002762739998613688e+04 6.552085221027489750e-08
3.002808763148057551e+04 8.582940685439722129e-08
3.002832040570729441e+04 1.229376682453674376e-08
3.002856819994499892e+04 1.553963307221478339e-09
3.002880219001224395e+04 4.302616741233335693e-08
3.002912319017548725e+04 2.111098387720145913e-08
3.002935178420002921e+04 6.261737395878372345e-09
3.002969676410007742e+04 2.258040391237316190e-08
3.002986536169330793e+04 6.800537588331809956e-09
3.003012726307932826e+04 4.886290573820858778e-08
3.003024698821522543e+04 2.409505988647439354e-09
3.003034161895838042e+04 1.088127671855856846e-07
3.003069777261425770e+04 2.802754386772966989e-09
3.003083815957794650e+04 2.443643909401013099e-08
3.003110768955332969e+04 6.624482870659297715e-09
3.003145923958223284e+04 1.774503520628893083e-08
3.003151672015597069e+04 9.516338900303314372e-08
3.003161954806765425e+04 8.688237884576273343e-08
3.003182588936045431e+04 4.287517862101106168e-08
3.003207455743769606e+04 6.416597810293256201e-08
3.003248100655924281e+04 7.136401154782027530e-10
3.003268388408287865e+04 1.182376328483135997e-07
3.003286813387620714e+04 7.571400673211231543e-08
3.003302828216561466e+04 2.256898548288784151e-07
3.003356770091430371e+04 1.039260672530267856e-07
3.003386708995056324e+04 1.026114492936285858e-08
3.003421803776596789e+04 2.980484956802524035e-08
3.003437788194069071e+04 2.550410647656465618e-07
3.003457933689832498e+04 5.733469079284601028e-08
3.003462058628183149e+04 6.998658365394226587e-10
3.003537191909985995e+04 3.426383616142308121e-08
3.003557251517099940e+04 1.167066287776589120e-07
3.003573137246276019e+04 5.729291380284498967e-09
3.003582263990724095e+04 5.478861857199087960e-08
3.003594035156935206e+04 2.062514853862528845e-08
3.003612301350609050e+04 1.847713097309854066e-08
3.003683916074703666e+04 8.764852582516813541e-09
3.003707824000205801e+04 3.321172605101531811e-09
3.003712796498251919e+04 5.718939842787746536e-10
3.003748017555849583e+04 2.293394221335065227e-09
3.003757568192285544e+04 1.215041093072408023e-08
3.003776149043827536e+04 1.070521411148046812e-11
3.003803414046266698e+04 5.805211578077355298e-08
3.003827265063781306e+04 3.179287881496976543e-08
3.003839232849485415e+04 2.346471392313938350e-09
3.003865447943002073e+04 2.534001210362647923e-09
3.003885349260188741e+04 1.262469244380427754e-08
3.003920589477310568e+04 7.407465505750797758e-08
3.003940725577215198e+04 2.704129827120072812e-07
3.003978104659285236e+04 1.314835280295351254e-08
3.004021137708473179e+04 3.770091848687437172e-10
3.004038643104070070e+04 5.170699648429065061e-08
3.004055836857407121e+04 2.402858393841295012e-09
3.004108352498872773e+04 3.234910491169364822e-09
3.004121095041459193e+04 4.581312349329783130e-08
3.004143355786215761e+04 5.298188830389797119e-09
3.004148209986232541e+04 2.011473471310648648e-08
3.004176775789143358e+04 6.461594728113688486e-11
3.004206962486253906e+04 8.652545691712874223e-10
3.004222157941974365e+04 3.331031921119489135e-08
3.004230207710085233e+04 2.307205431767612062e-08
3.004236155973063796e+04 1.809040361044537354e-09
3.004314032258367297e+04 2.438084375648841869e-08
3.004322708443722149e+04 1.040774299685072531e-09
3.004347015186918361e+04 1.814539075610826702e-09
3.004381735199224931e+04 5.247935590886575050e-08
3.004395553670309164e+04 9.517394284679239947e-10
3.004419979393824178e+04 3.275247026951085923e-09
3.004449922259516461e+04 5.254518059745527200e-10
3.004492692573769818e+04 5.558943590505129942e-10
3.004508416283446422e+04 3.291309322275403002e-10
3.004531528975711626e+04 3.822097476768561250e-09
3.004544603548288069e+04 1.846239499120109652e-09
3.004573317587667407e+04 3.602121020265224746e-11
3.004580991319426539e+04 1.102712553157556430e-09
3.004651758056332983e+04 1.775094736736136526e-09
3.004677330474283372e+04 2.092590687064571423e-09
3.004690518880361560e+04 8.522016661483964412e-10
3.004705725349826389e+04 1.005739244144483706e-08
3.004735604167830024e+04 8.306783178803953632e-11
3.004759597483231482e+04 3.075548772160285458e-09
3.004783098604553379e+04 1.707422478739487556e-09
3.004805922078551885e+04 8.079741462547919512e-10
3.004817032367966385e+04 1.026347389035037989e-10
3.004858813718650708e+04 6.486767973118284360e-10
3.004871562438886031e+04 8.690502625734867189e-10
3.004888352591430885e+04 7.553379713192605493e-14
3.004929307683726802e+04 2.052327152465383271e-11
3.004956962648744229e+04 1.495596406714273086e-11
3.004981401054098751e+04 2.391363543199878254e-09
3.005024522691820675e+04 1.372038895399133763e-09
3.005032824990432346e+04 2.442281234925727647e-09
3.005047425755170843e+04 3.198433266642990856e-09
3.005078715626242411e+04 6.893906325565914681e-09
3.005083898377679361e+04 2.447450929255790636e-10
3.005120862516977650e+04 5.753550428047991585e-10
3.005163586092032347e+04 6.397775169902051422e-11
3.005177589563197034e+04 1.325079524210288800e-09
3.005198781289750332e+04 1.119001305154913000e-10
3.005224682603059046e+04 4.206671596506984700e-12
3.005251974025653544e+04 1.794479074055887345e-11
3.005257877737791205e+04 3.998299207604691775e-10
3.005280985773642169e+04 1.749464807269784507e-09
3.005322472912723970e+04 5.335521400495590914e-12
3.005329004353417622e+04 6.275169287306407822e-10
3.005369471794645142e+04 6.103658093089226316e-10
3.005384103484847947e+04 2.890506565736804351e-11
3.005414214970678950e+04 8.035838756811398332e-10
3.005439121031452305e+04 2.227834234037836430e-09
3.005465980051295264e+04 6.073342423089865881e-11
3.005504472660228930e+04 1.588806031293822264e-09
3.005527557080405313e+04 7.586774964430819444e-10
3.005549776634222508e+04 9.944905120218923497e-11
3.005559352246981871e+04 1.193205966649813411e-10
3.005574062122518080e+04 3.825045587381420433e-10
3.005617325683522358e+04 3.534232386956455320e-10
3.005658884868170935e+04 1.947215645432476660e-09
3.005686876352980835e+04 8.482057814250475187e-13
3.005702871044458880e+04 1.566611764000171372e-10
3.005738446586189093e+04 2.662629973354858560e-10
3.005772020847506428e+04 1.532194366093226057e-09
3.005788688507252300e+04 8.119368111787478017e-11
3.005831134474537976e+04 1.849368812011621842e-09
3.005842634235618607e+04 1.155111133297773809e-10
3.005861650215181726e+04 1.301928994390863567e-10
3.005895940430046903e+04 3.792403360227060308e-11
3.005938242122703377e+04 5.263422139367270391e-12
3.005958123353508927e+04 3.627911799856085221e-11
3.005981906316964887e+04 3.365799892803749392e-10
3.006020453831845953e+04 6.412209514302804553e-10
3.006046424332706374e+04 1.559282455397538704e-10
3.006060419373840341e+04 1.365971344507133210e-11
3.006087734315401030e+04 6.652817029669692142e-11
3.006110889943229995e+04 1.069055565876255812e-09
3.006125380008546199e+04 1.341388074646009880e-10
3.006179084575721208e+04 2.709017218105752097e-09
3.006211072412838257e+04 1.630992483384916284e-11
3.006216227709952364e+04 2.529654196076138733e-10
3.006235436269917773e+04 8.563918022627893047e-10
3.006258159076630909e+04 8.084477522136402070e-10
3.006285877051112766e+04 4.907331346906552742e-11
3.006342450119483328e+04 2.436789040872988093e-12
3.006349255669523336e+04 3.519968303034638047e-15
3.006383509901718207e+04 5.328413171143685082e-11
3.006407323756450933e+04 7.783507632312996423e-12
3.006417219570826273e+04 8.973828500997694611e-13
3.006439090122430935e+04 1.671205869882005755e-10
3.006511881736082432e+04 3.772316944359065483e-11
3.006519541855067655e+04 4.096125307705765734e-11
3.006585601203855913e+04 1.961113492295606163e-10
3.006601685531895419e+04 4.505232002272213422e-10
3.006614923074002218e+04 5.134792668820993532e-10
3.006648026420465249e+04 2.103034521114225105e-10
3.006663421938411557e+04 2.602937617389169644e-11
3.006688477314871125e+04 1.730078115594960084e-13
3.006698585976970935e+04 2.649588773914760719e-10
3.006749204418522640e+04 3.819275334044298211e-11
3.006768158443883294e+04 3.598424735000452280e-11
3.006801756816671332e+04 8.787356933043040272e-11
3.006822684374878372e+04 2.687208960096463101e-14
3.006866808677297377e+04 1.452984199799510620e-11
3.006898446363821131e+04 4.764016433845479394e-13
3.006914242815890248e+04 2.240285355271857355e-11
3.006944933111118735e+04 1.007144696985815134e-10
3.006972827163890906e+04 8.383540304274770584e-11
3.007019180467648766e+04 4.466279603644575340e-10
3.007040504017505009e+04 1.139489571301002772e-12
3.007063492783678521e+04 1.841336384979991326e-10
3.007086579133278065e+04 1.596620529698557714e-11
3.007105918327890686e+04 4.822716379707973783e-11
3.007164626886543556e+04 9.866509369594059995e-11
3.007194797151066086e+04 7.330572867783976006e-12
3.007228956591874157e+04 2.875598147452929269e-11
3.007236674224419039e+04 2.616813528614209590e-11
3.007259681325530255e+04 1.039337360130829421e-11
3.007285112091324118e+04 2.830708869276585798e-12
3.007323082013923340e+04 3.079646936953777622e-12
3.007350122636860397e+04 6.703071341268445764e-11
3.007359051982919482e+04 4.957397346454303174e-13
3.007417266118558837e+04 1.216413264237146989e-11
3.007441452358533934e+04 1.943678762039597962e-10
3.007462953740312514e+04 2.951515068479607680e-17
3.007510054415260674e+04 3.009714226123251941e-11
3.007537512978687300e+04 2.443150837222390658e-12
3.007556073173450932e+04 2.453510889802997630e-11
3.007573939628935841e+04 9.873043701199988471e-12
3.007623069008753373e+04 8.134530002227920178e-12
3.007642764884853750e+04 5.009781630757010470e-12
3.007671799268902396e+04 5.230560736944631725e-12
3.007706340379928588e+04 2.035665509381778076e-12
3.007725449043820845e+04 3.604781695611830848e-11
3.007749864777481343e+04 1.049453580692658288e-11
3.007807720323293324e+04 4.609652378187106312e-12
3.007831850852548450e+04 4.802124189835542494e-11
3.007875115047181680e+04 1.220619603196213845e-12
3.007903200325289799e+04 4.531822235643408998e-11
3.007927853811191017e+04 4.072387522353987720e-12
3.007957935131770500e+04 2.072639017185646750e-12
3.007980585547524606e+04 5.565435498591653305e-13
3.007997302501161539e+04 1.287008151024089209e-14
3.008048374749801951e+04 3.975024919236495010e-15
3.008102002101063772e+04 5.936480198236724654e-12
3.008111850059125209e+04 1.348407916148513860e-11
3.008135456701217481e+04 4.822704142911859858e-12
3.008176668918225550e+04 4.196554394311618314e-11
3.008230823696794323e+04 3.169189840927552576e-13
3.008257760463851082e+04 8.322039484964665630e-12
3.008286943142105520e+04 4.335833357389235723e-16
3.008304401518557279e+04 1.822021768443098834e-13
3.008318625058904945e+04 9.050411506902150797e-14
3.008356608927639900e+04 1.583567903624350708e-12
3.008384021326522634e+04 1.779410702379868888e-12
3.008449805291524535e+04 4.990110392243019150e-13
3.008457636692835513e+04 2.143394757987520440e-11
3.008512503034170368e+04 1.369215906632762678e-11
3.008532648782822798e+04 1.283243333588046850e-14
3.008569383714215655e+04 8.330208067480617639e-13
3.008625843338907362e+04 3.168385340814900786e-13
3.008653170126302939e+04 3.616956095070217200e-14
3.008693426169899249e+04 7.477703552958552990e-13
3.008707703845431024e+04 7.552563500817781815e-12
3.008724331251452895e+04 1.924022502787142204e-12
3.008800489326097522e+04 6.833566934798640752e-12
3.008827254689874462e+04 8.440962481634356490e-13
3.008838776845699613e+04 1.545568367152927862e-13
3.008886415702281010e+04 3.630451042730166823e-13
3.008937590748205548e+04 1.671303233353597043e-12
3.008962260323014561e+04 2.090582678474768551e-12
3.008978560222462693e+04 6.388001990747726644e-14
3.009028849605317009e+04 2.159878734939269311e-12
3.009059109094823725e+04 1.769014930593609335e-12
3.009072071151242199e+04 3.241832636143674856e-13
3.009142643673704879e+04 6.151255582930738975e-13
3.009182802725323563e+04 3.640685810584585355e-13
3.009201474003615658e+04 3.248338291672459348e-13
3.009272990870386639e+04 1.241106934674912039e-12
3.009290649926030164e+04 1.275253826400688832e-12
3.009327023473585359e+04 1.654589244658178907e-14
3.009363542770533240e+04 2.641562577727483388e-14
3.009388487854834239e+04 3.980904253088524145e-13
3.009439710842094792e+04 2.533570279809566178e-13
3.009478110481253680e+04 2.307802692922190883e-17
3.009522690254079498e+04 1.622656736526603359e-13
3.009538536276553714e+04 2.192682617046228920e-13
3.009574857066680488e+04 4.219921286862813941e-13
3.009615823235904827e+04 1.935663243980546261e-13
3.009665025169219371e+04 4.782471581755526620e-15
3.009710180812455656e+04 2.159137745360862689e-13
3.009747065167729306e+04 2.840910845608742202e-14
3.009786389281412266e+04 2.046165667135597928e-13
3.009849765330179071e+04 5.924488211643872216e-14
3.009868794917745254e+04 6.705852249643634732e-14
3.009949588028040671e+04 5.302205033513209333e-15
3.009963929690383884e+04 1.032562602501630256e-13
3.009978559087853137e+04 6.847354433533297263e-15
3.010044049676464419e+04 2.600542325970117461e-14
3.010068732347925106e+04 6.454748047164511669e-14
3.010071879611505574e+04 4.711343634311324636e-14
3.010164707317771172e+04 2.990243632001586625e-15
3.010226934279601483e+04 1.123575053184041421e-13
3.010249957986382287e+04 6.596767976861935452e-16
3.010300207603220042e+04 7.555588761684677544e-15
3.010345704956904228e+04 2.613852838112217934e-14
3.010411376263486090e+04 1.025801288899155797e-14
3.010444418886134372e+04 2.175896734257574438e-14
3.010527862840320449e+04 1.962285598028657686e-14
3.010558051531506135e+04 2.830132213721441396e-14
3.010581203477931922e+04 3.792409946796985386e-18
3.010596189002379469e+04 1.024932989919002056e-15
3.010677984901312811e+04 2.854062382044222478e-14
3.010738023447820160e+04 1.457628512327320412e-14
3.010805830386253365e+04 5.913710892477851194e-16
3.010899939655495473e+04 3.700896840467349228e-15
3.010950241717080644e+04 1.460478941009777115e-14
3.011000807980856916e+04 8.311153139682114392e-17
3.011050655584051128e+04 1.357058060833610961e-17
3.011066849434658070e+04 6.715566221730045598e-16
3.011154003619838113e+04 9.523324667618887500e-15
3.011194703927004230e+04 9.150109559204650691e-16
3.011201192552873181e+04 2.096409627537813750e-16
3.011283715437073261e+04 1.910527882370010210e-15
3.011345805278872285e+04 9.123647917446465766e-16
3.011410987166410632e+04 8.546573407365700309e-16
3.011432568823233669e+04 8.180456765232068653e-18
3.011514801787384931e+04 7.234510135470623437e-16
3.011579889828889281e+04 5.228487849564911930e-16
3.011599908630452046e+04 1.043125363010405922e-15
3.011701892145934107e+04 6.012785026960562455e-16
3.011757156729779308e+04 4.615380455204978539e-17
3.011854385422789710e+04 1.111425059240107044e-19
3.011901322913226613e+04 1.865911433897850340e-18
3.011997679297792274e+04 1.996482333263782648e-16
3.012022253348020240e+04 6.694695017477082960e-17
3.012033604141141041e+04 5.859589058200733152e-18
3.012143124539625569e+04 4.019920130351662287e-16
3.012181743166145316e+04 4.697663044569274898e-18
3.012324272454337188e+04 4.907413601426871195e-18
3.012414395349977349e+04 4.092446215150379350e-18
3.012457627335911820e+04 8.897684802834092876e-17
3.012555968347485759e+04 4.900780810257648143e-17
3.012761961696439903e+04 3.977044568057647290e-19
3.012841906321376155e+04 4.422265682351929604e-19
3.012901322312720004e+04 3.892064239892206971e-17
3.013004953267225210e+04 1.170114117965174063e-17
3.013142685734169208e+04 9.005919177281899856e-18
3.013286032067713677e+04 3.991627443579617551e-20
3.013298018393068924e+04 2.038680375669309172e-19
3.013419555751254302e+04 2.988491241046609607e-20
3.013576798591354236e+04 9.658888828362070394e-19
3.013685737743040590e+04 1.015906761989472520e-18
3.013812144766328129e+04 1.370223285705042547e-18
3.013871264829854772e+04 5.397538599720682439e-21
3.014000592694016814e+04 7.785443854146121517e-21
3.014153473777060572e+04 1.534200950204626500e-20
3.014278810911702385e+04 1.119820689049233519e-19
3.014618679497400080e+04 9.141213382104831548e-20
3.014632985895166348e+04 4.719380820132709501e-21
3.014757828909827367e+04 3.711427530213663323e-21
3.014860834003409036e+04 2.160875523898541801e-20
3.015115601277989845e+04 6.555977513359544603e-21
3.015222399631958979e+04 1.233668571156071842e-21
3.015685371743113501e+04 1.034999653616180491e-21
3.015705344938631242e+04 4.788128759387675139e-24
3.015771159663838989e+04 5.397209316585058260e-22
3.015862714403238351e+04 3.146642258040455596e-22
3.016221432981543694e+04 9.710686296157062348e-23
3.016297444833073678e+04 5.654339643157449532e-24
3.016810317086560826e+04 1.135403397739432344e-23
3.016895402085740352e+04 2.486106421041419092e-23
3.016989947101616053e+04 0.000000000000000000e+00
3.017070730412117337e+04 0.000000000000000000e+00
3.017430802170054812e+04 0.000000000000000000e+00
3.017494012043204930e+04 0.000000000000000000e+00
3.018001898298394735e+04 0.000000000000000000e+00
3.018102968730441717e+04 0.000000000000000000e+00
3.018594816098050433e+04 0.000000000000000000e+00
3.018622855603263451e+04 0.000000000000000000e+00
3.018825317565969817e+04 0.000000000000000000e+00
3.018864202662108073e+04 0.000000000000000000e+00
3.019303061046075527e+04 0.000000000000000000e+00
3.019394151950592277e+04 0.000000000000000000e+00
3.020231139872022322e+04 0.000000000000000000e+00
3.020279730328677761e+04 0.000000000000000000e+00
3.020728387931443649e+04 0.000000000000000000e+00
3.020800449769243278e+04 0.000000000000000000e+00
3.021982943132914079e+04 0.000000000000000000e+00
3.022019834384027854e+04 0.000000000000000000e+00
3.022315820681321202e+04 0.000000000000000000e+00
3.022365601328160119e+04 0.000000000000000000e+00
3.024034715641418370e+04 0.000000000000000000e+00
3.024062679595547888e+04 0.000000000000000000e+00
3.024284239453917326e+04 0.000000000000000000e+00
3.024313218781173782e+04 0.000000000000000000e+00
3.026142550526678315e+04 0.000000000000000000e+00
3.026168772010307657e+04 0.000000000000000000e+00
3.028769644867514216e+04 0.000000000000000000e+00
3.028787739465873528e+04 0.000000000000000000e+00
