-3.004056177161398591e+04 0.000000000000000000e+00
-3.003867317612262923e+04 0.000000000000000000e+00
-3.003765465214426513e+04 1.275739384939653708e-22
-3.003751920145372060e+04 4.513802458369957671e-22
-3.003688673969754382e+04 4.475397378472922146e-23
-3.003514819041424926e+04 1.599220103554375707e-22
-3.003412810560869912e+04 3.620551205243643917e-20
-3.003358053783362266e+04 7.472555725461045831e-21
-3.003296543368805578e+04 8.001506634170911301e-19
-3.003255369868545677e+04 5.306342918722292044e-21
-3.003183950294195529e+04 2.158635047198204386e-18
-3.003070284191355677e+04 3.922242035483640792e-18
-3.002961414043853438e+04 1.636570462645188570e-16
-3.002953561631203047e+04 1.814581835466374773e-17
-3.002854651266494693e+04 1.064619462155407220e-16
-3.002747668504101603e+04 3.124817572252889129e-15
-3.002710445617085497e+04 9.347746106669814124e-17
-3.002639853910904276e+04 1.397248132545372751e-14
-3.002555940611311962e+04 1.587794233482362311e-14
-3.002522088786219319e+04 6.838527390203672042e-15
-3.002463334815880080e+04 9.850430784004388968e-15
-3.002409622701727858e+04 6.035015652830995536e-13
-3.002368910536209296e+04 4.907573180131589186e-14
-3.002301278478565291e+04 2.632899544091983164e-14
-3.002238387415313264e+04 5.899396048297171137e-14
-3.002190949363432082e+04 1.181182986397405371e-11
-3.002102995207196000e+04 8.434549754156421776e-14
-3.002079081329061592e+04 6.973943157556038289e-12
-3.001980518081517948e+04 4.326773946886057913e-11
-3.001964603791951595e+04 1.292811085105335588e-10
-3.001863866318810324e+04 5.842267233812318894e-11
-3.001847591681336053e+04 1.483065566940018248e-10
-3.001748352116221213e+04 1.718338081952749479e-09
-3.001727753550948546e+04 4.848638465415279828e-10
-3.001634302385149203e+04 1.863577943379669954e-09
-3.001607020551369715e+04 4.481837569735664752e-10
-3.001522716050112285e+04 2.529657287918383046e-08
-3.001486708890560112e+04 1.222618246189477244e-09
-3.001413913636943835e+04 4.637511034143804998e-09
-3.001370237755634298e+04 1.045783039597398146e-09
-3.001313140180691698e+04 1.833372686920545204e-07
-3.001266024750273573e+04 4.860643777749421800e-08
-3.001240241924643487e+04 6.382613828713936773e-08
-3.001186572284583235e+04 1.411669115919735168e-08
-3.001168684899568325e+04 1.344103025739984851e-08
-3.001095164313699206e+04 7.677213248860147602e-08
-3.001071043354223366e+04 1.298929418519273924e-06
-3.000990108510482241e+04 5.096719896949033774e-09
-3.000970120680521723e+04 1.744728927748879622e-06
-3.000889597954043347e+04 1.214615623258828557e-07
-3.000866836039199552e+04 1.963430537123702533e-07
-3.000813935451002908e+04 3.375438339692425888e-06
-3.000774885059743247e+04 2.901659316138484366e-08
-3.000741442211510366e+04 1.368859329838462723e-05
-3.000714072854559345e+04 2.326661548530707177e-06
-3.000645269517596535e+04 1.156359828559132910e-05
-3.000621174356854317e+04 5.739270509344755837e-08
-3.000568404751166599e+04 6.320491034916876708e-07
-3.000509720142919468e+04 1.119764832995340126e-07
-3.000497109659174021e+04 2.095238756884866786e-06
-3.000456580841367031e+04 3.410907103943595406e-06
-3.000410615721452268e+04 6.873367922440508395e-06
-3.000374858093059447e+04 1.770569203875168655e-06
-3.000340794610585363e+04 4.883710497276352755e-06
-3.000303428824198636e+04 3.151577036808856761e-09
-3.000295601556452675e+04 8.387322913139229496e-07
-3.000263652157815159e+04 1.944246681521541254e-06
-3.000241417847690172e+04 3.065047373299564729e-06
-3.000182265379555247e+04 3.007303033917782942e-06
-3.000165042055815138e+04 6.388828251684757339e-06
-3.000140021783597331e+04 3.338781358981240705e-05
-3.000090007611476176e+04 2.960963885773770391e-06
-3.000082393098803732e+04 1.924802624797077621e-05
-3.000077834280614479e+04 3.782107037313737379e-06
-3.000039604504974704e+04 1.257018117860541813e-06
-3.000012201198820912e+04 4.745276125192467544e-05
-2.999985693927380271e+04 6.952569614403802028e-06
-2.999909343998443364e+04 1.764228773616472677e-05
-2.999899306503930347e+04 1.987701370513536060e-05
-2.999894590427799631e+04 8.752230946289696507e-05
-2.999856361144757102e+04 2.645227589012872908e-05
-2.999819519461990785e+04 2.055625759354771877e-04
-2.999798736687806377e+04 7.450764956275504481e-06
-2.999775999053111082e+04 1.285348128960253676e-04
-2.999746475395914240e+04 1.696069862314578439e-04
-2.999713718738575699e+04 2.051459790757500276e-04
-2.999686652803298421e+04 3.857569747284459684e-06
-2.999671906837740971e+04 3.355035009901864254e-06
-2.999656645555765863e+04 3.507282313746752263e-06
-2.999626804148777228e+04 6.639997312757191749e-05
-2.999580123941574129e+04 3.285683472316974465e-06
-2.999524682633965494e+04 3.968656953559470329e-05
-2.999507675365278919e+04 6.559870421079333776e-06
-2.999495777049743992e+04 2.380378784350916665e-05
-2.999449484076138469e+04 3.747907087904988086e-05
-2.999429829690475890e+04 1.007519410064528483e-05
-2.999398701277331202e+04 1.021089021187408729e-06
-2.999385966609129900e+04 7.236636434886660658e-05
-2.999333557548900353e+04 6.206172389284735883e-05
-2.999294101019087975e+04 6.358026043165616447e-05
-2.999289894727909268e+04 3.600522374997478154e-04
-2.999242154228679647e+04 4.712341272513922660e-04
-2.999233338334045402e+04 4.154209105293873517e-04
-2.999227477966209335e+04 1.126183785403959942e-05
-2.999209035951510668e+04 1.575892081876326386e-05
-2.999164674407569328e+04 4.625838640737610277e-04
-2.999151230986358496e+04 5.644989258548289457e-06
-2.999099851303961987e+04 2.289433005288532476e-04
-2.999085625183462253e+04 2.581011590854137344e-04
-2.999076275883970084e+04 7.635004507370554997e-06
-2.999067528271886113e+04 8.182154146311468930e-05
-2.999019658532520407e+04 6.689635952929208452e-05
-2.998989682187468134e+04 3.900726763970963074e-05
-2.998981280277747646e+04 1.551705250468811555e-04
-2.998945369863773158e+04 2.662056789637624964e-06
-2.998915404783574559e+04 8.617091488293067338e-04
-2.998897912818111581e+04 4.996506744293436730e-04
-2.998882896456781964e+04 9.205036949831147102e-04
-2.998819394519197158e+04 4.959998743791451574e-04
-2.998799210057491291e+04 7.841848299040998945e-05
-2.998789530486798685e+04 2.125561674401736333e-05
-2.998775162536073913e+04 1.585813039439240260e-06
-2.998736706113625769e+04 1.252536585931975949e-05
-2.998699469395635242e+04 1.145358960963236252e-03
-2.998665408392368408e+04 3.203689085252994458e-04
-2.998643214643537794e+04 6.763230627811288699e-04
-2.998618618510179658e+04 5.678822806610731803e-04
-2.998607110410451787e+04 2.525202550235990714e-03
-2.998572007715178552e+04 7.762758629749035499e-04
-2.998557759102142518e+04 7.342614662361121591e-04
-2.998524581169004159e+04 2.172117659137771213e-04
-2.998511277719779173e+04 7.036105790990997525e-07
-2.998486945418405230e+04 2.526730258958743373e-05
-2.998450258128904898e+04 3.415231639431978738e-04
-2.998423030538447711e+04 6.852392336055211609e-05
-2.998394797582668980e+04 4.576864431587656469e-05
-2.998351445369691646e+04 5.288748342237580306e-04
-2.998313466010509364e+04 1.000769949848512004e-03
-2.998308927053786829e+04 3.400855844799772148e-05
-2.998280080643934707e+04 2.689632004249903341e-03
-2.998241269333422315e+04 1.881921353645266658e-03
-2.998209118392115488e+04 3.419379288799674122e-04
-2.998186863247298243e+04 1.923063061632496445e-04
-2.998156223538991253e+04 1.645449097925584742e-03
-2.998126778812502016e+04 3.308212474451713639e-03
-2.998091465004769998e+04 4.620857020094633338e-03
-2.998081074037282451e+04 1.329516980349503170e-02
-2.998064952283275488e+04 3.334515381931516063e-03
-2.998020889878245725e+04 7.792823969239305940e-03
-2.998011149696697976e+04 2.070253828781821147e-03
-2.997992576718527926e+04 2.020722021604450837e-03
-2.997969237776896989e+04 1.182084302276246134e-02
-2.997936791770242053e+04 4.104768974965769399e-05
-2.997904409221508104e+04 4.026190974313439736e-04
-2.997866862394149211e+04 1.514768585234400975e-03
-2.997851091932360214e+04 9.341538442544313782e-05
-2.997816557444653881e+04 1.122168943271644327e-04
-2.997784915462290883e+04 1.026314729230632652e-03
-2.997725043235592966e+04 1.636717949523330720e-04
-2.997714439084360492e+04 1.842220301323684853e-03
-2.997695245545931539e+04 9.145952474243723663e-04
-2.997678910329534847e+04 3.722067925236150735e-04
-2.997619874553334012e+04 1.324542654094209735e-03
-2.997585460050734764e+04 2.984882006554362855e-03
-2.997569424511702891e+04 5.227802804666356259e-03
-2.997558881683287836e+04 9.075058444236346056e-03
-2.997536813642779816e+04 1.174732083126074494e-01
-2.997526891497119868e+04 7.816485319122774833e-02
-2.997499172046445892e+04 1.252136247942215938e-02
-2.997483028190803088e+04 1.810487600134888519e-02
-2.997456742904671410e+04 1.486127777725717615e-02
-2.997438239553751555e+04 2.837204174135772583e-02
-2.997416866184782339e+04 2.484888847211609662e-04
-2.997390853542417608e+04 2.347951488082510377e-02
-2.997360527715929493e+04 1.478274070532518102e-03
-2.997355470135058204e+04 1.949143029826545109e-02
-2.997316967522024788e+04 3.019837966361239552e-04
-2.997297556975953194e+04 8.521649438616598835e-03
-2.997259563310203885e+04 1.726850940308123834e-04
-2.997239433223152082e+04 5.005782769798716378e-03
-2.997223273026262177e+04 1.727070096455175481e-03
-2.997208474064390612e+04 7.366529478369089265e-03
-2.997165338354443520e+04 1.708973473846371290e-06
-2.997129393663311566e+04 1.929935008450049146e-05
-2.997123022063855751e+04 2.568391219453924380e-03
-2.997104710378383243e+04 1.832738965988383673e-03
-2.997051023696461198e+04 3.016728664541905216e-04
-2.997044459310458114e+04 1.087062470974641389e-04
-2.997026118225954633e+04 5.440516405979318364e-04
-2.997004431435346851e+04 8.775611127560650759e-02
-2.996986032978554431e+04 5.134270229002062778e-03
-2.996959862632826116e+04 2.786184024889942898e-04
-2.996947472634124279e+04 1.743859902371739127e-03
-2.996926993462915561e+04 7.336312446157720792e-04
-2.996909262796876646e+04 4.439120223738416993e-05
-2.996885385958106781e+04 1.224034300251678267e-03
-2.996867601090390963e+04 6.189733732612421463e-02
-2.996848668898074175e+04 8.929084992448594119e-03
-2.996834159814011582e+04 1.264191505034581442e-02
-2.996813481191964092e+04 3.382912210326658072e-03
-2.996803383699696133e+04 1.100939536211955998e-02
-2.996777907090089502e+04 6.321751025687862013e-02
-2.996758917694149568e+04 8.138793269536067580e-04
-2.996728625168271537e+04 1.759356211222950703e-02
-2.996705108285361348e+04 1.768483185405841235e-02
-2.996691391614350505e+04 4.591676317773195175e-03
-2.996657428285642163e+04 1.766207388106486509e-03
-2.996656444209297842e+04 1.868730941397611970e-04
-2.996614852948456974e+04 1.221899940992867729e-02
-2.996603311451480113e+04 2.273935854369764104e-03
-2.996553090592318767e+04 1.752935117573393032e-03
-2.996532403488681666e+04 4.223209302144259494e-04
-2.996513876841673118e+04 9.851783352984123943e-03
-2.996487129801462652e+04 7.504734731921533682e-03
-2.996479478449971793e+04 2.936673600204833118e-02
-2.996476693702844568e+04 2.054887571554842723e-02
-2.996418852698041155e+04 7.858049109380770250e-06
-2.996404048565246921e+04 2.963468496871226481e-05
-2.996375986559307057e+04 1.193819577514682821e-03
-2.996352027431471288e+04 1.019820604115866287e-02
-2.996338763313847085e+04 8.656188296662796489e-02
-2.996303842833041563e+04 2.194647872409039632e-03
-2.996298103676963729e+04 1.330324754117938151e-03
-2.996258505551589042e+04 1.147544527505308520e-04
-2.996237634646847073e+04 3.036311205284462735e-05
-2.996231990766600939e+04 2.252460634074763364e-05
-2.996212133606001953e+04 7.126729855558645898e-04
-2.996200400445614287e+04 9.275780661234469973e-05
-2.996169001286597631e+04 2.492244025510551367e-02
-2.996136325951930121e+04 6.704499374627418112e-04
-2.996129473679799412e+04 9.332365037357857711e-04
-2.996116918975960652e+04 9.322020972020296725e-06
-2.996099114180644392e+04 4.311029753799388924e-05
-2.996074745503879603e+04 3.769952548102296431e-04
-2.996071144239292335e+04 7.596862218442755653e-04
-2.996027036601353029e+04 5.455495222429042508e-03
-2.996012626942843053e+04 4.625603211522905686e-04
-2.995966211867230595e+04 5.077025128431952096e-05
-2.995949235082939776e+04 7.509697903664822082e-04
-2.995935810492737073e+04 5.615740350599783721e-03
-2.995932004831625454e+04 1.397647780130953669e-03
-2.995902371130513711e+04 5.998533269132097371e-04
-2.995864228819837444e+04 8.764897620585237234e-05
-2.995841263582311876e+04 1.062991252451780944e-03
-2.995826199835277657e+04 1.826379583567870694e-05
-2.995808462715351197e+04 2.846662589029357973e-07
-2.995798661926401837e+04 7.883530017747054019e-05
-2.995764002763195822e+04 1.572606844684068886e-04
-2.995736860613034878e+04 2.981193381571099841e-03
-2.995728566842529835e+04 2.721502336411488285e-04
-2.995701793769494543e+04 1.622946467783010843e-04
-2.995674197170925618e+04 1.434206712579299187e-07
-2.995641311999381287e+04 1.799588345623029460e-04
-2.995629682211165709e+04 5.667308318701321082e-05
-2.995595262487881337e+04 3.589102081478728109e-03
-2.995588304155765582e+04 1.017933323277147510e-04
-2.995551150291235899e+04 1.261452335447665668e-05
-2.995531128336461188e+04 4.723524758299627729e-04
-2.995516934828569356e+04 7.908496053429941793e-06
-2.995506428497792876e+04 3.046938620092048793e-04
-2.995476873037962287e+04 2.628331833401814705e-06
-2.995455980145745707e+04 4.399464707278216528e-03
-2.995444782246762406e+04 9.454567816607699739e-04
-2.995405204526396119e+04 7.997028953949934893e-06
-2.995380512936043306e+04 2.490718624737307948e-04
-2.995376626962449882e+04 4.898275516080229011e-04
-2.995367926674941555e+04 1.387806236943306339e-04
-2.995335547580930870e+04 4.838098974362372781e-04
-2.995314033093494072e+04 3.907965538113814148e-04
-2.995304875129571883e+04 6.281168219576327774e-04
-2.995270687166013886e+04 9.685550902675121311e-07
-2.995257979635562879e+04 1.974088443078576686e-05
-2.995233071146588554e+04 4.697582954816587373e-05
-2.995210332551157262e+04 2.180319780182863186e-05
-2.995200406329524412e+04 8.993937122370881682e-05
-2.995172264127467861e+04 1.184511526638731386e-06
-2.995156000749288432e+04 6.281519867717451225e-04
-2.995135344655827066e+04 1.749857131788567317e-03
-2.995115290569109857e+04 1.741435981173083481e-03
-2.995086205576166321e+04 5.343564096994939127e-05
-2.995055053087236229e+04 1.805165103200742481e-05
-2.995037185166377094e+04 4.516890083342841276e-06
-2.995024127658003272e+04 4.774049966536352165e-05
-2.995003444585752004e+04 1.552718925080091329e-04
-2.994977302298978975e+04 6.176738518861406934e-06
-2.994942901064867328e+04 1.454910762819411167e-03
-2.994932041020956240e+04 5.690821564100290771e-04
-2.994909189846485242e+04 2.270159493966093981e-05
-2.994891425152671582e+04 5.649674607961487627e-06
-2.994885236491944306e+04 2.835809817163516020e-05
-2.994855121640632569e+04 4.808633533589321690e-04
-2.994846244463939729e+04 1.003646747714502224e-05
-2.994790003897251154e+04 3.098137257886481315e-04
-2.994754368314592648e+04 3.019362923832202798e-05
-2.994742096019972814e+04 3.677116851101383619e-03
-2.994731236224698659e+04 6.391607739712827337e-05
-2.994725915851418176e+04 1.204642338002920818e-08
-2.994711288389773836e+04 2.269415027627638427e-05
-2.994696380833996955e+04 2.863083802107748755e-05
-2.994672172627164036e+04 4.000398271758096556e-04
-2.994642811248677390e+04 1.054158524048556908e-05
-2.994629467697654400e+04 1.095359930802984951e-06
-2.994574398159445627e+04 1.643811610255161738e-04
-2.994544893021337703e+04 1.598036879502279272e-04
-2.994540787753725817e+04 2.854242507908620563e-06
-2.994524217492353637e+04 3.103145370371546120e-04
-2.994512350153953957e+04 2.260071383887605405e-04
-2.994471191233522040e+04 3.939340332256372206e-06
-2.994454576647433714e+04 3.609504392872076501e-06
-2.994451564196000982e+04 2.625108980805366740e-04
-2.994417484345097546e+04 2.906777914216431545e-04
-2.994388798039406902e+04 2.622049362438001914e-04
-2.994384279420939492e+04 6.518133831913337748e-06
-2.994346021346434281e+04 1.196853242268092362e-04
-2.994322935220483851e+04 2.537005553733529837e-06
-2.994294823370521772e+04 4.612088012576332642e-06
-2.994256270634780594e+04 1.650643859514093652e-05
-2.994225567170984868e+04 3.165737476422063838e-06
-2.994212055871925622e+04 6.631132333610109404e-05
-2.994201349170196772e+04 6.599582225423554602e-05
-2.994164229615826844e+04 4.231287329558453279e-05
-2.994133973638146563e+04 2.116563940046693390e-04
-2.994121727398116491e+04 8.219205616748529678e-05
-2.994108544534909743e+04 3.805875070291085566e-07
-2.994067726260164272e+04 3.981055653753833078e-05
-2.994052712164733384e+04 6.864566144424469026e-05
-2.994050446773522344e+04 1.368121304763857049e-05
-2.994036958417843562e+04 5.157788982449486033e-05
-2.994008024379157359e+04 9.881645302604823020e-09
-2.993973095269543410e+04 4.858349767375174119e-06
-2.993942214142576995e+04 1.112514617705961489e-04
-2.993931374220010912e+04 1.376925661273479450e-05
-2.993897531408401483e+04 1.868286330584148580e-06
-2.993877569203221719e+04 1.660119480363177796e-09
-2.993863866663163935e+04 2.315716270691770228e-07
-2.993814052780069323e+04 5.047153319326901506e-05
-2.993794400970364586e+04 3.092106861072860729e-06
-2.993779140773915060e+04 1.249101588100291743e-06
-2.993751951885745439e+04 8.643809825694379930e-07
-2.993746298084895898e+04 4.024405351331828962e-06
-2.993708998579511899e+04 5.018864596509485141e-05
-2.993694442025409080e+04 1.353504170427698283e-05
-2.993681201605332899e+04 1.568258863207281926e-06
-2.993658585390164808e+04 4.733018960994157460e-08
-2.993655318721960430e+04 2.968664511744893906e-05
-2.993624976602435345e+04 1.231597766372450824e-05
-2.993566702587077816e+04 1.443196097367312845e-05
-2.993550238529612761e+04 1.092873336112772990e-08
-2.993520353265504673e+04 8.203377970738269273e-06
-2.993507428489248559e+04 4.816029911722100572e-06
-2.993482837584875233e+04 5.158983373506748264e-06
-2.993450416674312510e+04 6.738231542683882002e-08
-2.993412022393782172e+04 3.734485270146977034e-05
-2.993402272641077070e+04 5.059673423327910878e-06
-2.993383624641013012e+04 1.521584060181991632e-05
-2.993377325443606605e+04 2.706276554153935304e-05
-2.993342659062466191e+04 3.191005196981618421e-05
-2.993342431495773053e+04 5.122089765505640219e-06
-2.993310518483185660e+04 9.393905501289015595e-07
-2.993244280616526521e+04 3.051547960688600771e-06
-2.993214782829436081e+04 4.521826746627573809e-12
-2.993207247487317363e+04 9.758203442651680476e-07
-2.993183806513289528e+04 7.433653174957985841e-07
-2.993155350493314108e+04 9.262747660808313740e-07
-2.993146738447374810e+04 7.395267837134985561e-07
-2.993118605083312650e+04 3.578842809982618134e-05
-2.993101544090292737e+04 1.149967329748495792e-05
-2.993079502137960662e+04 3.863940825752944762e-05
-2.993047271617021761e+04 2.589105627497445355e-05
-2.993025151344224287e+04 3.848122169099096823e-06
-2.992970085141745585e+04 2.493163193760702404e-06
-2.992961416399354857e+04 5.768676123471416003e-07
-2.992938543692496751e+04 1.138253818354433046e-06
-2.992918792900250264e+04 2.598949956168902480e-09
-2.992865269482668009e+04 3.794255065934031895e-06
-2.992854971997657776e+04 1.567624586993596653e-05
-2.992834308584282553e+04 4.847453368675314806e-07
-2.992810065688081158e+04 1.015829354768448245e-06
-2.992785406097416490e+04 3.954469520223574403e-05
-2.992743591326180831e+04 1.017239060415544369e-05
-2.992714952390734470e+04 2.635027944169096481e-06
-2.992701185704650925e+04 1.128848320477057050e-06
-2.992683342653291038e+04 6.252373446143698374e-07
-2.992644887787950211e+04 8.074069333513476189e-07
-2.992626120766809981e+04 7.112229273610263420e-08
-2.992597723366659557e+04 2.124357485748943760e-06
-2.992566928164768979e+04 2.245779276812567551e-07
-2.992548489376607540e+04 3.965227907114477637e-06
-2.992519115394854089e+04 1.944262155426965637e-05
-2.992493873624016123e+04 1.168840599737414448e-07
-2.992463054143308545e+04 6.495770389311158162e-06
-2.992440567048575394e+04 4.089864768794986082e-08
-2.992416249703914582e+04 2.637212389374756571e-07
-2.992403197605325113e+04 9.681000224444351901e-07
-2.992400440925603834e+04 4.815798266217376474e-08
-2.992333292731571782e+04 8.800136387722943251e-07
-2.992291045897229196e+04 1.654217193275493212e-06
-2.992262743284574026e+04 4.510052225125117824e-06
-2.992232683887055464e+04 1.629138227452188819e-06
-2.992202830299993002e+04 2.920884065355060504e-06
-2.992186558732794219e+04 4.292377494150337411e-08
-2.992163644368645328e+04 1.263754195160691938e-06
-2.992110867761772533e+04 2.538989382888276498e-08
-2.992098860052405144e+04 5.015685144976256958e-08
-2.992081264062707487e+04 3.318119670635277288e-08
-2.992053453470118984e+04 3.210125132549601440e-07
-2.992028691096793409e+04 9.668464925304254638e-07
-2.992019338460644576e+04 1.942230548954977633e-06
-2.991961641320804847e+04 2.292144006082286296e-07
-2.991925795024380204e+04 1.295102787260168441e-06
-2.991894801666587955e+04 2.201928953654811656e-09
-2.991871375380753307e+04 3.338422380736182629e-08
-2.991854046071991979e+04 2.170793078794292672e-07
-2.991772392122997553e+04 3.958785089319308042e-07
-2.991762418511047872e+04 4.124611168708548230e-08
-2.991757416673637272e+04 7.955124763762674831e-07
-2.991731649020629266e+04 3.745103015332695136e-07
-2.991719928648261339e+04 3.999191005112104974e-07
-2.991657194700053515e+04 3.849859691212901919e-07
-2.991638223709323574e+04 2.572127906886240956e-07
-2.991616695946553591e+04 1.453726094192830975e-08
-2.991594023723586361e+04 5.245992032987124081e-10
-2.991551370137665799e+04 3.616499482896358844e-08
-2.991503403111396256e+04 5.503542590209357221e-08
-2.991477280028383029e+04 9.443448361377487503e-07
-2.991423367311316179e+04 1.518343938731837332e-09
-2.991413915579768582e+04 3.670879715465267658e-07
-2.991401797218381762e+04 2.900274771310603476e-10
-2.991339909534615435e+04 9.936189223020427706e-08
-2.991322378107507757e+04 1.575670211051969599e-07
-2.991279263387840911e+04 1.030020463515828321e-08
-2.991228302187942609e+04 1.497170533989212278e-07
-2.991207724636148487e+04 4.118423386103700076e-07
-2.991180650476875962e+04 7.739357890174717864e-09
-2.991133870831067907e+04 2.964451650968479422e-08
-2.991108865270986644e+04 5.334950821385695279e-08
-2.991085210908268709e+04 4.694877595448624675e-08
-2.991058889498234930e+04 2.019316776538654202e-07
-2.991015319441290558e+04 1.251647878356436010e-07
-2.990975241286544406e+04 2.240570129836564794e-08
-2.990947093341810978e+04 6.549359799777673862e-08
-2.990902033225645937e+04 5.477256047864507256e-09
-2.990836587900256927e+04 1.070754791477213033e-07
-2.990815221487836607e+04 1.668038021683610984e-08
-2.990794069767828478e+04 1.782984469795581830e-08
-2.990770658946707772e+04 1.243131186379688186e-07
-2.990711631986044813e+04 3.753800526463047341e-09
-2.990670076099007565e+04 1.915343533472018588e-08
-2.990643888913046976e+04 9.504167684220031750e-09
-2.990608300683919151e+04 3.748131359724986001e-08
-2.990591988987959485e+04 3.590800298593591520e-08
-2.990540294699374499e+04 2.346128607536707271e-10
-2.990516817495540090e+04 2.228756353154778078e-09
-2.990447539654436332e+04 3.313924164879371230e-10
-2.990403319044750970e+04 4.470124899637171553e-08
-2.990380268692495883e+04 1.440151820561276204e-08
-2.990335757661936805e+04 1.557188734997457636e-10
-2.990252992665140482e+04 4.500959245752068873e-09
-2.990231806309136664e+04 4.142963625156102060e-09
-2.990191632492805729e+04 6.011691463888636691e-09
-2.990168503879606214e+04 1.541469336662851291e-09
-2.990138657014670025e+04 5.281517063438704278e-09
-2.990072792634022335e+04 2.431466190544650628e-10
-2.990041385570039347e+04 2.706682611102384687e-09
-2.989969442346730648e+04 6.046369109284762612e-09
-2.989913894133633585e+04 1.671109895549627064e-09
-2.989851480025906858e+04 2.650876045286172967e-09
-2.989780423833738678e+04 9.052083760489584042e-10
-2.989737542471311463e+04 1.139260526520932872e-09
-2.989707938782393467e+04 7.581746157544281511e-11
-2.989671054673109757e+04 1.281510030815515545e-11
-2.989619350562095133e+04 4.937508929617038572e-10
-2.989595560472485886e+04 6.643902715403186419e-10
-2.989530617930680091e+04 1.299912525068577915e-09
-2.989458927869379477e+04 6.792030460416348227e-11
-2.989434592667371180e+04 2.258646701724030548e-09
-2.989400557804542404e+04 1.463299676940786577e-11
-2.989335486061130723e+04 1.104243452289389713e-10
-2.989245720223476383e+04 3.562458061426351151e-11
-2.989205598465495132e+04 2.240783575697809454e-10
-2.989164541058427858e+04 4.342568023597659841e-10
-2.989079023793129454e+04 1.480338210128588138e-10
-2.989019545357004245e+04 2.588633855720420332e-10
-2.988938717290425120e+04 1.346934339036339569e-10
-2.988901848706395685e+04 2.127996445948861752e-10
-2.988838915256728433e+04 3.770926450854506349e-11
-2.988793813241244789e+04 2.027499155440606206e-13
-2.988740895636022105e+04 4.560362584651302059e-11
-2.988668226256599883e+04 1.210865688914344273e-10
-2.988545673334697858e+04 3.350181953380433924e-11
-2.988479331925853330e+04 2.784172281324878409e-11
-2.988439563609773541e+04 3.697913761906742362e-12
-2.988336094202433378e+04 2.993443841201958388e-12
-2.988150665685395506e+04 7.137497442611981946e-18
-2.988125264371134836e+04 2.022391784959678549e-11
-2.988082396336096281e+04 9.997017388750004256e-12
-2.987946558943499622e+04 1.363996829197973142e-12
-2.987775580305933181e+04 2.323645359964835271e-14
-2.987685777163250168e+04 5.100311290955205757e-12
-2.987567673534714049e+04 4.189993157794479622e-14
-2.987533570725172467e+04 6.475824674861514687e-14
-2.987376599245935722e+04 1.233562211257334312e-13
-2.987328770607527622e+04 6.556573378468840595e-13
-2.987256031842886296e+04 5.323578511309866601e-13
-2.987094412977232059e+04 7.080008263292532778e-13
-2.987009739104632536e+04 7.689759281502171372e-14
-2.986849416382026175e+04 3.002112959076569724e-15
-2.986686709055143729e+04 1.111798678788440169e-14
-2.986515711383056987e+04 6.917136339850724729e-15
-2.986423655075881834e+04 3.136751634840037035e-14
-2.986362411432535009e+04 3.001237845876901792e-14
-2.986199735014014004e+04 2.421219061809025786e-15
-2.986011957549531508e+04 3.788467249497795183e-16
-2.985919579754885126e+04 1.430315144236654233e-15
-2.985526715901337229e+04 1.029199825531842796e-15
-2.985469152356180712e+04 1.296310448671137254e-15
-2.985396525377510261e+04 6.055758256156560988e-17
-2.985258156795106697e+04 1.268865552144718603e-16
-2.985012009798766303e+04 2.130392315649824375e-17
-2.984935725258560342e+04 2.392142920050423333e-17
-2.984483080674910525e+04 2.700950710476753126e-17
-2.984415324732990121e+04 4.740726055917752137e-18
-2.984199192540173681e+04 1.415475694407928822e-19
-2.984123215019998315e+04 1.071779879897970677e-18
-2.983875580621556219e+04 4.512061432802658119e-19
-2.983819348765471659e+04 2.135909451712604269e-19
-2.983382030254871279e+04 3.736894420910540342e-19
-2.983289874916888584e+04 4.600664453664421538e-20
-2.982743997603546086e+04 2.349152364229943879e-21
-2.982730853637546898e+04 8.192625253109052520e-22
-2.982492583555064994e+04 4.277868574881137531e-22
-2.982455241016427681e+04 4.122572553332039596e-24
-2.982173610475635724e+04 5.685081122383775733e-22
-2.982085741865105228e+04 1.709592595006930798e-21
-2.981280445043751388e+04 3.386984405731739521e-24
-2.981231986933426742e+04 0.000000000000000000e+00
-2.980848562229565505e+04 0.000000000000000000e+00
-2.980773679317344431e+04 7.026099984532819653e-24
-2.979633456747367745e+04 0.000000000000000000e+00
-2.979598925704362409e+04 0.000000000000000000e+00
-2.979358421378669664e+04 0.000000000000000000e+00
-2.979307648690023416e+04 0.000000000000000000e+00
-2.977755506579472421e+04 0.000000000000000000e+00
-2.977720928637145335e+04 0.000000000000000000e+00
-2.977451448904224890e+04 0.000000000000000000e+00
-2.977419736671504506e+04 0.000000000000000000e+00
-2.975776765429808438e+04 0.000000000000000000e+00
-2.975748303749770639e+04 0.000000000000000000e+00
-2.973299003720661494e+04 0.000000000000000000e+00
-2.973279766861522148e+04 0.000000000000000000e+00
2.996256159463402946e+04 0.000000000000000000e+00
2.996275470907252384e+04 0.000000000000000000e+00
2.996279363990040292e+04 0.000000000000000000e+00
2.996497977986641490e+04 0.000000000000000000e+00
2.996574217073243562e+04 0.000000000000000000e+00
2.996706914478574981e+04 0.000000000000000000e+00
2.996721847159767640e+04 2.068099622942884545e-24
2.996762511331011774e+04 0.000000000000000000e+00
2.996854870936100269e+04 6.699493697024134271e-24
2.996947717750110314e+04 2.255381380748742389e-24
2.997046082081283021e+04 3.747960798032253078e-22
2.997073533636474895e+04 1.116488344398475793e-23
2.997148372224816922e+04 5.273769390856584912e-22
2.997248989524572607e+04 3.920448250237563601e-21
2.997348647053416425e+04 6.129718014594114202e-23
2.997354263658759010e+04 3.971711769009048286e-20
2.997457137265392885e+04 4.076354951257988134e-21
2.997527789246499015e+04 1.233366920236222806e-19
2.997565555769643106e+04 5.562314159934124804e-19
2.997602356900191808e+04 3.433102841048791638e-19
2.997671264879430237e+04 9.630429578102388794e-20
2.997682623665390565e+04 1.512994018230349995e-18
2.997786638294623481e+04 1.175746653131778354e-17
2.997797213216244927e+04 6.062030188187700097e-21
2.997892109709343276e+04 4.995355909640367339e-17
2.997928740303222003e+04 4.775031081706452280e-18
2.997999606237537591e+04 9.951559573024877884e-17
2.998046954448123506e+04 1.144249386070780280e-17
2.998107658666220232e+04 1.016954255514387710e-15
2.998159984521075603e+04 4.018097931738650797e-17
2.998215681634308567e+04 7.597033280820251173e-16
2.998277220763577861e+04 2.744722579753813262e-16
2.998324330133461626e+04 1.384365357876788543e-14
2.998395642468647202e+04 5.994570371082869990e-16
2.998432590460067513e+04 8.479847408255215989e-15
2.998512795651634224e+04 3.390143719532313974e-15
2.998539780889652684e+04 1.255894069111912611e-13
2.998628528208734497e+04 4.714972699448545682e-15
2.998645055961710750e+04 1.614762693260276733e-13
2.998735485345027337e+04 7.041181282057801267e-14
2.998747561604939256e+04 3.351356714976146978e-13
2.998811510931178782e+04 1.015603429670881510e-12
2.998845157061001009e+04 4.746980389688924935e-14
2.998875367633532005e+04 1.730693192213844617e-12
2.998916052715706246e+04 5.195324639278271605e-14
2.998977555296534410e+04 7.537462631171329367e-13
2.999003095290539204e+04 9.447100434752669294e-13
2.999080178176280606e+04 1.818101999238811882e-11
2.999102460536173749e+04 3.008792139613622532e-14
2.999173321069285157e+04 7.563865556562572711e-12
2.999210990507575480e+04 1.193212807123444289e-12
2.999251105468487731e+04 3.987041672082449667e-12
2.999306030945133170e+04 1.315903681742495321e-11
2.999316604308464593e+04 3.568616053768300622e-11
2.999365138316697266e+04 2.089806980409126188e-11
2.999407866808246399e+04 1.654658524168205836e-10
2.999459095044667629e+04 5.708100990775698483e-13
2.999492617217284715e+04 1.116149999801471423e-10
2.999563385699014907e+04 1.999592508589494083e-11
2.999568039731309182e+04 6.711638876403705529e-13
2.999626473188694945e+04 1.493195104365620709e-12
2.999654429315727612e+04 6.829837793389883250e-12
2.999687348716794077e+04 1.584609797728809400e-11
2.999727664618877679e+04 4.248246737683934446e-11
2.999781531333235034e+04 6.322862583585712537e-12
2.999798212099791635e+04 4.234154722096991453e-11
2.999846417680398372e+04 1.802653094245096442e-12
2.999874177314123153e+04 3.125650567689171197e-13
2.999889568507799777e+04 3.097916466658218611e-11
2.999914634756743180e+04 5.280305453308828779e-11
2.999941970419421705e+04 4.694962162618810981e-11
2.999984350180534966e+04 1.267087737285790102e-11
3.000008072042364074e+04 3.332356464238518548e-10
3.000035249036415917e+04 1.280153717302055556e-12
3.000047972812231092e+04 1.344899752269536585e-10
3.000080547408402344e+04 6.232576466162902430e-11
3.000125612494114466e+04 5.682830549622355736e-10
3.000170811892689017e+04 8.558895421857887312e-10
3.000183735940288170e+04 7.013506171184328000e-11
3.000211575859859295e+04 1.137765257524166660e-10
3.000228003845929925e+04 2.249205957506347386e-10
3.000255564103064171e+04 8.166210156933063848e-10
3.000273538365866625e+04 1.069610353494075116e-09
3.000314923143409396e+04 8.401462479606081024e-10
3.000337116707934183e+04 3.305903196226331958e-11
3.000360631806129823e+04 1.868304289528508015e-09
3.000406014815381786e+04 6.271865564868227613e-10
3.000422544006757016e+04 1.598153027541348485e-09
3.000451509697171787e+04 4.316782292512110631e-10
3.000509940034541432e+04 2.260940205406218405e-10
3.000516865836876968e+04 6.943391639855853039e-10
3.000521502857840460e+04 3.292241341955078133e-12
3.000566971092429230e+04 1.550117773044281609e-10
3.000600033514586903e+04 2.075539201101709557e-10
3.000635130989793106e+04 6.486066743722860950e-12
3.000670839076641641e+04 5.266105867914093745e-11
3.000699936709364920e+04 7.185636789478105731e-11
3.000724211083157934e+04 4.627095829816632759e-11
3.000730105502326478e+04 2.735626075106162293e-11
3.000750097747915788e+04 1.118705757220065489e-10
3.000785479098484939e+04 8.595680350153604280e-10
3.000792842512314746e+04 3.090998409908518298e-09
3.000838565555842797e+04 1.918847773849207486e-11
3.000861106644089887e+04 6.444653112948689369e-11
3.000896734420626308e+04 5.512735224720647481e-12
3.000925819335375490e+04 5.398111692743288838e-10
3.000936547625216190e+04 8.136685131813642680e-10
3.000951794732319104e+04 2.915503913597868121e-11
3.000980418215386089e+04 3.277099138535558286e-09
3.001024200572262635e+04 8.617222520961396668e-10
3.001043100711414081e+04 1.976012783167150254e-11
3.001069520246908723e+04 1.698224053646027320e-10
3.001084140882710562e+04 2.655207235640002980e-13
3.001105676163593307e+04 1.071338075113826451e-12
3.001145862627306269e+04 1.621589766240566056e-10
3.001158015418655850e+04 1.074820620556867674e-08
3.001206333463480041e+04 4.312754620883191210e-10
3.001226897704602379e+04 4.238814026792101487e-09
3.001240819951492449e+04 4.600413706631254866e-09
3.001259326067911388e+04 5.806968434270241840e-09
3.001262490200109823e+04 3.603197830555858110e-09
3.001334489375892736e+04 7.316863925272938491e-11
3.001353162575683382e+04 2.528970155040752989e-10
3.001367445160236457e+04 3.007487801984121785e-09
3.001392421525717873e+04 2.828072465684275500e-09
3.001421584100147084e+04 7.752347020235539654e-09
3.001431427294079549e+04 5.020367700519116420e-09
3.001472567692113807e+04 6.520075162212998103e-09
3.001482919208544627e+04 9.606892933522679877e-10
3.001500917595192368e+04 1.615776042945653561e-09
3.001518956588480796e+04 4.040551136705962158e-10
3.001557996099326920e+04 1.183478451802150228e-10
3.001569605725233123e+04 6.934213976500459009e-11
3.001618047766739619e+04 6.569342970052648162e-12
3.001635990392212261e+04 2.876613535874756563e-11
3.001656360608938121e+04 6.241867321842386129e-09
3.001709448271875226e+04 1.279838197485793878e-09
3.001733575469095376e+04 3.271712602596817178e-10
3.001748452966583864e+04 1.233326652223409671e-09
3.001764014717589453e+04 3.118652624339815354e-09
3.001813385041863512e+04 5.422402956214334890e-09
3.001845816019209815e+04 3.719211404165701059e-08
3.001860775341947010e+04 8.181324277594404739e-11
3.001897258035113919e+04 2.592198303398512573e-08
3.001918247218323086e+04 3.050483857708653275e-09
3.001954287831379406e+04 1.075288618283046070e-08
3.001964013356193027e+04 1.297435905782638298e-07
3.001967029800300224e+04 1.299987394198786304e-07
3.002016744403000848e+04 1.620990523178926690e-09
3.002042997156466299e+04 1.579666782943540317e-09
3.002060334458013676e+04 6.258652457839778840e-09
3.002065384365956197e+04 1.437897436638889259e-07
3.002094021286569841e+04 2.746373086216251621e-10
3.002142657106732804e+04 3.823934887841331690e-09
3.002165715701825684e+04 1.332990142599739555e-10
3.002175719887222294e+04 8.620981230096026975e-11
3.002234793338287636e+04 7.066171578001357538e-10
3.002249555826890355e+04 5.745717974744557386e-10
3.002302430315025777e+04 1.004980424629389490e-09
3.002311407798533764e+04 1.498794645783225541e-09
3.002352835303486791e+04 9.850462914202536449e-09
3.002369229240049026e+04 1.216300175868946752e-10
3.002432065249998050e+04 2.374038610343267045e-10
3.002450088019295072e+04 1.021597615698535925e-09
3.002476941107505991e+04 1.050412279733576248e-08
3.002488521181769102e+04 1.425658227450274565e-08
3.002498691353009053e+04 1.577700977170113819e-08
3.002512653726697681e+04 9.636032776288654256e-08
3.002558763715944224e+04 3.694622521052989447e-08
3.002571790829655220e+04 1.431736695738425086e-09
3.002590433766310889e+04 2.040599255155121610e-08
3.002598082141398845e+04 7.255677641787626706e-08
3.002615386349219625e+04 1.220125207722297484e-07
3.002656177537446274e+04 6.097962508571503456e-09
3.002671190252594170e+04 1.319077321417452723e-07
3.002700747023051736e+04 1.805056075250602183e-08
3.002717381019736058e+04 1.783786707145991931e-08
3.002746664612212044e+04 7.400258150472653145e-08
3.002767961182786166e+04 2.270157354237805933e-08
3.002809320538611792e+04 2.339140756504585289e-09
3.002826363055577531e+04 4.050878167435026131e-08
3.002848747769931651e+04 2.087484752758361404e-08
3.002862578998860045e+04 1.094609910176770420e-08
3.002922996275847618e+04 9.932174808111664290e-09
3.002933742670824358e+04 8.206880155626726691e-09
3.002935857740428764e+04 2.291857712888634886e-08
3.002976534588352661e+04 4.090532375694184931e-10
3.002990739690040573e+04 4.412391739013694030e-09
3.003027247905827971e+04 4.628070184159879741e-08
3.003033826217230671e+04 1.231736047363356535e-09
3.003047151347986073e+04 5.113720344232423524e-10
3.003074911962361512e+04 1.839164458492198947e-09
3.003117302232424117e+04 5.562511317557361913e-12
3.003127955096081860e+04 1.574840237990429059e-07
3.003140834452300260e+04 1.442051873458309825e-07
3.003169950752420846e+04 6.053506452854320729e-11
3.003174858564346505e+04 4.474841490953907956e-08
3.003195799959724536e+04 8.985743527954878323e-08
3.003206878278360455e+04 3.414204572678861995e-09
3.003230756556622146e+04 7.036538084679896479e-08
3.003252859100175920e+04 1.526052452486252046e-08
3.003261316327623717e+04 1.127152878322770470e-07
3.003274623714144764e+04 3.745560033798595319e-09
3.003323762574631473e+04 1.163037815845561445e-07
3.003345888958177966e+04 6.094059121492751799e-08
3.003358001078270536e+04 1.672084513723815857e-09
3.003375360485941928e+04 9.712279346925010757e-09
3.003391464400499535e+04 6.683064496932926853e-09
3.003431872469121299e+04 6.559383509707584735e-08
3.003448591208026846e+04 6.641052663396358220e-08
3.003490077809280774e+04 5.557643938218513549e-09
3.003520067591973930e+04 3.177902160307170070e-10
3.003534677780956190e+04 3.367322252894911084e-09
3.003551963844915372e+04 1.636306393942591933e-07
3.003555282746837838e+04 6.203360684817967761e-09
3.003570073416496962e+04 3.041783707582409149e-09
3.003631946891115149e+04 8.589574065760851436e-09
3.003644134351972389e+04 2.289263697075586441e-09
3.003672637547727572e+04 8.961829917889251296e-09
3.003683200755355574e+04 1.919281851919878793e-10
3.003695781286495912e+04 7.243708372625044623e-10
3.003718500002847213e+04 5.292084103108273069e-10
3.003731257957211346e+04 3.181736431862763833e-10
3.003776027934796366e+04 9.825496863904408821e-09
3.003811197271916171e+04 1.847178979185739029e-07
3.003812494935992800e+04 2.778473411619307495e-10
3.003827565020028851e+04 3.459609970903208561e-08
3.003861111535989767e+04 4.660146931274461215e-09
3.003884981939230420e+04 1.788840551707649821e-08
3.003893630750982993e+04 2.021142168442829044e-09
3.003909023132443690e+04 1.099246712303879665e-08
3.003934778212973833e+04 1.338293076878289776e-08
3.003951263485940581e+04 5.827837102993903624e-09
3.003961131446323634e+04 1.775844648104823766e-08
3.003962614580104491e+04 1.639545620322818689e-08
3.004026773383993714e+04 4.048644426804759157e-08
3.004033171298181333e+04 1.396229324153450083e-08
3.004066493917753542e+04 1.232305271492129475e-09
3.004089561635460632e+04 1.429574615097713232e-08
3.004107718541027498e+04 1.761952390401992921e-11
3.004123865933697743e+04 1.612218420444959512e-09
3.004126996044914267e+04 1.139278819360037306e-10
3.004162366113280950e+04 1.453661927726823447e-10
3.004216921624803217e+04 2.571269009242735059e-09
3.004225169799770447e+04 3.415241831307230714e-09
3.004237257768373092e+04 7.421370240652865347e-09
3.004252488703930067e+04 5.748958519669854424e-08
3.004285089257142317e+04 1.047167108896701580e-08
3.004295587065011932e+04 1.049449891752653501e-09
3.004311946048982281e+04 7.254156774876321513e-09
3.004347471478629450e+04 8.425884177519547971e-15
3.004370061077989521e+04 3.991029124131642285e-10
3.004390349177050666e+04 2.415157313981095769e-11
3.004427463337079098e+04 1.484345080925600993e-09
3.004440236498689774e+04 7.474209044853340016e-10
3.004446662009973443e+04 5.495502847864095142e-10
3.004480864378199476e+04 1.819402838381722960e-12
3.004505615364148616e+04 4.712594032836284779e-10
3.004516972972881194e+04 2.635986653592080645e-11
3.004531907839433916e+04 9.680965570497058448e-10
3.004552569307924205e+04 1.613697740572712581e-11
3.004585316154931206e+04 1.327706442893084894e-09
3.004600259374183588e+04 4.721141671426210015e-10
3.004632557823351090e+04 5.712941225384527419e-10
3.004651259968495651e+04 6.118457504789187163e-09
3.004669497119967491e+04 7.092481584789469481e-11
3.004672725126668593e+04 3.119077402318309969e-12
3.004706817838633651e+04 6.878476058188813951e-11
3.004714211401663124e+04 2.557621581261273326e-10
3.004733598397448804e+04 1.488851276985027167e-09
3.004753384761969573e+04 1.101236678674665883e-15
3.004757623929896363e+04 8.945455043668180104e-12
3.004810861592745277e+04 4.270025340809055288e-11
3.004822351680217980e+04 3.098698645654757733e-10
3.004852778565951303e+04 7.402240547278728027e-10
3.004886274093890461e+04 1.170705366505158382e-10
3.004894546091320080e+04 2.065953875368853359e-09
3.004901434010205048e+04 5.271108262777878581e-09
3.004927296691113224e+04 3.191368900340620541e-09
3.004951269311536817e+04 3.525898809212329894e-11
3.004978948515915181e+04 4.058717419017743966e-11
3.004998034122194440e+04 5.447791596026536417e-12
3.005015375667694025e+04 1.962893776281364492e-10
3.005035211587496451e+04 8.241535347120009628e-10
3.005049427685629780e+04 5.194841333925166138e-10
3.005091628404867879e+04 1.264429321540952712e-09
3.005109101211337838e+04 2.296969977027675406e-10
3.005137439312451534e+04 2.417655826422456504e-10
3.005145827628433835e+04 3.342430735420888182e-11
3.005172044627611831e+04 2.144047451837636499e-10
3.005181031743384665e+04 1.991354827667219165e-10
3.005200705695835495e+04 4.066577198035772750e-10
3.005265288335773221e+04 7.275815355056928580e-11
3.005280247494032301e+04 1.092889537309903136e-09
3.005287416052832123e+04 2.897117548342700141e-11
3.005292808509917450e+04 1.042208256607785833e-10
3.005311158789243564e+04 1.523477253857563001e-11
3.005329174386838713e+04 1.175112581312002082e-10
3.005340722255907895e+04 9.697857313681327512e-13
3.005367926136411188e+04 5.779658422389017414e-11
3.005401611594748829e+04 8.200418298649018147e-11
3.005418359066946505e+04 1.383699657345433716e-09
3.005457651451793936e+04 1.340097615370023095e-09
3.005482159579559084e+04 1.298900563754352144e-10
3.005490181149472846e+04 6.436057957567063723e-10
3.005509738525636931e+04 2.504598508527394960e-10
3.005518045712872481e+04 3.866966241101324643e-10
3.005545437410872910e+04 1.027361670521307409e-11
3.005568394560486922e+04 2.943458040944251620e-14
3.005579916883418991e+04 5.357110354341634776e-11
3.005612385435737087e+04 3.241473572511435686e-10
3.005645335295457699e+04 1.174424434283119808e-10
3.005652441627375083e+04 1.000602313448896402e-11
3.005687029780533339e+04 6.207111356357180895e-10
3.005708321747200898e+04 2.288584529570661764e-10
3.005737889663590613e+04 2.981317404513798119e-11
3.005776765848955256e+04 2.582647091379965700e-10
3.005805308484338457e+04 2.162647899320750904e-12
3.005820749192632866e+04 1.747243107089392543e-12
3.005825903676293456e+04 1.237940466699081949e-12
3.005876947152841967e+04 1.711142522817775528e-12
3.005895661391452086e+04 2.084814927151753384e-11
3.005908143324123739e+04 4.447270436505419743e-11
3.005923508911023600e+04 1.336817515794401032e-09
3.005970489810437357e+04 1.448583964252488418e-09
3.005975410237521282e+04 2.700666743297444459e-10
3.005978739955598940e+04 3.068632312532535695e-10
3.005995227097820680e+04 2.701979959326977045e-10
3.006043449151442837e+04 7.902116267727044482e-12
3.006051509476040155e+04 8.847647585594107680e-11
3.006090436702840452e+04 4.997625877356579266e-11
3.006097573159346211e+04 3.121941976376833661e-11
3.006132337990695305e+04 3.051713593643564457e-11
3.006147884061536388e+04 1.164610484629761934e-12
3.006166810377293586e+04 1.178360780377004654e-12
3.006213750341482955e+04 3.343182763683070424e-11
3.006223532488515775e+04 3.137145690929152305e-13
3.006235480177295176e+04 7.321175614557694172e-12
3.006274509356142880e+04 6.406032241295564040e-11
3.006287836421113388e+04 3.383378884357260783e-12
3.006314332363262292e+04 5.844059292005262327e-10
3.006334842320182725e+04 1.019602325269386402e-10
3.006354575775906051e+04 2.290741688255963347e-11
3.006374984170414609e+04 5.281995205370406439e-11
3.006379884415177003e+04 2.516294585012450574e-10
3.006411206814838806e+04 5.992293433334711660e-11
3.006458804563406011e+04 9.446388546781861573e-12
3.006472702985083379e+04 9.864212534085191517e-13
3.006509915005096627e+04 8.694049011611614820e-12
3.006526725566049208e+04 5.070162559155409033e-13
3.006552223697873342e+04 7.397174883804413364e-13
3.006559745979062063e+04 3.250257519850789541e-14
3.006613105295036075e+04 2.346157863391205835e-11
3.006627076468047017e+04 5.397578219542857232e-11
3.006644916365114841e+04 1.459923254547782423e-12
3.006648133504286307e+04 2.133465791839615962e-10
3.006685520251723210e+04 2.061773853089046949e-10
3.006686303102998500e+04 3.585242787599165720e-14
3.006734014622922405e+04 1.207932609875308137e-10
3.006788435204648340e+04 6.568765394577271223e-11
3.006809700697187509e+04 1.950366713585359938e-12
3.006818854451105653e+04 1.271459327708579420e-11
3.006830070999044256e+04 1.005031917807693685e-11
3.006866919336806313e+04 7.707236990392356628e-12
3.006876910423006120e+04 8.049938607859993700e-13
3.006910284195710483e+04 3.031100530928132616e-12
3.006924532217817978e+04 3.278744463268685426e-12
3.006952797411070060e+04 3.062967256351893117e-11
3.006985282885339620e+04 3.684476332774076735e-11
3.006997675759327467e+04 3.635609065913355506e-11
3.007052636002912186e+04 7.943364316938476620e-11
3.007069672420545976e+04 3.742617435650807323e-11
3.007090779219337855e+04 2.933612473236945276e-13
3.007101023643179724e+04 6.286989703496171635e-12
3.007160928808754034e+04 4.550305204047187822e-12
3.007171583065796585e+04 1.881268114369618825e-11
3.007189418070623651e+04 2.690534144876044862e-12
3.007223751167142473e+04 4.230467633814946566e-14
3.007240925549308668e+04 7.614204254139535345e-12
3.007281048066986477e+04 1.527689771225908199e-11
3.007315864444581530e+04 4.605710902825105212e-12
3.007332275855179978e+04 1.648511608474604725e-11
3.007336472800219781e+04 3.217436782533615109e-12
3.007379768071064609e+04 2.049231808653321345e-12
3.007403742575747674e+04 3.550514474551898069e-11
3.007431933479891813e+04 1.116399392955558677e-11
3.007460862872869257e+04 5.910597789775160288e-13
3.007478160492302777e+04 3.778824503377187418e-12
3.007502743890634520e+04 4.692582226719375739e-13
3.007537201920693406e+04 2.029259973062506286e-13
3.007556273339159452e+04 7.101075454389322111e-12
3.007585146131244255e+04 2.753442520996579390e-15
3.007602578940940293e+04 2.918650337329900668e-13
3.007620918680381874e+04 6.183817298985680129e-12
3.007635845159728342e+04 2.433340910706148104e-12
3.007687956507861963e+04 3.591326721505005456e-11
3.007741139492723960e+04 4.558372045555276916e-13
3.007757119387755301e+04 7.421321624480165913e-13
3.007791120867869176e+04 1.207544036100111046e-13
3.007827561015803076e+04 1.678845065244717385e-12
3.007840877574247497e+04 1.309823922269852635e-12
3.007866534758007401e+04 8.424195782470595445e-13
3.007918637109252450e+04 1.627668958773937935e-14
3.007927807717475662e+04 1.931842337571923952e-11
3.007952224461962760e+04 8.083672942207052198e-13
3.007980084704001274e+04 2.974504821799150259e-13
3.007997197090402551e+04 4.018227959146136803e-12
3.008015599705229033e+04 5.541510348125332237e-17
3.008058384831774674e+04 1.938112703231363988e-14
3.008094740847848880e+04 1.413684730418177195e-12
3.008125568193457366e+04 5.755461389949175153e-13
3.008150093670508795e+04 5.067280354456556279e-19
3.008163576391999231e+04 1.291252748203961061e-11
3.008255349924924303e+04 4.175275353294933513e-13
3.008263632315630093e+04 9.190919535854384114e-14
3.008267302998436207e+04 1.845822003570560049e-13
3.008301756564247989e+04 3.396099753484892529e-13
3.008312277956678008e+04 4.303271628380211907e-13
3.008370720113348943e+04 2.781306261991068902e-12
3.008383421885079224e+04 8.505950364147379190e-13
3.008426236926118509e+04 2.103201323359255471e-12
3.008430118844315439e+04 1.372493507160704999e-12
3.008497236855364827e+04 2.268030948793824429e-13
3.008517910213508367e+04 2.984308412074762144e-13
3.008542300638771849e+04 1.364724038068931809e-13
3.008599732690927704e+04 1.241773363573377504e-12
3.008615677464389955e+04 3.866245391969959805e-13
3.008625264187991706e+04 5.669721689207932038e-13
3.008678268254002978e+04 4.966299777831429366e-13
3.008709658267936175e+04 3.298039859624948465e-13
3.008752297742174051e+04 1.497545404847407723e-14
3.008803055843463881e+04 6.165959165685943516e-13
3.008816620983636676e+04 3.950966225036521880e-13
3.008834896425790430e+04 3.159289094579751385e-16
3.008889872030951665e+04 4.257880631661707328e-13
3.008918014879914335e+04 5.302320066779139602e-17
3.008954065258233459e+04 7.251978888774125298e-15
3.008971152577789326e+04 3.359017851452247264e-16
3.009006527869826823e+04 6.925641491635607625e-14
3.009048092914616791e+04 3.423341354277762842e-17
3.009074199320967091e+04 4.509722877341677468e-13
3.009139024132886334e+04 6.425564717458802300e-14
3.009196479703927616e+04 3.715269872531584161e-14
3.009214779586435543e+04 2.973479679446924501e-15
3.009224780029498652e+04 1.504193286336564087e-14
3.009259296065109811e+04 1.056489193809971946e-13
3.009317101605519565e+04 7.202225978473613057e-14
3.009362280534462116e+04 7.494581633397697378e-16
3.009391620111779412e+04 4.724472305862710524e-15
3.009409104724685312e+04 4.846425285586889643e-16
3.009429784948010638e+04 3.788034243461764789e-15
3.009488572783824202e+04 2.803571855935748915e-14
3.009508923824894009e+04 8.402620546899671993e-14
3.009579189892703653e+04 2.522493509156498499e-14
3.009624304203440261e+04 1.623236753196438551e-14
3.009666230357298264e+04 5.136800227981596947e-15
3.009694033703858076e+04 1.855924438975118647e-16
3.009763778685047146e+04 2.735133909345304790e-14
3.009796906752185532e+04 4.711750995513539685e-15
3.009835649677139008e+04 4.163309694355105674e-15
3.009866843164969032e+04 9.061801071834035885e-17
3.009903018533010254e+04 2.888527464935659957e-14
3.009950414724646544e+04 1.248173856791152410e-14
3.009985881001703456e+04 4.138878057830349896e-17
3.010065603020161507e+04 1.039214808912624998e-14
3.010107875539321685e+04 2.780676205129444528e-15
3.010167382430260841e+04 3.853878167653660790e-15
3.010243825234516407e+04 2.318217918492754046e-16
3.010299330879379704e+04 1.055592583158708193e-14
3.010330992086381593e+04 8.294478968681110575e-16
3.010362317735273245e+04 2.516785043691612793e-18
3.010424907897850062e+04 4.213508226890725874e-16
3.010432004401210725e+04 5.004069398495451338e-16
3.010491886142009389e+04 4.473892408630867380e-15
3.010563435344367826e+04 9.496286183532486266e-18
3.010592294767904241e+04 8.089448956733816701e-17
3.010631881613437872e+04 5.139939691852358324e-16
3.010689607156707643e+04 8.948174140095258561e-16
3.010795866734081574e+04 4.137852142978312484e-16
3.010828138299470811e+04 7.047017649730408465e-16
3.010873903139124741e+04 4.792072651058217956e-16
3.010966950930363964e+04 1.948154848992747048e-17
3.010999815076432060e+04 5.765037487107882049e-17
3.011090849940606495e+04 1.943952202990946922e-19
3.011115252332135424e+04 1.021445885806026255e-17
3.011203583557892489e+04 3.733678560302440541e-17
3.011242205823176482e+04 1.158449893469828545e-16
3.011290132276531949e+04 3.036757724475256216e-16
3.011361813191868350e+04 8.029631626099725625e-19
3.011511991718007994e+04 1.198737819190198667e-19
3.011573708288420312e+04 2.035662521792566322e-17
3.011614851985016867e+04 3.320637377891411344e-17
3.011704404043405884e+04 6.100066504295546173e-18
3.011895198702675043e+04 4.033883176804814311e-17
3.011908756185328457e+04 3.985370457138344491e-18
3.011955772819842241e+04 1.704152992860482727e-18
3.012080230721702901e+04 1.357564992525566406e-17
3.012283234966183227e+04 3.691365867796395559e-19
3.012351224867636120e+04 3.597745243555634631e-18
3.012505564892492112e+04 1.649951758570000232e-20
3.012527096320973578e+04 6.887281162167419213e-20
3.012661769264008763e+04 2.118678673241133107e-18
3.012727733268238444e+04 7.255027113383287763e-20
3.012771807529110083e+04 3.459424721376526038e-19
3.012936162359875016e+04 9.790307140974902296e-20
3.013051353295770969e+04 1.079905565600000006e-20
3.013193517484475524e+04 1.279417917371416729e-19
3.013359740097137910e+04 9.588014407820516376e-21
3.013513913370228329e+04 5.769910747378486765e-20
3.013616455728929213e+04 5.569255395197143015e-21
3.013682467771071242e+04 2.367095000223519639e-21
3.013831821947251228e+04 2.357845481453658111e-20
3.014039120373694823e+04 2.567046460603020166e-21
3.014120171718640995e+04 1.417505868363070932e-23
3.014503168399599963e+04 1.294931187210069834e-22
3.014554005886881714e+04 1.547410676476096035e-21
3.014667633682230371e+04 7.612562306728094650e-23
3.014792273978038793e+04 7.032342870725208729e-23
3.015032010564157827e+04 2.793744903577093563e-23
3.015106480494995049e+04 3.053203935525370962e-24
3.015540513630915666e+04 0.000000000000000000e+00
3.015600162266160987e+04 3.348796611464977865e-23
3.015875447175752561e+04 0.000000000000000000e+00
3.015939723201982270e+04 0.000000000000000000e+00
3.016173920027399799e+04 0.000000000000000000e+00
3.016226877201854586e+04 0.000000000000000000e+00
3.016639133070140815e+04 0.000000000000000000e+00
3.016724694638653818e+04 0.000000000000000000e+00
3.017304513450381637e+04 0.000000000000000000e+00
3.017325818763503412e+04 0.000000000000000000e+00
3.017580594267072229e+04 0.000000000000000000e+00
3.017621696919355236e+04 0.000000000000000000e+00
3.017847949310822150e+04 0.000000000000000000e+00
3.017929298382546403e+04 0.000000000000000000e+00
3.018763531899830559e+04 0.000000000000000000e+00
3.018810508139759622e+04 0.000000000000000000e+00
3.019171163603288369e+04 0.000000000000000000e+00
3.019242565981209555e+04 0.000000000000000000e+00
3.020410963077902124e+04 0.000000000000000000e+00
3.020443452803010950e+04 0.000000000000000000e+00
3.020664525957048681e+04 0.000000000000000000e+00
3.020712053349239795e+04 0.000000000000000000e+00
3.022264503321221491e+04 0.000000000000000000e+00
3.022299149286402462e+04 0.000000000000000000e+00
3.022598002198721588e+04 0.000000000000000000e+00
3.022629182820620917e+04 0.000000000000000000e+00
3.024241382232337855e+04 0.000000000000000000e+00
3.024269071845582948e+04 0.000000000000000000e+00
3.026719846000327743e+04 0.000000000000000000e+00
3.026738523674918179e+04 0.000000000000000000e+00
