-3.001600955458078533e+04 1.963068835117816347e-21
-3.001523221699903297e+04 3.539931332154005460e-19
-3.001518168669057195e+04 3.536281461393154897e-19
-3.001439335650229623e+04 6.314584039943286973e-22
-3.001389847857800123e+04 2.700440955928259749e-18
-3.001321807251027349e+04 3.568256413508816734e-18
-3.001286943637139120e+04 4.603466345125212988e-17
-3.001251031105365473e+04 2.008569183776285255e-16
-3.001184319932812650e+04 1.346217177343558359e-15
-3.001113629051587122e+04 9.269171732706204000e-18
-3.001039968451636378e+04 4.569036250476267507e-14
-3.000967560966185920e+04 1.741352556955422502e-13
-3.000959793125165015e+04 5.027238523627668035e-14
-3.000892061848839512e+04 2.997373788762858136e-14
-3.000817551928398825e+04 7.973605898360074091e-12
-3.000793931430916200e+04 1.530129769254517450e-14
-3.000742651129217847e+04 1.676494672459008404e-11
-3.000678659879538463e+04 7.178350168048297900e-12
-3.000666590883157915e+04 4.469845560161872626e-11
-3.000596850467479817e+04 1.786072577737280502e-10
-3.000591682622766530e+04 6.096371300983710183e-10
-3.000519927143646055e+04 7.360980504856826398e-12
-3.000515795151492421e+04 5.470662340631590055e-12
-3.000445509355266040e+04 1.001873777915651867e-08
-3.000433697687094536e+04 2.553993000979688225e-09
-3.000369420832275500e+04 3.264957213707196076e-09
-3.000348602148029386e+04 2.904529018608538566e-09
-3.000293544483867663e+04 1.256647337285437498e-07
-3.000262705417675534e+04 3.653729705237764160e-09
-3.000217545846310168e+04 6.579459268895624753e-08
-3.000178223411976433e+04 5.137315348366320984e-08
-3.000141145262656210e+04 1.068596069888480871e-06
-3.000094300107707750e+04 1.543958139386193292e-08
-3.000064402388944291e+04 1.414208718632168764e-07
-3.000010640439320196e+04 5.654944740842935360e-07
-2.999987373543487774e+04 6.092624939951783666e-06
-2.999927659261269582e+04 9.047887689045853637e-07
-2.999909995890983555e+04 2.622112916182533597e-06
-2.999845760072371559e+04 1.184993298204242213e-08
-2.999832140978581083e+04 6.387905607329784267e-09
-2.999765874620268369e+04 8.255538360898601596e-07
-2.999753433707989097e+04 7.388153419809509554e-07
-2.999688830882374168e+04 3.145539653603553697e-06
-2.999673606897722129e+04 2.206926652611626829e-07
-2.999620608322608678e+04 2.200295370494662863e-06
-2.999594079932875320e+04 1.928113980065208365e-07
-2.999545472313676146e+04 1.048815700308330125e-05
-2.999513019007049297e+04 3.686525380299527301e-07
-2.999463167604788396e+04 3.773249163977194671e-06
-2.999441062826023335e+04 2.816929472550902119e-08
-2.999405735371714400e+04 5.039081420831675927e-06
-2.999392558237103731e+04 5.786117017947451474e-08
-2.999344293994300097e+04 7.727743520428547721e-05
-2.999290364860308182e+04 2.110266473897992752e-05
-2.999268398138313933e+04 1.460840175177735469e-04
-2.999201412658536719e+04 2.224830193452924620e-05
-2.999188884439556205e+04 9.500531708385868361e-07
-2.999153826106825727e+04 4.848458824510723560e-07
-2.999118664724395421e+04 6.077461047421389031e-07
-2.999115151795089696e+04 1.427183197714598077e-06
-2.999074348630895111e+04 1.830624180535750508e-04
-2.999018306121002024e+04 5.999858654512975098e-05
-2.999013373963623962e+04 4.766374656512489852e-06
-2.998963086739390565e+04 1.397336281471065674e-06
-2.998940575224446002e+04 2.329427160819056656e-06
-2.998918989399641578e+04 3.108644412488289355e-05
-2.998851590115541694e+04 8.985618698150699712e-07
-2.998843597558104375e+04 2.274507995112084443e-05
-2.998794696071916405e+04 5.948720414502965669e-06
-2.998782739914480771e+04 4.543789186643614561e-06
-2.998738500260260844e+04 8.812575803716660725e-06
-2.998711689536416816e+04 9.067527514320859754e-07
-2.998681374625711396e+04 7.301031193143602608e-06
-2.998661660678060070e+04 5.122189747871205097e-05
-2.998627469942523749e+04 1.008583631547406429e-04
-2.998598025396898083e+04 3.907530663036175315e-06
-2.998581845452705238e+04 2.638032045364357026e-04
-2.998569166519256396e+04 2.660021084517670307e-07
-2.998538448981310648e+04 5.081867150348366681e-04
-2.998523646096358061e+04 3.548920188930834984e-05
-2.998500269496568581e+04 8.999613952167218012e-05
-2.998494382012182541e+04 4.274052358835921236e-04
-2.998485979124376172e+04 4.370087502282120069e-05
-2.998471388799676060e+04 9.172275940369147701e-04
-2.998448195589697571e+04 8.142545605826728250e-05
-2.998437012428276284e+04 2.453314742703849001e-04
-2.998413922814783291e+04 1.289885485427825921e-03
-2.998413475105681573e+04 8.622598292364435485e-05
-2.998387179960164940e+04 7.512288822148996013e-05
-2.998371227545438160e+04 5.601321413173837626e-05
-2.998361871032049748e+04 3.669463422180683295e-04
-2.998332092975961496e+04 2.123803717261745232e-04
-2.998320403945018552e+04 5.692938434426910143e-06
-2.998295765300542917e+04 1.381437026687232510e-05
-2.998277108386454347e+04 5.359863851109727109e-08
-2.998263897237096171e+04 7.062750396955790347e-08
-2.998238990089597064e+04 1.592341660541107003e-06
-2.998185965079703965e+04 3.984902333846963332e-08
-2.998175005406626951e+04 6.795329894503386063e-08
-2.998144098641692472e+04 8.150523299666314721e-07
-2.998108366231932450e+04 1.069333995973837241e-07
-2.998103495087025294e+04 1.061839816738581766e-06
-2.998072896969266367e+04 7.209299502189322712e-06
-2.998067992457468063e+04 2.164024272714032076e-05
-2.998015275252525680e+04 2.060805742857876313e-04
-2.998010492357331896e+04 1.046858458552468903e-03
-2.998003289242481696e+04 1.483708277938312209e-04
-2.997979882498482038e+04 3.700623287537833467e-05
-2.997950978282471624e+04 8.463130661531785429e-04
-2.997936503712125705e+04 1.839922860825604558e-04
-2.997930756449330511e+04 3.047421130016801945e-05
-2.997909947068630572e+04 5.187111541590488928e-03
-2.997892493627475051e+04 1.120620402056733298e-03
-2.997870564666139398e+04 1.361687335864064522e-03
-2.997865986479178537e+04 6.712723323116903326e-03
-2.997826981638776488e+04 8.061897452426310768e-04
-2.997822946433353354e+04 1.298194278945057284e-03
-2.997804704565034990e+04 6.048593632890560817e-04
-2.997797123109028689e+04 2.371531789138581458e-05
-2.997780893598119656e+04 4.547209684207825678e-04
-2.997762715434262282e+04 6.188233790956108133e-04
-2.997758112859182802e+04 1.957217819519401208e-04
-2.997722347889006778e+04 6.193696697130136007e-04
-2.997703467412999089e+04 2.137637903970772556e-05
-2.997673900992792551e+04 1.226661787850350698e-03
-2.997656614000213813e+04 5.124604512159144410e-05
-2.997637704919651878e+04 4.417086330246040827e-05
-2.997599606175303779e+04 7.063177787070377831e-06
-2.997589667536231718e+04 3.253697617665482185e-04
-2.997578803399103708e+04 5.700037688621317278e-06
-2.997544376174839999e+04 5.442687943035324229e-06
-2.997529027063764443e+04 8.239743844301169128e-05
-2.997504056730569937e+04 6.833205746782025636e-02
-2.997483640937036762e+04 7.175635830608989708e-07
-2.997464400341390865e+04 6.662097415232385276e-05
-2.997430636143895754e+04 5.656850309058949314e-06
-2.997428174043004765e+04 8.099270510734338929e-04
-2.997407509901634330e+04 5.370081863013376547e-03
-2.997404520554158807e+04 1.312365105158080913e-01
-2.997384458277182057e+04 5.077957366380273805e-06
-2.997353370331847691e+04 4.078469482565918037e-04
-2.997339821463243788e+04 5.404893185662520402e-05
-2.997323583765648073e+04 1.072233295983248194e-02
-2.997297686978360798e+04 2.073490476926625244e-03
-2.997280444753134361e+04 1.178902928665750104e-03
-2.997274678978030715e+04 6.113015551978721266e-04
-2.997264864844581098e+04 2.927506663919227179e-03
-2.997231962789082172e+04 2.544500008182280695e-03
-2.997226755666891040e+04 9.867848903319933421e-04
-2.997209084920047462e+04 1.125068345230515951e-03
-2.997181476927108451e+04 2.676794489236474818e-03
-2.997148572616864112e+04 1.975511434542808094e-04
-2.997142209088809250e+04 1.925463971243717050e-03
-2.997133005575781499e+04 1.102643353125067538e-03
-2.997078237169839122e+04 5.843770225693029725e-05
-2.997073826452184585e+04 3.887541932857020038e-04
-2.997064352413914094e+04 1.705489775506129502e-03
-2.997034509681432246e+04 1.588304367186318044e-03
-2.997008255783695495e+04 6.401301927368205531e-03
-2.997001272431611505e+04 5.073670251204672743e-01
-2.996969603765513602e+04 4.406692539794583195e-04
-2.996958903204429225e+04 2.117941096095698289e-06
-2.996935428076724202e+04 2.360839045185096760e-05
-2.996911783075058702e+04 9.897104701362101161e-06
-2.996893825711461614e+04 3.082654864424416155e-04
-2.996879799344400089e+04 4.237699872859273837e-04
-2.996865368576849505e+04 4.936953707491662261e-04
-2.996849471582534898e+04 1.737082065154140745e-04
-2.996808779003856398e+04 9.277462923896696769e-04
-2.996792027771949142e+04 4.756901820443060203e-02
-2.996764253150933291e+04 2.709069723959452430e-04
-2.996749432633256947e+04 4.717119316986314779e-05
-2.996740514302128213e+04 2.624261763848741657e-04
-2.996719187186363706e+04 2.584023215108260702e-04
-2.996701996795247396e+04 9.063518443548513465e-03
-2.996679927402743851e+04 2.907837284744537983e-04
-2.996655512175339754e+04 1.359049014309337276e-04
-2.996630177982681562e+04 8.114527597713533304e-05
-2.996607235095416763e+04 2.666701875604914769e-07
-2.996598111198822880e+04 3.512887718908795035e-04
-2.996588208608336936e+04 2.892706717075796882e-05
-2.996579776102203687e+04 1.924528772743368211e-03
-2.996569628509341419e+04 4.293164449261574207e-05
-2.996553894554864746e+04 2.123669542693144396e-04
-2.996533310621455166e+04 1.041009624847458355e-03
-2.996523237455246272e+04 6.877460092782214591e-04
-2.996498894373207077e+04 3.334291432089895452e-02
-2.996496513968842555e+04 9.275942230529396482e-03
-2.996482902282092255e+04 4.257810046661335733e-06
-2.996452998017518985e+04 1.064372146181749953e-05
-2.996425789782571155e+04 3.107841071541647218e-06
-2.996424537342910116e+04 3.598504144264065411e-04
-2.996410517930229980e+04 5.864854711732096944e-04
-2.996402073051495245e+04 1.140664446083692121e-03
-2.996384215593474801e+04 8.676827407471970899e-02
-2.996377321091295016e+04 2.089554066707308057e-03
-2.996353897179835985e+04 1.263160205646239121e-04
-2.996328288451093613e+04 9.302139600647460416e-08
-2.996302623071508424e+04 5.027085361786388538e-05
-2.996284719457173924e+04 8.010748450473660412e-06
-2.996271269902543645e+04 2.007151447975290612e-05
-2.996256276447461278e+04 1.577751403134060285e-05
-2.996254169875027583e+04 4.591466371842895493e-07
-2.996252257224604182e+04 9.322765330788629007e-08
-2.996218485874559337e+04 9.569810468341704982e-05
-2.996186607039297087e+04 3.431080079053426509e-06
-2.996163625033755307e+04 8.645891110983741244e-04
-2.996142938625761235e+04 2.253009184781567604e-06
-2.996134442353831037e+04 1.206867189104366874e-06
-2.996120555109483394e+04 1.314236055415488887e-05
-2.996085476736278724e+04 2.071737013631093596e-08
-2.996083157402264624e+04 1.245232461443095790e-04
-2.996066431030803142e+04 2.347218464618182655e-06
-2.996058452290716014e+04 1.790656081771327618e-03
-2.996033756422361694e+04 6.840884130319353274e-05
-2.996006803588038747e+04 1.541297288922104921e-05
-2.995993195915243268e+04 2.770760327956991575e-03
-2.995986992074443697e+04 5.949837253414532335e-04
-2.995979701007120093e+04 1.488031549814069446e-04
-2.995967515875881872e+04 2.585993574261477969e-05
-2.995946510152689734e+04 2.934316441158194666e-06
-2.995934402697708356e+04 2.727197047856312085e-06
-2.995897901147201264e+04 2.514951876480158923e-07
-2.995883067684720663e+04 2.735574517188510283e-04
-2.995870943881711719e+04 6.859902823219568655e-04
-2.995866268045125980e+04 3.090442814483543592e-05
-2.995863065716476194e+04 2.717657535219757461e-03
-2.995840519579271859e+04 2.230330958313431159e-05
-2.995807931333654051e+04 1.675748684240210135e-04
-2.995800941760948990e+04 1.448739406341341212e-04
-2.995776440392196309e+04 2.676520841726181399e-05
-2.995758828384563822e+04 8.400011983563770556e-05
-2.995743453355932797e+04 2.224407427362952612e-03
-2.995736819539426506e+04 3.735687322228450316e-04
-2.995714985744974183e+04 6.201031130602766581e-05
-2.995695760275913199e+04 6.977649375639182046e-07
-2.995686162478485494e+04 1.864073445188208423e-08
-2.995653024740106775e+04 9.885428803422668405e-06
-2.995633970913854137e+04 4.589157602345224221e-05
-2.995631239769915919e+04 9.075401623481530974e-05
-2.995615299827115086e+04 4.374243595450089507e-05
-2.995602158334258274e+04 4.465784868743113945e-05
-2.995587007064025238e+04 1.446699874753889628e-06
-2.995564998813097554e+04 2.078378109989662260e-06
-2.995548907947896441e+04 3.008471443394280323e-07
-2.995537399303436177e+04 1.526874130176680815e-06
-2.995510429929117890e+04 3.479969744296834201e-04
-2.995501072753559856e+04 5.851795464622002813e-05
-2.995494563554310662e+04 4.714612788686297446e-04
-2.995484850197261767e+04 2.816101266437657689e-05
-2.995477634104483877e+04 6.800298369670631817e-06
-2.995439501340778952e+04 8.165518074587672649e-07
-2.995422574711069683e+04 1.447850619765208396e-05
-2.995400278503265508e+04 3.189699819463350752e-06
-2.995387249156080725e+04 3.017583500565528737e-06
-2.995372359822727594e+04 3.487640856455972496e-06
-2.995359224691571944e+04 2.874183534106120945e-10
-2.995347122925040821e+04 2.235929459898459157e-04
-2.995335627676956938e+04 1.091007767016477850e-03
-2.995327948778339487e+04 2.516464333991525674e-04
-2.995302971263717700e+04 2.485728578229553011e-06
-2.995265215105812968e+04 8.152443962200285058e-07
-2.995262459416282582e+04 2.582140241768191531e-06
-2.995257037529615263e+04 6.167530571020489587e-06
-2.995238830513387074e+04 4.040163279314113034e-06
-2.995222488080292169e+04 3.004489532200188007e-07
-2.995196869315762524e+04 2.391062224308518162e-03
-2.995185545784373608e+04 5.241143946079993428e-05
-2.995157758095631652e+04 3.379660954088943499e-05
-2.995143487654552155e+04 7.121475251470644487e-05
-2.995138314723360600e+04 5.022423595640201937e-05
-2.995112168624632250e+04 1.661409585334717507e-05
-2.995097576600202228e+04 2.474478184586106820e-06
-2.995070262029027435e+04 3.175201179434218992e-06
-2.995061421634108046e+04 5.873915585620648666e-07
-2.995051153101650198e+04 2.195115026830387689e-05
-2.995044868793066416e+04 5.975728509680799548e-06
-2.995018748946192136e+04 6.724685841361862932e-05
-2.995006055023349472e+04 2.016886047785928001e-06
-2.994987524393721833e+04 1.476765792556587457e-06
-2.994964779870806888e+04 2.716910571820552951e-08
-2.994947771731168541e+04 1.276397911831612620e-05
-2.994929954141989947e+04 8.328787984487121259e-06
-2.994926806652680534e+04 7.270705029246701335e-04
-2.994912171560409479e+04 9.262695373032211121e-05
-2.994906556631465355e+04 3.830791284561591909e-07
-2.994890426260413369e+04 1.496892660507606081e-05
-2.994858595918112042e+04 3.625890965272509165e-06
-2.994840130699086512e+04 3.043345461276321414e-07
-2.994822282624886066e+04 7.390461554811086977e-09
-2.994810587394985123e+04 1.428964548047125776e-07
-2.994793732093382278e+04 2.674802558716225607e-06
-2.994777972189227512e+04 1.527920180925734118e-06
-2.994766328107021400e+04 5.755520282069805554e-05
-2.994760498486868892e+04 2.106979968121345089e-05
-2.994735522593265341e+04 2.877382936076215074e-04
-2.994697734776932339e+04 8.773051509378049102e-08
-2.994689683178616178e+04 5.947822403339345215e-06
-2.994667604874784229e+04 6.838523281769199835e-06
-2.994656236527233341e+04 1.215766924386613524e-06
-2.994649918340136355e+04 4.460880746292849114e-06
-2.994637196168951778e+04 3.743833365508052755e-07
-2.994624331861259270e+04 5.105201618493673242e-06
-2.994610138170846767e+04 2.144528162521878866e-06
-2.994578138413601846e+04 3.395190942649094901e-05
-2.994568449243200303e+04 2.868201058013913177e-05
-2.994560632463381262e+04 5.371572569749947845e-05
-2.994519658356635409e+04 1.933157819246166366e-06
-2.994518101082075373e+04 9.744577054268308523e-07
-2.994496197839815795e+04 4.379455978992229148e-06
-2.994482065937108200e+04 4.150042181001259038e-05
-2.994466289838290686e+04 3.769754436723271787e-07
-2.994461699302132911e+04 1.679146499230184373e-05
-2.994422002199710914e+04 2.880319255471119563e-06
-2.994403074646833556e+04 4.577296217717595653e-06
-2.994391318152514214e+04 8.573474659125761345e-06
-2.994385005883051417e+04 8.938008518697675362e-08
-2.994376820789726116e+04 1.833111142123643353e-06
-2.994347354815939252e+04 3.416691381293718638e-06
-2.994322683697686080e+04 1.060476974524205992e-06
-2.994314615585338470e+04 1.367298800600192627e-06
-2.994311622633275692e+04 6.777422356109280060e-07
-2.994298996388454179e+04 2.870636767096163961e-10
-2.994272163762234413e+04 2.970800919571766349e-06
-2.994253079336544761e+04 3.993473422521948806e-07
-2.994245685157315165e+04 8.594897484996957197e-06
-2.994224769642357569e+04 5.964855397921519479e-06
-2.994213770368018231e+04 9.116763814758184196e-06
-2.994167204391366977e+04 2.692021041420314483e-06
-2.994158673523231846e+04 5.213536627074649143e-06
-2.994147766183273416e+04 9.929518665065860007e-07
-2.994130472399111022e+04 3.015448001608115784e-06
-2.994111121373934657e+04 1.127411506907372417e-06
-2.994102414792598574e+04 2.100026846452536334e-09
-2.994076022108806501e+04 9.063321359245816780e-08
-2.994068712511680496e+04 1.623737229645974709e-06
-2.994046527542489639e+04 5.829361593102858126e-06
-2.994028501636006695e+04 5.705874488069333320e-07
-2.994009181105499010e+04 6.216883723118235707e-06
-2.993996292553023159e+04 2.398607645190828360e-06
-2.993976092977033477e+04 8.205125926595632600e-08
-2.993950389645940959e+04 5.869827538568367977e-08
-2.993929364663928209e+04 7.302560147112177373e-06
-2.993904090684388211e+04 2.654714348481060202e-08
-2.993884810095606372e+04 6.761056021334807533e-06
-2.993867939601657417e+04 2.540760977750793585e-06
-2.993861141402411158e+04 1.107224581907168110e-07
-2.993851591760704105e+04 4.642806778751430654e-08
-2.993837117246439084e+04 1.631971854654521387e-06
-2.993812081040308112e+04 1.063594513270961998e-06
-2.993805145648503822e+04 8.100840914725723625e-07
-2.993783186918360298e+04 5.620453611836166132e-10
-2.993748777389978204e+04 6.060252672748697158e-06
-2.993733631285458978e+04 6.977189432722047387e-07
-2.993727041249255853e+04 2.432838308064784013e-07
-2.993715592478418330e+04 3.328460375123989925e-08
-2.993691789350883482e+04 1.294329963743039319e-05
-2.993676627341496715e+04 3.915233932362187758e-07
-2.993674273932995857e+04 4.364777777379158498e-06
-2.993641932312019708e+04 1.241592246498592303e-08
-2.993622075094527463e+04 1.517293085318176171e-08
-2.993603517801758790e+04 1.443040147473714121e-07
-2.993590402532047301e+04 8.817796153833662963e-07
-2.993561218326972448e+04 1.840806505140656860e-10
-2.993523070341350103e+04 1.030052595228500246e-06
-2.993516383859070993e+04 1.519503283251984093e-05
-2.993507562387315193e+04 1.361447630051686676e-07
-2.993470116747817156e+04 2.535354918355320211e-06
-2.993447682146805164e+04 3.631006318978550580e-07
-2.993430709626208409e+04 2.536701370538974178e-10
-2.993427836155634941e+04 1.634041790820226202e-08
-2.993397733680433521e+04 1.725742923041414650e-10
-2.993378595238432536e+04 4.990825253785200127e-07
-2.993359875836827268e+04 2.487002073920694821e-07
-2.993331699668567671e+04 8.966671454931938738e-06
-2.993325419575201158e+04 1.546868459099342832e-07
-2.993285223847621455e+04 1.772900497987631526e-06
-2.993266798761391328e+04 1.638649426101596210e-07
-2.993261741884691219e+04 6.121497565069924182e-07
-2.993220918824504406e+04 5.841709454703423126e-15
-2.993215842478452760e+04 1.263024471401536269e-09
-2.993212626506117158e+04 5.865276886470886067e-11
-2.993195847291946484e+04 2.046688822906793802e-07
-2.993187153832051263e+04 5.049102585956568973e-08
-2.993165792313739439e+04 9.857534111569029352e-07
-2.993150459575167042e+04 1.308857985668353708e-06
-2.993108939434394415e+04 2.965123486511295832e-06
-2.993091125439381722e+04 1.651454952817031369e-08
-2.993082549375214148e+04 2.225402290219632100e-08
-2.993061346799399689e+04 2.074193693347916198e-08
-2.993030761400129632e+04 8.125475262435174979e-09
-2.993006673648809374e+04 8.231515075547229323e-08
-2.992960145598539748e+04 1.783262877946344042e-08
-2.992948165408008936e+04 1.137670888581121129e-06
-2.992933881920415297e+04 1.191637129386935010e-07
-2.992920170133340798e+04 6.560367879541721149e-07
-2.992889321887400365e+04 2.527361816028050016e-08
-2.992868498487895704e+04 5.212260155228754894e-08
-2.992839561114084790e+04 4.240798509147387076e-08
-2.992813537954386265e+04 3.704185406992745003e-09
-2.992787146545036376e+04 1.757707064045410414e-07
-2.992778478227983942e+04 1.101936237933835905e-08
-2.992742569022445241e+04 1.619192932840424268e-07
-2.992737224197954129e+04 3.125174971493228640e-08
-2.992709415612654993e+04 1.429163968406347395e-07
-2.992695030542097447e+04 2.745052459615734514e-07
-2.992647375138038115e+04 1.126329392920333596e-08
-2.992631810765215050e+04 1.239667161066468377e-08
-2.992629962827792406e+04 1.245121702127815731e-08
-2.992612869527369185e+04 9.375840699820048072e-09
-2.992576766276712442e+04 1.849184500852250601e-08
-2.992565056590976019e+04 8.336113236633865623e-08
-2.992525812476764258e+04 7.495984509523097238e-08
-2.992504277069291493e+04 9.138007043507490407e-08
-2.992494530345916064e+04 7.439118064176107569e-08
-2.992452885003431948e+04 6.731119307649003810e-08
-2.992422759251004391e+04 1.685870376525059460e-09
-2.992400987761860597e+04 6.210056826813659025e-09
-2.992379451783613695e+04 7.962367515917183522e-09
-2.992355330137461351e+04 5.186509561690722653e-08
-2.992316399332508081e+04 8.987906225029343851e-08
-2.992299086075972809e+04 7.290987456590799470e-08
-2.992278292599405904e+04 2.079626625640493169e-08
-2.992270504009778597e+04 1.473469702654715932e-08
-2.992236830742479651e+04 9.644139222613064788e-09
-2.992216598739917026e+04 3.365696255213171511e-09
-2.992189820676818999e+04 5.589543847259609672e-10
-2.992156398758082287e+04 3.099334088645391357e-09
-2.992129650748223139e+04 7.897955110480744533e-08
-2.992100061565193755e+04 4.203523005127433815e-08
-2.992078981118953379e+04 2.293166843329051570e-08
-2.992070967551981084e+04 7.250842169318180359e-09
-2.992031149662751704e+04 7.353959809131984468e-10
-2.992026634089024083e+04 1.023397974048280746e-12
-2.991960388375366892e+04 1.878784123142412649e-08
-2.991952382808735274e+04 2.002424119697671637e-08
-2.991933248758594345e+04 1.013898844715428345e-10
-2.991897125174346002e+04 2.702472292853913880e-08
-2.991877381649980452e+04 4.164050607263934208e-09
-2.991858831281878520e+04 4.415761785505526521e-09
-2.991786956166108212e+04 3.554623990150731399e-09
-2.991760198568632768e+04 5.424983980159495273e-09
-2.991731561923311165e+04 1.414849599609588418e-08
-2.991717430757557304e+04 7.826531534779160947e-10
-2.991705252503632437e+04 9.547216387921130395e-09
-2.991651486441814268e+04 3.529608215488287181e-10
-2.991605810064799152e+04 3.665686855247163257e-10
-2.991579126769939830e+04 2.630148343884876917e-10
-2.991574925983116555e+04 9.827814010619930176e-10
-2.991538987344925772e+04 5.154455705930429089e-09
-2.991513990034637391e+04 4.093137375941349853e-15
-2.991499071930428545e+04 3.617075750695800316e-09
-2.991460235413708506e+04 8.425177569758033320e-10
-2.991441091616784615e+04 4.843609755671512832e-13
-2.991391281655358398e+04 3.742258869892657487e-10
-2.991368644636558383e+04 1.747299332586918928e-09
-2.991347194145916728e+04 7.585623848190963133e-11
-2.991279434781702730e+04 3.108167044175473086e-10
-2.991255139707409398e+04 1.177551155869710940e-09
-2.991225697727680745e+04 4.014850407597407137e-11
-2.991190699057716120e+04 1.860250554303723068e-15
-2.991161843398369820e+04 4.992515825233010321e-10
-2.991069293561801169e+04 6.000371518667333844e-10
-2.991050484614883317e+04 2.816899849634137204e-10
-2.991022402812155269e+04 5.055157344104288081e-12
-2.990991485344055400e+04 1.805752452020287324e-13
-2.990939332846230536e+04 3.858673809633352854e-11
-2.990890376989261858e+04 3.819999469869580768e-10
-2.990838695607883346e+04 1.223021492899639245e-10
-2.990824695872366647e+04 7.947860172559531762e-11
-2.990808198507735142e+04 7.053504155325266158e-12
-2.990800656954099395e+04 1.444073835243546567e-11
-2.990724287652096973e+04 1.023268243638175942e-11
-2.990680902099738523e+04 5.107203101037711064e-12
-2.990625535556606337e+04 6.055483281045804284e-11
-2.990622563827704289e+04 1.605333941738349735e-10
-2.990548157347657616e+04 4.873396218129045625e-11
-2.990529796491903107e+04 2.941223901678852084e-11
-2.990450874835246213e+04 4.249325484538974448e-11
-2.990415699646667417e+04 3.567940357158638279e-11
-2.990337099916689112e+04 8.083334603972641803e-12
-2.990257752767585043e+04 2.775087728748640225e-11
-2.990224514738796643e+04 1.019727595839854614e-12
-2.990144486807155045e+04 2.644792374825645978e-13
-2.990111385174512543e+04 1.102965886746846300e-11
-2.990074624450270494e+04 9.083541863185032927e-12
-2.990004140927165645e+04 3.469054628815245256e-12
-2.989962255603149606e+04 1.947009272489105152e-12
-2.989942373424852121e+04 5.214502183378263512e-13
-2.989879497316883862e+04 2.741825723989517493e-12
-2.989852954731825957e+04 7.908170068823947702e-13
-2.989765906271602580e+04 1.685053716328012440e-12
-2.989727956496947809e+04 1.934984906412003712e-13
-2.989694174717338683e+04 1.485359458847117415e-14
-2.989589553109609915e+04 1.907610235771554289e-15
-2.989558972542975971e+04 2.562629319807375190e-13
-2.989442853130967342e+04 4.561441321496002903e-14
-2.989392258372997821e+04 9.149198011953252492e-13
-2.989288199643448388e+04 3.873295435396829332e-13
-2.989266135247397324e+04 2.854719400472515928e-15
-2.989220968317098959e+04 2.066864888499678589e-15
-2.988961496668250038e+04 5.568458787694243496e-14
-2.988945410479510247e+04 5.798312932814873838e-14
-2.988837656952321777e+04 6.092015087558263722e-17
-2.988802253579149692e+04 2.424772107626034266e-14
-2.988772346889865003e+04 3.053031451958453267e-14
-2.988679547045651634e+04 9.347014733143014119e-17
-2.988642624283400801e+04 4.909687475952906081e-15
-2.988628201850215191e+04 8.711053513310569545e-15
-2.988496626298437695e+04 5.211397589535531003e-16
-2.988427077453406309e+04 9.548565021741674496e-15
-2.988149028654407448e+04 3.076742326094967584e-16
-2.988057876895746813e+04 3.435453878017066310e-16
-2.987920256041452740e+04 5.309068767632264862e-17
-2.987867946003113684e+04 7.722444652198382645e-16
-2.987697580649464362e+04 1.940702781868647182e-17
-2.987589857727777780e+04 1.915353818053384008e-16
-2.987492510698681872e+04 2.770733076032267452e-18
-2.987246854375263501e+04 4.423675956777757848e-19
-2.987122461916449174e+04 4.848896524565678477e-18
-2.987024521813440515e+04 2.373919541065374857e-17
-2.986951931411368423e+04 8.385499193509203890e-19
-2.986615792103948479e+04 3.935290784724078730e-20
-2.986550935816870697e+04 3.361845694965962819e-20
-2.986244266215509560e+04 4.677417576852687262e-20
-2.986169088862472199e+04 7.668202173059832371e-20
-2.986087459556177055e+04 1.086240481175094454e-19
-2.986039286459877258e+04 9.313902808394733100e-20
-2.985508211502037011e+04 1.124169230513043195e-21
-2.985442965819858000e+04 1.082009417251490880e-21
-2.985126791658173170e+04 1.693437578853445653e-21
-2.985050508494225869e+04 2.059215642350093188e-22
-2.984842668361431788e+04 1.161940933935673445e-24
-2.984775957466527325e+04 8.562877879486070409e-24
-2.984259546302801755e+04 7.673228833025126341e-24
-2.984203334042726783e+04 3.446969790574129949e-24
-2.983977195983470665e+04 4.103150938379359715e-24
-2.983920699430554305e+04 0.000000000000000000e+00
-2.982873159316832607e+04 0.000000000000000000e+00
-2.982824452572046721e+04 0.000000000000000000e+00
-2.982664996166670971e+04 0.000000000000000000e+00
-2.982625130267668283e+04 0.000000000000000000e+00
-2.981362721692229752e+04 0.000000000000000000e+00
-2.981313795084697267e+04 0.000000000000000000e+00
-2.980868270334646513e+04 0.000000000000000000e+00
-2.980834132018281889e+04 0.000000000000000000e+00
-2.979647333183584487e+04 0.000000000000000000e+00
-2.979613044986121895e+04 0.000000000000000000e+00
-2.977479362822974144e+04 0.000000000000000000e+00
-2.977457601795211667e+04 0.000000000000000000e+00
2.998513986713591294e+04 2.496800677976340449e-24
2.998519645834989933e+04 0.000000000000000000e+00
2.998610211642036666e+04 0.000000000000000000e+00
2.998722694262052391e+04 1.273057956914916835e-23
2.998761985265559633e+04 9.247662708536495466e-22
2.998808743575526751e+04 2.915729697469242742e-22
2.998854847096518643e+04 2.264885797157979424e-21
2.998866073845934443e+04 2.902306234326872019e-21
2.998917784930652488e+04 3.351354482633135613e-21
2.998972777619045883e+04 9.122068598266138356e-20
2.999039851532479588e+04 5.353765981315266130e-19
2.999107792021138448e+04 4.335237606838094160e-22
2.999177291708849953e+04 1.262319155630945329e-17
2.999247071358633184e+04 4.230315888330701870e-17
2.999264929864450824e+04 3.197050219501978100e-18
2.999318195526306226e+04 1.946790622728793945e-17
2.999386354447140548e+04 8.015589588232978421e-16
2.999393780401406912e+04 5.042060635889223749e-16
2.999456153120814633e+04 2.879176048793865596e-16
2.999467576633002318e+04 9.983624879985027632e-16
2.999522680500050774e+04 5.430617192443654940e-19
2.999532553436720627e+04 1.113099605922358372e-14
2.999596145035565496e+04 5.374457328611646475e-15
2.999604941381264871e+04 4.425591751027438194e-14
2.999671314444398013e+04 3.280481563796541457e-14
2.999679478130582356e+04 1.471525116543752280e-14
2.999744960393460860e+04 5.536637496846074319e-13
2.999757667911088720e+04 1.534907751359999011e-13
2.999817353950121469e+04 2.179039671192821650e-13
2.999835902993162017e+04 1.251514896373735006e-15
2.999890101673404934e+04 4.953585160754380855e-12
2.999913595850483762e+04 7.808790612877081107e-13
2.999963338482902691e+04 2.639446657117598882e-12
2.999991686140558886e+04 8.147076885652413621e-15
3.000036820138149051e+04 1.950695008739558606e-11
3.000069752808027624e+04 3.133390296350341824e-12
3.000110465235643278e+04 4.452882491080654328e-11
3.000147578603048169e+04 1.749887371004731806e-12
3.000184126012704291e+04 4.892537157503920431e-12
3.000225177431497286e+04 1.051481864520994005e-13
3.000257235084213244e+04 2.937770597079043357e-12
3.000302453165892075e+04 1.800017654645493066e-12
3.000329792711061964e+04 5.519578112343774738e-11
3.000378423875290537e+04 8.410891432283389851e-12
3.000393956940675344e+04 4.922909536591658720e-11
3.000453913873502461e+04 3.841203492389085467e-13
3.000472334746246634e+04 3.181789828312341786e-13
3.000531820266227805e+04 9.412723773119019622e-12
3.000567045084753045e+04 5.242789116461823561e-12
3.000604404841262658e+04 1.133295279090165595e-11
3.000634189666995735e+04 1.622184923029708112e-13
3.000645636488205128e+04 4.365375742358579712e-13
3.000694862035715414e+04 1.926891825678488812e-10
3.000733075216064753e+04 2.273374842271916905e-11
3.000764298913042512e+04 1.125311523473215239e-09
3.000829565343026843e+04 6.959017661851909474e-10
3.000844879090005634e+04 8.238253657892665758e-11
3.000885089300189793e+04 4.316598845678659590e-12
3.000910839413846043e+04 3.285180737766374336e-11
3.000918870254607100e+04 2.160736858586880169e-11
3.000944546101950618e+04 4.153547411548389621e-12
3.000999281725081164e+04 2.717832852939152308e-10
3.001015862306840791e+04 3.763127630717218932e-12
3.001067500324471621e+04 6.548979290152296051e-11
3.001095777209784137e+04 1.546298219084083998e-12
3.001112616013882143e+04 3.735702981377105338e-12
3.001176558567327447e+04 3.877554810006025132e-12
3.001182274328492349e+04 2.957512494062260290e-12
3.001245751201754319e+04 1.421737005852134655e-12
3.001258679781272804e+04 1.607567709468258895e-11
3.001294596810754956e+04 7.359286332651582363e-12
3.001328451429481356e+04 4.500276863284346643e-11
3.001370246026307723e+04 6.927969061312654324e-11
3.001390969293129092e+04 2.397374529114717064e-10
3.001412926122698263e+04 4.841433763389897353e-11
3.001439736862012796e+04 4.190248325800243852e-10
3.001472477592375071e+04 1.818708964711285128e-10
3.001481354743815245e+04 1.164515799826786241e-09
3.001500647979627320e+04 8.790065513990631825e-10
3.001514623793918145e+04 7.387173175705205612e-11
3.001538901615396026e+04 7.476241445392199776e-10
3.001551159647923851e+04 3.595939979737342658e-10
3.001570935307930631e+04 3.643193911239918463e-09
3.001574001591626075e+04 1.534561528401995536e-09
3.001599987025386872e+04 6.722263428073001373e-11
3.001610454532794756e+04 2.283685947448563542e-13
3.001637650087234215e+04 3.782840752230993348e-09
3.001651247921327013e+04 1.515677941831362942e-10
3.001689528083617552e+04 1.418945935333994989e-09
3.001710695993493937e+04 7.470277098861428674e-11
3.001713350869832720e+04 2.758093333872310245e-11
3.001730329567514491e+04 6.505023515239037035e-11
3.001746368707473084e+04 7.706377597919941519e-10
3.001755274351614207e+04 3.080368150542964133e-11
3.001771844634499575e+04 6.574239768033902366e-11
3.001782937775273967e+04 7.607562077737550133e-12
3.001810529283383585e+04 2.796767655337674378e-12
3.001833682606739603e+04 3.202094660838722501e-10
3.001871059304911250e+04 4.939133735204776471e-12
3.001906965906103142e+04 5.385473864338194928e-13
3.001922214172107488e+04 6.970636840950991118e-12
3.001939097345765913e+04 2.418759153489622810e-11
3.001955609665890006e+04 1.956719857031030846e-11
3.002002428582555149e+04 3.684070866870948815e-08
3.002006188870722690e+04 1.846011271275552115e-08
3.002021002795479944e+04 7.937584188653814349e-13
3.002049489707109387e+04 1.044821087279722787e-10
3.002073594114432126e+04 3.416084665544866820e-09
3.002080469190176154e+04 1.543159318471077886e-08
3.002088373919596415e+04 3.211412217610727329e-08
3.002109308961649367e+04 1.901812940721622789e-09
3.002132788291203906e+04 1.429347533428718926e-08
3.002143345505435718e+04 9.414373488157085503e-09
3.002156715312674714e+04 3.675821706992029354e-11
3.002190435451342637e+04 1.616188434993417769e-08
3.002199408416439474e+04 1.059584687173886960e-09
3.002226330524749937e+04 3.363472398817255597e-13
3.002240666232487638e+04 4.688892188186662480e-09
3.002256984001533783e+04 1.727921552296103912e-09
3.002285004926636248e+04 2.772890768082275059e-09
3.002299780435464345e+04 3.019530816244455492e-11
3.002319615926786719e+04 6.260343418468065071e-10
3.002340420868508227e+04 5.378057939830695424e-10
3.002345950716690277e+04 2.740445892668606123e-10
3.002372358365900072e+04 1.649144118918163207e-10
3.002382032938879274e+04 3.033377913065679538e-10
3.002416918775542945e+04 1.461577622323037002e-10
3.002425613794732271e+04 2.346105994238118044e-11
3.002439266950714227e+04 1.820259561129889528e-12
3.002476267313475182e+04 1.274525994672128721e-11
3.002504767698543219e+04 2.528669280455134019e-09
3.002509784634531388e+04 2.044533720918868328e-07
3.002532099160097277e+04 1.134365335956848835e-10
3.002551495697567225e+04 8.503728466820011815e-12
3.002563342887868930e+04 1.043532081252669886e-11
3.002587868420543236e+04 6.694713968197586254e-12
3.002593713640118585e+04 1.045283971034671876e-11
3.002611053783603711e+04 8.327706833791389496e-09
3.002629438731911432e+04 7.238775256237250702e-11
3.002653641447254631e+04 5.024795566408606952e-10
3.002683085483725881e+04 1.869896019313940513e-09
3.002692535006303660e+04 6.801075804268863408e-09
3.002697446554352791e+04 5.107600209389331190e-08
3.002723767567379400e+04 2.339736676108091772e-09
3.002736956238133644e+04 2.536697062486417935e-09
3.002757127129489891e+04 7.226626565239002045e-09
3.002759527713003990e+04 1.783034704960708967e-08
3.002789293053288930e+04 4.619283194001244821e-09
3.002796433078244081e+04 1.337070921940648827e-09
3.002818030361289493e+04 1.448109354548394952e-08
3.002838417885677700e+04 8.336187079013028934e-10
3.002866516956531268e+04 1.600681576255239945e-10
3.002882341341215943e+04 1.861627447761044930e-09
3.002888262898230096e+04 7.821518401816469601e-09
3.002938829110513325e+04 5.287652448032909073e-10
3.002941281498259923e+04 1.046186841969378557e-09
3.002961557555771287e+04 2.803381272647733551e-09
3.002987806216970057e+04 1.704059855528728349e-09
3.003008740834459240e+04 1.386537605069973103e-09
3.003012432286887270e+04 5.357931805012017281e-10
3.003052110660922699e+04 2.834278264147806979e-09
3.003061739335504535e+04 6.224099451847706808e-12
3.003080790950575465e+04 2.949900288704179557e-09
3.003097196152441757e+04 2.834629400921915413e-10
3.003120608607770919e+04 1.986633630112872733e-07
3.003140563395671052e+04 2.259180944816004033e-10
3.003163674459343747e+04 8.783140897422405542e-10
3.003171777162941362e+04 4.265955451579797219e-10
3.003203214945273066e+04 7.264635505886612075e-10
3.003224055635982950e+04 5.159965231550788832e-08
3.003249989054521575e+04 2.311828357778136577e-10
3.003268344742112095e+04 4.885090937241594175e-10
3.003289398776220332e+04 9.256325260776816277e-10
3.003295519863618756e+04 6.480211281902226739e-10
3.003317031668361960e+04 1.286430079960221895e-08
3.003337891744079752e+04 7.570932081270429061e-10
3.003369372910380844e+04 4.677990625706137088e-10
3.003392781710673808e+04 1.433900421588597379e-08
3.003407906174147865e+04 7.189115568805302421e-10
3.003421851035275540e+04 1.894855611367932809e-12
3.003430726756780132e+04 1.180394465326090728e-11
3.003448123548619333e+04 2.567493277506260891e-09
3.003470692244735255e+04 1.591756481473542156e-09
3.003485094064251825e+04 6.383261788525369665e-10
3.003490219733468984e+04 5.065921856045755240e-11
3.003506692442900385e+04 8.996079177258027674e-09
3.003514656782550810e+04 2.245089151425736162e-07
3.003530975895462325e+04 1.436035683686842139e-10
3.003538746841199463e+04 1.813376250349482611e-09
3.003573004800271156e+04 2.264888040715213112e-10
3.003589852831303870e+04 2.755414798488926496e-10
3.003603950191384865e+04 6.107958352172238906e-10
3.003611559223351651e+04 5.128717546558099085e-10
3.003627270704765397e+04 3.281720089660468315e-09
3.003630725318064651e+04 1.237490974106127469e-09
3.003650638595375858e+04 7.433694938006880069e-11
3.003675282718403469e+04 3.244897419648484964e-10
3.003703687456448461e+04 4.009370215428218382e-10
3.003714548225580802e+04 3.145594099919113684e-12
3.003733594926699880e+04 3.996785093929540995e-09
3.003743190940976274e+04 2.419491048736061293e-08
3.003754672712465253e+04 1.010451572427796119e-11
3.003769344551076574e+04 5.063011866678110313e-11
3.003785413502978554e+04 2.983366652566715668e-10
3.003811284463060656e+04 3.225114463196220983e-10
3.003842374700637447e+04 4.731180757822748097e-11
3.003852518190894261e+04 1.826790521208962326e-08
3.003880237415422016e+04 6.508950357635381690e-11
3.003895412484559711e+04 2.090569640884953929e-11
3.003909225473570405e+04 1.520711233669917393e-10
3.003932318987652252e+04 2.610561055511371313e-11
3.003936336428732102e+04 4.020654537150841522e-11
3.003950850891138907e+04 3.561522233972874066e-10
3.003959422993566841e+04 6.853355077593599252e-10
3.003988869800997782e+04 7.256380789036701523e-12
3.004017289006740612e+04 2.423398289341199610e-10
3.004020270049123428e+04 5.419052155358214288e-09
3.004026831954151930e+04 3.677721256548789999e-11
3.004047797429708953e+04 2.153135949297904784e-10
3.004052078736847761e+04 2.659300682017023508e-10
3.004069131437653414e+04 2.329396444483851089e-13
3.004110576398410922e+04 4.076529098937841371e-10
3.004127384390208681e+04 1.438756479111170586e-09
3.004142037854605587e+04 2.478944292338952946e-08
3.004150014969811673e+04 2.476676797505700955e-09
3.004154234032396198e+04 1.279156487575604274e-11
3.004165932192034234e+04 1.626993594283697336e-09
3.004173302536483607e+04 3.170120016055043098e-11
3.004207579825466746e+04 1.755623718630686943e-11
3.004220532650345558e+04 2.722693870164295473e-11
3.004253114569148966e+04 2.556927539856420959e-12
3.004263915257221015e+04 5.047755560144849738e-12
3.004270000491736573e+04 5.170362805770128291e-11
3.004280635486209940e+04 9.967046530461656327e-12
3.004308372758208861e+04 1.960893897690046408e-12
3.004321864187261235e+04 3.124118679119408790e-13
3.004342288044585075e+04 3.410293852256759043e-13
3.004366615476865627e+04 1.299504000152393491e-13
3.004388833828995485e+04 3.819957947546223077e-11
3.004390656440055318e+04 6.322318163993422871e-11
3.004409896380823193e+04 2.084505253076592442e-11
3.004427506793762223e+04 1.546618244484271714e-11
3.004437524992829640e+04 1.596973826461803915e-11
3.004452897894355192e+04 2.221482814472705753e-12
3.004475793336576317e+04 3.901905251510244113e-11
3.004487662932652165e+04 4.176812182857067273e-11
3.004506483296148144e+04 3.285701784630135419e-10
3.004519295399692419e+04 6.496510122996972194e-11
3.004531635058571555e+04 1.233042617351899764e-09
3.004535870357409658e+04 1.017921831792724781e-09
3.004540691369992055e+04 2.507330113637631477e-12
3.004586825092440995e+04 7.008636737848053658e-12
3.004593645088914491e+04 6.356219698792329008e-13
3.004623685928097984e+04 2.095803471560806370e-12
3.004630667409790840e+04 1.812997653690488503e-11
3.004647885019913156e+04 4.388318690446189216e-12
3.004663988348850762e+04 2.178413030760977504e-10
3.004673202989886704e+04 2.514099005402888085e-09
3.004678333945214035e+04 1.653375880598478596e-09
3.004690268713289333e+04 4.419382288361607559e-10
3.004724580618382970e+04 8.596234052497886098e-11
3.004750626870504857e+04 1.933553370755857754e-12
3.004757823842942889e+04 1.347912916695363338e-10
3.004767890185333817e+04 5.680596881781714228e-11
3.004781028886798231e+04 5.982366448855238794e-11
3.004793879006176940e+04 1.616670440370501778e-11
3.004815411878149098e+04 2.243118424340180702e-11
3.004835130377211317e+04 4.076951008582550257e-12
3.004867815762561440e+04 8.816361294362721869e-12
3.004872447736044705e+04 1.121583274275459845e-11
3.004878179027754595e+04 5.925031528095035364e-11
3.004910533522085825e+04 3.112768447274846795e-11
3.004939327408699683e+04 6.313635627376533817e-14
3.004952416191796146e+04 3.418461342537535101e-12
3.004959721653219094e+04 1.406882821837515665e-11
3.004969259973189401e+04 3.085459217225033627e-11
3.004978613336013586e+04 8.805310375142465032e-14
3.004997717161857145e+04 2.179257787344520015e-11
3.005014022105230470e+04 1.642949828827840163e-12
3.005032652083944413e+04 3.971088202049332502e-11
3.005063162087327510e+04 3.547096199343632920e-11
3.005077621079136588e+04 8.263149957100557108e-12
3.005081705262332616e+04 1.816700920077899340e-11
3.005086127705921172e+04 1.148117679180065248e-10
3.005100535099923218e+04 3.977382680439634312e-10
3.005125099034906816e+04 7.832401128722420467e-12
3.005129732544120998e+04 1.846288120922449773e-11
3.005162527698121266e+04 1.778363187541149256e-11
3.005180868936224579e+04 2.030880541475344552e-11
3.005191623927914770e+04 1.018691519847049502e-11
3.005211501858668998e+04 1.963307831804929181e-11
3.005228909418762487e+04 9.586764233930866976e-12
3.005238684676159028e+04 4.156952990846661009e-10
3.005251678384644038e+04 3.009748940462665026e-11
3.005260768737599210e+04 2.206057512432574334e-15
3.005279947521544455e+04 8.103451398195613505e-13
3.005317244086368373e+04 2.258195397685794600e-12
3.005330182769034218e+04 1.347880042015977822e-11
3.005353590443059147e+04 1.872847608085775336e-11
3.005361184174803566e+04 2.683255097976742404e-14
3.005374113233248136e+04 5.285457466212814121e-11
3.005382866321748588e+04 1.606443863980497208e-11
3.005393203554083811e+04 6.830529724348901481e-11
3.005422542510765925e+04 4.738984423651817374e-11
3.005436777965424335e+04 3.749106889605018976e-10
3.005458167513395165e+04 7.037776194014799690e-11
3.005462804559578581e+04 4.057821286134985287e-12
3.005494554764590794e+04 1.861025310432950691e-12
3.005519353846749800e+04 1.065018891644542621e-12
3.005532191770344798e+04 1.149953409626865401e-13
3.005537327049291707e+04 1.576015177110160790e-12
3.005554694184737309e+04 1.144134254521886334e-14
3.005558360798047943e+04 1.333238243437184443e-12
3.005590237497658381e+04 2.817509681433650449e-12
3.005608126656377135e+04 4.933671807442935759e-12
3.005624698089965386e+04 5.428618253521168024e-11
3.005633520015287286e+04 6.596364971706461423e-11
3.005646559746615821e+04 4.916262926357705064e-11
3.005663805830132333e+04 2.857385707810793832e-10
3.005698311744082457e+04 5.389442956336827908e-13
3.005700269881793065e+04 2.460394375740353186e-12
3.005715181249338275e+04 2.297812080760268355e-12
3.005721589288958057e+04 1.386913461995663956e-12
3.005747135483948296e+04 2.331947698190294276e-13
3.005762324799228372e+04 3.025117299313303165e-12
3.005778280125028687e+04 1.083679641606583262e-12
3.005788325835476280e+04 2.142463893984384703e-12
3.005805737036468418e+04 3.050590799384723721e-12
3.005847901664441451e+04 1.705942176221048581e-11
3.005855560105428231e+04 8.467169073560557938e-12
3.005873767458086877e+04 4.262471375120307541e-11
3.005889385250782652e+04 2.648675290933158611e-11
3.005904304424786096e+04 6.885179763989268875e-11
3.005915877695061863e+04 8.598578735478715086e-12
3.005941706988031729e+04 1.140771045783493917e-11
3.005948564559132137e+04 2.639192397993254137e-12
3.005966347331757424e+04 5.278827636779220224e-12
3.005994554585516380e+04 1.420342656654791664e-14
3.006005901430348604e+04 3.482071989011627647e-14
3.006020972272005747e+04 5.766362068545049303e-13
3.006047072241438582e+04 2.635643887790314029e-13
3.006066776824464250e+04 3.798850319646627127e-14
3.006080533956807267e+04 4.107051658654975347e-11
3.006111356878915831e+04 1.811502487627426888e-13
3.006126128743784284e+04 4.979638515193482801e-11
3.006145301114581162e+04 2.744186835609986120e-11
3.006154719158926673e+04 1.089147468774709529e-11
3.006173062487666539e+04 8.597488413778107788e-13
3.006177150133568284e+04 2.289830523240366358e-12
3.006210553762016571e+04 2.013001632281170097e-14
3.006216373611796735e+04 6.800732109990782398e-13
3.006239811485561586e+04 5.018191422929962858e-15
3.006267441481229616e+04 1.295215309989594616e-12
3.006284877889160998e+04 7.813216313742331773e-14
3.006294521098303812e+04 7.364398456357729289e-13
3.006298940276800568e+04 3.261202706472898240e-13
3.006316978710743206e+04 4.135040246947990570e-11
3.006335751243173218e+04 2.927799309230173731e-12
3.006351566011693285e+04 1.435628461968391795e-12
3.006374674899530146e+04 5.320164579470589342e-13
3.006395357382026850e+04 7.465943066034240383e-12
3.006417329789519863e+04 6.023198043547668213e-12
3.006422544616509185e+04 2.339197406833722018e-13
3.006462898378427781e+04 1.857697191152482697e-15
3.006489033343457413e+04 1.751016682886125737e-12
3.006491630450523735e+04 1.982448692680638183e-12
3.006508666603478196e+04 4.223232246391018970e-14
3.006547675164586690e+04 1.005739907944660693e-11
3.006564170566504254e+04 5.181402681025178376e-12
3.006582524610638939e+04 1.227556343226227238e-12
3.006587069539842923e+04 9.123026009936502530e-13
3.006628106417731397e+04 2.627882923369624164e-13
3.006638485744566060e+04 1.586731122199896175e-12
3.006656393158530773e+04 6.164451585597937116e-13
3.006678271736398165e+04 3.500469997210720330e-16
3.006697157921740290e+04 3.761091321692842948e-15
3.006730671994442309e+04 2.981453800188532310e-12
3.006746826618353589e+04 9.173299007599296098e-13
3.006752949993404764e+04 9.087187511434152087e-13
3.006794285783904343e+04 8.178424118647176721e-14
3.006797865560866921e+04 6.184246286410965586e-14
3.006808824937443205e+04 7.347053593495929522e-14
3.006817631635913131e+04 5.095280167751198768e-12
3.006830292401084807e+04 1.105513883344286026e-12
3.006850995188906745e+04 6.392209960592589020e-13
3.006875482812526752e+04 3.505881347913281150e-14
3.006901938268006779e+04 4.890243869211730747e-13
3.006925291750951510e+04 5.486966332643968108e-14
3.006934412075644650e+04 9.540724862619066543e-14
3.006951240374146801e+04 1.889240100924831134e-13
3.006985753741401277e+04 6.672669738165228636e-14
3.007002892712785615e+04 6.008866696217274519e-12
3.007056153919500503e+04 1.328768844783744323e-13
3.007064535503407387e+04 2.174262693431667343e-13
3.007080158285420111e+04 5.898326599604837051e-15
3.007100832247980725e+04 2.124575437745407243e-13
3.007124467246331187e+04 8.997468662187562655e-15
3.007143973222804925e+04 3.951957563459621863e-13
3.007179435280839607e+04 1.612277236770922981e-12
3.007200595116428303e+04 1.527429917463826477e-12
3.007225883084900852e+04 1.008479138050351037e-12
3.007241961011176318e+04 5.763279203060974559e-15
3.007273899144603274e+04 4.722202504135272408e-15
3.007279332785410224e+04 1.265224270772164208e-14
3.007312600586906410e+04 3.826586500933466409e-13
3.007326980325322802e+04 1.423643300389358283e-13
3.007370528802835906e+04 4.120119672762811608e-13
3.007382108267017247e+04 8.840562950832098189e-13
3.007390193381578501e+04 8.237832124732198371e-14
3.007398401963583456e+04 5.353014866389240679e-13
3.007433037575333947e+04 1.128318368354316634e-13
3.007454042157329968e+04 1.010195717884810086e-14
3.007493806320768635e+04 1.842285461681666456e-14
3.007510629035496095e+04 1.596084747330843478e-13
3.007524760666286602e+04 8.104583693607152408e-14
3.007560511048166882e+04 6.512818543801844674e-13
3.007585383004821415e+04 2.809741182044875813e-13
3.007611158736087600e+04 5.300403636479975831e-14
3.007638475648356689e+04 4.515923133715141669e-15
3.007660552127242045e+04 4.078670772745716186e-18
3.007705820216460052e+04 1.121059318476279460e-13
3.007727262566300487e+04 3.272963015250167522e-14
3.007738054378894958e+04 6.665373612867979370e-14
3.007748451023618691e+04 1.413498783905510926e-15
3.007776574038941908e+04 2.416260393749853356e-13
3.007800939289821326e+04 2.654852309155874534e-14
3.007833312545652734e+04 1.880220927143974296e-15
3.007863152388005983e+04 1.106627340716335631e-16
3.007884072326551905e+04 1.147820434329693552e-14
3.007914951033972829e+04 4.085509997232505628e-14
3.007934025291995567e+04 5.163620520489050515e-14
3.007948725473956074e+04 7.868085143261368422e-15
3.007985510432695446e+04 1.608446305213762580e-14
3.008004311167786000e+04 2.684258036968477745e-14
3.008058654208259395e+04 6.602923703186691329e-16
3.008062583966309103e+04 2.125208121777289043e-15
3.008084953866440628e+04 3.890839462294663777e-16
3.008115313357999185e+04 1.965374629472323150e-14
3.008140990969303311e+04 2.144741162836082283e-14
3.008168006853615589e+04 9.933005040923595354e-15
3.008227572850548313e+04 7.831932126012091043e-15
3.008252490475388913e+04 1.547491150210753279e-15
3.008279683605148603e+04 5.008978988987253249e-17
3.008310397201627347e+04 1.702066728313280157e-15
3.008312157808293341e+04 3.782746952944328608e-15
3.008369940091193348e+04 8.710896549886995118e-15
3.008408383189217420e+04 3.675874833805522032e-15
3.008439936528229737e+04 6.288880143586644970e-15
3.008443129212801432e+04 8.339026147431536185e-16
3.008477003117295317e+04 2.846393818104129274e-17
3.008523165633405370e+04 8.896616204709523751e-16
3.008532516682751884e+04 1.857876736622099500e-15
3.008555838155717720e+04 3.718697238596012146e-15
3.008581769387518216e+04 2.046211925945160304e-16
3.008630532073513314e+04 2.289410735725570005e-17
3.008640653177815329e+04 4.649710068152380044e-15
3.008668247732289819e+04 2.770006764355133042e-16
3.008732720492949375e+04 2.084407902729310048e-16
3.008760448061880743e+04 2.768210707603537542e-15
3.008795434140654834e+04 9.419061809497255966e-17
3.008819714622805986e+04 1.824065464957224515e-15
3.008858071762989130e+04 1.048738692167136982e-15
3.008946536853324506e+04 1.019189694893844523e-15
3.008972115598891469e+04 2.955967842675968819e-16
3.009006326087868365e+04 2.180138015203450949e-16
3.009022127948395791e+04 9.841511144574376647e-16
3.009071200049276740e+04 2.264455251415643225e-17
3.009129294900406239e+04 8.278768542792533426e-17
3.009174340605942052e+04 4.972429037080028595e-17
3.009191232544860395e+04 5.545056449412203043e-16
3.009212044525526289e+04 3.023400094625270845e-17
3.009229281183402054e+04 4.629581616793919113e-17
3.009298946749799143e+04 8.418907648340435544e-17
3.009350847552559208e+04 3.702673158661918574e-17
3.009384352920937454e+04 2.341794886050965408e-16
3.009401447325334084e+04 2.482466919870860609e-17
3.009463969861662918e+04 3.240953041524664068e-17
3.009492167524913384e+04 3.050042759256341592e-18
3.009569275022444708e+04 2.954038429105991812e-17
3.009596871987132909e+04 1.713367036480202259e-17
3.009685171866338715e+04 2.833859484959252777e-17
3.009757325551898612e+04 2.344602144311557079e-17
3.009809759269052665e+04 1.311404749895380405e-18
3.009877959314501277e+04 8.982089230046320768e-19
3.009912459301250055e+04 1.141816158361791835e-18
3.009949705736223768e+04 2.677034611302584335e-18
3.010033871443220050e+04 4.513435860335567663e-19
3.010050033468551192e+04 1.348625265759028208e-17
3.010067999570348547e+04 7.559069606869866054e-19
3.010138784217683860e+04 3.246440522225016418e-18
3.010165718318264408e+04 1.616716008279170815e-18
3.010267141474915115e+04 1.022534833161523610e-19
3.010285419973362877e+04 1.215809008802021485e-19
3.010316717881655859e+04 2.911715201278250617e-18
3.010446412931488157e+04 1.177024211922224022e-19
3.010464815796854964e+04 9.647115277157998776e-19
3.010584105115134662e+04 9.798254701961497552e-20
3.010622391394154329e+04 1.069853107960519849e-18
3.010732955465266787e+04 9.881491604219092286e-23
3.010764729687352883e+04 4.410477044028598571e-19
3.010806266949649580e+04 1.753436090280548041e-19
3.011056574230567639e+04 2.147026815449516750e-20
3.011095655069866189e+04 1.439038813763169044e-20
3.011175408965663519e+04 5.750030036055336884e-21
3.011232225855351862e+04 1.084078212167044040e-21
3.011251648453775124e+04 9.752596685672721676e-22
3.011348034152773471e+04 9.331802591328618551e-21
3.011373541163089249e+04 3.930963546309106676e-20
3.011409172651562403e+04 7.860529309004022019e-24
3.011542017541208043e+04 3.010330987627773594e-22
3.011588520960848837e+04 1.108137022749214036e-21
3.011879198662399358e+04 9.986322205498902909e-22
3.011969109670643957e+04 1.788571279492784090e-21
3.012103746665692961e+04 8.535801966016430875e-22
3.012147078752473317e+04 4.418603667148913994e-23
3.012338853099244443e+04 0.000000000000000000e+00
3.012426637852914791e+04 1.344136776068675691e-22
3.012544368493553702e+04 1.092992278476137581e-23
3.012785752666870758e+04 1.155976081625441365e-23
3.012901887997431913e+04 7.502472602969207076e-24
3.012987573543075268e+04 4.942644893094086182e-24
3.013076199641570201e+04 3.622202570039072582e-24
3.013407085509783064e+04 1.276419198599647210e-24
3.013481702335263617e+04 0.000000000000000000e+00
3.013794005319511416e+04 0.000000000000000000e+00
3.013867087077015822e+04 0.000000000000000000e+00
3.013924621796753854e+04 0.000000000000000000e+00
3.013989530461779577e+04 0.000000000000000000e+00
3.014516717876951589e+04 0.000000000000000000e+00
3.014584861148739219e+04 0.000000000000000000e+00
3.014889547431241590e+04 0.000000000000000000e+00
3.014959372781050479e+04 0.000000000000000000e+00
3.015213092043873985e+04 0.000000000000000000e+00
3.015277608732283625e+04 0.000000000000000000e+00
3.015765877023284338e+04 0.000000000000000000e+00
3.015823445372794959e+04 0.000000000000000000e+00
3.016039245160802238e+04 0.000000000000000000e+00
3.016091159787738070e+04 0.000000000000000000e+00
3.017146179717159248e+04 0.000000000000000000e+00
3.017197595775232185e+04 0.000000000000000000e+00
3.017356975982745280e+04 0.000000000000000000e+00
3.017395674139967741e+04 0.000000000000000000e+00
3.018650000699840166e+04 0.000000000000000000e+00
3.018698054508840505e+04 0.000000000000000000e+00
3.019165531953138998e+04 0.000000000000000000e+00
3.019198777744140534e+04 0.000000000000000000e+00
3.020365086480822356e+04 0.000000000000000000e+00
3.020398607959772926e+04 0.000000000000000000e+00
3.022533577949268874e+04 0.000000000000000000e+00
3.022554820810801903e+04 0.000000000000000000e+00
