-2.999508238727621574e+04 1.168328616962262013e-09
-2.999420489406817069e+04 3.982063698372209615e-10
-2.999346704405950004e+04 5.772310168020314381e-12
-2.999284378977181404e+04 5.064537484273817553e-09
-2.999231177418162042e+04 2.443318073347196028e-08
-2.999185240011196220e+04 9.548701244051497617e-09
-2.999145212942013313e+04 3.856017483026203080e-08
-2.999110143931403945e+04 1.712498384176697596e-09
-2.999079346298040036e+04 2.316335389842763786e-08
-2.999052256524319455e+04 8.037790781794268872e-10
-2.999027850997514906e+04 1.423413905860727329e-08
-2.999005948036568225e+04 1.009489556749097164e-09
-2.998998178174794521e+04 6.432929257355202205e-08
-2.998983305226632365e+04 8.614593994259728192e-09
-2.998959524487522140e+04 1.350369663581929966e-09
-2.998942337896280151e+04 2.785236509173722414e-09
-2.998916218474023844e+04 4.184908699705498551e-10
-2.998898226075011917e+04 2.961627426465025625e-08
-2.998897328658821789e+04 3.885844960179080532e-09
-2.998885220168887463e+04 2.992826831263556060e-09
-2.998852811408412526e+04 1.822671616237593906e-10
-2.998829945706253056e+04 1.619027289451071227e-09
-2.998814071704934031e+04 1.929891363581559560e-08
-2.998805278623500271e+04 1.130252937557281147e-07
-2.998787715034039502e+04 5.394940945668286822e-10
-2.998756403571383271e+04 9.601060759483924505e-10
-2.998730864428995119e+04 1.068685083138329408e-08
-2.998722363029894041e+04 7.645335210440481402e-08
-2.998702577177179410e+04 7.823114796815519551e-12
-2.998676720317696891e+04 2.400873301691562619e-08
-2.998650482862556237e+04 7.243500723239268338e-07
-2.998645322702916019e+04 4.488609550512042870e-07
-2.998614109901216580e+04 1.992426973725174244e-09
-2.998584569627673045e+04 3.725334802781929753e-07
-2.998573980007354839e+04 1.951581989624319184e-08
-2.998546662311479304e+04 7.402365000674873756e-08
-2.998524480289778148e+04 9.664882207229218905e-07
-2.998514970608941439e+04 6.745407398176800638e-08
-2.998496324732757057e+04 2.134206655028223919e-06
-2.998479837678038894e+04 2.860319967268660923e-08
-2.998470656845259873e+04 2.390363315062066689e-07
-2.998451074179008720e+04 1.292200254184737554e-08
-2.998423889180064725e+04 1.298470966987409722e-07
-2.998406789285751802e+04 1.935164355518519312e-08
-2.998389618819020325e+04 3.296708180416023170e-08
-2.998380306705348266e+04 3.200757193228799465e-08
-2.998367417834987282e+04 5.176910239735876575e-09
-2.998342543725597716e+04 8.630374794016512450e-10
-2.998331528573025935e+04 2.543759687936360835e-11
-2.998306705162951403e+04 2.447250355489943969e-10
-2.998295979223394170e+04 4.648286821109684735e-08
-2.998285286681361686e+04 3.107964951975770684e-06
-2.998269492807025017e+04 1.815834543153076685e-07
-2.998261304522893261e+04 1.111002634003064970e-07
-2.998237091000389046e+04 3.321786198611746988e-08
-2.998232701668627124e+04 2.021451893570269336e-09
-2.998206362280519897e+04 1.870106553653741721e-08
-2.998185788914073419e+04 4.478647965605287225e-06
-2.998178296956487975e+04 4.165671821138983753e-07
-2.998163530659508979e+04 2.202718398794296417e-08
-2.998149441560097330e+04 1.414439972759983487e-07
-2.998128061418837751e+04 4.582085759522466061e-07
-2.998115200579830707e+04 7.564923584740840609e-11
-2.998091415970018352e+04 3.052342700521813245e-06
-2.998089813607385440e+04 3.327169575429261253e-05
-2.998081361239660691e+04 5.588827426602035369e-06
-2.998059017226715878e+04 6.806536954815889004e-08
-2.998044659487838726e+04 3.270231835146924020e-07
-2.998023859034452107e+04 1.013525900489621599e-07
-2.998013342034726884e+04 2.056262541016368459e-07
-2.998000645323661593e+04 2.446909889581785009e-06
-2.997996076164732222e+04 1.642353076754990806e-04
-2.997992528703206335e+04 5.661313540827114332e-08
-2.997984196553564834e+04 6.458794372056183660e-08
-2.997969677756515011e+04 3.990658048061203677e-07
-2.997951059059795080e+04 7.546328465127467117e-07
-2.997927816398508367e+04 2.722143118036025664e-06
-2.997914489866376607e+04 2.388653590281960594e-05
-2.997899523418414901e+04 1.137367251385127677e-06
-2.997888415166329287e+04 1.631419620157785233e-05
-2.997873230059917478e+04 2.063517957166401308e-07
-2.997850349602376082e+04 1.600029799010956292e-07
-2.997834253524336600e+04 5.666544842814143834e-07
-2.997815549933035800e+04 2.570556303142494056e-08
-2.997813267133706904e+04 1.837113425407414590e-08
-2.997783292548343888e+04 2.636389972914922548e-06
-2.997781967324803190e+04 6.769165636805369885e-05
-2.997769588543853752e+04 2.254473239118998164e-06
-2.997758375560218337e+04 8.871632354218589294e-07
-2.997741811088597024e+04 5.505088188406350382e-10
-2.997709420637643052e+04 1.538662404654576871e-06
-2.997698608528921977e+04 5.758565663690535853e-06
-2.997691963771717565e+04 3.321745597314531727e-06
-2.997674708887846646e+04 2.670024431956721065e-05
-2.997654962006356436e+04 4.490924517686336960e-10
-2.997638329010180314e+04 2.086542897564659099e-05
-2.997600269434845177e+04 5.591072942621503677e-06
-2.997580236023787438e+04 2.730224200640844171e-04
-2.997569380633183027e+04 8.611350895133147981e-04
-2.997554748378401200e+04 5.554016717577921337e-07
-2.997519273000275280e+04 1.906425866617380965e-09
-2.997513569996658771e+04 4.019301639580311181e-07
-2.997496045984856391e+04 6.428873963960350657e-03
-2.997488284381330959e+04 2.831334724691889366e-08
-2.997472130153690887e+04 1.401178915434621591e-06
-2.997466641483896819e+04 2.299742686777770084e-07
-2.997437276111118626e+04 2.433260920942025516e-08
-2.997422226323899304e+04 2.554940278038641150e-08
-2.997388160732006509e+04 3.870481453137175729e-04
-2.997384081434176551e+04 1.105224689854484411e-06
-2.997371299285360146e+04 1.529542246146319930e-06
-2.997341498441983640e+04 4.946933689452969016e-08
-2.997315762968848867e+04 1.121700702803289199e-06
-2.997304341494485925e+04 1.090104484894420747e-09
-2.997289657414468820e+04 1.484538879907714259e-05
-2.997282858293714526e+04 3.014699783175424927e-04
-2.997280442482509170e+04 2.766631131549163528e-02
-2.997260644312719887e+04 3.889926312130909726e-10
-2.997236349414297001e+04 2.002283851037594499e-07
-2.997214583172997663e+04 2.187449878040064497e-08
-2.997200651594149531e+04 5.492160583306104304e-09
-2.997173435208424053e+04 1.254243866700676965e-08
-2.997170853700214502e+04 1.983808567149814655e-08
-2.997154251883740289e+04 1.313792136990595469e-08
-2.997141468610799711e+04 1.053230935804236388e-07
-2.997115871828185846e+04 6.693596469321125820e-07
-2.997096361756759507e+04 9.130608464182479881e-10
-2.997067868382289817e+04 1.621950477465146103e-07
-2.997059932372933690e+04 4.018189531362724816e-08
-2.997041506151812064e+04 5.969999036492545966e-07
-2.997030750831242040e+04 5.189269364293020574e-08
-2.997019366271415856e+04 9.043518523410415452e-10
-2.996996241021265450e+04 4.226710700562120174e-05
-2.996996039859482335e+04 9.499150068953463588e-01
-2.996975813628139804e+04 1.631067223409698340e-06
-2.996959649432700462e+04 3.459175248221325742e-06
-2.996957346192516343e+04 8.192205755971030855e-07
-2.996921111711748745e+04 5.394187787085317277e-08
-2.996910626071636943e+04 1.239289013848597624e-06
-2.996909176023151304e+04 2.005043529808767919e-06
-2.996888103983995825e+04 1.447205642659878497e-06
-2.996865460551269280e+04 1.929371571036375327e-05
-2.996858295936047944e+04 5.053597329159285878e-05
-2.996850959608076300e+04 1.247317478918863867e-05
-2.996832433406925338e+04 3.062532247696962730e-07
-2.996806677419901098e+04 2.023467945857039063e-07
-2.996787884780894456e+04 8.255030422521537249e-09
-2.996780202847282999e+04 5.367534085299063342e-06
-2.996778290537936846e+04 3.494505207324237939e-08
-2.996757103390941120e+04 5.351013729263777737e-07
-2.996728323892618573e+04 2.924648113072004333e-09
-2.996722244255580154e+04 1.389606505818244006e-08
-2.996705402624847193e+04 7.044573846474092999e-10
-2.996672423943871399e+04 5.044058092565234801e-05
-2.996668138870283656e+04 2.914550793773423455e-08
-2.996662732228743334e+04 1.753464958486907326e-06
-2.996653574799585112e+04 9.941702685477980501e-10
-2.996632943004461049e+04 1.048721664966471626e-09
-2.996599803479187540e+04 1.083021847138665152e-08
-2.996587642350319584e+04 2.667290248837813791e-07
-2.996573006253312633e+04 3.431088039384898529e-06
-2.996564944266885504e+04 8.709901948043221763e-04
-2.996560266363365372e+04 3.692037751292822055e-06
-2.996539984352879037e+04 2.582233040782735702e-11
-2.996527302758031874e+04 3.696140206332530644e-08
-2.996496037940209499e+04 6.825803448207729690e-03
-2.996490492960420670e+04 2.446264260539290007e-11
-2.996482479399837393e+04 1.855162163621262655e-09
-2.996476959565084326e+04 6.286416029942767773e-10
-2.996464291664469056e+04 1.269915738488931832e-08
-2.996458121621369355e+04 8.886977528010425077e-07
-2.996433487495819645e+04 6.357861049472054588e-10
-2.996406756919515101e+04 6.378791543113679019e-08
-2.996401649458863176e+04 3.862403243295261181e-08
-2.996388085848832270e+04 2.733456342445660255e-04
-2.996385888663689548e+04 4.468092528019046103e-11
-2.996367577709508623e+04 4.805902242020300065e-08
-2.996353266693495971e+04 4.554080755360968926e-06
-2.996340264361885420e+04 6.526709445457839758e-08
-2.996326154584758842e+04 1.183144435684712936e-09
-2.996315233671520400e+04 3.520324821977633066e-11
-2.996302125700214674e+04 4.713661087817349673e-09
-2.996282260964886882e+04 5.629941809342439490e-09
-2.996280113059030919e+04 4.963523937221904318e-03
-2.996262739252944084e+04 3.656375140612718430e-10
-2.996254237760723117e+04 2.659062823123189308e-07
-2.996243613354569970e+04 5.623875112763974049e-08
-2.996233820668435874e+04 3.802282384428556502e-08
-2.996209099474788673e+04 1.346380921696574135e-09
-2.996184643397511172e+04 1.179149483113671581e-07
-2.996177471212641831e+04 1.011958535595683990e-07
-2.996172109840318444e+04 6.744091315959586990e-06
-2.996166619720050949e+04 9.770718475812337471e-08
-2.996152935893974427e+04 9.752615614967856811e-07
-2.996136149322276469e+04 1.678117474025549627e-06
-2.996123329523259235e+04 1.757940156988813300e-09
-2.996119748046462701e+04 1.418498583691572217e-08
-2.996097855349889869e+04 3.022562538997577552e-09
-2.996087526142869319e+04 1.081776526984896872e-13
-2.996064097094624594e+04 3.036722201171592229e-05
-2.996046401787188734e+04 1.060708395109113535e-08
-2.996031890214842133e+04 3.576473319274601377e-08
-2.996020570395784671e+04 2.311658693789541293e-11
-2.996010336671060213e+04 2.065410062300459246e-10
-2.995996026808882016e+04 3.879189765757254057e-04
-2.995986208059745695e+04 4.710758062324154433e-11
-2.995968923397070830e+04 2.260047234403638983e-08
-2.995956167564464704e+04 1.654669482727927681e-06
-2.995951569810827277e+04 4.765585625586228000e-09
-2.995941041280243371e+04 1.045961565470947714e-07
-2.995929437362206227e+04 2.849738558796577444e-09
-2.995898852357027499e+04 3.430620568750649093e-10
-2.995889048988814829e+04 9.353049426116343827e-09
-2.995888006442139522e+04 3.097765463681165585e-05
-2.995878774744876137e+04 2.584680127096541220e-09
-2.995855499833974318e+04 8.314363147455488533e-08
-2.995849123135754780e+04 8.363947394222706407e-06
-2.995847662691657752e+04 6.055784142939859259e-06
-2.995827409275939499e+04 6.005845592052409684e-11
-2.995816024648562234e+04 5.619549902585617642e-11
-2.995790605060583766e+04 1.225122967025742654e-09
-2.995785608303636400e+04 9.958822176701605663e-09
-2.995779835267543967e+04 4.904234232656381998e-05
-2.995764276015691212e+04 8.177941426548244322e-09
-2.995752241572418279e+04 2.365821306195956576e-10
-2.995741472914010592e+04 1.353363870152988867e-07
-2.995724831788077063e+04 8.439299008414395206e-10
-2.995699277358398103e+04 4.860293043998267108e-09
-2.995686193076398558e+04 2.045452671767321740e-09
-2.995673183230075301e+04 1.447340035933191984e-07
-2.995671369612293711e+04 2.839582862938184888e-06
-2.995657778535660691e+04 7.611286628161765798e-10
-2.995636738240733393e+04 4.395297122591939677e-07
-2.995633591303779031e+04 9.724753618199019959e-08
-2.995625098647778577e+04 6.200935466180401059e-09
-2.995616920867965746e+04 6.130532815334304168e-10
-2.995584418406421537e+04 6.126136726625599010e-10
-2.995569043212705583e+04 6.323154063603733685e-08
-2.995562667364448134e+04 2.232046940968527538e-05
-2.995557967128053497e+04 3.607853687982013614e-08
-2.995534587539287168e+04 1.576470010830880549e-08
-2.995524481254190323e+04 1.265303884744833188e-09
-2.995516079364283723e+04 1.390482239144210302e-09
-2.995504086357984852e+04 1.106231880703997200e-09
-2.995495923070553908e+04 5.417556319557959305e-07
-2.995478456792228098e+04 2.797368086317241676e-11
-2.995458316745224874e+04 1.802534560805682421e-09
-2.995453487270647020e+04 5.206104051445012677e-07
-2.995445738562774568e+04 2.593029825654018742e-08
-2.995426795014338131e+04 1.614712521716097268e-08
-2.995418699208958424e+04 1.907308661780532335e-08
-2.995400511480954083e+04 1.843721586446108422e-08
-2.995393250078150231e+04 9.312286420401190127e-09
-2.995387451352441349e+04 2.065502037379727031e-06
-2.995362854307179441e+04 2.542087623342011510e-09
-2.995354680239446316e+04 2.383462676537669016e-11
-2.995343967048505510e+04 2.018401706642732904e-06
-2.995341624866733764e+04 2.542527227477625233e-08
-2.995313945243743365e+04 2.262026493236705996e-11
-2.995298382987913283e+04 3.023826198920807232e-08
-2.995290224286267403e+04 7.447764958542403643e-09
-2.995278354656195006e+04 3.324620012394744953e-05
-2.995274235929940551e+04 2.762168753531861775e-07
-2.995248622787369459e+04 9.059209413754537692e-10
-2.995234207851929750e+04 3.631021859113656031e-08
-2.995225152586149125e+04 7.437931926417677732e-10
-2.995218177458356513e+04 6.357602645956625634e-10
-2.995208733221857983e+04 1.336145971657093837e-09
-2.995168369578344209e+04 9.278943835966780628e-07
-2.995165084350528196e+04 6.686717617642470310e-09
-2.995150545808787138e+04 1.005418450921338143e-10
-2.995126303836374427e+04 8.661646510454695942e-09
-2.995123937931163891e+04 1.985024245956380841e-07
-2.995116783814442897e+04 1.504093968494367118e-09
-2.995108939554174867e+04 5.486156110212073027e-10
-2.995093915875599851e+04 2.982037072866040873e-10
-2.995058560906543426e+04 8.114460097300924042e-08
-2.995057551755452369e+04 2.169219146322867483e-06
-2.995044875593412144e+04 3.436694601688768183e-11
-2.995039949826121301e+04 1.342444231682484407e-08
-2.995022396666849090e+04 2.159192635887710090e-09
-2.995013312902245161e+04 1.231398953181751243e-08
-2.994994893019866504e+04 7.306780370040194907e-07
-2.994988600671181484e+04 1.119670231064747621e-09
-2.994971689691096617e+04 1.046409819143090033e-09
-2.994949312825118614e+04 3.687546070249563925e-09
-2.994945479598159727e+04 2.124859543420107675e-08
-2.994934849615216444e+04 2.237225224930583484e-10
-2.994920113228945047e+04 6.699341351042283724e-10
-2.994906172311286355e+04 2.359603907223681355e-08
-2.994886935267073568e+04 2.097656805703625427e-10
-2.994883653636158488e+04 2.077355968628073395e-07
-2.994870794412262330e+04 1.002899781253279309e-09
-2.994850848800236781e+04 2.131143071140976925e-09
-2.994846700078944195e+04 1.110798112918641018e-09
-2.994833103660110646e+04 7.484081620992025061e-08
-2.994801299896571800e+04 1.032578604117608344e-10
-2.994795870913799445e+04 5.274525081455561793e-10
-2.994793097785111604e+04 4.510628494821309322e-10
-2.994771173096365237e+04 7.218019778838165074e-07
-2.994765816116289352e+04 1.600027435605193000e-09
-2.994757032206893928e+04 7.945628021887752264e-11
-2.994736052378495151e+04 2.792879818253188521e-10
-2.994718336496105985e+04 6.407730384295373348e-09
-2.994711541804157969e+04 2.550010086104053507e-09
-2.994704123088994675e+04 7.292640427633000559e-09
-2.994688214425508704e+04 8.736175939031568812e-09
-2.994671295183449183e+04 1.574971935526948200e-09
-2.994657634807447539e+04 2.754741716879334324e-09
-2.994643173263182689e+04 2.039149306291746987e-11
-2.994631355016313319e+04 1.121938404077029994e-09
-2.994609196074423744e+04 2.738752469733737716e-10
-2.994602287168765542e+04 2.793208727547045651e-08
-2.994588140655113239e+04 1.307786743174422899e-09
-2.994568126587346705e+04 8.027605469887740875e-10
-2.994556728254527843e+04 3.679009077876304904e-09
-2.994553453269189413e+04 8.801976327421641442e-12
-2.994541689596174183e+04 2.637198388543489591e-07
-2.994519465044157187e+04 6.765765898584523398e-09
-2.994504955398321181e+04 6.576672350343571806e-15
-2.994493224897721666e+04 1.027059238560128666e-09
-2.994486686146612919e+04 1.353468009149892378e-11
-2.994480032176309032e+04 1.538867695128025691e-09
-2.994461446235999392e+04 9.881414502460654585e-10
-2.994432513809012016e+04 5.329107023370256185e-10
-2.994428230663292561e+04 1.605571385193923950e-09
-2.994416897532550502e+04 7.121152660971053193e-09
-2.994389629488058199e+04 4.922212374937523189e-11
-2.994378761247281000e+04 7.799413408647058371e-10
-2.994365221039749667e+04 4.520715145789550368e-09
-2.994363027571398925e+04 1.486757346849347138e-09
-2.994358845964000284e+04 4.369830148872526398e-09
-2.994349399306451596e+04 1.004691492318376110e-09
-2.994333562931389315e+04 6.516950958709183058e-10
-2.994296531700969354e+04 1.469335584952352881e-08
-2.994286884038087010e+04 9.665431651123073351e-10
-2.994281047718868285e+04 9.368335172924504216e-10
-2.994269564808009818e+04 1.919685184436915793e-09
-2.994237487508314734e+04 3.595855229112004736e-09
-2.994235136118505761e+04 4.321679768440068235e-11
-2.994229804060994138e+04 6.087066915764899786e-08
-2.994223980358152767e+04 1.261529188879976726e-08
-2.994194637559715193e+04 3.214863118006469229e-10
-2.994180061107545407e+04 3.272215547949949398e-12
-2.994155708776456231e+04 3.863732954577073524e-11
-2.994154307012411300e+04 8.489012620212048287e-11
-2.994138245816687777e+04 2.982787884112574514e-11
-2.994121055382726991e+04 9.449013306701454855e-11
-2.994104064227833442e+04 1.658775649455156906e-10
-2.994092868386243936e+04 1.049770868815997073e-10
-2.994084876383777373e+04 9.029785893520505702e-09
-2.994079248099477263e+04 3.523331426217618662e-09
-2.994034880144202180e+04 1.497181713504050151e-11
-2.994022430883147172e+04 7.419861418510905687e-12
-2.994014357720079715e+04 8.989671962656656058e-10
-2.993981752527451317e+04 1.412967303562770347e-10
-2.993964849048986798e+04 5.457167924776626954e-10
-2.993945678077935008e+04 4.805417659366340417e-09
-2.993938092725586466e+04 9.216870080550761030e-09
-2.993927540937599406e+04 3.595061658978877528e-08
-2.993920838375430321e+04 6.506230863880479910e-09
-2.993890259830853756e+04 1.645369753048133673e-10
-2.993873232402838767e+04 1.280345619905358501e-09
-2.993865801030638613e+04 3.153944049969558324e-10
-2.993844756456395044e+04 4.391014988477414661e-10
-2.993833151376876049e+04 1.656705276023054613e-12
-2.993799607627797377e+04 1.687457854554368456e-11
-2.993774543204629663e+04 5.850438093411866169e-10
-2.993767411431965957e+04 1.372352854546342535e-10
-2.993754527229730593e+04 9.416725929481921350e-10
-2.993740590718711246e+04 1.191431370172286049e-10
-2.993727202222978667e+04 1.633363939903292048e-09
-2.993715416791608004e+04 5.381722861337328771e-10
-2.993700209063758302e+04 6.788147183183358601e-11
-2.993688615512421893e+04 5.591664590156808089e-10
-2.993657071657453344e+04 3.238515662663593281e-11
-2.993623689542453212e+04 5.472479144117331839e-12
-2.993615220124274128e+04 3.052448621935281187e-13
-2.993605031779989076e+04 6.655230514390683252e-11
-2.993594030811397170e+04 3.053303953270881869e-11
-2.993576392189974649e+04 3.727105475488603640e-16
-2.993561995408191069e+04 2.090153990163474985e-10
-2.993535184097487945e+04 3.272238825220256152e-12
-2.993515628013923924e+04 9.866326685420498770e-12
-2.993485831763204260e+04 1.666093513095097957e-11
-2.993454129462901255e+04 1.161544098510437003e-10
-2.993444352285955756e+04 5.495212961054240055e-11
-2.993423717277119431e+04 4.974397422259540550e-12
-2.993420283853004366e+04 4.938506209859797370e-12
-2.993414831727254932e+04 5.046003952488399161e-12
-2.993373257134999949e+04 9.491554816300880852e-11
-2.993358821475973309e+04 2.266102418043567188e-11
-2.993340098174230297e+04 4.456025065215650838e-12
-2.993314039181597400e+04 1.078809740126037898e-10
-2.993283440207012245e+04 8.538745546103080723e-10
-2.993269373608746537e+04 1.631856740558170897e-13
-2.993262174725829027e+04 1.578489453828382980e-10
-2.993207249545064042e+04 4.660310739283217287e-11
-2.993202201892594530e+04 8.807129976873363918e-11
-2.993185611841170976e+04 1.329744831291950203e-11
-2.993161240636649745e+04 5.455769104365309718e-14
-2.993135325204908804e+04 4.893438965114640777e-12
-2.993127561061819142e+04 2.796963329507289518e-11
-2.993101722920376415e+04 3.385777402929982086e-15
-2.993098502794351225e+04 1.304547598427333529e-10
-2.993057531672847472e+04 2.878592806835229839e-12
-2.993018312162478833e+04 9.149337978291835032e-12
-2.993005457565364850e+04 2.721360043303393245e-11
-2.992993729523529328e+04 1.417026092058602791e-13
-2.992966482466099842e+04 1.307099213885894733e-11
-2.992960027334346523e+04 2.311988321612566113e-12
-2.992923719506389534e+04 1.477747302788229203e-11
-2.992870162440428248e+04 3.922069376196013613e-12
-2.992853114303991606e+04 7.606281449384697791e-12
-2.992836496467833786e+04 1.028288772001576296e-11
-2.992812769768429280e+04 4.301075537926954377e-12
-2.992802927490041475e+04 3.032121007838102421e-14
-2.992757932141399579e+04 8.661672254458258613e-13
-2.992735354207540149e+04 1.367398165825697282e-13
-2.992723057393238923e+04 7.076314430099663690e-12
-2.992689369294198332e+04 5.294735929757788580e-13
-2.992665921330271522e+04 4.366581231013734407e-17
-2.992625795312189439e+04 1.007232733702610814e-12
-2.992616391068352459e+04 1.586934704763205730e-12
-2.992583112802506002e+04 6.366713713627978261e-13
-2.992574264880568444e+04 1.289469023618623978e-14
-2.992538689601520673e+04 6.631042060693177599e-13
-2.992512037935519038e+04 6.198781794484947746e-13
-2.992473490733275685e+04 2.130804709637269857e-14
-2.992469837542699315e+04 2.789733708611079508e-13
-2.992422291892855719e+04 2.204476078869614501e-14
-2.992410296366893817e+04 2.994017849461288070e-14
-2.992389753741443928e+04 1.980852456085641161e-13
-2.992353747238864526e+04 1.514866096875346107e-14
-2.992336135097924853e+04 3.104839684079924971e-13
-2.992293443974964248e+04 1.406348941643156438e-17
-2.992282219505901958e+04 3.134217225938683324e-14
-2.992248032758953195e+04 1.681219489615250860e-13
-2.992232506245599507e+04 3.385742123976942307e-14
-2.992184763945598752e+04 2.084280321342215931e-13
-2.992168168767860334e+04 7.081449485087245211e-18
-2.992160051475495857e+04 1.428365144410084702e-13
-2.992133739285425690e+04 5.564931808318258946e-15
-2.992124530957140814e+04 2.372670348764097667e-14
-2.992045692088711075e+04 3.578700655652829329e-14
-2.992030018522644968e+04 1.324141170142818134e-13
-2.992009478146062611e+04 5.530256550515372183e-15
-2.991972112123415718e+04 2.011047299049339210e-14
-2.991932221412754370e+04 1.232848803460976672e-15
-2.991910559772147462e+04 1.295404545151179352e-14
-2.991858886789582903e+04 9.215103562059152978e-19
-2.991836886159792630e+04 1.556478456676035379e-14
-2.991802092446193637e+04 8.663626127511072684e-15
-2.991764192053781881e+04 2.379699279964605020e-16
-2.991701673311663399e+04 3.726285755207795060e-17
-2.991690467512233590e+04 2.071952743852785168e-20
-2.991669315170401023e+04 1.970421726509614186e-15
-2.991631196061449373e+04 2.669542987623504067e-17
-2.991596730117323023e+04 1.576691992474537566e-15
-2.991561315023762654e+04 1.674077812993062696e-15
-2.991516697760128591e+04 7.863214664284601154e-16
-2.991511730835973140e+04 3.104891334839135195e-16
-2.991458761229829179e+04 1.113480454280467902e-19
-2.991426995264913785e+04 5.819677275846232866e-17
-2.991361736813277093e+04 1.642688598022075130e-16
-2.991343168859331126e+04 6.750553715476667163e-16
-2.991303146436719544e+04 5.841524518638544933e-18
-2.991288899517918253e+04 1.777391336951596539e-17
-2.991243657876912039e+04 2.887316561766510795e-17
-2.991204898992691233e+04 1.148396958770519445e-16
-2.991131394520033064e+04 9.815443485757416383e-17
-2.991128354295268582e+04 9.660210684638739588e-18
-2.991092866772052366e+04 1.755905870242127714e-16
-2.991052793849744194e+04 1.893011857830870763e-17
-2.991013931524910367e+04 2.025553372498989751e-18
-2.990978746013560158e+04 8.401132779618535840e-18
-2.990881883760492201e+04 2.479546208032172836e-17
-2.990855647986926488e+04 1.745538252024976095e-17
-2.990765123681609111e+04 1.067349367602797580e-17
-2.990749436096716818e+04 2.716103485067378213e-19
-2.990714220805351215e+04 6.373619371843987944e-18
-2.990684114931216391e+04 1.632737688684058436e-18
-2.990590325825458785e+04 1.074163329081346176e-18
-2.990567593242733346e+04 1.140601988157251138e-19
-2.990543801605219051e+04 1.948345728706248285e-19
-2.990501098924557664e+04 2.155006539059467421e-18
-2.990476207260938463e+04 3.742085819871332579e-19
-2.990421178467463324e+04 2.533023664566232969e-22
-2.990392918090059175e+04 1.955943764767655448e-19
-2.990375028061875491e+04 1.886657775703962935e-20
-2.990338051718358474e+04 1.225733953873841044e-21
-2.990236256345650690e+04 2.188102844412240103e-19
-2.990210464284294358e+04 2.591528556278157609e-20
-2.990168168778772088e+04 3.750972749585904674e-20
-2.990123933834250056e+04 1.964349835636398204e-21
-2.990066104939412617e+04 8.655577991187004337e-21
-2.990024955950793810e+04 5.679265792448647708e-21
-2.989936963812762406e+04 1.337611655250522722e-19
-2.989854825934975088e+04 1.213464138534048056e-20
-2.989809173167711560e+04 1.371287642948917400e-20
-2.989748326048908712e+04 1.477703775307677729e-23
-2.989670417545059536e+04 6.501161009942392280e-24
-2.989620241279299444e+04 4.351273512897822207e-22
-2.989500585930916350e+04 2.515083366250835899e-22
-2.989497976184578511e+04 1.764929271251629786e-21
-2.989436579208606781e+04 6.861336325907703447e-22
-2.989378279915831445e+04 3.443948881417086564e-22
-2.989344558243158463e+04 2.048747376754207648e-22
-2.989287454801505373e+04 3.381743320278114038e-22
-2.989197294478269032e+04 3.794092496938032121e-22
-2.989123056668689969e+04 2.932902034326990976e-23
-2.989024907976155009e+04 3.293933409244515560e-23
-2.988893613821598046e+04 1.099284724564722860e-23
-2.988843824573235179e+04 3.540527570284310529e-24
-2.988725934634422447e+04 0.000000000000000000e+00
-2.988645529424444612e+04 0.000000000000000000e+00
-2.988574747283307079e+04 0.000000000000000000e+00
-2.988527488022754187e+04 1.221149722521197736e-23
-2.988455935405190758e+04 0.000000000000000000e+00
-2.988361634025716921e+04 0.000000000000000000e+00
-2.988271309810181265e+04 0.000000000000000000e+00
-2.988237221961087562e+04 0.000000000000000000e+00
-2.988174379083896929e+04 0.000000000000000000e+00
-2.988107645639889233e+04 0.000000000000000000e+00
-2.987906195210014994e+04 0.000000000000000000e+00
-2.987854327972068131e+04 0.000000000000000000e+00
-2.987758186257036141e+04 0.000000000000000000e+00
-2.987655555211586761e+04 0.000000000000000000e+00
-2.987508781389624710e+04 0.000000000000000000e+00
-2.987483732478310048e+04 0.000000000000000000e+00
-2.987389185112637279e+04 0.000000000000000000e+00
-2.987326674502073729e+04 0.000000000000000000e+00
-2.987070696251949266e+04 0.000000000000000000e+00
-2.986944727953708571e+04 0.000000000000000000e+00
-2.986766074477539223e+04 0.000000000000000000e+00
-2.986678256915440215e+04 0.000000000000000000e+00
-2.986355409014082761e+04 0.000000000000000000e+00
-2.986264532154732296e+04 0.000000000000000000e+00
-2.986076584937758162e+04 0.000000000000000000e+00
-2.986032931820275189e+04 0.000000000000000000e+00
-2.985656506349400661e+04 0.000000000000000000e+00
-2.985607311080218278e+04 0.000000000000000000e+00
-2.985475884987076643e+04 0.000000000000000000e+00
-2.985406512619533169e+04 0.000000000000000000e+00
-2.985012445404458776e+04 0.000000000000000000e+00
-2.984932837149004990e+04 0.000000000000000000e+00
-2.983838687159197434e+04 0.000000000000000000e+00
-2.983802502639869999e+04 0.000000000000000000e+00
-2.983321846571673450e+04 0.000000000000000000e+00
-2.983277063886061660e+04 0.000000000000000000e+00
3.000492001302615972e+04 1.706026891715479607e-15
3.000580258718588811e+04 1.584987832431638478e-14
3.000654618627340096e+04 1.672397599389543891e-15
3.000717586369361379e+04 1.126870635272322191e-14
3.000771494120227726e+04 2.192376725845284791e-14
3.000818199656968136e+04 8.256765017751604631e-14
3.000859058072043990e+04 8.622034145285426684e-15
3.000895028837129939e+04 5.085257966759759998e-14
3.000926819328478814e+04 2.356118732903311395e-15
3.000954976758824705e+04 3.452005300663321972e-14
3.000980378844930965e+04 9.307412036927371723e-16
3.001001970308598175e+04 2.104918751723295404e-14
3.001004026228481962e+04 4.570666058875407798e-14
3.001026323377572771e+04 2.688594312255959453e-16
3.001051449563111237e+04 1.038227702176141212e-14
3.001072159860860120e+04 2.195947661115661665e-15
3.001095329402623975e+04 5.773220518505801272e-16
3.001103577490133466e+04 2.787084942730452943e-13
3.001124476313758714e+04 1.332738380220623721e-16
3.001132708682639350e+04 3.777452523106812139e-15
3.001160432539731119e+04 2.550547306336484292e-15
3.001187692052962302e+04 1.978675170037752240e-15
3.001195933521111874e+04 5.904556871831529697e-14
3.001203270014338341e+04 2.850897477314066648e-14
3.001227077610046035e+04 2.390826659296043849e-15
3.001260031629652804e+04 9.278816904236532662e-15
3.001280025934768491e+04 1.407032470190749026e-12
3.001293494003914384e+04 9.354086913414633924e-14
3.001312969246034481e+04 8.382864186638692218e-16
3.001339730693696038e+04 5.554222875977805743e-14
3.001356786128344174e+04 4.016915179141459526e-13
3.001377173659799155e+04 4.498361325803539940e-14
3.001412163406243053e+04 6.328899325732070884e-14
3.001423188922740883e+04 1.959929930629447197e-12
3.001449439685617108e+04 7.810264726812562985e-14
3.001476866562076611e+04 2.886969232729924744e-14
3.001488780426258018e+04 4.443659184118442672e-14
3.001504168402870346e+04 1.500517616126481163e-12
3.001509913799237256e+04 3.572527744586635569e-14
3.001539627121417652e+04 6.897681946675076506e-13
3.001548731893905642e+04 2.532226482269287346e-15
3.001586886031976974e+04 2.184859773557741953e-13
3.001591691055536648e+04 2.297691419966920903e-13
3.001611787210113835e+04 1.676145723893376287e-11
3.001629157922825107e+04 5.953944587798299934e-14
3.001634051851893310e+04 3.784414790188408444e-14
3.001671148659537357e+04 2.316457077929629811e-14
3.001679351255681468e+04 1.025668534225020115e-14
3.001705286938702557e+04 1.727942449680588281e-18
3.001714982366235199e+04 1.711593250768349147e-13
3.001718838218200835e+04 2.031986520724464590e-13
3.001732335020618484e+04 1.093096337322882723e-14
3.001751922437796020e+04 3.592169514008890385e-15
3.001779856052592731e+04 8.338129917604006024e-14
3.001793568317997779e+04 3.027249854941928657e-17
3.001813219499976913e+04 1.089622234554690519e-14
3.001818309686970679e+04 3.510615389991484971e-12
3.001821141917579371e+04 1.056701755521933876e-13
3.001843600377979237e+04 3.039176967586525987e-13
3.001866992428626691e+04 3.292348689334014869e-13
3.001887486895118127e+04 9.537278372190199938e-14
3.001894703362914152e+04 9.736986268540864377e-14
3.001915353734471864e+04 9.096579459681511806e-12
3.001921210852963486e+04 8.053810713235282341e-16
3.001938008755813644e+04 1.496041055748571543e-13
3.001954569096751948e+04 7.192259055816652176e-14
3.001975193285526984e+04 3.235874990356963570e-12
3.001980293668528611e+04 7.623035623727391209e-13
3.002004380368935381e+04 1.496678821529495894e-11
3.002005761040357538e+04 7.717900976655358748e-11
3.002010186554538450e+04 7.169129698976469405e-12
3.002022778174552514e+04 1.566981376820266312e-12
3.002051376526003878e+04 2.062331560836348898e-13
3.002072827678145040e+04 1.497154240467630263e-13
3.002079644905699388e+04 1.578148464995348498e-14
3.002082790016394938e+04 6.281031340422954887e-13
3.002091065418863946e+04 8.086496441511822830e-13
3.002111542917024781e+04 3.460530911325158889e-12
3.002112987416773103e+04 1.130260257979671612e-10
3.002138762001928626e+04 4.307462780992642568e-14
3.002167357432963763e+04 9.083878839595357087e-14
3.002170032764011921e+04 1.071539991283560966e-13
3.002198620409202340e+04 1.092725625536055854e-13
3.002220387011229832e+04 8.167712008486543589e-11
3.002225905677047194e+04 3.675187202094416982e-13
3.002229369628696804e+04 2.381890723824659023e-13
3.002245073352908003e+04 6.983334820350246979e-13
3.002254295606702362e+04 6.050173199118252768e-14
3.002272822314945006e+04 1.732284784012092039e-14
3.002297164085812619e+04 1.086429056793496423e-11
3.002311103141175772e+04 1.397320912649574439e-10
3.002328953570645535e+04 1.175927893745843151e-09
3.002343400552364255e+04 5.312694610882390041e-12
3.002364496926948777e+04 6.454412843466657153e-14
3.002374700729711185e+04 2.089273720140647290e-12
3.002390027852746061e+04 3.961893656394956924e-14
3.002429017142073644e+04 1.432384393943473515e-14
3.002435129883099944e+04 3.043715504403772264e-13
3.002443912593219648e+04 3.430208675157594240e-17
3.002481232844816986e+04 7.682228627686926317e-14
3.002495630691818224e+04 2.220811335320795461e-14
3.002504426485084696e+04 8.917860915215282540e-10
3.002515199398605910e+04 2.039717749819260480e-15
3.002533601631387864e+04 1.818469428640957540e-12
3.002546345965159708e+04 7.661005273936429606e-15
3.002550980724954570e+04 1.413548509861592121e-15
3.002591159445387530e+04 2.557309169170002632e-13
3.002607531462595580e+04 6.849473461203242196e-13
3.002613210341828380e+04 1.457572432929900109e-08
3.002625851745570253e+04 1.226174715812463452e-12
3.002640718602579727e+04 2.631601456138218887e-13
3.002674935829154492e+04 3.915973085789015464e-13
3.002705057319923071e+04 9.479503445604639419e-13
3.002719648044892165e+04 1.523931286228215186e-11
3.002721807571487807e+04 1.831961407741003561e-12
3.002724727668015112e+04 1.159971707633471822e-12
3.002730909351746959e+04 1.674525578270328633e-12
3.002759378306855797e+04 6.290076965528131726e-14
3.002778924146631471e+04 1.890191451729774132e-13
3.002800686637971376e+04 2.079060954117644880e-13
3.002813825154041115e+04 3.585153603883438274e-13
3.002829862043727917e+04 9.349520090015734103e-12
3.002847642084059407e+04 1.510823195078251473e-13
3.002867683378324728e+04 2.588227075351077011e-15
3.002876485852349288e+04 1.346335922923303817e-13
3.002897181664468008e+04 1.572169281085617587e-13
3.002923838152294775e+04 1.966492532880775149e-13
3.002936546195568371e+04 2.748079954216704180e-11
3.002959502558195891e+04 2.063343556047795769e-14
3.002972978760883052e+04 2.074782217869071569e-13
3.002988001102780254e+04 2.567660986529158011e-14
3.003004432461709075e+04 2.232225627403557336e-11
3.003004970839296220e+04 5.358418154294387359e-13
3.003022549262429311e+04 1.455750449621070691e-12
3.003034789000427918e+04 1.274269753652378625e-10
3.003048415828492216e+04 1.637601687049449332e-10
3.003064345567310374e+04 7.068464801651124899e-13
3.003099585362871949e+04 9.908494686754114413e-16
3.003104941109760694e+04 2.995143987129594291e-14
3.003110578836544664e+04 1.270357784872803123e-13
3.003113265106447579e+04 3.373872553431230059e-11
3.003146216799167087e+04 1.050234268936997546e-13
3.003156837107822503e+04 1.254045609834235775e-13
3.003164104483491246e+04 1.540163578750674191e-14
3.003188646164155944e+04 1.567462454652959169e-16
3.003210701139985031e+04 1.158044948735300638e-14
3.003222062895803174e+04 1.697087907929948024e-10
3.003228437990593375e+04 1.871092156747723511e-13
3.003242174462962794e+04 7.010544534568032245e-14
3.003251287461873289e+04 3.041716750248815696e-13
3.003289990845441207e+04 5.480045065780501026e-15
3.003296475177043249e+04 1.475684557932938458e-14
3.003315964816234919e+04 1.197587170604866828e-13
3.003330742013094641e+04 2.343048215624447019e-09
3.003345888560389722e+04 4.591878620228382167e-16
3.003351096678187969e+04 1.339090116988589178e-15
3.003375453261340954e+04 6.774041407848364197e-15
3.003384793963503034e+04 9.172241593611088825e-17
3.003419024429273486e+04 3.042287843809324187e-16
3.003431269035935475e+04 4.177588316708138093e-13
3.003439057127084743e+04 7.310489198662220825e-14
3.003440717330156258e+04 6.589908642800640977e-13
3.003465050229812550e+04 4.467473301982931923e-14
3.003483032499281035e+04 1.283440474235855802e-14
3.003491724514485759e+04 1.156406568244496410e-14
3.003504434274805681e+04 7.887089165062878143e-10
3.003526674531520621e+04 1.322289599340577345e-13
3.003535985077450459e+04 3.445823099531400416e-14
3.003546776221185064e+04 4.762033320703263175e-13
3.003550922137540329e+04 2.086968200246524839e-18
3.003556429299603406e+04 1.331663189560353565e-16
3.003589709613414016e+04 2.165224040241857822e-15
3.003609407137965172e+04 2.182870271154387779e-12
3.003613282794686529e+04 1.199285210225390778e-08
3.003624415156616669e+04 4.248445086985939123e-15
3.003635752064869666e+04 1.861291005646617978e-15
3.003652587283858520e+04 2.180907244435461378e-12
3.003658465691128731e+04 6.560916504068163540e-14
3.003685273291497288e+04 4.696089779086231714e-17
3.003699802119202650e+04 1.461777673715168010e-14
3.003705794276442248e+04 3.626449010474630243e-14
3.003722147532015151e+04 9.991526634220585527e-13
3.003723006992946830e+04 4.175200470800733022e-14
3.003742791720766400e+04 4.353771213902872196e-13
3.003754776357644369e+04 1.205527930334665028e-11
3.003765097189144217e+04 7.393907950313927334e-13
3.003776471511043201e+04 2.342910364862558255e-12
3.003786429231852526e+04 3.248032436722152288e-13
3.003822006471116038e+04 9.685183462155412836e-15
3.003831035763686668e+04 7.052143781785748727e-14
3.003835642673720213e+04 3.393364760705754718e-14
3.003842321773925505e+04 7.066217863795770164e-15
3.003855093116434000e+04 1.784821337585064287e-14
3.003868305884232177e+04 2.333544000792936673e-14
3.003881608055840479e+04 1.200999941788612652e-14
3.003900998945385072e+04 1.974345830702367855e-14
3.003920755730482415e+04 1.067788478054081680e-14
3.003931741907901960e+04 1.191626818957657200e-14
3.003939928980653349e+04 8.430935193545959294e-12
3.003943372669378368e+04 3.329899622391699260e-15
3.003965603058940542e+04 2.025229587403222452e-13
3.003981230245033657e+04 1.940608666884266410e-14
3.004000071648382072e+04 1.321702035369696102e-15
3.004004444521880214e+04 2.882901534470872895e-14
3.004019896532150597e+04 2.987306251817211211e-15
3.004046058248747067e+04 1.303854952288441184e-16
3.004048727417596092e+04 7.173190621888292029e-11
3.004063433480358435e+04 1.391686816070389556e-16
3.004071308722312460e+04 2.093164704806497368e-15
3.004079121226652569e+04 1.030557490464494302e-15
3.004092051596809324e+04 4.767164063623010946e-16
3.004113354846974835e+04 1.368960065037083723e-10
3.004128496706980150e+04 7.433174710204311511e-17
3.004136340296708659e+04 9.508730887645630460e-15
3.004144042576932770e+04 5.199484822927864106e-15
3.004157133949151830e+04 1.973214962402573398e-13
3.004163716239433779e+04 6.124696777016743983e-14
3.004167974386028436e+04 3.779224886821468602e-15
3.004201194779439902e+04 4.446808868043639380e-17
3.004213978390784177e+04 1.806045900975547580e-16
3.004222401988779893e+04 1.483712466698935269e-11
3.004232588969145218e+04 1.668408715965014001e-15
3.004249577092472828e+04 3.357322279790899752e-14
3.004253561858230387e+04 2.041628147675161381e-15
3.004265162556649739e+04 7.489884754558495728e-13
3.004287806126247233e+04 2.943813388523947160e-15
3.004301250864066242e+04 1.289845652304522278e-15
3.004323087826777919e+04 6.705783610790869203e-14
3.004331671831155836e+04 1.232461110944986108e-10
3.004341278527059694e+04 6.190517631579073497e-14
3.004352238058417788e+04 6.265659236130981473e-15
3.004365567877258218e+04 2.271352081692876707e-15
3.004371405387895720e+04 1.090912953899314519e-13
3.004388298879822469e+04 5.823124653787542479e-16
3.004400789007407366e+04 3.087899810524244989e-15
3.004426750049488328e+04 2.831001045232869531e-16
3.004431690479607278e+04 6.587662180195205842e-15
3.004441238956339294e+04 8.477667924051153941e-13
3.004455196574506044e+04 4.117935485456913008e-15
3.004468582746631000e+04 8.005981082091772058e-17
3.004474977689681327e+04 4.590065330290546604e-13
3.004502147518617130e+04 1.736529580021303598e-16
3.004504541942829746e+04 3.717421683384511791e-12
3.004510731878602382e+04 2.189341717753975622e-14
3.004518099162387080e+04 8.347637972903175040e-15
3.004548454012586808e+04 1.441305492884568753e-14
3.004551166144722447e+04 2.235738249974324406e-12
3.004566273497528528e+04 2.001244590268484585e-15
3.004578102793405196e+04 6.309824313919526858e-15
3.004594171183776780e+04 4.248826672021719417e-15
3.004610537131953606e+04 3.261148458632893669e-14
3.004613873485298245e+04 5.473492314375856825e-11
3.004618510923884241e+04 1.010502688840920500e-14
3.004625937224248992e+04 6.438407587177930646e-15
3.004659573338727932e+04 1.404611730622745026e-14
3.004661480171068979e+04 1.829408951224866197e-13
3.004663674556963815e+04 7.985004575748364088e-15
3.004680204677815345e+04 1.446850354688621938e-17
3.004699692277217400e+04 1.465877500804824654e-14
3.004723307099582598e+04 7.073781599300533459e-13
3.004724385027878088e+04 6.560320583970949629e-13
3.004732899914654990e+04 1.910522198679691519e-15
3.004756710864818524e+04 1.465325179280506562e-14
3.004769946766187786e+04 8.687807667761418529e-14
3.004772384159154899e+04 1.064510209024365989e-12
3.004795300100908935e+04 1.663561366373510777e-16
3.004798550901987983e+04 5.312795913253356065e-15
3.004807178084997940e+04 1.696942183031188337e-16
3.004834567102298388e+04 1.148992192327063340e-12
3.004858465640222494e+04 9.277262950591591113e-16
3.004865821968406817e+04 1.551323591415155797e-15
3.004883115676039233e+04 1.613670527019929420e-14
3.004891197266208110e+04 7.844924255994241341e-15
3.004899167279754329e+04 5.486360410882521767e-15
3.004907045283947809e+04 7.176040777129412875e-16
3.004932930209624465e+04 2.082267069275362180e-15
3.004946127099739897e+04 9.332582576617636330e-14
3.004958102262443572e+04 8.014996907301735137e-17
3.004978678777067034e+04 1.355508667901933362e-15
3.004978872251026041e+04 2.452664485921805940e-15
3.004991235427505308e+04 1.803442985192375318e-14
3.004995288102797349e+04 4.689044472139705836e-14
3.005005530107387312e+04 1.098528879148989802e-14
3.005032073548722838e+04 8.169428331924096629e-18
3.005049705023046772e+04 9.933100997788185328e-16
3.005058359298231153e+04 3.826055252454084067e-13
3.005072258252453321e+04 2.072686205778431823e-15
3.005080213662117967e+04 2.118759501798960001e-16
3.005100537332932436e+04 1.736039349569028842e-16
3.005103176791983788e+04 1.028878215169691665e-14
3.005117521683880477e+04 1.083666115651950917e-13
3.005137783181293707e+04 1.022311962014633688e-15
3.005154222564243537e+04 9.257664345734896603e-17
3.005166809802485659e+04 1.335209948600076138e-17
3.005171268498357313e+04 2.246020367260332552e-14
3.005172377532331666e+04 2.396729188855902353e-14
3.005210698008040708e+04 3.594534980439541174e-14
3.005225595812747270e+04 3.061117639586120934e-15
3.005226799200266396e+04 1.437857754176405853e-14
3.005230758733181210e+04 2.253554541805022138e-13
3.005252198222520019e+04 9.288068276863397719e-17
3.005266140420851298e+04 8.555805035030298363e-16
3.005281673571650026e+04 4.467570267591661860e-14
3.005289769895999780e+04 6.502892617750416014e-14
3.005308399770247706e+04 1.728207471246477336e-15
3.005314134161966649e+04 6.582085827197138590e-19
3.005328828025009716e+04 2.900451199685125979e-15
3.005344298113071636e+04 1.806857868855814312e-12
3.005346004057903701e+04 8.573185847112082434e-13
3.005375839407068634e+04 1.070866320805514850e-16
3.005387134461313690e+04 8.787575643961552276e-16
3.005404099891287842e+04 2.467423498538833896e-15
3.005409027889863501e+04 1.075010359562155241e-14
3.005430935563217645e+04 5.612303809203723219e-15
3.005449200426687457e+04 4.915642725703135235e-15
3.005461077256596400e+04 4.075859899810941702e-14
3.005466162553590766e+04 8.533226120565257422e-15
3.005472411021852895e+04 6.562971666626143398e-17
3.005497051282421307e+04 2.950901192317146647e-16
3.005513516828352658e+04 1.397317712777843054e-14
3.005518023506291138e+04 1.129983718580756158e-14
3.005524717945173688e+04 1.670459674995494214e-16
3.005532222894936422e+04 9.921230051293999785e-15
3.005552858869495685e+04 2.335945307163558397e-15
3.005582089876268947e+04 5.202357926516055579e-14
3.005593571158991108e+04 1.389724709905507844e-14
3.005594758465408813e+04 4.046539078522730797e-15
3.005632039923751290e+04 3.162741934248437465e-15
3.005635632868005268e+04 2.331502758082476765e-13
3.005641069343616255e+04 9.234176391681171017e-15
3.005648263270705502e+04 3.161692562699012882e-15
3.005665100877137593e+04 8.797683241245711521e-17
3.005670502664045489e+04 6.753949552365006088e-16
3.005682841183340133e+04 1.513417434599018369e-15
3.005710514094954488e+04 2.271990189597416010e-16
3.005734222577148830e+04 5.530386184259644400e-18
3.005739326426982370e+04 3.280676637925861883e-17
3.005746678433054331e+04 2.289597855077291863e-16
3.005771386987422375e+04 2.981719250932931204e-14
3.005774190967738468e+04 4.646567749586464617e-16
3.005783814767206422e+04 3.253220266331131177e-16
3.005795604002303298e+04 4.003588114811284094e-17
3.005820723058086878e+04 6.027756549321085582e-16
3.005843423597782021e+04 4.762403159751161364e-18
3.005851403909555302e+04 9.865147178303907925e-16
3.005867157672554822e+04 8.509685035575646537e-17
3.005878609186912217e+04 8.732570951825989104e-17
3.005898739953659242e+04 6.105288620090701864e-18
3.005907447777308698e+04 4.513107378000116281e-15
3.005917611828603549e+04 6.179997031674850922e-14
3.005923021621162843e+04 3.456317259993948080e-15
3.005940940018281981e+04 1.120980968848527886e-15
3.005981926804927571e+04 1.870716825572551631e-15
3.005994221597351134e+04 2.202379716289308896e-15
3.005997441172536128e+04 4.325829294418408605e-16
3.006030785804937841e+04 2.286349876612822363e-15
3.006051612551643120e+04 6.027740949236245229e-18
3.006068531448535214e+04 3.478494064732488619e-17
3.006080999925140713e+04 6.915302048665669686e-17
3.006097631434370487e+04 1.875359852811453620e-16
3.006099226564313358e+04 2.425022385088562097e-17
3.006127804667842793e+04 7.107545532666570405e-17
3.006137489823963551e+04 9.592877591106982704e-15
3.006153343645076529e+04 3.926075351246155031e-16
3.006170475810605785e+04 6.781293645574747221e-17
3.006192390192975654e+04 3.730487971797892139e-18
3.006216121235746323e+04 4.899086983368845729e-15
3.006231683290423825e+04 9.745390470559544851e-15
3.006249513425418991e+04 5.932266056030939218e-16
3.006264454036702591e+04 5.552368716245364623e-16
3.006278745017768961e+04 5.667367154282998955e-20
3.006285860118133132e+04 8.665811779650994954e-19
3.006305877381155005e+04 6.628158256898472779e-17
3.006318534081098551e+04 3.069767008703139483e-18
3.006331220328277414e+04 1.345360738172118415e-16
3.006361928969666042e+04 2.467154567210953479e-18
3.006390900603407499e+04 1.097364136169758047e-15
3.006395032281378371e+04 4.602250588675392772e-16
3.006413257760410124e+04 5.586697156122937347e-16
3.006426130776861464e+04 7.223308965728778906e-17
3.006440368289982871e+04 1.952426317283224653e-18
3.006450729303433036e+04 1.268764793711313479e-16
3.006480550829314598e+04 9.699086057899966398e-17
3.006496459802424215e+04 5.294254556451902002e-18
3.006532786933528041e+04 3.852246529096626926e-16
3.006553301618755359e+04 5.482363499294086604e-15
3.006572435197539380e+04 2.038616388127574587e-16
3.006586659829514247e+04 1.816767990191232213e-15
3.006594903192968559e+04 1.314088909914288754e-17
3.006604480402913396e+04 1.197973345690336081e-16
3.006643194078909801e+04 3.613927823568459682e-18
3.006660130199089690e+04 1.050046689538912234e-16
3.006683006267626115e+04 8.470855545644782627e-17
3.006699151146316217e+04 5.417972837088888656e-17
3.006724804228892754e+04 3.242254334275644608e-17
3.006744088562592151e+04 5.408504253496640014e-16
3.006751051449010993e+04 2.246061015961499733e-16
3.006810312655789676e+04 1.381260933331203424e-16
3.006816102951345238e+04 1.534248292146128912e-17
3.006835163161061428e+04 1.956343726572139941e-17
3.006857311476916584e+04 3.121317768162890547e-18
3.006880640001712527e+04 1.160452794270207689e-18
3.006887468723587153e+04 1.350059947548739448e-18
3.006913224418677055e+04 1.732969188217968758e-17
3.006915174376398136e+04 7.703119789831552561e-18
3.006957438763893515e+04 8.926665272360150326e-20
3.006995647368193386e+04 8.177692670533843834e-20
3.007007942625987562e+04 2.770305431659609112e-18
3.007020963885362653e+04 1.320529507488549904e-17
3.007047734980277164e+04 3.116156662316603686e-20
3.007057550331079619e+04 3.852773256937818638e-18
3.007091310405153126e+04 3.996339019938504348e-18
3.007140431528191766e+04 1.958433502156412872e-20
3.007160332024586751e+04 1.854165971758322453e-17
3.007180263809115058e+04 1.007834793887730159e-17
3.007200972758524949e+04 1.806758674659850177e-19
3.007220251365634249e+04 6.602312839127456661e-18
3.007263537180692947e+04 1.016608610310213359e-17
3.007277888619725491e+04 2.806519549599895739e-18
3.007288013047311324e+04 6.500968089483542902e-18
3.007322335332177317e+04 3.131888380192806681e-19
3.007347201323079207e+04 5.921391974094538948e-18
3.007388922022080442e+04 4.096821728944970224e-19
3.007393692093338905e+04 4.120277021663174331e-18
3.007431104581932595e+04 3.422584623253894314e-18
3.007440579253491524e+04 2.157205216732112941e-18
3.007476583362518068e+04 2.856920511468314447e-22
3.007500898741935453e+04 8.879137091174298988e-19
3.007538429246102169e+04 9.995846209215071285e-19
3.007546356724026919e+04 7.592192721582532892e-21
3.007598968236483051e+04 2.193716341115418731e-19
3.007609845500918163e+04 1.106689066935879412e-20
3.007625279451361712e+04 1.336309750901812917e-19
3.007659738077715156e+04 8.178098180446892535e-19
3.007678162532918941e+04 9.150533355940014311e-19
3.007720893845025057e+04 1.998194977346438633e-20
3.007737195859165877e+04 2.105854645253948976e-20
3.007768368745022963e+04 1.666723366658026168e-20
3.007784593688782843e+04 5.103554516661985780e-20
3.007830482770969320e+04 8.046448522933789725e-21
3.007844497122240136e+04 1.439901704049787649e-19
3.007854936977191392e+04 7.815437466578154547e-20
3.007888779875463661e+04 1.621692523641379218e-19
3.007890608764701392e+04 4.445940092794904949e-20
3.007968375683785780e+04 2.776715994273793445e-20
3.007982235360161576e+04 8.638126127198005404e-21
3.008006112556625885e+04 4.019350114977345400e-21
3.008041270664628610e+04 2.004793200466731364e-20
3.008081537757624028e+04 2.524150645619735155e-21
3.008100279279405004e+04 2.120671284674903682e-22
3.008159891397034153e+04 2.517594247113198638e-22
3.008177408028353238e+04 1.310864172080056489e-22
3.008207651107692436e+04 3.716677550305902786e-21
3.008246044171083122e+04 1.418759617181098158e-20
3.008309686367250470e+04 1.867399877573371222e-21
3.008324950876394360e+04 6.352522073365418091e-21
3.008340304210429895e+04 2.376330506706771900e-21
3.008388202945390367e+04 3.730263652070440594e-22
3.008416151654830173e+04 1.251640506727793573e-22
3.008455591577807718e+04 2.556938794191534579e-21
3.008493617221675595e+04 4.136393947044192452e-23
3.008505275589492521e+04 1.087296994531448322e-22
3.008556243718452970e+04 3.095073725310619496e-21
3.008588596325604158e+04 1.447077561837847165e-21
3.008653962962008518e+04 3.915990746513368427e-22
3.008667280266571834e+04 1.064932354930243412e-22
3.008715374022527249e+04 3.001878869032241438e-22
3.008725782354401963e+04 6.009890232637443439e-24
3.008768195364595158e+04 1.404167477494220317e-22
3.008809912082824667e+04 6.280571629662780597e-24
3.008879688192090180e+04 3.734780544018651688e-23
3.008893061303848663e+04 3.468538573236825960e-24
3.008915133121262261e+04 2.429177401455264645e-23
3.008959529604964700e+04 1.711277684993303233e-22
3.009007414405155941e+04 7.351711748687269261e-24
3.009030880491941571e+04 2.467762828229489543e-23
3.009128622526535037e+04 1.506234035749627242e-23
3.009157780021023791e+04 0.000000000000000000e+00
3.009244792007853175e+04 1.772954653104776567e-24
3.009262526254457407e+04 1.838619422020855335e-24
3.009303207765954721e+04 0.000000000000000000e+00
3.009330146553881059e+04 4.372314131400840771e-24
3.009422633814616711e+04 1.898568872186428256e-24
3.009450920737549313e+04 1.109511747869955611e-24
3.009475716819579247e+04 0.000000000000000000e+00
3.009512672060439945e+04 1.890672541007521119e-24
3.009544919507377563e+04 0.000000000000000000e+00
3.009595877389683301e+04 0.000000000000000000e+00
3.009629799543875197e+04 0.000000000000000000e+00
3.009638126272619775e+04 1.479570471907386337e-24
3.009683804794577372e+04 0.000000000000000000e+00
3.009773349024003983e+04 0.000000000000000000e+00
3.009801451830438236e+04 0.000000000000000000e+00
3.009845572504985103e+04 0.000000000000000000e+00
3.009889093682066596e+04 0.000000000000000000e+00
3.009949001647377008e+04 0.000000000000000000e+00
3.009987793310550478e+04 0.000000000000000000e+00
3.010070381353400808e+04 0.000000000000000000e+00
3.010156215619835348e+04 0.000000000000000000e+00
3.010202508562578441e+04 0.000000000000000000e+00
3.010263626973725331e+04 0.000000000000000000e+00
3.010341946419961096e+04 0.000000000000000000e+00
3.010398451247662888e+04 0.000000000000000000e+00
3.010506945070604706e+04 0.000000000000000000e+00
3.010514514413716097e+04 0.000000000000000000e+00
3.010576714485968114e+04 0.000000000000000000e+00
3.010638101790013025e+04 0.000000000000000000e+00
3.010670540729959248e+04 0.000000000000000000e+00
3.010727599649821059e+04 0.000000000000000000e+00
3.010814610693287977e+04 0.000000000000000000e+00
3.010886763403982332e+04 0.000000000000000000e+00
3.010986917485229787e+04 0.000000000000000000e+00
3.011115344160066888e+04 0.000000000000000000e+00
3.011170856365807413e+04 0.000000000000000000e+00
3.011286577097235204e+04 0.000000000000000000e+00
3.011362799909104797e+04 0.000000000000000000e+00
3.011438040724496022e+04 0.000000000000000000e+00
3.011481097923201378e+04 0.000000000000000000e+00
3.011561348025996995e+04 0.000000000000000000e+00
3.011652100579243415e+04 0.000000000000000000e+00
3.011740940753006726e+04 0.000000000000000000e+00
3.011781373311234711e+04 0.000000000000000000e+00
3.011845520712795769e+04 0.000000000000000000e+00
3.011913489229966581e+04 0.000000000000000000e+00
3.012102509747956719e+04 0.000000000000000000e+00
3.012164648620603839e+04 0.000000000000000000e+00
3.012250259434403415e+04 0.000000000000000000e+00
3.012357722223885139e+04 0.000000000000000000e+00
3.012500019619397426e+04 0.000000000000000000e+00
3.012529059814771608e+04 0.000000000000000000e+00
3.012621860792341249e+04 0.000000000000000000e+00
3.012683433733616039e+04 0.000000000000000000e+00
3.012942663883454225e+04 0.000000000000000000e+00
3.013066665255687622e+04 0.000000000000000000e+00
3.013241802825754712e+04 0.000000000000000000e+00
3.013327949292934863e+04 0.000000000000000000e+00
3.013652043006564418e+04 0.000000000000000000e+00
3.013741919247337864e+04 0.000000000000000000e+00
3.013938322377397344e+04 0.000000000000000000e+00
3.013981535076385990e+04 0.000000000000000000e+00
3.014358888847361595e+04 0.000000000000000000e+00
3.014406106143397483e+04 0.000000000000000000e+00
3.014531788776818212e+04 0.000000000000000000e+00
3.014600216366980021e+04 0.000000000000000000e+00
3.014994709402181252e+04 0.000000000000000000e+00
3.015073282968824424e+04 0.000000000000000000e+00
3.016168268340719442e+04 0.000000000000000000e+00
3.016203897515089557e+04 0.000000000000000000e+00
3.016685432959304671e+04 0.000000000000000000e+00
3.016729543323729013e+04 0.000000000000000000e+00
