-2.999943526672345615e+04 1.390520474806061500e-14
-2.999940149215956626e+04 6.001045555636971390e-14
-2.999805516712190001e+04 1.357394246392756594e-12
-2.999801318754200838e+04 3.775686611625195133e-11
-2.999712651930532229e+04 1.219200048623554404e-09
-2.999707374771702598e+04 2.280171154955120511e-10
-2.999655109012652611e+04 4.641337830749369048e-09
-2.999642633260315051e+04 1.502967458639240421e-08
-2.999617029911368445e+04 1.329893581715963970e-10
-2.999594167448655571e+04 7.460110365959462499e-08
-2.999573706677518931e+04 1.001169776041057426e-07
-2.999569050407506438e+04 3.165808009182072102e-09
-2.999556307774853849e+04 1.102308457527971534e-07
-2.999540568421875287e+04 2.817867340508679765e-07
-2.999525724801163597e+04 5.425729141867149646e-10
-2.999515337078071025e+04 3.018210628220911289e-11
-2.999486483250525635e+04 2.776151934950568764e-07
-2.999471326097470228e+04 2.066625526111929998e-08
-2.999455189373673056e+04 7.068220511011285351e-07
-2.999422193513653838e+04 7.156032277061113695e-07
-2.999416540618959698e+04 2.212405061294094922e-08
-2.999387823180218402e+04 3.203570670501589546e-07
-2.999371697020818829e+04 1.262779569010214047e-08
-2.999296590313348497e+04 6.731870058367073037e-11
-2.999204934802434582e+04 7.157541930075644212e-09
-2.999124202179843996e+04 1.125545671531103922e-09
-2.999117826953836266e+04 3.493866353022906839e-11
-2.999100471522487715e+04 3.845715551945774122e-09
-2.999073085221989822e+04 8.549552857469596276e-11
-2.999048807267125085e+04 5.648888500506746310e-11
-2.999024302003541015e+04 6.384880549676796287e-10
-2.999014741102889093e+04 4.861664121773221807e-06
-2.999000385060179906e+04 1.905383701791568725e-08
-2.998998935457612606e+04 2.871593865549031162e-10
-2.998974496996133166e+04 6.025816565916039003e-08
-2.998953783932589431e+04 2.698135090230339316e-08
-2.998951462954652743e+04 1.448068512796268858e-06
-2.998932563331020356e+04 1.648922020093622121e-07
-2.998923329948742321e+04 1.810787491812737571e-05
-2.998907100619611083e+04 1.452940140671123788e-05
-2.998899036907949994e+04 3.327630276901850426e-07
-2.998893919772194567e+04 6.895785544019505476e-11
-2.998882658027506113e+04 6.717496383192083105e-06
-2.998855776616057483e+04 1.791316978854130314e-06
-2.998848107006547070e+04 2.889259532031272637e-06
-2.998804892923921579e+04 8.514388885754887386e-07
-2.998783564008295798e+04 1.229601963097365881e-06
-2.998730066315859222e+04 1.542653334159137199e-07
-2.998694565504943239e+04 3.036077321932797186e-08
-2.998651561558012327e+04 2.332763169954374091e-06
-2.998603515269455238e+04 2.377722415326550482e-07
-2.998563264106844144e+04 8.871615019159345808e-07
-2.998517612297650703e+04 3.524121466289885675e-08
-2.998499811553153995e+04 2.250561028827335636e-05
-2.998464712133029752e+04 3.376666111251733316e-07
-2.998432510757923956e+04 5.070605797847411102e-07
-2.998400601748732879e+04 3.868075246871557411e-05
-2.998373541035709059e+04 4.978457190686604474e-07
-2.998335210725389697e+04 1.138955025695737439e-06
-2.998312347806197795e+04 3.050572865578625253e-04
-2.998290650506646125e+04 5.812144203203181344e-06
-2.998242890467216421e+04 7.282522819823814616e-05
-2.998236971653858564e+04 3.024206561407630006e-04
-2.998197449494279135e+04 2.327489614473986900e-06
-2.998179830479469092e+04 4.776128482816273624e-05
-2.998165153880046637e+04 1.616101452962093107e-06
-2.998140632633232235e+04 3.996992206064408802e-05
-2.998128951017422150e+04 8.550784483901332925e-06
-2.998113141187871224e+04 2.105683023003085180e-05
-2.998099461464074921e+04 9.275875444829273061e-06
-2.998087272460173699e+04 2.697625720936848015e-06
-2.998076645838088007e+04 1.192511056543847134e-05
-2.998053153977825787e+04 2.104180379523541944e-05
-2.998026905876915407e+04 4.874781012791659490e-06
-2.998011753943938675e+04 9.345116256949411487e-06
-2.997997854385414757e+04 4.076509489659831749e-06
-2.997989266801040867e+04 8.173891697991915022e-06
-2.997969959315147935e+04 5.868239396502536352e-06
-2.997948216887281160e+04 7.988215653315570541e-06
-2.997927902020279726e+04 1.118332349869991862e-06
-2.997909934728474764e+04 9.993762634905915834e-06
-2.997892894763079676e+04 1.102431500951800945e-03
-2.997872601804227452e+04 7.653629287150757378e-06
-2.997861664925549121e+04 7.610821479859730532e-06
-2.997840686255494074e+04 3.056789105688965879e-07
-2.997814588758616082e+04 3.150096647717738381e-06
-2.997793432570376899e+04 1.014502962513071441e-03
-2.997780331827511691e+04 5.250187444205286992e-05
-2.997761654454872769e+04 8.324190172753056326e-07
-2.997743706034113347e+04 3.794048852407642930e-05
-2.997703531839872448e+04 4.387944385738178202e-05
-2.997700999379560744e+04 3.437438387832433828e-03
-2.997678111251657174e+04 5.445918452452875572e-05
-2.997670065492062349e+04 1.387439873331549399e-07
-2.997652101029741243e+04 1.904328923790734231e-07
-2.997617800191116476e+04 2.773515339693688377e-04
-2.997603507597356293e+04 5.075290454564779360e-06
-2.997584052202516614e+04 5.371804470082123320e-07
-2.997563586914631742e+04 2.061495422988455414e-07
-2.997550674400118805e+04 1.709092527398265551e-09
-2.997543001168442424e+04 1.142486980444380358e-05
-2.997497393207239293e+04 1.519321047137653542e-02
-2.997491329349714215e+04 4.175463109688188680e-05
-2.997481519120619851e+04 3.078616148799931526e-04
-2.997470003375233864e+04 6.797803088100911326e-05
-2.997455022841192113e+04 6.197533541034706510e-08
-2.997425606862457062e+04 1.661496178478138157e-05
-2.997425285661441012e+04 1.029515055087229793e-05
-2.997390365867763830e+04 3.925473189957832953e-02
-2.997386662102854098e+04 1.475009568456033004e-04
-2.997378836311334089e+04 8.624548823754154029e-05
-2.997370945939851663e+04 4.016767866769428983e-06
-2.997348617633291724e+04 3.858296257721193763e-06
-2.997342085544203292e+04 3.223056353567347649e-05
-2.997322131458510194e+04 2.911310989705101065e-06
-2.997312515644866653e+04 3.434799119715767834e-05
-2.997295130335287831e+04 6.141974314430193865e-07
-2.997285141386540272e+04 2.631959447249150597e-02
-2.997278286720315373e+04 6.721757463547863585e-04
-2.997275757551208881e+04 2.020279178781719559e-04
-2.997261355757133788e+04 3.337563057066613061e-07
-2.997234583434288652e+04 2.221434914412315566e-06
-2.997217833859149323e+04 9.678624224756506073e-09
-2.997209558205694339e+04 1.842727215698840820e-06
-2.997195256038221123e+04 2.967910247500371546e-08
-2.997186555581336506e+04 2.858722495943893272e-08
-2.997181755563950355e+04 2.366670038343685485e-05
-2.997158316507457130e+04 2.474910739574480090e-06
-2.997131072217069595e+04 1.320938804714080700e-05
-2.997109216127288892e+04 8.569593043923996415e-07
-2.997103275116040459e+04 4.389585173903344307e-06
-2.997086444204456711e+04 7.864303488571721171e-05
-2.997084553174816028e+04 4.375575413991545509e-04
-2.997068161582194807e+04 5.780667802311314540e-06
-2.997054533571520005e+04 2.316303678211139224e-06
-2.997031146951902338e+04 1.362900275450594454e-05
-2.997015391353952509e+04 9.731998383833312619e-06
-2.996997286466855803e+04 8.504597740779602510e-01
-2.996993349849916194e+04 4.374333688085566170e-03
-2.996979332136909943e+04 9.766948217587908128e-07
-2.996966553436843969e+04 1.158940201735658241e-07
-2.996954164069887702e+04 1.702056564600285022e-08
-2.996926785766452304e+04 5.060612483652758057e-07
-2.996908154736186043e+04 1.690629522645833849e-05
-2.996893617013037147e+04 4.210720965348548877e-06
-2.996889292115809440e+04 1.437766903065937070e-04
-2.996884097066481991e+04 3.250976522447767180e-07
-2.996872537336459209e+04 2.486404197633534568e-08
-2.996862158083085887e+04 1.445787814460322109e-07
-2.996835825233928335e+04 2.287599957361819096e-06
-2.996827453478181269e+04 3.790637176925363270e-05
-2.996802636493294995e+04 5.542470017145237200e-06
-2.996796177762832303e+04 2.079718454825388285e-06
-2.996781877556982727e+04 2.082466868010821905e-03
-2.996762026304295796e+04 8.145979361587323759e-06
-2.996754515805965275e+04 5.100926211251199867e-05
-2.996728967245650347e+04 2.785625738060985354e-07
-2.996713602160925439e+04 9.118996026465377524e-07
-2.996693071810940091e+04 1.884257847883458393e-08
-2.996689420289428381e+04 5.912744468169573560e-06
-2.996684938509697531e+04 2.894435567406424761e-06
-2.996675635369968950e+04 4.802456904720984847e-03
-2.996643097170355759e+04 4.394467116749249693e-09
-2.996629093022211237e+04 3.951869427635614022e-07
-2.996621508072462893e+04 5.515131089186955788e-07
-2.996596698738276973e+04 3.462741779211085224e-09
-2.996578506403483334e+04 5.061105485543904603e-05
-2.996576022971494967e+04 2.660369077040060942e-05
-2.996570194839560645e+04 2.495840113042151198e-04
-2.996560904727130765e+04 2.267503478046779101e-05
-2.996528728943106034e+04 4.694686566305415858e-09
-2.996520992290819413e+04 1.142893277504278935e-07
-2.996497137212963207e+04 1.311848256924775906e-02
-2.996496054288051891e+04 8.888876023203002124e-06
-2.996475221354677342e+04 2.583754975750163698e-06
-2.996469867713544591e+04 1.889011304412277582e-05
-2.996457564039965291e+04 9.106288213337696604e-09
-2.996444728672284691e+04 1.178465576806505739e-07
-2.996421121041278457e+04 1.527783336756976806e-08
-2.996389066404890036e+04 1.601993880433025957e-02
-2.996388551746719531e+04 1.126029961459227083e-02
-2.996383933848449669e+04 4.998565191340111351e-05
-2.996371263822097535e+04 4.849278578094750270e-07
-2.996370195777259869e+04 1.078228476788588846e-05
-2.996364932990427042e+04 1.078632008621867022e-06
-2.996347199681829443e+04 8.620375567918316350e-07
-2.996321758122829851e+04 1.648194680201870371e-07
-2.996311457398682978e+04 7.683067514741425962e-08
-2.996290564098371397e+04 2.727285133918795880e-08
-2.996281039851661262e+04 1.499121229764840578e-03
-2.996278496378847922e+04 5.210910283200080161e-04
-2.996252864878289256e+04 8.095311439541712204e-07
-2.996245519904754110e+04 1.574607748355167346e-06
-2.996215203302621012e+04 1.007229097320171102e-06
-2.996207018714358492e+04 1.522932656840247291e-09
-2.996193031577544753e+04 1.380998627975475528e-05
-2.996189416384385549e+04 4.940257013100454480e-06
-2.996171287062182455e+04 2.891304191748477912e-04
-2.996150098156664171e+04 2.586385226400527875e-08
-2.996118312937874725e+04 1.900080946806941126e-07
-2.996111212481564507e+04 7.172140504297259312e-06
-2.996093553884909124e+04 1.126789543296834679e-06
-2.996078784392187663e+04 5.309014400768795939e-09
-2.996063203515897476e+04 9.142251002091419379e-05
-2.996059897187085517e+04 1.063791204547958476e-06
-2.996044750661838407e+04 4.813253709644714143e-08
-2.996029072636777710e+04 1.741969685046737209e-06
-2.995996705334666694e+04 9.576411321759754208e-04
-2.995989096984556454e+04 3.507281004690911950e-08
-2.995976687638012299e+04 3.839633783872667754e-08
-2.995963191622672457e+04 2.294259470691630911e-08
-2.995956052177176025e+04 7.867073953978244417e-05
-2.995951593575653169e+04 4.058555877159100124e-07
-2.995941163129816414e+04 9.797923336209563133e-08
-2.995895494042833161e+04 2.086791995154432183e-08
-2.995887416490475516e+04 2.339449182411816076e-03
-2.995883307409374538e+04 1.200754394789351143e-04
-2.995862164284344908e+04 7.370069356082545503e-08
-2.995852085184248062e+04 3.193302843652394335e-06
-2.995846443186196484e+04 2.911506017668818321e-08
-2.995827632359819836e+04 6.944498547436364571e-07
-2.995822887039208581e+04 2.905780823533248412e-07
-2.995810392216429318e+04 4.072964136118385387e-07
-2.995790379435858267e+04 1.736162134205556753e-06
-2.995776774829194983e+04 1.509753351147973184e-04
-2.995757442662048197e+04 1.136893345203134008e-07
-2.995752286518341862e+04 1.430475308237567233e-06
-2.995741651990088940e+04 4.388708816012749979e-07
-2.995735123961138743e+04 8.998295269849717061e-10
-2.995694576617493294e+04 1.094266581707694071e-07
-2.995676394010601143e+04 4.645222866476512521e-07
-2.995666782255543512e+04 1.158514420561522417e-05
-2.995665694395341416e+04 9.754514578228240670e-05
-2.995645147738134619e+04 3.080495957768363843e-07
-2.995630377683186452e+04 6.569130065715589626e-09
-2.995621356622153689e+04 3.181768100427932459e-08
-2.995595300602369025e+04 9.988157700281554559e-08
-2.995574655777780936e+04 4.036726677985747456e-09
-2.995557786372111150e+04 8.349143056758739548e-08
-2.995555873307919319e+04 2.791700334736477482e-05
-2.995546755124965421e+04 5.782279161124255287e-06
-2.995539223733583276e+04 3.758692509317637929e-07
-2.995513759610391207e+04 2.594770338374717472e-08
-2.995494933429771118e+04 1.107638962008604218e-07
-2.995488327640371790e+04 1.799852466538044022e-08
-2.995468743989832001e+04 3.112811460846785224e-09
-2.995454321298350260e+04 5.735419492743258017e-06
-2.995449432315793820e+04 1.218955720940776191e-06
-2.995440649430486519e+04 1.569262102106800682e-05
-2.995433128705536728e+04 7.157086331515013308e-07
-2.995418339329874289e+04 5.544649412196786632e-07
-2.995400363324477803e+04 2.366187962814580210e-06
-2.995382586896916109e+04 2.708852936821492976e-04
-2.995365362985483080e+04 3.608938509617886513e-06
-2.995353628811262752e+04 4.619698290761113253e-07
-2.995337826992041664e+04 5.853164406257131441e-07
-2.995330427354476342e+04 6.943252049831982754e-07
-2.995318072235485306e+04 5.677183593820203895e-08
-2.995310032599370243e+04 1.443349706812496988e-07
-2.995282998682101606e+04 5.361750534104852075e-06
-2.995272270469341674e+04 8.106791273579064966e-05
-2.995267346249611364e+04 2.812142873835396626e-04
-2.995253127655340359e+04 8.510126197518820763e-09
-2.995242270046677731e+04 3.677387130041680898e-08
-2.995220112175650866e+04 2.147683405822836116e-08
-2.995216801939322977e+04 1.842771805431190552e-08
-2.995193191319639300e+04 1.488568098395267517e-09
-2.995174373428095350e+04 3.840106286398901902e-08
-2.995165176497251741e+04 4.867319402266360144e-07
-2.995153691988724313e+04 5.849883935125881328e-05
-2.995131052435485253e+04 1.332516822145217006e-06
-2.995108489499374264e+04 2.584516764547027667e-06
-2.995102554354608947e+04 4.695104847920606105e-08
-2.995086911803675321e+04 3.526369290039402288e-08
-2.995080686895970211e+04 1.573782637720405371e-07
-2.995075225873025556e+04 2.176928085305944638e-09
-2.995067496496242529e+04 6.659875136741314660e-11
-2.995037035637293593e+04 1.608856386049140975e-07
-2.995026919416134115e+04 1.645718096671664884e-08
-2.995005126609386934e+04 4.305247200545772334e-08
-2.994999443317182158e+04 3.006940408856900883e-06
-2.994989222530662300e+04 9.842000385597424175e-06
-2.994984737570962170e+04 2.836708914168926729e-05
-2.994973512217410462e+04 5.423960586038293208e-08
-2.994937516043222058e+04 5.715937648187809082e-09
-2.994929502331864569e+04 1.728185375874282034e-08
-2.994918896505200610e+04 9.374106225999892245e-09
-2.994904055883222463e+04 1.709330289394481147e-08
-2.994892511704532808e+04 3.497763455167440720e-07
-2.994886520748606927e+04 6.637941933317612127e-07
-2.994873128987428936e+04 4.762818338004637275e-06
-2.994863020200017127e+04 3.063297553698811202e-05
-2.994847382263540203e+04 4.468106981234627345e-07
-2.994824210805369512e+04 5.562872256716132238e-09
-2.994801641942125934e+04 5.906224819973591972e-07
-2.994793291011370457e+04 4.850065445794678753e-07
-2.994771829870592046e+04 5.010916451458268968e-09
-2.994768182617664934e+04 2.004195257537090039e-10
-2.994761148949884227e+04 2.382172518414526732e-07
-2.994745168185108923e+04 4.308497292732319637e-07
-2.994741440512343252e+04 1.019378473434635052e-05
-2.994726624914394415e+04 2.859926566024071900e-09
-2.994693831274001059e+04 7.333556209122007675e-08
-2.994675283556415525e+04 1.540637278409584617e-07
-2.994670652028293989e+04 1.431678167902111940e-07
-2.994660843333907542e+04 1.735078432777103733e-07
-2.994647186629520729e+04 9.442027403817010884e-07
-2.994627201596198211e+04 6.973016980098354015e-09
-2.994617829135836655e+04 4.688584189455136659e-07
-2.994598366507067476e+04 2.279074292741083767e-09
-2.994580893576253948e+04 9.512010211598139599e-08
-2.994568479753967040e+04 1.919623443316755000e-10
-2.994554571186418980e+04 1.834722380583411741e-07
-2.994540367574360062e+04 4.689018205853330865e-08
-2.994539307010767516e+04 2.024938382670897720e-07
-2.994521303033751246e+04 4.428139792104412731e-07
-2.994489787222140149e+04 1.274362191295044013e-06
-2.994488909416849492e+04 1.995550070030451193e-06
-2.994479829685530422e+04 9.554135020002088215e-08
-2.994459896146668325e+04 1.195020063204213694e-07
-2.994453673210648412e+04 1.530920929357436225e-08
-2.994431429959990055e+04 1.038062178667897025e-07
-2.994419934698565339e+04 7.581893892443152142e-08
-2.994403703831872190e+04 5.247572879019134930e-09
-2.994387790248461533e+04 6.707950408813975356e-09
-2.994382440350584147e+04 2.426103297240728161e-08
-2.994368683123816663e+04 2.542129749733930854e-09
-2.994359018182396903e+04 8.316595134534039293e-07
-2.994333228676870567e+04 7.322382532317392807e-08
-2.994316245005238670e+04 8.152903141288354758e-07
-2.994308142353567382e+04 6.489006179770292992e-08
-2.994297881361969849e+04 6.926769842815532727e-08
-2.994270858894176126e+04 5.194240530951441140e-08
-2.994260749940813912e+04 9.878930997353144291e-09
-2.994247215102433620e+04 2.281718793838524487e-12
-2.994222489146950102e+04 5.181105084399107087e-09
-2.994215511767180215e+04 1.683696331596494022e-09
-2.994187171848700018e+04 4.431586721129165388e-07
-2.994173733496548084e+04 4.186007491026192791e-08
-2.994163203437307311e+04 1.128258733137772638e-06
-2.994148896063644133e+04 5.510657078882595515e-08
-2.994127742190615027e+04 3.237741141920829994e-08
-2.994123271465076687e+04 8.378454505309624314e-09
-2.994112275209456493e+04 3.564900710488018697e-10
-2.994096876947843703e+04 3.861438139887861112e-08
-2.994085973686128636e+04 9.587769004709940643e-08
-2.994058700942138603e+04 2.693129323124413432e-09
-2.994045376302074510e+04 2.387766034286257421e-09
-2.994017014055264372e+04 1.768886532181109804e-06
-2.994007552263093021e+04 1.537569159292138053e-07
-2.993998475664978832e+04 2.538914427897762617e-08
-2.993992479081110287e+04 1.488809722089442338e-07
-2.993974549190585458e+04 2.223478057998748488e-09
-2.993968664694443578e+04 1.973930484312423751e-08
-2.993937273605954033e+04 1.264868804799888464e-10
-2.993922533526808911e+04 5.154406666418459779e-09
-2.993905986418584507e+04 6.754273509381313699e-08
-2.993887463394756196e+04 6.720799630905491373e-08
-2.993867693902015890e+04 1.179181775100810117e-08
-2.993862339945360509e+04 1.310075906845669662e-06
-2.993840909983199163e+04 5.256241660225925679e-08
-2.993824578344450856e+04 2.531701277754312610e-07
-2.993809959061410336e+04 1.474641847038682196e-09
-2.993799569704970418e+04 3.470502551790708244e-08
-2.993781326800020179e+04 2.945598696996769083e-08
-2.993748799424971367e+04 1.919618862617424703e-08
-2.993733869925287581e+04 2.074114431813112231e-08
-2.993714155576126359e+04 5.603413207341197305e-09
-2.993704116995177174e+04 3.540357845791515434e-07
-2.993688674195868225e+04 2.533984417534692531e-07
-2.993665199819722329e+04 1.443242038436660022e-07
-2.993645647865384672e+04 9.179896272693624992e-09
-2.993636289484567169e+04 6.677412806580308694e-09
-2.993629133394654491e+04 9.945443871257803322e-08
-2.993615369848060436e+04 3.691810539586687440e-09
-2.993567502225699354e+04 2.863948775991337751e-09
-2.993554549482850416e+04 2.014610206885627605e-09
-2.993541562414428699e+04 5.707214391243697252e-08
-2.993532661845836265e+04 3.575360013024214372e-08
-2.993513697180409872e+04 5.310022081245354485e-08
-2.993497976675181781e+04 6.404521324838694181e-11
-2.993482406633876235e+04 2.501355616006277935e-08
-2.993454271337937826e+04 8.699668272693864990e-08
-2.993420707329302968e+04 6.309435972886175554e-09
-2.993403255330086540e+04 6.243565424514221712e-11
-2.993395459202663915e+04 8.426900794715299789e-10
-2.993385249126186318e+04 2.797751444304378231e-09
-2.993374308048510647e+04 2.126507533224564114e-11
-2.993349111697346962e+04 4.938949234004259205e-09
-2.993328016575669972e+04 1.419664358513383994e-09
-2.993296258150157519e+04 2.769799826055592762e-08
-2.993275313884439674e+04 2.274902304163566858e-09
-2.993251027946778777e+04 7.050768723701956802e-09
-2.993244535540198558e+04 5.196194459905659677e-09
-2.993231832825389938e+04 5.093034722187678066e-11
-2.993201961785407548e+04 9.450283217964098031e-10
-2.993186211421224652e+04 8.478418269955489118e-09
-2.993156596722720133e+04 4.115026866548941812e-10
-2.993132357870726628e+04 1.656328852381455520e-09
-2.993101366571743347e+04 1.214946095434324316e-08
-2.993095729710213345e+04 2.647683908550299747e-09
-2.993079143325909536e+04 1.386727796615359688e-09
-2.993039707207812171e+04 1.168000831208728915e-09
-2.993026563682751657e+04 3.957280741846941068e-09
-2.993006970141976126e+04 4.955615803544112204e-09
-2.992972794603900184e+04 2.432735444480573788e-10
-2.992958209904226169e+04 4.186937966775881038e-09
-2.992928448390492849e+04 3.483881543077686359e-09
-2.992918242811249729e+04 2.264431393454129216e-09
-2.992891797987376049e+04 2.165750387369828046e-09
-2.992882699832992876e+04 1.225850379481421550e-09
-2.992849974958028179e+04 4.215638765894360615e-11
-2.992807397372325431e+04 4.538841396681042063e-09
-2.992788329539391634e+04 2.306136002607837456e-09
-2.992768043434292122e+04 3.574437964721235426e-09
-2.992751651923401005e+04 2.252837405843005682e-10
-2.992741997357103901e+04 2.508871714081309152e-10
-2.992706856561665336e+04 7.657607235875122981e-12
-2.992668750978940079e+04 4.822639806155692591e-11
-2.992645832564494049e+04 6.985306673494271673e-10
-2.992633800192478520e+04 6.089377141963727596e-10
-2.992615534926929104e+04 2.077149427220387095e-09
-2.992589285323520744e+04 1.417102754205694664e-10
-2.992586442540041025e+04 1.277283598319862863e-09
-2.992534841221496754e+04 1.384093753523496257e-10
-2.992478950806609646e+04 4.542382421229889032e-11
-2.992466356852751778e+04 4.873644108059774505e-10
-2.992437492770450626e+04 2.208002676769740048e-11
-2.992401492200979555e+04 7.247673695302927680e-10
-2.992389254850283396e+04 3.552096296365220790e-11
-2.992380556204636378e+04 1.189818738437816633e-10
-2.992338321338420064e+04 1.952274662480617311e-15
-2.992317342030880172e+04 6.318532130656233475e-11
-2.992283236174440754e+04 1.163111524405949773e-11
-2.992268243335390798e+04 1.039628446186988341e-11
-2.992259676682638747e+04 1.321285018418765821e-10
-2.992205584668141455e+04 3.538758212588117936e-11
-2.992178577474960912e+04 1.433265773779985655e-11
-2.992163092812293326e+04 7.993664871988809606e-13
-2.992147856804646653e+04 5.562680042010549786e-11
-2.992131949146362604e+04 6.849273965585712276e-12
-2.992096435798896346e+04 1.534704218425977325e-11
-2.992065984020146789e+04 1.617748098830235673e-11
-2.992030109295721923e+04 2.798103552246736596e-11
-2.992006302577223323e+04 1.847519352841516114e-11
-2.991964525768921158e+04 7.101672674969680579e-12
-2.991942391215376847e+04 1.239463029332182946e-11
-2.991895168189010656e+04 8.001438636892440590e-13
-2.991865320787285964e+04 1.402664438440499166e-11
-2.991849279701881096e+04 2.058718512653105039e-12
-2.991789111101798699e+04 1.365391283747722179e-11
-2.991758000564593021e+04 9.735248624251983719e-13
-2.991738758857596258e+04 6.211810687241853366e-13
-2.991708841317888437e+04 7.038763874874449093e-12
-2.991660018010235217e+04 5.875539349122119287e-12
-2.991630770810771355e+04 1.537190962651294976e-13
-2.991604220233755404e+04 5.484444111930486507e-12
-2.991593894116717274e+04 1.361939055787768415e-12
-2.991564103967654228e+04 1.713997831123480471e-12
-2.991548355871378953e+04 5.286216417374236395e-14
-2.991461827948877908e+04 1.021546632625439899e-12
-2.991446854659247765e+04 1.432852923637605633e-12
-2.991433521226768789e+04 3.808502067010499717e-12
-2.991387675363304152e+04 2.966609949151946117e-14
-2.991334386461308895e+04 1.291400709719634660e-12
-2.991267594396360073e+04 7.606190335605103214e-13
-2.991217703480143973e+04 4.202345117653249002e-14
-2.991193828755931099e+04 7.942026053904026352e-14
-2.991143453701163526e+04 8.316600751474318229e-14
-2.991133015929157409e+04 8.523485274137918175e-14
-2.991096330510292319e+04 2.526696808919643236e-13
-2.991041174722843061e+04 3.370004890170568736e-13
-2.990998523150077381e+04 1.430485846545984021e-15
-2.990958281222705045e+04 1.048936742019041552e-13
-2.990939145791551346e+04 9.062143448976328670e-15
-2.990906983292352743e+04 4.110311656641843605e-15
-2.990896265511059755e+04 1.218275125419162502e-14
-2.990820069899999362e+04 1.785527927000788727e-14
-2.990782788620084466e+04 1.568864294868637021e-14
-2.990748473056896182e+04 1.103811575737336569e-14
-2.990732334571197134e+04 1.990938194205227661e-15
-2.990638189438142945e+04 9.475693329561929906e-15
-2.990565827244289540e+04 2.663862140376408009e-15
-2.990509760525872844e+04 5.530970835343126755e-15
-2.990478234889138548e+04 3.774079758922231438e-15
-2.990474421390474890e+04 1.234455268955000229e-14
-2.990421922729524158e+04 8.537605200902033632e-15
-2.990409523333068864e+04 1.044247783311537416e-19
-2.990284586225535895e+04 1.845067068205697175e-15
-2.990236119113055247e+04 9.409975932779931098e-16
-2.990199585934560309e+04 2.739465076036025641e-16
-2.990175924956040399e+04 1.727295443703715870e-15
-2.990094867584420354e+04 1.384618082105459802e-16
-2.990047060543539556e+04 7.589046862698842105e-17
-2.989989851824942525e+04 8.463329523093741776e-16
-2.989917741852814652e+04 1.110278968320418195e-17
-2.989867866771344416e+04 8.451601383054517211e-16
-2.989783686765089442e+04 2.189197287390448200e-17
-2.989764963260853256e+04 1.102012118263226288e-17
-2.989655924152664375e+04 1.542927925912848879e-19
-2.989632954037276431e+04 2.135031840900434856e-20
-2.989602662030581268e+04 1.991465938868445529e-17
-2.989545350104116369e+04 2.007964986337390659e-17
-2.989503373253851896e+04 3.498920969781704341e-18
-2.989445512591892111e+04 7.669590042887136355e-18
-2.989423911034414050e+04 5.193968133361549480e-18
-2.989318572486345511e+04 1.952889972691934727e-18
-2.989222382720922542e+04 1.235947837451697133e-17
-2.989145140527544208e+04 4.906736947384847462e-21
-2.989119408973470127e+04 2.122716399188702285e-18
-2.989059408652239654e+04 2.544821925396900126e-18
-2.989003777833117783e+04 1.783914828722512357e-18
-2.988797425456810015e+04 6.484688326407078961e-19
-2.988724227527585754e+04 3.302972419759846211e-19
-2.988700072979811739e+04 1.246990054939201730e-21
-2.988582727986560349e+04 1.196461850921677242e-19
-2.988513684138600729e+04 1.094594228767570740e-19
-2.988360483405027844e+04 9.020597454840863380e-21
-2.988274408244076767e+04 7.342239434054629075e-20
-2.988206825261072299e+04 4.943078932462087334e-23
-2.988009224270434788e+04 9.484011684909282814e-23
-2.987985774732639402e+04 8.993799966959277101e-22
-2.987954263561460539e+04 1.566241909479857744e-22
-2.987848967029912455e+04 1.053668941055185964e-21
-2.987684472096535319e+04 1.841077008923144046e-22
-2.987614962297815146e+04 6.148121275048743019e-23
-2.987572263482807466e+04 8.311096378536726148e-22
-2.987510410230226626e+04 4.234156489836928512e-22
-2.987344771317728009e+04 2.825896163672559421e-22
-2.987209898194427296e+04 2.427961457121446991e-24
-2.986818776422585506e+04 0.000000000000000000e+00
-2.986792380623432109e+04 0.000000000000000000e+00
-2.986645072783341311e+04 1.052178661869162616e-24
-2.986533287852408102e+04 3.537556225501643847e-24
-2.986426189014513875e+04 0.000000000000000000e+00
-2.986350159385042207e+04 0.000000000000000000e+00
-2.986108521797534195e+04 0.000000000000000000e+00
-2.986033414509599243e+04 0.000000000000000000e+00
-2.985582863663864919e+04 0.000000000000000000e+00
-2.985480950286141160e+04 0.000000000000000000e+00
-2.985290101732074982e+04 0.000000000000000000e+00
-2.985218613954764805e+04 0.000000000000000000e+00
-2.984300673719260885e+04 0.000000000000000000e+00
-2.984229115747903779e+04 0.000000000000000000e+00
-2.983670773256866596e+04 0.000000000000000000e+00
-2.983631788158744894e+04 0.000000000000000000e+00
-2.982806030377653587e+04 0.000000000000000000e+00
-2.982758937836733821e+04 0.000000000000000000e+00
-2.980906383217187613e+04 0.000000000000000000e+00
-2.980879010688330891e+04 0.000000000000000000e+00
3.000080546462966595e+04 2.005478855215007816e-19
3.000083765744563425e+04 1.212593446272402107e-19
3.000220973788667834e+04 3.196289871126423155e-17
3.000224946501961676e+04 1.976624007708005787e-16
3.000319099056427513e+04 4.482973073032797830e-16
3.000324054352883468e+04 1.399407756650201250e-14
3.000390709577479720e+04 8.960054073165716343e-14
3.000397013045370113e+04 5.558066552117772040e-14
3.000441193252113953e+04 2.753214727823971125e-13
3.000446045083949139e+04 1.416182727025282096e-13
3.000464875549147837e+04 1.981849960106264526e-13
3.000485352148178208e+04 1.251910961121590059e-13
3.000490406885446282e+04 6.661091876463306046e-13
3.000516596472289166e+04 1.675492045244028471e-12
3.000541469587306347e+04 1.600264313053516161e-13
3.000543647531850002e+04 2.470397655627453809e-12
3.000551008376074242e+04 8.233335880998393942e-14
3.000571702122651914e+04 2.844677259827292590e-12
3.000600445754223983e+04 2.149559904377516869e-12
3.000614197413965303e+04 1.272211137002143030e-13
3.000629949736916751e+04 1.103464268930619073e-12
3.000660086526071245e+04 2.959402646854883219e-13
3.000694265233493570e+04 5.348480717078797933e-15
3.000750607573923844e+04 3.935523525381481160e-15
3.000807695979646451e+04 2.744819690606192467e-14
3.000900627856550273e+04 1.041680543969751028e-14
3.000942105102717687e+04 6.127078559756332080e-17
3.000945058274445910e+04 2.612410319856245212e-16
3.000989526290151844e+04 1.072212640049737871e-11
3.001003153750913407e+04 4.532064937732045038e-14
3.001024336266922546e+04 4.995034416629639535e-16
3.001025333513871738e+04 4.974281911052045111e-15
3.001056437394186287e+04 1.744948994747677538e-12
3.001064882773745921e+04 5.247596382227212623e-13
3.001073382491112716e+04 4.223576766732589301e-12
3.001092803596866725e+04 5.484879412620019963e-12
3.001094223510294614e+04 8.319791036151701486e-11
3.001111381721304861e+04 1.679345979475449685e-11
3.001111967098391324e+04 1.669476907099708584e-11
3.001124365135432527e+04 1.730391676470728158e-12
3.001132812918171112e+04 1.961578854431957255e-11
3.001155387192339913e+04 1.014971572817077398e-11
3.001167677768672002e+04 2.229632009206982887e-13
3.001179269150782784e+04 3.642835038238695126e-12
3.001204219400004149e+04 6.715606327200579519e-13
3.001208783269273044e+04 4.435495635821486998e-13
3.001226189582791994e+04 1.056673834930959956e-12
3.001284384447522825e+04 3.596234681656375086e-13
3.001312699954784330e+04 1.464579626940694122e-14
3.001360370378371226e+04 3.550425156911647098e-15
3.001405125093715105e+04 1.781185854218327999e-15
3.001446079408910373e+04 8.071411814194306943e-14
3.001491505097323898e+04 2.147694111210196831e-13
3.001503390968098029e+04 7.867850071728343204e-11
3.001543592060545780e+04 1.220720066797923647e-14
3.001576311084116242e+04 3.313148018445879496e-14
3.001603875313868411e+04 5.927344206811373746e-11
3.001634709010292499e+04 8.862259203363635032e-13
3.001673240191484001e+04 3.514500033836927432e-13
3.001693899961958596e+04 2.619027982274811514e-10
3.001718310570533868e+04 1.100080281617005997e-11
3.001764845080773011e+04 1.450505619056673736e-10
3.001771528704838420e+04 7.929746197491768218e-10
3.001814017102943399e+04 8.934486497856825348e-12
3.001831939062390302e+04 1.616440685242465409e-10
3.001843143481451261e+04 6.715906332870996836e-12
3.001877732931383798e+04 4.613577584609557621e-11
3.001898089272594734e+04 4.925675323488684594e-11
3.001910684702450089e+04 5.426254145101308982e-12
3.001917400393206844e+04 2.911958235933690289e-11
3.001925148457552859e+04 1.566159578907097413e-11
3.001943388911402872e+04 9.597972155154684409e-11
3.001969151601413614e+04 3.675945153636825508e-13
3.001983714107668493e+04 2.133957625017168207e-12
3.002005308480797976e+04 4.272838337995789714e-09
3.002010079288756606e+04 2.984306498821563191e-11
3.002026278358276977e+04 2.465451243394559796e-12
3.002044447092201881e+04 1.204875765923022886e-11
3.002068313323996699e+04 1.234621162279959565e-11
3.002087684028474177e+04 1.966257409901150568e-11
3.002109790344289286e+04 5.707910286730731417e-10
3.002111741711947616e+04 1.815487974061709261e-09
3.002137099823833341e+04 1.911471991745785353e-11
3.002157779975147059e+04 4.733352835199725588e-11
3.002177151075785514e+04 1.663414614378986315e-11
3.002202817467283603e+04 2.066978236503242450e-12
3.002212469678373600e+04 8.929490487616567838e-09
3.002236567961562832e+04 5.214548422893027323e-11
3.002250781950852979e+04 1.180639901876540856e-12
3.002279699146562052e+04 2.818710880274152853e-11
3.002306563637247382e+04 1.665949872327286572e-09
3.002314073185697271e+04 1.751611045038215424e-11
3.002334209459586418e+04 3.062144121603333058e-11
3.002356470520032235e+04 5.308727796054220802e-14
3.002360992297198027e+04 1.956485752105957660e-12
3.002392031087172290e+04 2.330674123123913579e-10
3.002421940271843050e+04 1.245642398595038600e-11
3.002428933112012237e+04 3.194983806681254085e-12
3.002460507010795845e+04 1.330953465856129348e-11
3.002466832304505806e+04 5.586863543876367009e-10
3.002473216107652843e+04 2.197578937471521719e-10
3.002505715254345705e+04 8.356795151464210967e-08
3.002530557027834220e+04 2.755535591857613142e-11
3.002540197124639963e+04 2.699971568313251618e-12
3.002542441695257367e+04 2.760698800665751968e-11
3.002574468083537067e+04 3.956455560110920857e-16
3.002592605088631171e+04 3.526932859932158985e-12
3.002601293535462173e+04 7.407017883565644935e-14
3.002613753675949920e+04 1.633035095475886587e-08
3.002628829434691215e+04 3.759523631564581063e-12
3.002642360936315526e+04 2.037257816978650776e-12
3.002663041331270142e+04 2.260243280082249627e-13
3.002672029003198259e+04 1.373512193141190652e-13
3.002683535795674470e+04 2.431517020668433202e-12
3.002707637287564285e+04 1.099027820565971401e-12
3.002718286388505658e+04 1.544637467383282378e-10
3.002720708362143341e+04 1.216439960161466294e-09
3.002737421133353928e+04 9.654746093383011910e-14
3.002744802143462584e+04 6.448868102845437773e-12
3.002759915907609684e+04 4.169427247475409999e-12
3.002772093712210699e+04 8.577135849445488865e-12
3.002790564470049867e+04 1.940548804996750290e-11
3.002805579493269033e+04 1.322011875026724952e-13
3.002815672952991008e+04 2.728803170319294181e-10
3.002824404966457951e+04 3.364403732668379970e-09
3.002839266579132891e+04 4.436990316866067116e-12
3.002867172312314142e+04 1.599771575780050158e-11
3.002878164207945883e+04 1.064259704888977279e-12
3.002895851191968177e+04 5.062045490043466690e-11
3.002916475441953662e+04 3.845720188113690146e-11
3.002917687585990279e+04 1.636521206546871474e-11
3.002923183074050030e+04 2.248277936167230859e-09
3.002945241930296106e+04 8.173656539120940130e-12
3.002958446719333369e+04 3.700694741185244690e-12
3.002986649739232598e+04 3.696594566477463959e-12
3.003005824440650395e+04 1.857460579184348024e-09
3.003009351059644177e+04 1.331771742980459988e-12
3.003016728398906707e+04 8.941368317062804244e-11
3.003032881332742545e+04 9.093463748840543452e-14
3.003039927098059707e+04 1.304899551913856594e-12
3.003053517543130874e+04 4.787705928179599146e-12
3.003072626159039282e+04 9.638307226291850097e-13
3.003102145647951693e+04 2.286189736498917703e-10
3.003106293382218428e+04 2.003394993312882439e-10
3.003114704053734022e+04 1.287769568765397551e-08
3.003130487770287436e+04 4.077917707707558220e-13
3.003137113895358925e+04 8.115581915154176235e-16
3.003149143342758907e+04 5.113226927001006806e-14
3.003175008245871504e+04 1.358774212163365080e-11
3.003184269158719326e+04 3.213838732421363277e-10
3.003202011758974550e+04 6.874537656091072238e-11
3.003220092116308660e+04 2.317114819934958882e-10
3.003223101289669648e+04 1.623180950269512634e-08
3.003237806433477454e+04 2.289469672570022202e-12
3.003260687559665530e+04 2.807032839349424416e-12
3.003264885313138075e+04 2.256682347677375973e-13
3.003308045838601174e+04 1.952790841255505682e-12
3.003315125646688830e+04 8.931416202823378165e-14
3.003327979540761226e+04 4.680562936872379214e-12
3.003330291797726386e+04 2.056991033350740935e-09
3.003339837073165108e+04 3.776198114066738368e-12
3.003359598148555961e+04 1.127764746997386730e-13
3.003384929396191728e+04 1.304837916621856874e-12
3.003399783902184572e+04 6.207966882302950856e-14
3.003412454061836252e+04 2.156795700402417518e-15
3.003422360115309857e+04 4.791616344361191696e-15
3.003434492980072537e+04 9.399651936989654429e-11
3.003447056203150350e+04 1.297818385370607302e-11
3.003464970851612816e+04 5.924311105614947291e-13
3.003468742060094519e+04 2.486508603687982501e-14
3.003502325008959815e+04 1.237946388927814588e-10
3.003505938868141311e+04 7.781477916306788920e-08
3.003511919831542764e+04 1.804137429557243293e-13
3.003531206422246760e+04 1.573019007905204206e-11
3.003538850763565279e+04 3.201919918632194506e-10
3.003547149845943204e+04 6.950510604335790954e-13
3.003565883487297106e+04 3.185006194513573332e-13
3.003591825417612927e+04 2.516344911164739327e-14
3.003604240593350551e+04 3.247226844227463941e-13
3.003615079192644771e+04 8.524364906866032144e-09
3.003632410527426327e+04 2.297715736194100150e-11
3.003637156841436081e+04 2.168334761945914918e-11
3.003647301892529140e+04 1.594615191812914840e-11
3.003660158062724440e+04 2.863539642628550218e-13
3.003667215004780883e+04 2.409281087929226590e-16
3.003674998798732486e+04 1.071955650988436930e-12
3.003702551905646396e+04 4.230025144932869588e-14
3.003710565843335644e+04 5.704343739507076944e-16
3.003724333602242405e+04 1.027985230850939730e-10
3.003732575220642320e+04 1.880861124980991777e-12
3.003739507842497551e+04 4.289478751487284928e-14
3.003772027874399646e+04 1.313106293949817762e-13
3.003778096614850074e+04 1.248395874767293256e-13
3.003801810879505138e+04 1.812290027047073662e-12
3.003814277502159894e+04 6.030492462862082453e-12
3.003822369351539601e+04 9.527827816314459378e-11
3.003831237847743614e+04 1.326486668118289104e-11
3.003834525920461238e+04 1.178272668954931752e-09
3.003870020387741533e+04 5.040918221793715343e-13
3.003899675964868584e+04 6.076643788692294632e-13
3.003903486500488725e+04 1.628067540504683876e-11
3.003923374931175204e+04 4.416806771866690927e-12
3.003938743801161399e+04 6.707307257095200270e-14
3.003943326225893179e+04 5.370424696947429328e-10
3.003960566463790019e+04 2.938305890623037141e-13
3.003980603896969842e+04 4.600236586464496136e-12
3.003987259261765576e+04 3.984379717504258194e-14
3.004006316150588100e+04 1.164483904317088546e-10
3.004029404468039138e+04 3.208383832004223623e-13
3.004040604639069716e+04 1.233394359751160535e-13
3.004051231852065393e+04 6.067666311763275733e-12
3.004056247095479921e+04 9.047927649019777096e-13
3.004065361931036023e+04 3.274088801620230584e-13
3.004076399637171926e+04 8.490961074010919599e-14
3.004116487423639046e+04 2.824594573740388672e-09
3.004124505171000055e+04 8.047562200027291507e-14
3.004135224150114664e+04 5.556634654359265033e-12
3.004154976207242362e+04 1.212365538785344431e-14
3.004157085041264509e+04 2.895640468126732799e-14
3.004168615676750778e+04 2.521269603185517955e-14
3.004191665972962801e+04 6.108035479499792150e-16
3.004199974530388863e+04 1.659788660177606192e-12
3.004215448760909567e+04 2.781338809670378579e-15
3.004227224018332709e+04 7.167399976236020705e-10
3.004230164495465215e+04 1.118190227687754048e-10
3.004257999945192205e+04 7.652401356452511992e-12
3.004262414857945623e+04 3.580660660164152406e-12
3.004274007077869828e+04 7.966467279010579367e-14
3.004280615656158261e+04 7.318246213077475013e-15
3.004326604984531150e+04 3.220635769985770958e-13
3.004339089374701143e+04 6.580320947502617450e-12
3.004342862420898018e+04 1.988050929633495039e-13
3.004350685722112758e+04 2.004388204946633591e-13
3.004367840939061716e+04 3.285473745955240264e-13
3.004384416262048035e+04 8.609501491802593418e-15
3.004402435697515830e+04 4.574147618559268797e-14
3.004424054026816884e+04 3.370274936926969303e-16
3.004449263859667190e+04 5.049187234769069663e-15
3.004450718633255383e+04 1.112089308384866165e-11
3.004460481613392039e+04 2.221051283791564075e-13
3.004467197916304212e+04 1.172171178817149131e-16
3.004482383906940231e+04 6.472615196366599462e-13
3.004507800133371711e+04 3.585730636704379513e-10
3.004508422806895032e+04 8.867745143237858270e-11
3.004528905364105231e+04 7.604134109679878843e-14
3.004549082077496860e+04 3.414313516119972609e-13
3.004558081937831230e+04 6.954713043814437995e-12
3.004565348600836660e+04 9.513528474722224110e-12
3.004570194267815168e+04 1.738169674715332606e-12
3.004587479176772467e+04 1.257288509798947593e-14
3.004602715298864496e+04 3.245426885832857417e-13
3.004620769556977757e+04 6.501814380510630358e-10
3.004624982506816377e+04 1.855948179478939204e-11
3.004649649895563198e+04 6.721675390376716323e-12
3.004665422275665333e+04 1.534424566685816675e-13
3.004676566519202970e+04 1.115004679869979880e-12
3.004684438279192182e+04 8.411378313552101629e-14
3.004703861473006691e+04 1.624923664999450081e-15
3.004719813876813714e+04 1.271505246577637591e-13
3.004734396276005646e+04 5.015820296764457285e-11
3.004739847470107634e+04 8.194658607867392900e-12
3.004743877460195654e+04 3.360159109030613857e-12
3.004767450301434292e+04 2.312332684089168747e-13
3.004775850508590520e+04 7.122623480674900091e-14
3.004789984848190579e+04 2.289296373711968994e-12
3.004800156580095063e+04 1.487177031590348226e-17
3.004824565905939380e+04 1.009219212755719741e-12
3.004842678299691397e+04 9.173126700634830247e-13
3.004850585892434174e+04 4.342084614142263557e-12
3.004857390907441732e+04 2.426461459066264406e-13
3.004889118192173919e+04 4.901527860609557894e-14
3.004901075675390166e+04 1.988504561999625823e-13
3.004913618851756110e+04 1.477007505446333509e-13
3.004934989243183009e+04 1.495865062136273522e-13
3.004939378975848012e+04 1.696162361043151133e-13
3.004951733894539939e+04 3.121891684434327195e-15
3.004957613517155551e+04 3.708648003695769075e-13
3.004969162092623083e+04 1.399509298461165332e-12
3.004993407969309192e+04 2.414587146344325061e-16
3.005011544106796646e+04 4.718808183767737981e-13
3.005013664145322036e+04 7.134520608179202559e-14
3.005017738352440938e+04 5.147329077125118992e-12
3.005030445620868704e+04 1.013523020925768176e-12
3.005049698281620294e+04 2.528852805292757734e-13
3.005080854261235072e+04 4.848519135831817963e-13
3.005086736924727666e+04 1.089354963667288558e-11
3.005091643026777456e+04 2.947437594841178793e-13
3.005115580023332950e+04 2.310002027377555471e-15
3.005125185041860095e+04 3.623159132848592153e-12
3.005131967273624832e+04 3.147187779589131365e-12
3.005139842146060619e+04 5.011224454369853682e-12
3.005148197578807958e+04 2.607188695611309681e-14
3.005173410151871576e+04 5.167081564737888805e-13
3.005202195810669218e+04 4.532127715744688137e-13
3.005208147249230387e+04 3.125472443090515319e-12
3.005222001313450892e+04 4.620101822742262739e-13
3.005246384076592221e+04 8.632593998344496515e-12
3.005247684801011201e+04 1.182162815437284722e-11
3.005262337610379473e+04 1.509839454466880202e-11
3.005263945836696439e+04 1.955779888534265752e-11
3.005275369624542145e+04 1.124441264515645560e-13
3.005293340281147903e+04 6.041498318890849304e-14
3.005324851726496854e+04 1.063710968103303641e-13
3.005336335144086479e+04 1.041063542477809335e-14
3.005344650864830692e+04 4.108484548846598448e-14
3.005355595062370048e+04 1.217311003203489730e-13
3.005366418409670950e+04 5.339315472061856207e-12
3.005386976704203335e+04 2.553417731584075976e-11
3.005389146536119006e+04 2.943178016914365308e-12
3.005421441040308491e+04 6.081900581441331760e-14
3.005445159445645913e+04 3.872924244665761384e-14
3.005449315466240296e+04 1.380843995266369575e-15
3.005458022695544423e+04 9.942301724728777494e-14
3.005476708052682443e+04 4.385213103985930628e-18
3.005489146566302225e+04 5.371743593525895996e-15
3.005494296457522432e+04 2.310923960787149241e-15
3.005515470324877242e+04 1.915966616936457631e-12
3.005534857680922505e+04 6.996525509163859482e-14
3.005537976741822058e+04 2.568924712837541709e-13
3.005542032894336080e+04 9.951469523253858414e-12
3.005568403950115680e+04 4.740807394373322086e-15
3.005584270507352267e+04 1.438486011354316510e-16
3.005597557261792463e+04 1.358020290109409519e-13
3.005615650492177519e+04 1.804711791606066930e-15
3.005627774723445691e+04 3.606134769583608306e-14
3.005636497895843422e+04 1.051251786232222869e-16
3.005646462928320761e+04 1.890763992204709331e-13
3.005653945240527537e+04 1.767547527117841214e-14
3.005687292890961908e+04 5.006228352172944926e-12
3.005688411978821387e+04 3.737093816690430302e-12
3.005703673725072804e+04 1.053962520846742833e-12
3.005717838809555178e+04 7.125983634294451342e-14
3.005743938299604633e+04 1.818835273109914368e-15
3.005752651169260571e+04 5.458320904121516991e-14
3.005770669621804700e+04 1.402501684633246795e-14
3.005785115993809450e+04 1.856764707410280547e-13
3.005815037127924006e+04 2.063485390700880009e-15
3.005823940324996875e+04 8.728255412236914345e-13
3.005840880808261863e+04 6.199908564729740832e-12
3.005847576126116110e+04 1.405129123960576851e-14
3.005867013316932935e+04 1.593332622514612851e-13
3.005883878158525840e+04 1.106996868529456001e-15
3.005899028164286938e+04 1.382287072757392967e-14
3.005904870237872819e+04 3.985741176188513678e-14
3.005917189530727046e+04 8.537794809774317466e-14
3.005932386305576802e+04 1.263003555350612743e-14
3.005956066461262890e+04 3.662654488125606187e-15
3.005980714854164398e+04 2.725973572076977428e-15
3.005987329816557030e+04 2.605337190805525482e-12
3.006009660980425178e+04 1.353988625954860548e-13
3.006015462032549840e+04 2.554363927182674035e-15
3.006024358004381793e+04 2.207692803732152497e-13
3.006041380947805737e+04 5.820093190383137131e-13
3.006051607273698755e+04 3.765864180985727039e-14
3.006080621210778554e+04 9.243209426514868880e-14
3.006090159497391869e+04 1.446202176540046400e-14
3.006115012925966585e+04 2.016382265478218590e-14
3.006137355624610063e+04 4.638005190668883406e-14
3.006146437894239716e+04 1.773607051871124113e-13
3.006150389191236172e+04 5.220288531895797369e-15
3.006175094191327298e+04 3.827886621264665301e-15
3.006187846233487653e+04 4.928724649754296746e-13
3.006207032388901280e+04 1.309589246996335765e-15
3.006218163978253506e+04 1.863627975129053402e-13
3.006229957037336499e+04 3.793769410243012292e-14
3.006267851256272479e+04 1.193627161211525500e-13
3.006289807259716690e+04 7.015127518628330587e-14
3.006299651120044655e+04 1.351955447726059229e-14
3.006307882335069007e+04 2.693922277885351477e-14
3.006327909664959589e+04 3.259623618201451766e-14
3.006355915455625654e+04 2.301930375796210887e-14
3.006374940851903739e+04 1.747851033905572446e-15
3.006381151740249334e+04 1.048434091516190751e-14
3.006386942021832874e+04 3.553977807473388781e-14
3.006401970683946274e+04 1.827411512766144050e-14
3.006446853945855764e+04 4.004987582364159273e-13
3.006456995241669938e+04 3.665309574587353636e-15
3.006473754560378802e+04 2.180449063652560583e-14
3.006484683317058443e+04 3.179178680676886480e-14
3.006499910257467127e+04 9.947795305498018643e-15
3.006528625193023618e+04 1.977322775382475902e-14
3.006531794470735986e+04 2.237699281871439679e-14
3.006556248582855551e+04 3.210003650528389122e-14
3.006596947312548582e+04 4.721075341066570079e-14
3.006607224126265646e+04 1.276385331206660114e-17
3.006618364678619764e+04 1.014305021458454129e-13
3.006629815102909924e+04 7.527731987682060525e-14
3.006641502328206116e+04 4.503877869943000579e-14
3.006666075350828396e+04 7.525740853345632203e-15
3.006685291814003358e+04 8.085009066917077639e-14
3.006719204137288398e+04 1.432408796460393264e-14
3.006744414738503474e+04 5.945946484535157898e-17
3.006759935087645499e+04 2.849801719143228473e-14
3.006767706565859044e+04 4.864144913519404099e-14
3.006786118762300248e+04 6.382150559652481999e-15
3.006815147855811301e+04 1.233216734718435729e-14
3.006831190464884639e+04 6.288353274249654673e-14
3.006862209197019547e+04 3.180221536691213606e-15
3.006881218448943400e+04 4.227061961909620978e-14
3.006909734529894195e+04 2.174160940436774129e-16
3.006918040679491605e+04 8.160313080603979424e-17
3.006936004376610435e+04 1.717467904071591753e-14
3.006980857380915040e+04 2.460958037329940932e-15
3.006996168298764678e+04 3.506132773898715794e-15
3.007010766719057938e+04 1.204357764489960521e-14
3.007040712879569401e+04 8.561565661778052243e-15
3.007055690701261119e+04 1.646148966127413979e-14
3.007083074550421588e+04 6.072806693204392411e-15
3.007099212773943145e+04 3.809126837149646371e-16
3.007120666423041257e+04 1.052343669790415102e-16
3.007136686366630238e+04 2.539030981462722462e-18
3.007167169359998661e+04 3.017251705692610637e-19
3.007205629174728165e+04 1.056169301691863367e-15
3.007221599549784150e+04 7.702293143900186886e-15
3.007243557650027651e+04 7.574199947127181480e-16
3.007265720591975332e+04 6.827568035915173011e-18
3.007270472199941287e+04 1.046797403125252578e-15
3.007315402331600490e+04 5.295096999787696620e-18
3.007353635233223031e+04 5.928074321863141267e-16
3.007369363627001439e+04 2.690857349383449775e-16
3.007382315659331653e+04 4.580135212215351164e-16
3.007394175466683373e+04 1.302658233737342996e-15
3.007424681540978054e+04 4.787043291871996466e-17
3.007427803708575084e+04 7.167407966476593507e-17
3.007483680848099903e+04 2.777556817110401809e-16
3.007537092936981571e+04 4.226375873796670994e-16
3.007545129377052217e+04 3.869760155955538995e-16
3.007576479995609043e+04 4.036405842114662558e-16
3.007608325964315372e+04 6.181794059431834732e-19
3.007628811445605243e+04 4.549656725352678416e-17
3.007636569500440964e+04 1.381019900031718395e-16
3.007676848185027484e+04 1.633735757758569053e-16
3.007699872265858721e+04 1.774036898985652585e-19
3.007730644682778802e+04 3.977315548089169565e-16
3.007751666784110785e+04 1.208520318872644154e-17
3.007757469410917111e+04 2.251364201808338175e-18
3.007807886421795047e+04 1.734402732574049675e-16
3.007847475510156801e+04 1.611676038488211247e-17
3.007860933576709431e+04 8.554418932031902789e-18
3.007865325491996555e+04 1.733236417918431981e-16
3.007884097391609248e+04 2.721874331105399773e-19
3.007920418189463817e+04 4.272080716212789620e-18
3.007946599179231998e+04 1.804678590745464166e-16
3.007981834334024461e+04 1.584577957136091145e-17
3.008012281437612910e+04 3.435074414861308243e-18
3.008051755178051826e+04 4.476179304700941742e-17
3.008069765886109235e+04 2.403356746357633932e-17
3.008118879703782295e+04 9.907267994962837957e-18
3.008150732468449496e+04 3.451140784961229225e-17
3.008161936019671339e+04 4.172163707512616410e-17
3.008222204230439092e+04 5.263076060909433756e-18
3.008258882525575973e+04 9.802361899862287502e-19
3.008284446757077603e+04 6.882718356864991783e-20
3.008314192376564461e+04 2.284596086483663622e-18
3.008350693388986474e+04 1.449176340763703779e-17
3.008382544732706810e+04 7.311300529200036058e-19
3.008405897925988756e+04 7.556475532411879311e-19
3.008422722923612309e+04 9.257151547282572493e-19
3.008451459394149424e+04 6.673753419679043375e-18
3.008469840597151779e+04 4.111828068720527062e-19
3.008550185908285493e+04 2.374168096123875706e-20
3.008570182587571253e+04 2.047979582463050678e-18
3.008579390796558437e+04 9.000429872946833240e-19
3.008623668394119886e+04 9.338279549380430974e-20
3.008677028435983812e+04 3.984007849020958276e-19
3.008740240660352720e+04 1.784534334780452976e-20
3.008800187749549877e+04 3.875181981352494756e-19
3.008823918718268033e+04 4.931013377419263074e-19
3.008873808084293341e+04 5.203991769340557304e-19
3.008882745829053601e+04 4.491963181982767973e-21
3.008919380322733923e+04 9.812774954007626947e-21
3.008973390377769101e+04 2.452220509296633945e-20
3.009016041669898914e+04 5.051220257969827247e-20
3.009054774217213344e+04 2.696681324025361973e-20
3.009073673628488541e+04 2.376640388687988500e-20
3.009113676136249705e+04 3.298451854538480303e-19
3.009121363929364816e+04 1.271175596023893627e-21
3.009200357355518281e+04 1.075070332104893888e-21
3.009235255816179051e+04 2.898028351192866614e-20
3.009272457327485245e+04 2.160750489016410645e-20
3.009278167890075929e+04 4.562395756080397594e-20
3.009384836152375647e+04 1.190680440962793988e-21
3.009448338314932334e+04 2.085753030940835804e-20
3.009500178198143112e+04 8.143200059266436844e-21
3.009534082118794686e+04 8.735806680158215201e-21
3.009546141498953511e+04 5.866403038856977383e-23
3.009589781389203199e+04 1.322488448774718911e-20
3.009601770854883580e+04 1.347124599403156957e-21
3.009724079712503226e+04 2.652094778184937876e-21
3.009780552015737339e+04 4.928045936626791608e-22
3.009809736186431473e+04 8.957970791165742817e-22
3.009841063691463933e+04 0.000000000000000000e+00
3.009916775690111535e+04 3.963356019172124005e-22
3.009969391636091677e+04 9.149614107887067067e-23
3.010035721683441807e+04 1.385980378730951223e-22
3.010106766793060160e+04 1.927771751514877927e-23
3.010144298534749396e+04 8.423755763950571891e-23
3.010229225317183955e+04 5.635720117963103895e-22
3.010257563649112126e+04 5.093622080319755117e-23
3.010368028122230680e+04 3.426935166493951654e-23
3.010378751272164300e+04 1.484443477867831695e-24
3.010411708409336643e+04 1.901264242081861010e-23
3.010472366059354681e+04 0.000000000000000000e+00
3.010513612264334733e+04 1.017765442118444679e-24
3.010569747933226245e+04 1.932882027710565511e-23
3.010584471666335958e+04 2.929454467065019994e-24
3.010701251695892279e+04 0.000000000000000000e+00
3.010788379549083038e+04 1.588964037433170724e-23
3.010867678454619090e+04 1.115233344816993887e-23
3.010900020023313118e+04 1.570877160819196296e-24
3.010951812656156108e+04 0.000000000000000000e+00
3.011014419998055746e+04 0.000000000000000000e+00
3.011213650622647401e+04 0.000000000000000000e+00
3.011296789054471083e+04 0.000000000000000000e+00
3.011306728027680583e+04 0.000000000000000000e+00
3.011424878993330276e+04 0.000000000000000000e+00
3.011503219326996987e+04 0.000000000000000000e+00
3.011648862690822716e+04 0.000000000000000000e+00
3.011735956990956038e+04 0.000000000000000000e+00
3.011818585287357564e+04 0.000000000000000000e+00
3.012015052794490839e+04 0.000000000000000000e+00
3.012029748316171754e+04 0.000000000000000000e+00
3.012062453910425756e+04 0.000000000000000000e+00
3.012163851725062705e+04 0.000000000000000000e+00
3.012333967691894577e+04 0.000000000000000000e+00
3.012392605118479332e+04 0.000000000000000000e+00
3.012433639044887241e+04 0.000000000000000000e+00
3.012502144802493422e+04 0.000000000000000000e+00
3.012666220188183433e+04 0.000000000000000000e+00
3.012806384637922383e+04 0.000000000000000000e+00
3.013202401400969757e+04 0.000000000000000000e+00
3.013234863648082319e+04 0.000000000000000000e+00
3.013375510452254093e+04 0.000000000000000000e+00
3.013480639795898969e+04 0.000000000000000000e+00
3.013592414961765462e+04 0.000000000000000000e+00
3.013668953395056451e+04 0.000000000000000000e+00
3.013898104786154363e+04 0.000000000000000000e+00
3.013973721225430563e+04 0.000000000000000000e+00
3.014428207760049918e+04 0.000000000000000000e+00
3.014529611992974242e+04 0.000000000000000000e+00
3.014727297296823599e+04 0.000000000000000000e+00
3.014797837573998186e+04 0.000000000000000000e+00
3.015708304110149766e+04 0.000000000000000000e+00
3.015778669772634021e+04 0.000000000000000000e+00
3.016351733055539808e+04 0.000000000000000000e+00
3.016389862300304230e+04 0.000000000000000000e+00
3.017202842096656968e+04 0.000000000000000000e+00
3.017249081839288192e+04 0.000000000000000000e+00
3.019102857068274534e+04 0.000000000000000000e+00
3.019129700336485257e+04 0.000000000000000000e+00
