-2.999514974713999982e+04 1.620394071091243465e-08
-2.999444994383113226e+04 8.240327442720592887e-09
-2.999395892924816872e+04 1.566885897026256012e-08
-2.999379924105594182e+04 6.529517449330603699e-09
-2.999376273664046312e+04 3.987377954319283323e-09
-2.999359323822159058e+04 6.996698436014372040e-08
-2.999336186214039844e+04 5.811189826525222382e-08
-2.999315741573906780e+04 7.404213134084697873e-08
-2.999288857269079381e+04 9.103278189980469297e-08
-2.999263498332136805e+04 7.773172751128874060e-08
-2.999230650471348417e+04 6.678870480909926656e-08
-2.999204102957221039e+04 5.471830792399965077e-08
-2.999166369271142321e+04 2.487840485032145596e-08
-2.999142716331467454e+04 2.105252512688730313e-08
-2.999100484864328610e+04 8.993547539645132931e-09
-2.999085051335449680e+04 1.456982860528166598e-09
-2.999044400688977476e+04 1.828899731337110989e-09
-2.999025498336557212e+04 1.405332667236676242e-09
-2.999001711063753464e+04 4.960343278053643277e-07
-2.998992964195490276e+04 1.401195188606301747e-09
-2.998961055760046293e+04 1.729779671326286066e-09
-2.998938870684468930e+04 2.438705212530202507e-09
-2.998909888265059999e+04 4.386275843856994453e-07
-2.998902845539805276e+04 4.422665577299587731e-08
-2.998883236997999848e+04 7.079318881045789856e-09
-2.998855916942982003e+04 4.385749724039219371e-09
-2.998833669815739995e+04 8.209002317425415232e-08
-2.998828128814392403e+04 9.521095260267170022e-07
-2.998802676504446936e+04 3.718493083044228366e-10
-2.998761726538503717e+04 5.175383240389750999e-06
-2.998748002433631700e+04 4.102865966936493526e-07
-2.998705204966042584e+04 3.928593891715110883e-06
-2.998691891784170366e+04 9.520578587710375503e-08
-2.998658677876228830e+04 2.360625597534762294e-10
-2.998638921137323632e+04 2.958831939639200945e-09
-2.998621289549014546e+04 3.612678230604247853e-07
-2.998599565181522848e+04 4.701955418510415172e-08
-2.998590589645828732e+04 2.362161932224464106e-08
-2.998569077246870074e+04 9.848187991191321831e-11
-2.998563208806017792e+04 2.526702474053093363e-08
-2.998551813143910840e+04 6.451293203680785134e-08
-2.998534023910240649e+04 4.099246452961950295e-08
-2.998513867090885469e+04 1.272977278726545508e-07
-2.998512009957638293e+04 2.020739199629165777e-09
-2.998497010235509879e+04 5.279083596219881483e-06
-2.998490193740752147e+04 1.227965376746414127e-07
-2.998467476675839498e+04 3.492857285578767186e-08
-2.998464355542413978e+04 6.434739957094939248e-08
-2.998438163174689544e+04 2.218045230699697953e-08
-2.998422692488434404e+04 5.282808881570246732e-09
-2.998409121003681867e+04 1.262508044788365896e-08
-2.998391827044053571e+04 2.308640868965656765e-06
-2.998384448350622188e+04 2.291024327477993923e-08
-2.998366985250468133e+04 6.836143211430522140e-08
-2.998358560789290277e+04 8.407778647925465432e-09
-2.998338182928740935e+04 4.873258240216160451e-08
-2.998316288917604470e+04 4.661285552463938822e-08
-2.998297435314023096e+04 6.795020650919335536e-10
-2.998291327190710217e+04 2.474786976904387522e-05
-2.998287829607826279e+04 4.412197472006423915e-06
-2.998256217999572254e+04 3.077107591524491546e-09
-2.998223615732773396e+04 1.443844726908510686e-06
-2.998195430196660163e+04 1.152724771214175601e-04
-2.998184304971836536e+04 1.814507709584826713e-07
-2.998159463790194422e+04 3.562845226353922504e-06
-2.998109259070998087e+04 3.828984626724523716e-05
-2.998103484122561713e+04 9.596388541324699889e-06
-2.998093759714158659e+04 8.272284093681066350e-06
-2.998050695127661675e+04 1.266717378886067635e-06
-2.998027000241303904e+04 1.254128507474441698e-05
-2.998022143765373403e+04 1.279666428515638828e-05
-2.997996407399724558e+04 8.221230369767515379e-05
-2.997983521929154449e+04 5.349747456571433136e-08
-2.997955797730325503e+04 4.968466123056187916e-06
-2.997947833164018448e+04 6.156128929555335587e-06
-2.997896336913299456e+04 1.137269080531142773e-06
-2.997889165025369948e+04 3.816521693570350260e-04
-2.997885468632461561e+04 4.240999718205134506e-07
-2.997871869066818545e+04 1.103287711113337333e-06
-2.997828070086690059e+04 7.601723693582129078e-08
-2.997825717935243665e+04 1.629253181319037782e-05
-2.997809449435564966e+04 2.965069677554033141e-07
-2.997783543292493778e+04 1.844716993017186263e-04
-2.997775952527621121e+04 1.677671829772695461e-06
-2.997766263974957837e+04 2.813930535928632906e-06
-2.997731790257236571e+04 3.479617927692675166e-08
-2.997720536560215623e+04 8.994032305162490956e-06
-2.997702443541432513e+04 2.388137075472654946e-06
-2.997680445041169514e+04 8.646647229038482334e-04
-2.997677582714307937e+04 1.707171605421958690e-05
-2.997648139462522158e+04 2.674388906003202694e-07
-2.997640381548238656e+04 1.854187432229005532e-08
-2.997621317928365897e+04 3.837617325163181281e-06
-2.997611511836638601e+04 1.388707712838267173e-06
-2.997589123413129710e+04 3.049934134944441480e-05
-2.997581444146025387e+04 9.502091279283528431e-04
-2.997570713571872693e+04 4.928886519544399396e-09
-2.997557564698799979e+04 1.092757440013115171e-05
-2.997526948893159715e+04 1.761167196388462326e-08
-2.997515899755733335e+04 1.881299174221093241e-06
-2.997496337141854747e+04 8.117743270398315031e-03
-2.997491685235126351e+04 5.959174488455298267e-09
-2.997487915400955899e+04 9.789302419347360599e-06
-2.997481530548814044e+04 3.792158415216812706e-07
-2.997455588357413581e+04 5.214797423067951205e-07
-2.997425688237424401e+04 5.053284233420472660e-08
-2.997414712169276390e+04 4.552843727743420771e-07
-2.997400890717916263e+04 7.590604418291053252e-05
-2.997388555620381157e+04 9.476205216066520276e-03
-2.997375698061006187e+04 4.423053085188366063e-07
-2.997355328717777957e+04 2.505610711298919290e-07
-2.997334832586525590e+04 4.640818858419897215e-06
-2.997328705251180509e+04 1.286810333150063459e-05
-2.997315724816925649e+04 1.165885576476975797e-04
-2.997295206765187686e+04 7.589484694263661717e-05
-2.997281244439690272e+04 2.767869234858359381e-02
-2.997274295973559492e+04 7.222446711322627795e-05
-2.997253424072592679e+04 2.123326423313271377e-05
-2.997234679082690127e+04 6.664947424980570657e-06
-2.997212250497468631e+04 2.993942923942370737e-07
-2.997198810518136816e+04 2.213414370647702104e-10
-2.997178167249947728e+04 1.164359092299473118e-08
-2.997174834594691129e+04 1.485025990260271218e-06
-2.997164596263669591e+04 1.731011376196228313e-06
-2.997141750826483621e+04 3.083183094402124502e-07
-2.997109902609656274e+04 1.085104240761017013e-07
-2.997099871303552209e+04 1.355500708487494787e-06
-2.997089906260251155e+04 7.978230841317086439e-08
-2.997078215412351346e+04 2.302539125047564790e-08
-2.997070206869430331e+04 2.124031350410838509e-05
-2.997040353353442697e+04 3.171260182369828780e-06
-2.997025117085367674e+04 1.547414986671258250e-07
-2.997009324350644238e+04 2.337450193591794995e-07
-2.996996305945261338e+04 9.286180857523749221e-01
-2.996984597967397349e+04 9.356163070515708138e-07
-2.996968108328749076e+04 1.258946628774819745e-04
-2.996959604566979033e+04 2.248566793201850847e-07
-2.996941452452248996e+04 3.807147610170768573e-07
-2.996927110326881302e+04 1.303183889095135854e-07
-2.996898268366377306e+04 1.738777646031645198e-07
-2.996888394340878585e+04 3.533939720644185242e-05
-2.996882449249991259e+04 2.946597131760313771e-07
-2.996869267620795654e+04 3.971544288067695784e-05
-2.996864423163018728e+04 1.783120786362265709e-07
-2.996851756522997675e+04 1.579403616948119509e-08
-2.996834593574837709e+04 4.511159762560502183e-07
-2.996820963713657693e+04 1.197305253766740844e-09
-2.996794212687554682e+04 1.621423877241763484e-08
-2.996781334070154844e+04 4.087544541978539406e-07
-2.996780653908849126e+04 6.395854832908665782e-05
-2.996774841233923144e+04 1.342066569710030360e-05
-2.996752384951911881e+04 3.732737800313856484e-07
-2.996750935141697482e+04 7.781450718125307048e-08
-2.996720921842331154e+04 4.289574476678776582e-08
-2.996709993169188965e+04 8.078761758312920048e-08
-2.996684741642905283e+04 3.981328120771753236e-05
-2.996678583313050694e+04 4.960162864389873033e-09
-2.996672847373705008e+04 1.197589603663453415e-03
-2.996657447728913394e+04 2.201970017853739515e-07
-2.996629144904012719e+04 4.170899371524219851e-08
-2.996618569258991920e+04 1.039634730823420691e-07
-2.996607780396143426e+04 1.812717378995667920e-06
-2.996597011898461278e+04 7.916866785358014214e-06
-2.996571643789427617e+04 3.037782734253309310e-05
-2.996565799354478077e+04 6.882966986191212371e-04
-2.996545437780489374e+04 3.685236457295206119e-06
-2.996527223794433667e+04 4.979846040437918166e-09
-2.996520352091261157e+04 3.706773646952747883e-06
-2.996509603251313820e+04 5.578033944350658823e-07
-2.996496292819624432e+04 8.077805303307955542e-03
-2.996492236443765796e+04 7.522001417025609507e-07
-2.996464940385856607e+04 3.672528249821514252e-06
-2.996458683287250460e+04 1.198039795400120245e-05
-2.996443046018523455e+04 1.769812581455411694e-07
-2.996424280041204474e+04 1.016527015226547362e-07
-2.996414304868023464e+04 7.306922857636248097e-08
-2.996388298203549493e+04 6.688164164691907596e-03
-2.996384970240194161e+04 5.005056682144877445e-10
-2.996367074148499159e+04 1.339992056983946827e-08
-2.996363791755221246e+04 1.643916710976360104e-07
-2.996355255178186417e+04 6.831374231319599349e-08
-2.996349987231686464e+04 6.724217033707549954e-08
-2.996310603887742764e+04 1.200314842718560450e-08
-2.996298610840386755e+04 8.520172157449346045e-09
-2.996289148314524937e+04 9.571329284827156612e-08
-2.996280233267655058e+04 4.142545755827669630e-03
-2.996261817741322011e+04 6.249091559783536240e-09
-2.996253624257195770e+04 6.385457219301630155e-06
-2.996228938154549905e+04 2.432511128176948707e-08
-2.996211750683274659e+04 9.235783061652635222e-10
-2.996190709427144611e+04 8.200815877473684806e-10
-2.996178394027182367e+04 4.226160344451062266e-08
-2.996172131938960592e+04 1.415099073766712802e-04
-2.996159311337444888e+04 4.099672366794523392e-07
-2.996152871280072213e+04 4.536300659177296957e-07
-2.996133648081415231e+04 1.084828556737109541e-08
-2.996121781939616631e+04 5.100851730040047818e-09
-2.996110185286163323e+04 1.380168711857879878e-08
-2.996092474690274321e+04 7.427568551746654086e-08
-2.996064804732506309e+04 3.144159416082692502e-06
-2.996062786681681246e+04 4.911281149219457774e-07
-2.996054177008472470e+04 1.341559360404382328e-07
-2.996037874978506079e+04 6.855020146938422385e-08
-2.996021965560500757e+04 5.661788797262154986e-10
-2.996021187715927954e+04 4.072381727950830025e-09
-2.995996236063347897e+04 4.905507068900516725e-04
-2.995995910697371073e+04 9.642688884800229226e-06
-2.995970903257302780e+04 2.449132916561848975e-07
-2.995965558134225648e+04 2.697030720724696212e-06
-2.995955766826748004e+04 3.231731625124513083e-05
-2.995950870661054432e+04 1.741924249103731762e-07
-2.995928769199919043e+04 6.455142225075546394e-09
-2.995904466312095610e+04 3.802227518943189837e-11
-2.995897692366662523e+04 1.367557682225084452e-10
-2.995887977948511616e+04 7.200141087927649933e-04
-2.995878524730524441e+04 3.285853427150198707e-11
-2.995863829614079805e+04 2.093074839370168854e-10
-2.995848466618294697e+04 5.622825363558267106e-06
-2.995837159436297225e+04 7.039858826101003456e-08
-2.995810803672912880e+04 5.337263800210635395e-11
-2.995804447311629337e+04 6.366413704487653431e-08
-2.995793740019437610e+04 3.244755853888774086e-07
-2.995779353408312454e+04 5.050873662343224275e-06
-2.995763838317648697e+04 1.236924253298290974e-07
-2.995755961827939973e+04 1.946913612949798033e-09
-2.995742018028749226e+04 2.150647705349207905e-06
-2.995724740982332514e+04 9.373936257103387495e-09
-2.995714285944887160e+04 2.900932672675613478e-08
-2.995700480595941190e+04 1.270239529767495789e-08
-2.995682731229306228e+04 3.504532649100798128e-09
-2.995670387548891449e+04 5.915006957186279155e-05
-2.995662983572388475e+04 4.521580500794831505e-07
-2.995653714248520555e+04 2.185020702651013138e-09
-2.995635205789485553e+04 3.786031416749115385e-08
-2.995628303394412069e+04 9.032869901363738268e-11
-2.995617552442801025e+04 1.311926319008706199e-08
-2.995584042750564913e+04 7.678998385634839403e-11
-2.995565304976449988e+04 1.671993712031801585e-08
-2.995560884306842127e+04 4.303372063321034956e-06
-2.995555871988350555e+04 5.685810431629583843e-11
-2.995538397789492956e+04 1.210167563428449251e-09
-2.995531610337320308e+04 2.585234734631772695e-07
-2.995519019192504129e+04 1.405982924986047035e-08
-2.995495831148806610e+04 4.048805820027611719e-07
-2.995484209560869567e+04 1.842686392847808624e-08
-2.995470805669448237e+04 5.163590796492792955e-08
-2.995450859632276479e+04 1.052263445702034807e-05
-2.995449170328496257e+04 5.604059779966992799e-08
-2.995430756603293048e+04 8.809782463567959148e-09
-2.995422978415483158e+04 8.048778885471683086e-09
-2.995416458150960534e+04 6.571114993043611235e-09
-2.995398412100960559e+04 1.032957948449159815e-07
-2.995386504609004623e+04 5.462910675439481547e-05
-2.995365965813695948e+04 3.282167929395554524e-12
-2.995341162451819037e+04 4.788967255639406249e-07
-2.995335774309391854e+04 5.340166160728990502e-08
-2.995333985502316864e+04 1.439330571731803371e-08
-2.995326969790464136e+04 1.180416325037214619e-08
-2.995312792881336645e+04 1.157381088214551001e-09
-2.995276393009810272e+04 7.978502650696412714e-05
-2.995269051254111037e+04 6.579943480155999389e-07
-2.995255944829951113e+04 5.309696416082611330e-10
-2.995243301630115457e+04 3.110634828121854417e-07
-2.995231247335875014e+04 1.811747946346305947e-07
-2.995229132046850646e+04 3.231476319313410624e-07
-2.995222705805506484e+04 2.350279610250178289e-09
-2.995205245178136829e+04 2.069845540477821529e-09
-2.995189385530871732e+04 2.573271187869301726e-08
-2.995165485563184484e+04 1.933436356128189444e-05
-2.995158286173050146e+04 2.642906162974034362e-07
-2.995157659502588285e+04 9.078077751447344813e-07
-2.995138437575130956e+04 5.733285810379607480e-08
-2.995120279901058893e+04 6.288705402304691369e-11
-2.995108084584457538e+04 9.186777601394546124e-10
-2.995106932580165812e+04 1.950535378463277365e-09
-2.995084212945842955e+04 1.672440021722493355e-09
-2.995063666712783379e+04 3.372578420558813798e-09
-2.995056666876844247e+04 4.092710771068534981e-08
-2.995052711760636521e+04 7.108083880225902356e-07
-2.995031659122279962e+04 1.006499579029686514e-08
-2.995010856236375548e+04 2.381240758184045334e-07
-2.994995509430908351e+04 2.058527479222943583e-08
-2.994993262475792289e+04 4.078456373829367260e-06
-2.994986870243734302e+04 8.176354195122771358e-09
-2.994961365258970181e+04 2.819443324678897545e-11
-2.994948987862984359e+04 3.301551397570391012e-11
-2.994940372855916939e+04 3.212689170802248791e-07
-2.994916784139889933e+04 7.819440666511124771e-10
-2.994905997290567393e+04 1.996563663700354987e-09
-2.994896776752184815e+04 9.433939171946897556e-08
-2.994880226937783300e+04 5.862411278159905865e-06
-2.994877498185861623e+04 1.951260275549663736e-08
-2.994867273187800311e+04 9.721442775619656639e-12
-2.994851777460341691e+04 1.158863089073579242e-08
-2.994826196246437030e+04 8.480083577259229029e-09
-2.994819661110918241e+04 1.370834837392063892e-09
-2.994814289635919340e+04 2.235396924720921055e-09
-2.994798766566787890e+04 3.414024711092658705e-09
-2.994786194773964962e+04 4.216136971721595372e-11
-2.994772079553665753e+04 4.075751469445381444e-09
-2.994766439583451574e+04 1.833317636606676028e-06
-2.994756459553861350e+04 2.813060636374454058e-08
-2.994733848058252261e+04 9.687210459315398102e-09
-2.994728443278582199e+04 2.639977497231555454e-08
-2.994709165839855632e+04 1.727528802463064343e-07
-2.994696095988864545e+04 1.503744593323787265e-09
-2.994680965149642725e+04 1.088863451361570726e-08
-2.994663542556609536e+04 1.774067047003789597e-08
-2.994654281075680774e+04 9.738023660536981347e-08
-2.994646307724918734e+04 9.872994701346800680e-09
-2.994630378640919662e+04 9.848383647756640310e-11
-2.994596982964657218e+04 5.467337309278915096e-10
-2.994592565509794440e+04 7.106455691744896883e-09
-2.994578489093104508e+04 3.834008753360802665e-09
-2.994566117525312802e+04 8.117639837323358528e-11
-2.994558623191055813e+04 4.502222181158293631e-08
-2.994532630142703056e+04 6.168294622982151072e-07
-2.994520288517617155e+04 1.066079270718156196e-07
-2.994498985503096628e+04 9.369934555775741817e-11
-2.994492278896332209e+04 1.013921027735221987e-08
-2.994481340526434360e+04 3.251649263365888434e-10
-2.994471736883626727e+04 2.245658922996508613e-08
-2.994464955036082756e+04 7.136316463440511317e-09
-2.994449333805540664e+04 2.951871465334878564e-09
-2.994419824853377941e+04 3.229364694991460549e-08
-2.994417542003603739e+04 1.302834685613123250e-09
-2.994404727558309969e+04 1.853121053394309528e-07
-2.994395098845260509e+04 8.751324997183643027e-09
-2.994377469648272381e+04 3.285977425661491648e-08
-2.994354445361229227e+04 5.771276399781474060e-08
-2.994345425220457400e+04 3.196445060720516889e-09
-2.994323495152862961e+04 1.730237414551251640e-08
-2.994316731876926497e+04 4.675054534980507220e-10
-2.994303104916579105e+04 6.200091291513156271e-11
-2.994290281906216114e+04 1.287542238960286840e-09
-2.994282653060833400e+04 4.517912711819633478e-11
-2.994271080961176631e+04 1.317778057845835915e-08
-2.994239120349218865e+04 1.577241636802705820e-08
-2.994223726298217662e+04 3.212799952167864335e-08
-2.994216905622337435e+04 2.323808853296013527e-07
-2.994206130276053591e+04 3.729479503385110072e-10
-2.994192620316865577e+04 1.320883941163208785e-08
-2.994183317359039938e+04 2.823706621576127104e-09
-2.994170575248454770e+04 1.776088729498801076e-09
-2.994140372577775634e+04 2.044603802594972002e-09
-2.994136740658750932e+04 5.060649386017790678e-10
-2.994112335627884750e+04 7.061465966566699036e-10
-2.994094758123801148e+04 9.545335703743068700e-10
-2.994074954495003112e+04 1.149948496651174413e-07
-2.994072932617014158e+04 2.097317111765541699e-07
-2.994064290093263480e+04 4.676610367064624525e-09
-2.994038113045184218e+04 1.384112477104750536e-08
-2.994017463962476177e+04 1.265266557075919597e-12
-2.994009552937598710e+04 9.066850226368237428e-10
-2.994000715080966256e+04 4.540591357808793793e-09
-2.993986779707309688e+04 1.030961995526330081e-09
-2.993951507598141689e+04 3.150957747873454485e-11
-2.993945226117567290e+04 8.582091117767504988e-09
-2.993926407930466303e+04 1.669503124667445515e-07
-2.993912463860255230e+04 1.107241076603280264e-10
-2.993903274904089267e+04 2.914116898626626764e-08
-2.993881840525967709e+04 9.459665239721210935e-10
-2.993861998724640580e+04 4.779318538039494540e-08
-2.993838144758491762e+04 6.847731317914544061e-09
-2.993821851340093417e+04 2.019770638266429235e-12
-2.993820384836698213e+04 2.202063630506998418e-09
-2.993779434246227902e+04 1.670748838611907105e-08
-2.993772511883900006e+04 2.526435434327493732e-09
-2.993760140269651674e+04 7.135661296789646434e-09
-2.993754036338314472e+04 4.528763892823042260e-09
-2.993721340929121288e+04 2.459496721660257270e-08
-2.993712536155147609e+04 1.326184897134692820e-08
-2.993693702863675571e+04 5.174699313231270174e-09
-2.993669423722609645e+04 2.933192354479228311e-09
-2.993648770498028534e+04 3.085512532713625999e-10
-2.993633239964404129e+04 1.047659473834140566e-10
-2.993619543565897402e+04 8.490007724277172799e-10
-2.993613435941205898e+04 4.470108010846775550e-11
-2.993595146933006254e+04 2.377115093536385603e-11
-2.993580147763613786e+04 2.032490864427260873e-09
-2.993563502732237612e+04 3.644929638477689262e-09
-2.993534554088844379e+04 2.102772316575822330e-09
-2.993506787366744538e+04 4.073052681036655064e-09
-2.993483344102370393e+04 2.534001832441994665e-10
-2.993481711361921043e+04 1.106263581602539794e-10
-2.993445875556709143e+04 1.009519200418514717e-09
-2.993440300323809424e+04 7.950323836043196272e-10
-2.993427372984461908e+04 2.487137264247457727e-10
-2.993406682131864727e+04 1.184616214921905033e-10
-2.993380106704416903e+04 1.569750479852738018e-10
-2.993348212185691591e+04 5.143917823426836360e-11
-2.993334325794953111e+04 1.288134113884015693e-09
-2.993319141489825415e+04 5.388179810094503103e-12
-2.993314068130874148e+04 6.740852989083223498e-13
-2.993265297701807140e+04 2.989207344663880040e-09
-2.993253567486143220e+04 5.363646787276107842e-10
-2.993218267138304145e+04 2.612682270701518537e-10
-2.993199535080141140e+04 3.832063574057740679e-10
-2.993192111918746741e+04 4.287354125803913012e-10
-2.993170757676232824e+04 1.270084715424622335e-12
-2.993150547734072825e+04 5.989584961298137476e-11
-2.993137194746673413e+04 2.780466831912343322e-13
-2.993118485891447926e+04 8.617641626141280873e-10
-2.993090419525059406e+04 9.274181484006010923e-13
-2.993048365396000736e+04 1.133762287778101562e-09
-2.993041522644944780e+04 1.230671019183090471e-12
-2.993024891814657531e+04 5.932192529108696827e-10
-2.993005059758135394e+04 1.085619554480721399e-10
-2.992972383164784696e+04 2.540192895181657151e-15
-2.992939265984360463e+04 5.933565002683499591e-12
-2.992934717967862525e+04 4.647561823698550176e-11
-2.992916345447669664e+04 2.396092931354819343e-10
-2.992855378325461425e+04 4.392281078130603980e-10
-2.992834562197721243e+04 1.441161351253044605e-10
-2.992831215573439476e+04 8.885425792678956638e-13
-2.992803775515406232e+04 1.150838177530817375e-12
-2.992772210094454203e+04 5.580232351730001082e-13
-2.992740326872064179e+04 1.395774716842877741e-11
-2.992730107993669662e+04 1.914326925227854962e-11
-2.992692597068094619e+04 6.122629747801783346e-11
-2.992673224779146040e+04 5.093248862071892999e-11
-2.992659130274496783e+04 2.756513382660613866e-11
-2.992621928986936473e+04 2.310855208875809780e-11
-2.992613376785499713e+04 2.495849557374203943e-12
-2.992566628496843623e+04 7.584108768418904543e-15
-2.992556378764404144e+04 4.842240225480551044e-12
-2.992523096583208098e+04 1.264004731044253576e-11
-2.992511106594179000e+04 3.675364352986736630e-12
-2.992460396166990540e+04 2.537126649396753698e-13
-2.992438287568894884e+04 6.169465692043413409e-12
-2.992419536650305236e+04 4.968567220514368484e-12
-2.992403866011494028e+04 4.497896410530161458e-12
-2.992377787214783530e+04 1.558842255282979557e-13
-2.992344513675780763e+04 1.205077927533378723e-12
-2.992302571629358499e+04 4.261496461044509720e-13
-2.992294229867512695e+04 2.130931029725503925e-14
-2.992265291130628975e+04 1.063561941490955283e-12
-2.992240268606339305e+04 1.584165565901998744e-12
-2.992224775183784004e+04 6.030715563245805143e-13
-2.992203894930927345e+04 3.033276096977255805e-12
-2.992183309227308200e+04 7.218533102684524671e-14
-2.992126008080363681e+04 1.613796166460244975e-12
-2.992111745402321321e+04 1.036521750204922799e-12
-2.992067537868616637e+04 4.488982627694285808e-13
-2.992036405961125274e+04 7.808817221543759960e-13
-2.991989605875409325e+04 3.301467159528996496e-16
-2.991955790683468149e+04 3.995794584824013773e-13
-2.991950476530093147e+04 7.802352534003851086e-13
-2.991916298017714871e+04 2.620159924797220866e-13
-2.991914598946705155e+04 3.733275270723098005e-13
-2.991879830333855352e+04 2.658182022444746137e-14
-2.991810638881229897e+04 1.298093422218047714e-14
-2.991792952517704180e+04 2.482402529184080122e-13
-2.991757224591355771e+04 4.396991823942676245e-13
-2.991720587444626653e+04 1.391516024021396504e-13
-2.991687342363233620e+04 3.259773002662779759e-14
-2.991668119238204235e+04 4.449726814778646823e-15
-2.991610514772167517e+04 7.589790028200828181e-15
-2.991580106995282040e+04 1.612540404748719299e-14
-2.991553586643119343e+04 9.916013196166956558e-18
-2.991533657968435364e+04 1.074344020735349809e-13
-2.991525792625518807e+04 9.405633075178742465e-15
-2.991450402765342005e+04 2.557680658555261264e-14
-2.991380811062638531e+04 2.120365270237915166e-15
-2.991367900721031765e+04 2.340024964789704279e-16
-2.991308505736250663e+04 7.031892048577592466e-16
-2.991274712288963201e+04 9.939658283147022325e-16
-2.991259516752221316e+04 1.204999882738047681e-16
-2.991200040778298717e+04 1.226778640779750386e-14
-2.991193066771058147e+04 3.349248465404269739e-16
-2.991145600914886381e+04 2.823182297176771033e-17
-2.991104515677164454e+04 2.372964352677693890e-15
-2.991075504932459444e+04 3.329132853460497811e-16
-2.991006298193969633e+04 2.570055912171399637e-17
-2.990990714137889881e+04 1.205764752046396377e-16
-2.990955504515965367e+04 6.512728120137568040e-16
-2.990874648124874875e+04 1.840187693182180140e-15
-2.990859623063843173e+04 9.267684111661547700e-17
-2.990802122397825224e+04 4.764125925963103751e-17
-2.990761384982448362e+04 7.621530024756631196e-17
-2.990700384353108893e+04 4.111941494967016634e-17
-2.990676268536146381e+04 2.584186382518387412e-16
-2.990628632136912347e+04 8.803524410403429348e-17
-2.990604886070566499e+04 2.268485923533708529e-17
-2.990561082220020762e+04 2.312520878983042819e-16
-2.990525931371617844e+04 1.001692232845578360e-17
-2.990482703466893872e+04 9.532170799176023633e-17
-2.990402674422500058e+04 3.242081893478232756e-17
-2.990358884183842747e+04 4.433179017054305985e-18
-2.990282096848409128e+04 1.263637196285354745e-17
-2.990235308659610382e+04 1.060413637531939336e-18
-2.990202827161378445e+04 2.531202607598334454e-18
-2.990160929949601996e+04 2.971002241861356661e-21
-2.990119715502801773e+04 2.052228140827644815e-18
-2.990063280980121999e+04 1.515257595697314303e-18
-2.990026846997858956e+04 2.078611430080080213e-18
-2.989999456367100356e+04 7.424781330185883183e-19
-2.989919825896547991e+04 9.895999875778130222e-19
-2.989898413057507423e+04 2.476007460337086682e-18
-2.989799527353085796e+04 7.251873241712466208e-19
-2.989783895892480723e+04 4.885506839254389172e-19
-2.989692333808539843e+04 4.396394390066728214e-20
-2.989592123901731247e+04 1.554701925217897221e-19
-2.989575403420433213e+04 3.504545923965890650e-21
-2.989441951977102872e+04 1.882848703472176996e-20
-2.989397976499169818e+04 2.264219575670575096e-20
-2.989348970261765862e+04 6.252186022850864159e-20
-2.989291041465434319e+04 2.694986871974146186e-21
-2.989263758228519509e+04 1.210381418632217547e-19
-2.989153405007365291e+04 1.386712734216849205e-20
-2.989044771619360108e+04 1.808083211567539369e-22
-2.988882649455906721e+04 1.242696539941753426e-23
-2.988847841686136235e+04 3.564886423698881459e-22
-2.988822107797033459e+04 0.000000000000000000e+00
-2.988738650171396148e+04 5.820412695761092937e-23
-2.988670742740939750e+04 3.900472295682891770e-22
-2.988655607111670179e+04 1.492707973241603747e-23
-2.988542075901202043e+04 4.076205082045774288e-22
-2.988502103703648390e+04 2.061102482990633744e-22
-2.988411061747130225e+04 3.736538398449194246e-22
-2.988382642141828183e+04 5.543430056080864448e-23
-2.988280291828808913e+04 0.000000000000000000e+00
-2.988080367232262142e+04 0.000000000000000000e+00
-2.987870919514440175e+04 0.000000000000000000e+00
-2.987814084635584004e+04 8.852816018975950162e-24
-2.987691807681165665e+04 0.000000000000000000e+00
-2.987660312933007663e+04 0.000000000000000000e+00
-2.987602570520345398e+04 0.000000000000000000e+00
-2.987526381343363028e+04 0.000000000000000000e+00
-2.987429627492950749e+04 0.000000000000000000e+00
-2.987275537430087570e+04 0.000000000000000000e+00
-2.987135232448580791e+04 0.000000000000000000e+00
-2.986876307232027466e+04 0.000000000000000000e+00
-2.986806890773978739e+04 0.000000000000000000e+00
-2.986710087100991223e+04 0.000000000000000000e+00
-2.986602883703358748e+04 0.000000000000000000e+00
-2.986415177519048302e+04 0.000000000000000000e+00
-2.986409646262555179e+04 0.000000000000000000e+00
-2.986258737784990080e+04 0.000000000000000000e+00
-2.986133669029646262e+04 0.000000000000000000e+00
-2.985506362712816554e+04 0.000000000000000000e+00
-2.985424278250822681e+04 0.000000000000000000e+00
-2.984852699519144153e+04 0.000000000000000000e+00
-2.984838379784439894e+04 0.000000000000000000e+00
-2.984780484085007629e+04 0.000000000000000000e+00
-2.984726480701604669e+04 0.000000000000000000e+00
-2.984094664473153171e+04 0.000000000000000000e+00
-2.984030621739500202e+04 0.000000000000000000e+00
-2.982320639326152013e+04 0.000000000000000000e+00
-2.982287819711762131e+04 0.000000000000000000e+00
3.000485706219790518e+04 6.807896272744293032e-14
3.000556698859224707e+04 6.079296128562091386e-14
3.000607527905123425e+04 4.042337116069978131e-14
3.000632556144034606e+04 8.727724221957261665e-14
3.000637354655925810e+04 8.046675175968542231e-15
3.000649402227430255e+04 2.464522831738708749e-13
3.000673049222882400e+04 1.655484981783863072e-13
3.000695736494385710e+04 2.067529070064272756e-13
3.000722092983938637e+04 2.591245925723921129e-13
3.000750136270487201e+04 1.711006506648233645e-13
3.000781712173917185e+04 1.951213800288314747e-13
3.000812951870739926e+04 1.235917335536704109e-13
3.000847924456935652e+04 5.286335053611794066e-14
3.000879736803492051e+04 6.779834244962945537e-14
3.000917151597824341e+04 3.990176557193403602e-15
3.000945261410836611e+04 1.734542221163668969e-14
3.000985423013288892e+04 1.441952708094216722e-16
3.000999573578860509e+04 1.383883968993380351e-12
3.001004144577272746e+04 5.927823559300889083e-16
3.001048242584305990e+04 7.416983918039931665e-15
3.001064031648033051e+04 3.677329055595519294e-15
3.001093217463821566e+04 1.591568690236826670e-13
3.001110218469847314e+04 9.573580910478064585e-17
3.001128471299886951e+04 1.772889294998688351e-15
3.001170336771228540e+04 3.552182392963564076e-13
3.001176456608165608e+04 5.859030008192411657e-12
3.001192110146064078e+04 4.697922153482934208e-14
3.001229289957329820e+04 4.410203695608678488e-14
3.001245098458857683e+04 1.265350692232969833e-11
3.001255119797982843e+04 9.335587337543428078e-13
3.001285862067220296e+04 1.814408553446049993e-13
3.001304688517529939e+04 4.270614151375582868e-12
3.001322505072794229e+04 4.559040912967869239e-14
3.001353443141712341e+04 7.505875716507999726e-13
3.001376860839795336e+04 1.749925606929552296e-14
3.001394683604783495e+04 3.294056580624936554e-13
3.001424288222125324e+04 1.251684499989973007e-13
3.001431714114926581e+04 9.831570497933144156e-14
3.001454880883438091e+04 3.468436266355025089e-15
3.001475399935038877e+04 6.271197468594530666e-14
3.001478622764975444e+04 1.142683596190777338e-14
3.001494620659382781e+04 3.901423201495473609e-16
3.001504043411511884e+04 3.343687894967957030e-11
3.001516914242215353e+04 2.970080791190052873e-15
3.001520774045263897e+04 1.422260412089460580e-14
3.001542522961993382e+04 2.677625207026172355e-14
3.001552421971711010e+04 1.080129534536011013e-14
3.001571702722553528e+04 3.442043188657411232e-14
3.001591474069277319e+04 1.267407017087710687e-15
3.001602775259968985e+04 3.736911072714384849e-13
3.001610247795358737e+04 3.054929619978536735e-11
3.001632218769286555e+04 1.842972346683523855e-16
3.001646661239375680e+04 8.597625747176583217e-16
3.001661696974558436e+04 2.926367306684911395e-15
3.001688185558449550e+04 1.596131142247659722e-15
3.001711699271755424e+04 9.577656155257122153e-12
3.001712782031561801e+04 5.683978871834543310e-12
3.001719478726575471e+04 9.514044432345995382e-13
3.001742795720705908e+04 1.473986048258220117e-13
3.001764256602828391e+04 1.127634042435836718e-13
3.001785525517232600e+04 1.839485587607489200e-12
3.001806194414620768e+04 3.866222209731621131e-11
3.001811277439879632e+04 4.383590985100953827e-11
3.001834898719451303e+04 2.671704263469910822e-13
3.001860929112995291e+04 7.987929627079678329e-12
3.001898492255551901e+04 1.612026841658515431e-10
3.001912033754497679e+04 8.776812811199097784e-13
3.001922897637804272e+04 7.406165709521252825e-12
3.001963287732682875e+04 1.930610846156347841e-12
3.001981650769719636e+04 1.508908922037185322e-11
3.001991980293114466e+04 1.401692333111090988e-13
3.002004652988300950e+04 6.577007636161727533e-10
3.002036747277124960e+04 5.948012620838466877e-14
3.002055018133469275e+04 5.170881337988620435e-13
3.002065344341725722e+04 3.551918292791516695e-15
3.002112789919036004e+04 1.113590928275985356e-11
3.002116041273202063e+04 1.700255885613355873e-11
3.002129059571390098e+04 2.602534745556851901e-11
3.002148908482617844e+04 3.454257926089799834e-12
3.002184565295014545e+04 3.797470804144862560e-14
3.002186709472412258e+04 7.289357674606795801e-13
3.002216164005890460e+04 6.793097287299879497e-12
3.002219499768286187e+04 2.000412572353045321e-09
3.002238337406403662e+04 8.304559206565753231e-13
3.002249326894790283e+04 1.752316065795612666e-12
3.002287909883264729e+04 2.899248611189115222e-12
3.002296378361554889e+04 1.782044165433213641e-11
3.002316951304836766e+04 3.779044884357965525e-11
3.002323918096784837e+04 1.391025468185157451e-09
3.002341317956686180e+04 2.138740245527884748e-12
3.002372334249188498e+04 5.415366618621032166e-13
3.002382914432155303e+04 1.037972458246738544e-12
3.002404996259431937e+04 4.086784251935825752e-15
3.002411493524681646e+04 1.169866146585918288e-13
3.002423508523271084e+04 8.884824721271612638e-12
3.002432641245462946e+04 5.448067078616231848e-13
3.002451136834520730e+04 3.043037881251431527e-13
3.002466135955370191e+04 7.535573580393756254e-14
3.002493924555975173e+04 6.929415942215726279e-14
3.002501766559981115e+04 5.662808153998920987e-12
3.002504713414827711e+04 2.155712139143070802e-08
3.002518925885044882e+04 2.319499186580188707e-11
3.002538964458704868e+04 5.514825652388106125e-13
3.002558492723308882e+04 5.880089458350083771e-14
3.002567897919730240e+04 1.258431972781976882e-13
3.002593219225742723e+04 4.564604263148668528e-12
3.002606560994786923e+04 2.830668696931906465e-10
3.002611195560815395e+04 6.153093945743686442e-10
3.002613486635742083e+04 1.427433296272560005e-08
3.002647614067351242e+04 8.784131700504493966e-14
3.002669313968955612e+04 1.522779321021043012e-14
3.002685956491118122e+04 2.373971323284230801e-13
3.002691138383999714e+04 2.441956741290355998e-13
3.002702982192699346e+04 3.106812777836572616e-13
3.002718048429237388e+04 2.828348181448391394e-12
3.002721765162097654e+04 9.906658145547619674e-11
3.002756767645961736e+04 4.693286647518102384e-15
3.002764790724922932e+04 2.862123728315772670e-15
3.002782775320659857e+04 6.422782453909451488e-13
3.002810751114950108e+04 4.647747670275755167e-12
3.002828007259339211e+04 3.717313410177159701e-12
3.002829050606389865e+04 2.462085959446869617e-10
3.002849573117556793e+04 1.405459195288583334e-11
3.002862144045364403e+04 6.425257808641727662e-15
3.002878421242826153e+04 4.298073400922820594e-14
3.002915208028145935e+04 1.533707776143238795e-12
3.002920431262493730e+04 8.125764218938847736e-15
3.002933327034381728e+04 1.318394585474530912e-10
3.002934984046156751e+04 5.033152118007176392e-10
3.002966889594619352e+04 5.924645542643355112e-15
3.002976219740002853e+04 5.517498689143298206e-13
3.002994230186866480e+04 1.652984964332344379e-13
3.003004741503242622e+04 5.238369070010692105e-10
3.003020066869178117e+04 6.289518031076748391e-13
3.003033584000359770e+04 2.696648369717129851e-11
3.003038127203109252e+04 2.132756336287152120e-10
3.003074442712952441e+04 9.035655433955688680e-13
3.003082355377916247e+04 1.033988290096690706e-13
3.003093433504940185e+04 4.350012929026204123e-13
3.003113550637796288e+04 9.414925243599046889e-10
3.003128535996001301e+04 6.714866832445035692e-15
3.003138009154994143e+04 2.732023833782279650e-12
3.003147983138112249e+04 1.556684096238508529e-13
3.003153798824920159e+04 1.026406545492612940e-13
3.003172320223271163e+04 8.950484065192936586e-14
3.003189276318020711e+04 9.627793626823277662e-14
3.003205791862409023e+04 1.294773552996129381e-14
3.003222205102089356e+04 4.147073147767965616e-09
3.003229466869770840e+04 4.673658504978096157e-12
3.003235111878285898e+04 1.288287001628477340e-12
3.003240103589253340e+04 9.925001786875333615e-15
3.003273214330391420e+04 5.052240270825371934e-15
3.003294922259017039e+04 8.007184937737743329e-14
3.003302489060375228e+04 9.720523384531357431e-14
3.003316129227663987e+04 1.379152447841592993e-11
3.003327006712136790e+04 4.118249496228972578e-10
3.003331371569449038e+04 1.794857190005788028e-09
3.003348941618376193e+04 6.711187425460349019e-15
3.003366864799450195e+04 1.617527514367714782e-14
3.003394365259170081e+04 1.174062944372830192e-15
3.003407686276789900e+04 7.869852219208352474e-13
3.003410565328904704e+04 5.609151400108006428e-13
3.003430383740378602e+04 1.181500829369046812e-13
3.003438879790364444e+04 1.243406205013903410e-13
3.003457256533149484e+04 1.836747347393100080e-15
3.003473135753588576e+04 8.025101432593168735e-15
3.003495503733629448e+04 1.167539452072258562e-13
3.003499173709580282e+04 2.827030417936347742e-17
3.003504753288561551e+04 1.925503935339695731e-08
3.003517816472630875e+04 3.937673878448686608e-14
3.003543148226847188e+04 1.039862334370273164e-11
3.003548371641587073e+04 6.756251782902734766e-12
3.003564730968409640e+04 2.818596585564193373e-13
3.003581492148556208e+04 9.037562868086851721e-13
3.003592214380901714e+04 6.846416482763368947e-13
3.003613637669234959e+04 1.107461796925589088e-08
3.003614365688793623e+04 7.030225581817409800e-14
3.003643360040804691e+04 5.865361073724702747e-13
3.003649251900529271e+04 6.084925511317714383e-12
3.003651820877603313e+04 3.660121653180669340e-11
3.003660268651795195e+04 5.956247129325777058e-14
3.003666718373786716e+04 2.833297923531610454e-15
3.003717320819563975e+04 2.771292470324291350e-17
3.003722581708360667e+04 7.589131563782104594e-12
3.003726262649095952e+04 6.850770438894844970e-14
3.003737768731233882e+04 1.537222006778189701e-15
3.003754071770269729e+04 6.762397877728821916e-12
3.003757987686462729e+04 1.775277536484102126e-13
3.003790893078764202e+04 6.765920635049077390e-15
3.003814321421746718e+04 3.258427927012882291e-15
3.003831554068359401e+04 6.737209140434009505e-11
3.003836773287951291e+04 8.814271472783628310e-15
3.003846249158454521e+04 1.987918523525293914e-14
3.003853027981490231e+04 1.604078957665599631e-12
3.003860370346517811e+04 2.013873871244899479e-14
3.003886442511190398e+04 2.738017544589433314e-15
3.003918620143857697e+04 6.154313960928179901e-14
3.003921193719466464e+04 1.316803275869631310e-16
3.003939743594979518e+04 8.938535828523653227e-11
3.003940931878666015e+04 9.791696055795419578e-11
3.003951752640461928e+04 7.751922421823651427e-13
3.003973591459469390e+04 4.543663960085630294e-15
3.003989912578829535e+04 5.213057087487380869e-16
3.003999572276219988e+04 8.158449153887803228e-17
3.004004808555747150e+04 3.421787078117741099e-12
3.004005037571828871e+04 4.007431273694783057e-14
3.004029573333879671e+04 1.191540027205049856e-13
3.004045305478204682e+04 1.360630422837992653e-11
3.004050443748450562e+04 3.013112892293426673e-11
3.004061359250628448e+04 4.206145475348129000e-15
3.004076146180285286e+04 5.976326105383159736e-15
3.004091608858199834e+04 1.633627192300776005e-13
3.004113928339247650e+04 4.553358493365557798e-10
3.004122802931172555e+04 2.571721329652903079e-14
3.004126499858822717e+04 6.317058926432884757e-14
3.004136820046121647e+04 3.477147462658123805e-13
3.004157601177913602e+04 2.673514740083778507e-12
3.004162342054733381e+04 6.695643697388267435e-14
3.004185911112706162e+04 2.677427979321676426e-15
3.004211933356155350e+04 9.935945166164720138e-15
3.004217227030853610e+04 1.217887430353075588e-14
3.004223085417847324e+04 2.009066401910632699e-10
3.004223860771735053e+04 1.194600267227431108e-10
3.004258219878120508e+04 5.471227495603501646e-14
3.004266100146368262e+04 6.112998126928366615e-15
3.004266290880828456e+04 1.073259905979873613e-13
3.004293345423141000e+04 4.685794321725365622e-14
3.004313719717642380e+04 2.089267334943941388e-15
3.004317009749762656e+04 7.107199208885091979e-14
3.004333195557016734e+04 5.446819665755033477e-11
3.004337729589808441e+04 2.163017705442876897e-14
3.004361336595691682e+04 3.367611114019521760e-13
3.004367572924403066e+04 2.807749154276841498e-14
3.004374133706272914e+04 1.208005088141929931e-12
3.004399371276132297e+04 1.239388163140344178e-15
3.004404011561580046e+04 1.162757417010175178e-14
3.004433825311403052e+04 6.072275467362570731e-15
3.004443434841151975e+04 1.463573901744611136e-11
3.004458824663854102e+04 3.108006349844933273e-15
3.004463709273329005e+04 1.951710468493664017e-15
3.004477372136816484e+04 8.390824962367304556e-15
3.004480275580624584e+04 3.488494932353315408e-14
3.004504056392447455e+04 1.599817627911838941e-14
3.004505177156174614e+04 9.517164471784339942e-11
3.004535710849041061e+04 6.046313011378799963e-15
3.004550987907566741e+04 1.629055825829696893e-14
3.004555010127677451e+04 1.000816547216389468e-14
3.004569771224004216e+04 4.294355754329434117e-15
3.004579374354880929e+04 2.291725776494136032e-13
3.004598006522814103e+04 8.262975753877506538e-16
3.004606072787429002e+04 5.309699825306935513e-14
3.004615276718442692e+04 1.400513569768731660e-10
3.004623651985709148e+04 2.105608243157335792e-13
3.004660079856955053e+04 5.878723633032568614e-15
3.004664807556374581e+04 3.567559269479397584e-12
3.004677240601426092e+04 4.447384309337317508e-15
3.004684610422236801e+04 1.215056883151791822e-15
3.004693036705275881e+04 2.745355665426955775e-16
3.004708316953580652e+04 6.064967672107467198e-15
3.004726207462639286e+04 2.808900750615116934e-11
3.004752192919720255e+04 7.194027790324309982e-14
3.004767459737701574e+04 6.911208219758086561e-14
3.004771213512161557e+04 2.109421434703522760e-13
3.004776998751557039e+04 3.365936874589144234e-14
3.004793035930975384e+04 8.039001634888499614e-15
3.004803161838666711e+04 3.985345501410782164e-16
3.004818120607269157e+04 4.348105127784976944e-16
3.004834391052898354e+04 6.407405630908989944e-15
3.004838283157839032e+04 5.669522342689059043e-15
3.004858919216866707e+04 8.438756449065580584e-16
3.004865163801916060e+04 1.614534384197498533e-16
3.004880522326448045e+04 1.529663666821407671e-15
3.004887415320051878e+04 3.139970012504670264e-13
3.004910121259899825e+04 7.955660507434807441e-16
3.004918411413853755e+04 6.143800980294166215e-15
3.004937795204719805e+04 3.897319692522641380e-14
3.004950458942020487e+04 9.081674945686536686e-13
3.004953731506668555e+04 4.533560260412676060e-14
3.004966881849344281e+04 4.549296563316222757e-15
3.004990054321536445e+04 7.887473053964209851e-16
3.004997413534269435e+04 1.148425514803820179e-15
3.005007648833234998e+04 4.937700167368032773e-13
3.005023913972567971e+04 1.296773454371706029e-14
3.005035768131705117e+04 2.030003598750908960e-15
3.005061043563381827e+04 5.710845328708756489e-14
3.005064697529792102e+04 1.311905368275229139e-13
3.005069658901284856e+04 3.934220783088129446e-15
3.005101010564746684e+04 1.989296650107756330e-13
3.005111687208581498e+04 7.912767228459510429e-14
3.005121228072854865e+04 8.658963539921421513e-13
3.005127236151176839e+04 6.804566523822077515e-15
3.005142380952433814e+04 3.925950594225391954e-15
3.005156537533580195e+04 1.432136374344512237e-17
3.005165831705817982e+04 5.287400118994764516e-14
3.005179626916195775e+04 8.660815817874168662e-13
3.005200309450053464e+04 3.373474333723627766e-15
3.005209028906776075e+04 1.446564003945282244e-13
3.005218947428058891e+04 3.160778203393539420e-13
3.005227567134545097e+04 3.518180130965955331e-15
3.005235977528667718e+04 7.163075250219462864e-12
3.005251881279821100e+04 5.344387396593553157e-18
3.005265080779973141e+04 1.477794280031596681e-17
3.005286310284133287e+04 8.023529999203967008e-16
3.005290998836907602e+04 6.578753264719780892e-15
3.005296781351654136e+04 5.817101477814734132e-14
3.005324815996540201e+04 1.706747976498137326e-15
3.005334533262652258e+04 3.293551209576667560e-14
3.005351454314630246e+04 6.509377538786832993e-12
3.005361516447374379e+04 1.949445573893643819e-13
3.005368394858117608e+04 2.968206064310414200e-13
3.005386952445997304e+04 1.095369301993523862e-14
3.005414280750046964e+04 4.485280111504696329e-14
3.005423370856427573e+04 5.140556530156685809e-15
3.005438921056984691e+04 1.426806915678637877e-14
3.005451434485277423e+04 4.290650390353796468e-16
3.005454725313699964e+04 1.213415816604186386e-14
3.005473026365681289e+04 1.124310479294223083e-12
3.005500722205146667e+04 4.810665053750717109e-14
3.005518828096895959e+04 5.479626272007067701e-13
3.005520388909227404e+04 6.394450779817811569e-14
3.005524464141184217e+04 6.653277227092600690e-15
3.005544128758251827e+04 8.206912861929614666e-15
3.005556266539062199e+04 4.337074392212032328e-15
3.005565862981491591e+04 9.285902394055292566e-15
3.005594226343610717e+04 2.080293364562371911e-14
3.005604484898317605e+04 2.052821555477536921e-14
3.005614662418056105e+04 2.582722302484134792e-16
3.005621656653220634e+04 3.810156442216736635e-16
3.005637248690101114e+04 3.446530754741750723e-14
3.005646926663198610e+04 1.211348376006593739e-12
3.005671572938003010e+04 6.075710144984073143e-15
3.005688265300288549e+04 7.066035336988117218e-15
3.005705250893709308e+04 3.248604451552923830e-16
3.005714633070722630e+04 1.183759941978590691e-15
3.005729458445430646e+04 9.558854006098451712e-16
3.005730849613785540e+04 6.916520523444438602e-16
3.005740507647861523e+04 3.860313837980523090e-15
3.005773637027134464e+04 1.411394046168054022e-14
3.005783942516147727e+04 8.692015883416951278e-13
3.005796454130280836e+04 1.941813331576566844e-14
3.005812413968499459e+04 3.739758382229408626e-15
3.005821695257245665e+04 6.378877702696860286e-15
3.005835148475806272e+04 4.724881029852965186e-15
3.005855760760969861e+04 6.378909730481297646e-15
3.005868289449013173e+04 1.715570782601819387e-14
3.005877827231507763e+04 1.903222570450114292e-15
3.005908321804222942e+04 1.364045780008336010e-15
3.005917683720467176e+04 1.259958335581142559e-16
3.005928513005651257e+04 2.906475042345200153e-13
3.005940764063304232e+04 2.334020203324648737e-16
3.005952551016626239e+04 1.881420436518152539e-16
3.005980272319656069e+04 2.884757284169903577e-14
3.005998900105760913e+04 3.042147364650055881e-14
3.006012345936906786e+04 3.378162117465870234e-14
3.006012951633878401e+04 2.346818649741384404e-14
3.006035632588935550e+04 9.511102658523213520e-16
3.006064369663561956e+04 3.931959756357300015e-15
3.006074926155347930e+04 6.587870814163497960e-16
3.006087613018036791e+04 8.314611933841203834e-16
3.006101523470046232e+04 8.978198397137364707e-16
3.006119596245083449e+04 1.557017190499877015e-15
3.006141634053159578e+04 3.302539806233401236e-15
3.006148402921220622e+04 4.060270325568095604e-14
3.006177369263228684e+04 5.384708431997375473e-15
3.006194224841133837e+04 8.534902493386617214e-18
3.006198118342566522e+04 8.390494928714668193e-15
3.006230950255211792e+04 2.600700498674441429e-14
3.006247326981901278e+04 7.337473051485337653e-16
3.006251064851869887e+04 1.385112163328052604e-14
3.006269557846633325e+04 8.646275633403039597e-16
3.006293060402031915e+04 1.625162869785920348e-16
3.006310188448967529e+04 1.866356125105390216e-16
3.006324979668803644e+04 8.807889222239649052e-18
3.006347520100755355e+04 5.450722717474368384e-16
3.006363049554882673e+04 2.204781518760324993e-14
3.006386639601067509e+04 9.689003710474929355e-15
3.006394791521985098e+04 4.718800653416762435e-15
3.006405053173991109e+04 4.569572599458929519e-16
3.006423576823177791e+04 2.000396629711593301e-14
3.006437186121739796e+04 6.090898001985080112e-15
3.006454038166775354e+04 5.883276676334207774e-15
3.006476274108346115e+04 5.913558920591041401e-15
3.006505604897983721e+04 2.295376732730086699e-15
3.006531179776170393e+04 9.579651621251663782e-16
3.006532225655093498e+04 1.568375740269231556e-15
3.006569133265666096e+04 7.128416933609308172e-15
3.006578158338731737e+04 3.766156875236752359e-15
3.006589490019003279e+04 6.425320129688383205e-16
3.006604163439736658e+04 1.806867052132225878e-14
3.006630511636475785e+04 6.758744050715259308e-15
3.006670564930051478e+04 1.372591709884198742e-16
3.006677686104914392e+04 5.624874370766826079e-16
3.006697221234263634e+04 4.319735720674710604e-16
3.006707802077467932e+04 5.541361622027234558e-16
3.006745013760030633e+04 4.436640114846945430e-15
3.006763015020383682e+04 7.247963991700774264e-16
3.006796867213472433e+04 1.752577594407019777e-15
3.006816999183471489e+04 1.623194448537161425e-16
3.006818988420369715e+04 3.625352756046299280e-15
3.006848167221418043e+04 8.308912232406959721e-16
3.006870913764645229e+04 2.581524590530061354e-17
3.006885448700741472e+04 1.987997422104496024e-17
3.006897925162095999e+04 1.072530292734952969e-16
3.006923762757591976e+04 9.436353005815375069e-19
3.006963696193051510e+04 8.122136590583132392e-16
3.006972793889208697e+04 3.765069666667624057e-20
3.006989577532357725e+04 3.640630447793161492e-16
3.007009872199259553e+04 1.564223339918369063e-16
3.007042497466400891e+04 4.442260059125234821e-16
3.007077009955359244e+04 3.434296273151204227e-17
3.007079614474459959e+04 5.129723715998956474e-18
3.007096388215694969e+04 2.116872599218492150e-18
3.007154159898194484e+04 1.036989067176702846e-16
3.007178275822217256e+04 1.688170665294914979e-18
3.007189784060744205e+04 3.512188839551714316e-18
3.007216168005085638e+04 4.530339925920736838e-17
3.007242318365636311e+04 6.441025078833056858e-17
3.007274984055555979e+04 1.709397148190102619e-16
3.007282656784924984e+04 6.672070592451851740e-18
3.007315902342717527e+04 2.235529593852621169e-18
3.007343700897660892e+04 7.678642547931066274e-19
3.007360352279762083e+04 9.293341965340088796e-18
3.007389123071092763e+04 9.418728824504316428e-18
3.007399801366007523e+04 4.717966215317414989e-18
3.007452285024986486e+04 1.869281010319502204e-17
3.007457953829653343e+04 3.345606192200758598e-17
3.007488586693911930e+04 4.578771004189416545e-17
3.007507544784534184e+04 5.361612539079141087e-19
3.007556953653012897e+04 2.078110343952220532e-17
3.007573757197513623e+04 6.150167294712569111e-18
3.007598929732673787e+04 4.075672456617499077e-18
3.007611437633815149e+04 6.555737152938777262e-18
3.007638971172922174e+04 9.544747187052016874e-18
3.007669783130533688e+04 4.538925615918435836e-18
3.007715025512759166e+04 5.541825842213644563e-18
3.007721009859144760e+04 6.023004588954704704e-18
3.007747981789011828e+04 2.353733427978377413e-18
3.007780111131785088e+04 1.595668672738784364e-18
3.007790410426749440e+04 1.280352835092281078e-19
3.007807349026651718e+04 4.661941567154028243e-18
3.007835610518922840e+04 4.028935246586455115e-18
3.007884891831341520e+04 4.092733029509787959e-18
3.007900794287871395e+04 1.239477077922014400e-20
3.007954363217530408e+04 1.456980460683504721e-20
3.007976320547915384e+04 1.203191442122996962e-18
3.008026845904598667e+04 8.342558501663361410e-19
3.008061219731223173e+04 6.409099807414957003e-19
3.008066883755708477e+04 6.707629072729701176e-20
3.008096512973713106e+04 3.077562843201125383e-20
3.008101060648482962e+04 2.509382396822256761e-19
3.008136806884677571e+04 1.818511997841497122e-19
3.008200869820218577e+04 5.091432854813571946e-20
3.008221901763610731e+04 1.592150812718617919e-19
3.008256145362264942e+04 1.465795927339790274e-20
3.008291842815476775e+04 8.732301473109881926e-20
3.008326442620733360e+04 3.744758761539302223e-20
3.008347088224183608e+04 7.789719300317392484e-20
3.008400906782762468e+04 1.142525110929955087e-19
3.008436629908112809e+04 1.410595541377648136e-20
3.008454850822367371e+04 4.634509900956128761e-21
3.008478858774500623e+04 3.428225159110589908e-22
3.008486884123634809e+04 3.038191527611737402e-20
3.008565985724259372e+04 1.128843697067467695e-20
3.008632076125411550e+04 2.074557197294466121e-21
3.008646779136735131e+04 2.769575474266638997e-20
3.008717438700987987e+04 1.291690154091997886e-21
3.008733283160847714e+04 1.193526706548950275e-20
3.008755221103176882e+04 4.859998045358474708e-21
3.008811429559094540e+04 1.689272849565053380e-20
3.008820987998915007e+04 1.755900530491183946e-21
3.008865648451697052e+04 9.419997787323644364e-22
3.008904637382527653e+04 4.830539166897915909e-21
3.008944011739094276e+04 5.433588791011512033e-22
3.009016927883861717e+04 1.193054658917078752e-22
3.009027452061884105e+04 7.943669294440708708e-23
3.009056363724108087e+04 2.562323409586076077e-21
3.009136408509570538e+04 1.025863388583321097e-21
3.009152671939789798e+04 5.409006594360090285e-22
3.009213920695652268e+04 4.675525650581940798e-24
3.009262393735061050e+04 4.698440267316310007e-23
3.009311940189025336e+04 5.450282056530110107e-24
3.009333406876273875e+04 0.000000000000000000e+00
3.009386581041276804e+04 5.004502130500531131e-22
3.009414911697111529e+04 9.658563965314945067e-24
3.009452339508850127e+04 1.303971135138102709e-24
3.009484627244443618e+04 7.429141556028732299e-23
3.009531222301885282e+04 4.371047381469467157e-24
3.009607653074339032e+04 6.719756598510068498e-24
3.009660563490750064e+04 3.618617984385504460e-24
3.009732694979925873e+04 1.351645735567788034e-24
3.009777747531799469e+04 0.000000000000000000e+00
3.009818296209774780e+04 6.356205844965613956e-24
3.009856460017200152e+04 1.731054030701228758e-23
3.009887256543787589e+04 0.000000000000000000e+00
3.009964123111237859e+04 0.000000000000000000e+00
3.009983761608083660e+04 3.790761142674079261e-24
3.010011296765571024e+04 8.178575505988727139e-24
3.010096733919524195e+04 0.000000000000000000e+00
3.010114741355401202e+04 0.000000000000000000e+00
3.010214084126803209e+04 0.000000000000000000e+00
3.010232258484599879e+04 0.000000000000000000e+00
3.010328743487131578e+04 0.000000000000000000e+00
3.010416135775500152e+04 0.000000000000000000e+00
3.010435021524215335e+04 0.000000000000000000e+00
3.010571295856782672e+04 0.000000000000000000e+00
3.010612761114448949e+04 0.000000000000000000e+00
3.010658883168618922e+04 0.000000000000000000e+00
3.010718074097200952e+04 0.000000000000000000e+00
3.010744981178062881e+04 0.000000000000000000e+00
3.010859346459267181e+04 0.000000000000000000e+00
3.010970519071539456e+04 0.000000000000000000e+00
3.011139567933211583e+04 0.000000000000000000e+00
3.011170270037038063e+04 0.000000000000000000e+00
3.011199871211014033e+04 0.000000000000000000e+00
3.011274512219037933e+04 0.000000000000000000e+00
3.011343103193330899e+04 0.000000000000000000e+00
3.011357587718941795e+04 0.000000000000000000e+00
3.011463125699262309e+04 0.000000000000000000e+00
3.011511109374794614e+04 0.000000000000000000e+00
3.011599251775809535e+04 0.000000000000000000e+00
3.011627471324462749e+04 0.000000000000000000e+00
3.011731839414169735e+04 0.000000000000000000e+00
3.011933502164971287e+04 0.000000000000000000e+00
3.012145832285983852e+04 0.000000000000000000e+00
3.012198471490665906e+04 0.000000000000000000e+00
3.012327007046194558e+04 0.000000000000000000e+00
3.012348682490308056e+04 0.000000000000000000e+00
3.012403741609473946e+04 0.000000000000000000e+00
3.012488779460306978e+04 0.000000000000000000e+00
3.012582309923355569e+04 0.000000000000000000e+00
3.012745256178931231e+04 0.000000000000000000e+00
3.012883446568431827e+04 0.000000000000000000e+00
3.013137215545563959e+04 0.000000000000000000e+00
3.013206188487654435e+04 0.000000000000000000e+00
3.013299168122143601e+04 0.000000000000000000e+00
3.013403770648714271e+04 0.000000000000000000e+00
3.013593966032237950e+04 0.000000000000000000e+00
3.013602289540608763e+04 0.000000000000000000e+00
3.013752177497527373e+04 0.000000000000000000e+00
3.013876649764753893e+04 0.000000000000000000e+00
3.014501504746543287e+04 0.000000000000000000e+00
3.014582241354579310e+04 0.000000000000000000e+00
3.015162502285473965e+04 0.000000000000000000e+00
3.015171785781435392e+04 0.000000000000000000e+00
3.015232001040369505e+04 0.000000000000000000e+00
3.015284197679644785e+04 0.000000000000000000e+00
3.015913081623963444e+04 0.000000000000000000e+00
3.015976137237533476e+04 0.000000000000000000e+00
3.017687384719546026e+04 0.000000000000000000e+00
3.017719638869104165e+04 0.000000000000000000e+00
