-3.005355542483536192e+04 0.000000000000000000e+00
-3.005155808501466890e+04 0.000000000000000000e+00
-3.005098718545837983e+04 2.103855341167063576e-23
-3.005089792034465427e+04 0.000000000000000000e+00
-3.004904134716968474e+04 6.402754441095303960e-24
-3.004708109180225802e+04 3.328379788614547342e-23
-3.004585400811963336e+04 1.474198197639850066e-20
-3.004573878301727018e+04 1.431803177226914303e-20
-3.004511482702980720e+04 3.025879984412424876e-20
-3.004428638240537111e+04 2.228693675426691817e-22
-3.004343577741390618e+04 4.396010430198710971e-20
-3.004230376150162920e+04 3.101516778013406324e-18
-3.004120617204747032e+04 1.353220414697890976e-18
-3.004088574885244088e+04 1.793263578726313655e-20
-3.004003805768879465e+04 5.468171773955455660e-17
-3.003882779352893704e+04 1.905631495373838216e-16
-3.003792368807877210e+04 4.099890344930717782e-17
-3.003765817209667512e+04 4.119236705804060635e-16
-3.003654622189136353e+04 3.350285738478795570e-15
-3.003605174619147874e+04 1.697841896931736797e-15
-3.003570521100289625e+04 7.225483305228934747e-15
-3.003498849680659987e+04 1.263764511281764298e-15
-3.003466254125862542e+04 1.966026714002903797e-15
-3.003379055699162927e+04 1.636576892559771971e-13
-3.003298328081320869e+04 1.098951470130036592e-14
-3.003251431051856343e+04 1.241927482052950643e-13
-3.003157491070184187e+04 9.867829650388419226e-13
-3.003117336585171870e+04 1.578691870490642140e-12
-3.003031983236162341e+04 1.704983009984730199e-13
-3.002988999485663589e+04 5.500484450901550681e-12
-3.002902087467798992e+04 1.218360115389700434e-11
-3.002861225810902761e+04 1.827494768323537713e-11
-3.002767822322152279e+04 2.189381655988349902e-11
-3.002731454283514176e+04 7.239460685782283773e-11
-3.002636645886410406e+04 2.425996442761328918e-10
-3.002602378389696605e+04 1.342512713217950674e-10
-3.002509650720745049e+04 4.960057966679037331e-10
-3.002474364330327444e+04 1.544575773863633650e-10
-3.002388095514430461e+04 4.349342266101947941e-09
-3.002353351149148148e+04 1.504272827892862594e-11
-3.002294734503379368e+04 2.801461950461011705e-10
-3.002248635753275448e+04 2.931749146365296498e-09
-3.002227420525818525e+04 6.609147803507955512e-10
-3.002152589239048393e+04 1.978466823923644374e-08
-3.002120821058101501e+04 2.420050906584808500e-08
-3.002039499585625526e+04 1.011984482411568391e-08
-3.002008628717589090e+04 5.438707287091218656e-11
-3.001923763973449968e+04 1.047041932295485602e-08
-3.001896045582601073e+04 2.113057496063055110e-07
-3.001816152121515915e+04 1.208789286617343887e-07
-3.001775644702738646e+04 2.343493476206530865e-07
-3.001732945347796704e+04 4.714172264967389030e-08
-3.001683226990672483e+04 3.118415220053932380e-08
-3.001641784821360125e+04 1.010311570476936065e-07
-3.001623014396108556e+04 3.127675319031379790e-07
-3.001542359189770650e+04 2.025582524006439417e-06
-3.001509571139362379e+04 3.455602848872165111e-07
-3.001455560268691261e+04 1.917766072750593844e-06
-3.001383928906339861e+04 3.035437647820738572e-07
-3.001371443335235017e+04 8.565783629790286311e-08
-3.001335541596584153e+04 2.820620297942152821e-07
-3.001275218472478446e+04 1.991668632730628657e-06
-3.001243712535047234e+04 1.757695923138490367e-06
-3.001209269476156260e+04 8.473357485869829875e-06
-3.001182444210373069e+04 9.002374625819707822e-06
-3.001171603202465485e+04 1.482272677408587009e-07
-3.001115220131958267e+04 1.055066594893802735e-06
-3.001085213455545454e+04 1.920490904467035364e-05
-3.001040644975705436e+04 7.781882942722769551e-07
-3.001013907777819259e+04 1.005667819558906228e-06
-3.000974275664051311e+04 4.149228318137630927e-07
-3.000920408561966542e+04 9.153221998187282852e-07
-3.000915758800403637e+04 9.690109411478573484e-08
-3.000905820272646088e+04 6.740801969380088199e-07
-3.000878125132188870e+04 1.886430744921995440e-08
-3.000819150958113096e+04 2.689160279804449924e-05
-3.000781681832546019e+04 1.005684484929971452e-06
-3.000704539871361339e+04 1.670119203904483800e-06
-3.000700114379359366e+04 1.914168374338722794e-05
-3.000679387820083502e+04 2.638178448875731441e-06
-3.000637952733402199e+04 6.903305048994908525e-07
-3.000615307724516970e+04 1.183679656232243725e-09
-3.000558705186931184e+04 4.254380528218934266e-06
-3.000548757681202551e+04 2.994624609396534452e-07
-3.000519046437763609e+04 1.635649037184630272e-06
-3.000488022832234492e+04 1.164911690250074607e-05
-3.000445333722998475e+04 2.560075799369941262e-07
-3.000430646698309647e+04 8.861909676581724194e-05
-3.000397582318496279e+04 1.399273353840976170e-05
-3.000370567608570855e+04 3.231999778950794455e-06
-3.000314918756655970e+04 3.273361547814776989e-05
-3.000295610928100359e+04 1.435866879890517324e-04
-3.000245113122932526e+04 5.079932654828474975e-05
-3.000215498221531379e+04 5.661936751150169163e-07
-3.000186467540601006e+04 3.815268595201725055e-07
-3.000174910167997950e+04 8.138947338177476799e-05
-3.000138763527732954e+04 2.644712435192266488e-06
-3.000123458054360526e+04 5.700360859298221925e-05
-3.000083815276806490e+04 2.413499754857098643e-04
-3.000038647264212341e+04 5.675892175514572259e-05
-3.000009465605011792e+04 4.913771280385784325e-05
-2.999975372207043256e+04 3.041414648878074497e-05
-2.999951866916172003e+04 5.040411821687433005e-04
-2.999938126535378979e+04 2.072129765098656388e-04
-2.999920100590259972e+04 6.374955315585367274e-06
-2.999893563100805841e+04 3.336622191510243588e-05
-2.999843709477862649e+04 5.441231915890610607e-06
-2.999811368477819997e+04 8.676404645839512595e-05
-2.999779015492318285e+04 2.104438040572799307e-06
-2.999764430079758677e+04 2.947149710614827746e-05
-2.999716367763265589e+04 1.379789325190029336e-04
-2.999700829870667076e+04 1.375745307930776703e-06
-2.999696398638845130e+04 1.360434553684335082e-06
-2.999625642937317389e+04 2.889525674490974381e-06
-2.999596843815262764e+04 4.061537860595598628e-04
-2.999577739145616943e+04 1.714264084859013965e-05
-2.999521370731496063e+04 2.658758370338089213e-05
-2.999498970818955786e+04 8.961921311573026031e-05
-2.999483681875985712e+04 3.433970649234286722e-04
-2.999472092794318087e+04 2.319468315756317169e-05
-2.999421220289836128e+04 1.013512964215455359e-03
-2.999392711399605469e+04 2.184906345007513954e-04
-2.999376170409908082e+04 4.562877487444691937e-04
-2.999361373393687973e+04 9.846691878312940206e-07
-2.999302069342270261e+04 1.155226951185324598e-03
-2.999276745651439705e+04 8.982019102009561925e-06
-2.999258155835567595e+04 5.497258858165017872e-04
-2.999239122495048287e+04 1.364914291018316003e-04
-2.999228889157382582e+04 2.958229684635240038e-04
-2.999157142705450678e+04 7.949276258636874416e-04
-2.999149890581528962e+04 4.998018341920496053e-05
-2.999125399775631377e+04 3.614433481560294257e-04
-2.999083702690864448e+04 5.336730317607112735e-05
-2.999054033325829732e+04 1.042462330072110372e-04
-2.999029205505207938e+04 2.794475566133518686e-04
-2.998964903212551872e+04 1.443627152023260307e-04
-2.998954846642458506e+04 4.355360900785333085e-05
-2.998921924246981507e+04 2.840869084175369572e-04
-2.998903748400434051e+04 5.228064951833082119e-04
-2.998842493257966271e+04 6.019809668294412745e-04
-2.998802694408929528e+04 1.537062933853516281e-03
-2.998777554174630495e+04 9.256403883607034399e-04
-2.998772638258209554e+04 1.851539405562359168e-04
-2.998728742278109348e+04 5.917752721467922812e-03
-2.998715008727898748e+04 2.323174048093104945e-05
-2.998672008410288618e+04 6.840566868780524002e-07
-2.998659455411177623e+04 1.842813834317457314e-05
-2.998635285466130881e+04 1.140662867588378062e-03
-2.998590967996799736e+04 3.359808799586196614e-05
-2.998541778653919755e+04 9.701811995376772614e-04
-2.998519415938965540e+04 2.204119188015156927e-04
-2.998496370930148260e+04 3.957157516162220813e-03
-2.998444773720291778e+04 2.278636741573609887e-05
-2.998419580379643958e+04 1.723685575987084581e-05
-2.998384372485760832e+04 8.171006998546272604e-05
-2.998374766721730339e+04 1.873413445798296974e-04
-2.998307371915212934e+04 4.516992583324229307e-05
-2.998278515017689278e+04 1.484474768911115935e-03
-2.998272413885294372e+04 1.332496377814017773e-02
-2.998237737532583560e+04 8.531530568124119640e-03
-2.998195824053640899e+04 4.347675806452891401e-04
-2.998171156377591615e+04 2.516135500588962716e-03
-2.998147693632028313e+04 4.135736771393338194e-03
-2.998120686409258633e+04 3.094822348427817352e-02
-2.998099710784086710e+04 1.509698733316523463e-03
-2.998066177192799296e+04 4.117019608924835767e-04
-2.998048096670402083e+04 1.757013966734186712e-04
-2.998033373390761335e+04 7.646059571781236696e-04
-2.998011965726381459e+04 2.674860383959993398e-03
-2.997959916690175669e+04 1.355266042562806080e-03
-2.997943570882052154e+04 1.592991923157729278e-03
-2.997911583151013110e+04 5.294041792052095116e-04
-2.997875635605611751e+04 1.123691068237889175e-04
-2.997845043092631022e+04 3.148151081688656781e-03
-2.997813737321494409e+04 1.522716127830307667e-03
-2.997766623849093958e+04 3.002683333544648846e-03
-2.997737878659238777e+04 2.719712977435844893e-05
-2.997702761102165459e+04 8.318685010614614581e-04
-2.997672709502513317e+04 1.591595285929369981e-04
-2.997654780231371478e+04 1.690134916811071586e-02
-2.997632806406405871e+04 6.078589156838369242e-03
-2.997601390819159133e+04 7.077413564031923010e-02
-2.997575432489252489e+04 2.066300348004357010e-02
-2.997575323250506335e+04 1.585152384554654459e-01
-2.997556696197993733e+04 3.836744948438195932e-05
-2.997525248439323332e+04 1.104485684607110023e-05
-2.997494540353726188e+04 3.749806438086758769e-03
-2.997476100534026773e+04 9.936726058481892832e-03
-2.997456218634991092e+04 1.799116449179411978e-02
-2.997428271936537931e+04 4.448599389705423443e-03
-2.997398271468082385e+04 1.701964224109555197e-05
-2.997376386387105595e+04 2.326826176749966380e-03
-2.997324247726931208e+04 2.150640651421996050e-02
-2.997309838477563608e+04 2.822716933325187388e-04
-2.997289582031948521e+04 2.667586278180021121e-03
-2.997269566457433757e+04 3.511063890892913292e-03
-2.997210945488456855e+04 3.615755841418320880e-03
-2.997208114339802341e+04 8.286328122920534351e-04
-2.997188385814878711e+04 4.264402733856813651e-05
-2.997148716828167744e+04 1.266913039649903306e-03
-2.997125434001343092e+04 2.047861925455256478e-03
-2.997096173245399405e+04 1.352893782310428221e-03
-2.997091705654852922e+04 1.122093878029650836e-04
-2.997045348528445174e+04 1.381511398060995821e-03
-2.997038631934058139e+04 5.702123066103420394e-03
-2.997019789816191405e+04 1.137161375985855719e-02
-2.997005836604208162e+04 1.259740396950871297e-02
-2.996996185964988763e+04 2.821745959523711640e-04
-2.996946536954144540e+04 3.269319313781089351e-03
-2.996918680015052814e+04 2.154524086469252961e-02
-2.996900017570831915e+04 2.741877354659571706e-02
-2.996892665672931980e+04 6.200118581074095213e-04
-2.996870086324814110e+04 2.359114815744675284e-02
-2.996836157150810322e+04 1.542300708715870199e-04
-2.996813185194739344e+04 9.262221414941585601e-03
-2.996785351971749333e+04 9.424369169285767844e-03
-2.996770561434228148e+04 7.766756150489464994e-02
-2.996721951878204709e+04 9.706527122750080450e-03
-2.996685359379986039e+04 1.310773075878533638e-02
-2.996666958943214559e+04 4.758217315390555167e-03
-2.996649192612374100e+04 4.470416070755287019e-02
-2.996634839119992102e+04 1.981353814798810821e-03
-2.996592514462904001e+04 6.812668700166546725e-05
-2.996534450664624819e+04 2.230745926567895623e-02
-2.996523960738549067e+04 6.119329787652095414e-04
-2.996510777713541756e+04 5.785929257482475566e-05
-2.996472655878330261e+04 1.097590815418034854e-02
-2.996461424906734101e+04 3.787345232243876595e-03
-2.996457858550774108e+04 3.720479918078193476e-02
-2.996419484914184068e+04 6.963642570459803015e-04
-2.996379681455272657e+04 1.596346209352699462e-03
-2.996359715763283384e+04 6.411540014671628790e-04
-2.996338335282859043e+04 1.293664120009267856e-03
-2.996306439000813043e+04 2.083514635102167237e-02
-2.996290690075357634e+04 1.045160101674629682e-04
-2.996275380589193082e+04 1.249823109466988852e-02
-2.996248603470562011e+04 3.807553834672641746e-02
-2.996228963845808903e+04 2.272111871917590134e-02
-2.996212785573793735e+04 1.291748987653108501e-03
-2.996189755101397895e+04 1.356439985037704759e-05
-2.996163490350888242e+04 6.694798690831082512e-03
-2.996122286823898321e+04 4.322332054819943417e-04
-2.996077544624489747e+04 2.823575729066576251e-03
-2.996038575598954048e+04 1.822046986592610815e-02
-2.996033029494127550e+04 2.146223829876675680e-03
-2.996010676924779546e+04 7.944582378239403719e-03
-2.995984441703486664e+04 5.174838554821637382e-04
-2.995970545057977142e+04 5.154394449921505077e-03
-2.995937821396949585e+04 8.432994101032997803e-04
-2.995902552467875284e+04 7.663945371194130687e-04
-2.995875618753337767e+04 9.137560870154941457e-04
-2.995869315837893009e+04 1.793714183467966992e-05
-2.995860176428206250e+04 2.606774384481057739e-03
-2.995835229833443373e+04 4.739775403682201598e-05
-2.995816973105619763e+04 1.575813911568514511e-06
-2.995768978624043302e+04 3.585304375997771858e-04
-2.995754280903709150e+04 4.640585460579185924e-03
-2.995711686100993029e+04 8.934924315631554001e-04
-2.995677490562350067e+04 1.367772186273254805e-03
-2.995656897866166400e+04 2.112061549801222654e-04
-2.995640255068729675e+04 4.236172803307562142e-04
-2.995617021071898853e+04 1.457098285946704398e-04
-2.995570273265437208e+04 5.190727883920642858e-04
-2.995546989969007336e+04 7.259346355844718997e-04
-2.995545719912365166e+04 1.889596047076559345e-03
-2.995513504026456576e+04 7.512079950331554726e-05
-2.995481248437378599e+04 3.916312325991982960e-06
-2.995472148670978640e+04 9.116224077227495044e-04
-2.995420686209531414e+04 1.449075592587417773e-06
-2.995385569113650126e+04 5.191462253307395404e-06
-2.995357189724399723e+04 9.849330528562453245e-04
-2.995353533025300567e+04 5.362864002812489130e-03
-2.995334965679992092e+04 1.332120085897131210e-03
-2.995306117797609113e+04 1.280418940646450276e-05
-2.995279645757570688e+04 1.396933293018819654e-03
-2.995246980376308056e+04 2.165256134856813602e-03
-2.995237568472596831e+04 1.577782272757028564e-03
-2.995205751922228956e+04 2.811402923979031940e-05
-2.995181063576395536e+04 1.226962901286015689e-05
-2.995176295593295799e+04 4.965560929209242042e-04
-2.995143437419859765e+04 7.739183663179972776e-07
-2.995114303747519807e+04 2.435454401806261748e-05
-2.995072115549046794e+04 1.462898557073573451e-06
-2.995055850113881752e+04 8.280674343146033364e-05
-2.995015461421948203e+04 8.571793640018043794e-05
-2.995009865892332891e+04 1.164331910070137231e-06
-2.994982522373963729e+04 1.848821270760978908e-04
-2.994959613751239885e+04 7.028193635518989067e-05
-2.994958336319250520e+04 4.770768301772267649e-03
-2.994891732529329238e+04 8.775350399981595492e-04
-2.994883488293916889e+04 2.918558026845550100e-05
-2.994839273603112088e+04 2.509031459526541168e-05
-2.994825323639852650e+04 4.679885493593959923e-04
-2.994793911999066040e+04 2.612039696156297024e-04
-2.994787134639248688e+04 1.494932008113566891e-05
-2.994762738494483710e+04 3.101627002805998851e-06
-2.994733594559486301e+04 3.486772794655607012e-04
-2.994722674405030921e+04 1.199358248512530553e-05
-2.994688206932765388e+04 4.666077096183940615e-04
-2.994651511907824170e+04 1.849282872716801330e-04
-2.994633943106625884e+04 1.019744424479517020e-03
-2.994607698534175506e+04 5.665083947380317625e-05
-2.994565779942050358e+04 2.031100438825130840e-03
-2.994539054969441349e+04 9.640242366917597906e-04
-2.994511195812649385e+04 1.453486663957586104e-03
-2.994497422179133719e+04 1.126005857503894082e-03
-2.994475626679131892e+04 1.822445404732553418e-04
-2.994465655134369081e+04 6.845225335497460138e-05
-2.994430696545581668e+04 2.459775398770318923e-06
-2.994378145522287741e+04 4.083327136954905991e-07
-2.994359119674846806e+04 1.133807234660645375e-05
-2.994328878794311095e+04 2.932800712577038297e-05
-2.994305576459676740e+04 1.002079598053255680e-05
-2.994262673329253812e+04 7.584913554010403293e-04
-2.994247826685124164e+04 2.660094759089350771e-05
-2.994219830679649385e+04 2.820637169054988305e-06
-2.994198398356876351e+04 1.013683494725104231e-03
-2.994165593479269955e+04 4.550790487529299814e-05
-2.994136602394822330e+04 8.561184374439511572e-07
-2.994125644019797983e+04 9.924263442327972164e-05
-2.994069482951331884e+04 4.070678153716714066e-06
-2.994064330960284497e+04 4.882784516128742296e-05
-2.994007747818456119e+04 1.426700333090501129e-04
-2.993995618121988446e+04 3.716809597466690118e-05
-2.993976401446477757e+04 2.070466348512491168e-06
-2.993941522445545343e+04 8.116709078046637296e-05
-2.993926645428713528e+04 6.242209141011261289e-05
-2.993910660976047802e+04 4.056538425686851378e-05
-2.993848504087470792e+04 1.132031195948004191e-04
-2.993828203735475108e+04 5.512069474496208142e-05
-2.993807698687356606e+04 3.200363325158190751e-04
-2.993795528910900975e+04 2.014468665239062267e-05
-2.993767216064461900e+04 6.750990966771143074e-05
-2.993745140473887295e+04 1.040670533553165654e-05
-2.993699073280963057e+04 1.155415453354361715e-07
-2.993682285215305092e+04 1.087968539111405705e-06
-2.993650950134729646e+04 1.263427025855089409e-04
-2.993617891134414822e+04 5.500918047512220368e-07
-2.993608469464224981e+04 4.739622859808127163e-07
-2.993580749541098703e+04 7.699500641059862181e-06
-2.993520200606340950e+04 1.443929278336845737e-05
-2.993501966380119120e+04 8.938234776006575872e-05
-2.993443007812756332e+04 5.060197882399751441e-05
-2.993432234448325835e+04 9.764233019030237452e-06
-2.993407587137876180e+04 8.831311046548148149e-05
-2.993372512892575833e+04 2.455545875347950236e-06
-2.993362665732337337e+04 2.746102276406236489e-08
-2.993331763596384917e+04 5.135857635583858099e-06
-2.993322789499148348e+04 2.376643155296935647e-06
-2.993278613637509625e+04 2.897836958863957132e-06
-2.993253782654918177e+04 5.312230104655373614e-06
-2.993226842946033867e+04 7.589312214955472606e-06
-2.993210923420540712e+04 1.866463826518189714e-05
-2.993144648710373804e+04 1.548591050291739049e-05
-2.993122295669883169e+04 1.708216436070511173e-07
-2.993105619267778093e+04 6.854046131778547463e-06
-2.993072335729506813e+04 1.043470478376057797e-04
-2.993052117752078993e+04 2.693154341378882762e-05
-2.993002474080353204e+04 7.634607504051007815e-05
-2.992982641336414235e+04 1.883158703063632758e-07
-2.992952397390133046e+04 3.410775458425342188e-07
-2.992920614841542192e+04 5.283707919619437257e-06
-2.992908237084083157e+04 2.938840315949490530e-07
-2.992854438259334711e+04 3.302240851521092947e-06
-2.992832621237964486e+04 5.155507884935054103e-07
-2.992797108365659005e+04 1.196568314448833599e-06
-2.992783359134913917e+04 2.317506577249879671e-06
-2.992754137716154582e+04 2.674669530468969741e-06
-2.992728973970108564e+04 7.624889474556760028e-05
-2.992688172800504981e+04 5.633205514737430280e-06
-2.992664165720540041e+04 6.828081689845274876e-05
-2.992660046773952126e+04 2.277597749024231114e-05
-2.992598650971816824e+04 1.281344231747152258e-06
-2.992573262108377457e+04 8.771056110286299680e-06
-2.992543664774493664e+04 9.645804634393244486e-07
-2.992503985626970461e+04 5.253959649176464348e-07
-2.992477525151922964e+04 3.611952632229699227e-08
-2.992454163768846774e+04 4.355491001628644902e-06
-2.992444683629737483e+04 2.126519364695830613e-06
-2.992389776644101585e+04 4.937125132120358964e-06
-2.992370514268312763e+04 5.348189398929783757e-05
-2.992338546515040798e+04 2.696182406274628873e-06
-2.992326293833649106e+04 4.047365222596727766e-06
-2.992288896727036627e+04 2.518632090759177224e-05
-2.992255988135347434e+04 2.908762539372911503e-06
-2.992212458403438723e+04 1.284931032318944211e-06
-2.992175594995609208e+04 6.146067894227281718e-07
-2.992128851259909425e+04 2.236149351754998633e-06
-2.992110761289179572e+04 5.268071340442132372e-07
-2.992086283696607643e+04 2.592722696968496126e-06
-2.992049621606186702e+04 2.364894683596900190e-06
-2.992021306091774750e+04 1.479003483408744324e-05
-2.992003873211677274e+04 1.563374868121300402e-05
-2.991973318832518999e+04 2.117827885069879275e-07
-2.991917684819430360e+04 1.032620722150770240e-06
-2.991894903322475147e+04 5.424760731880663216e-07
-2.991865724127517387e+04 1.043513633743635055e-06
-2.991829919484776838e+04 1.374409712231735612e-08
-2.991780298749816211e+04 1.429826499630382928e-07
-2.991749549230047342e+04 5.483299675506200724e-06
-2.991709917144790234e+04 7.918517877752442685e-07
-2.991705686410612907e+04 1.319776873281628730e-08
-2.991683372677850639e+04 1.441193860300382953e-07
-2.991665102281116197e+04 8.456027336868369781e-06
-2.991621722650290394e+04 2.076424498451023176e-09
-2.991563414155477221e+04 9.468158161440795040e-08
-2.991538603680354208e+04 3.967846653239420512e-07
-2.991486441036760152e+04 4.974292885202490517e-07
-2.991463014802692851e+04 4.260162585831528862e-07
-2.991438444442874970e+04 1.945390895830994573e-08
-2.991383567303818199e+04 2.176927718449391457e-06
-2.991339921000511822e+04 8.183215661075622268e-07
-2.991312118806005310e+04 8.156233089099555601e-07
-2.991296574906221213e+04 1.474171639527548783e-06
-2.991267505669883394e+04 1.854053434785329632e-11
-2.991206431634815817e+04 9.793608494605149378e-08
-2.991172393508578170e+04 7.903987937349327153e-08
-2.991162026966837948e+04 2.559445899498660537e-07
-2.991121241482231562e+04 6.020337761384774569e-08
-2.991079807382393847e+04 1.975950921864678511e-07
-2.991044628035366986e+04 1.692529985759485237e-06
-2.991013180755993744e+04 5.146051473724342974e-07
-2.990963673870545972e+04 7.129625737420319267e-08
-2.990941449200838179e+04 4.827198180401975654e-09
-2.990917845805351317e+04 1.673409721066084133e-09
-2.990853382180661356e+04 4.201635838447945028e-08
-2.990816024141003436e+04 1.303840811206981220e-06
-2.990793091120204917e+04 4.059276248568432626e-08
-2.990723518886469537e+04 2.099953198612230664e-07
-2.990711890495839543e+04 1.624831246925239068e-07
-2.990648773194082605e+04 1.752548917847700095e-09
-2.990638587139849551e+04 3.968609556913314615e-08
-2.990598475734759631e+04 4.486806272180703247e-10
-2.990547253884380916e+04 7.051382701323163377e-07
-2.990542312845750712e+04 1.996008115069771092e-07
-2.990482801455217123e+04 7.238421797137521458e-08
-2.990455988172439538e+04 9.251749772251078602e-09
-2.990408776460172157e+04 5.492166408243701091e-08
-2.990377630839361518e+04 9.585396056417755052e-08
-2.990323307782809570e+04 1.119575891268640689e-08
-2.990283587370952228e+04 2.695426365949578447e-07
-2.990245897636052541e+04 5.429060496375660108e-08
-2.990199944452493583e+04 4.736224672829759241e-08
-2.990166252170261214e+04 2.820915559360037622e-08
-2.990116879409003377e+04 1.085367412842179362e-07
-2.990049124502095583e+04 1.256779678077692163e-08
-2.990029966263081587e+04 1.295884838112433573e-07
-2.989989449062514177e+04 6.675988263948416708e-09
-2.989962525003542396e+04 6.418398330527791574e-09
-2.989932837773632855e+04 9.800406548937271238e-09
-2.989910241825140838e+04 1.280344554442668647e-08
-2.989812221278292054e+04 3.852700691137302076e-08
-2.989774463046485107e+04 4.409745481829855248e-08
-2.989745123735684683e+04 6.110397124818697960e-09
-2.989696198805583845e+04 3.651225029870342337e-09
-2.989635470609903496e+04 1.304176426242981679e-08
-2.989570024994107735e+04 3.650881802615710808e-09
-2.989545877115624535e+04 2.477509938271810300e-08
-2.989480880959412752e+04 3.010698931554052284e-09
-2.989426002597111437e+04 2.497568663954267349e-09
-2.989417712490461417e+04 3.786785400214267584e-09
-2.989395529566071127e+04 2.197006112691515315e-09
-2.989312491160956051e+04 8.542817144667000737e-09
-2.989232953363027627e+04 2.263991622790309268e-09
-2.989169451654797376e+04 6.715186584357827675e-09
-2.989073587156864960e+04 2.443749154278993419e-09
-2.989051233515876447e+04 2.891153865261930092e-09
-2.989004734388490033e+04 6.475686223175579577e-10
-2.988944785571606917e+04 1.272918649719552653e-09
-2.988920685389413120e+04 3.549741260728548795e-12
-2.988823051399321776e+04 9.025003583562160232e-10
-2.988811416474558428e+04 9.279535546070658431e-10
-2.988764272659933704e+04 7.889290721245174012e-11
-2.988695656728718677e+04 2.891062643531516844e-09
-2.988628512813310954e+04 1.222325641110915011e-09
-2.988573246313460186e+04 5.828085651906584043e-10
-2.988523068147742015e+04 3.066653603523719578e-10
-2.988465261502686189e+04 5.690704120649952363e-10
-2.988426504945413762e+04 8.639573342609447811e-12
-2.988387492226883842e+04 1.491071914437508913e-10
-2.988276325409160199e+04 1.057029731221508008e-09
-2.988230305845357361e+04 1.119249456068212269e-10
-2.988135395375278677e+04 1.833912214038887249e-11
-2.988091179999148517e+04 2.395929309685888134e-10
-2.987982047140696159e+04 1.287781702567037258e-10
-2.987953587940073339e+04 7.571230982103195728e-11
-2.987923531499028832e+04 2.568128119120880514e-15
-2.987839531368701500e+04 1.547103268906325473e-10
-2.987831658239243552e+04 8.413034873138030715e-11
-2.987679348227753508e+04 1.050466980095071959e-10
-2.987584717211508905e+04 3.440221178987467853e-11
-2.987543404047267904e+04 7.693389012558730516e-18
-2.987449415627361668e+04 6.172675040699650258e-15
-2.987231677198430043e+04 2.610243315029719743e-13
-2.987139040819099682e+04 3.192729468212096811e-11
-2.987065057933178105e+04 1.280115654418504063e-11
-2.987000039466100861e+04 4.739762301894969865e-14
-2.986836453812925538e+04 5.955218286655084244e-13
-2.986748388003316359e+04 5.611344333349988744e-15
-2.986707253565326027e+04 4.678437545399201041e-12
-2.986604533249861925e+04 1.151829782305158966e-12
-2.986413076024167094e+04 7.668905303258766676e-13
-2.986287415638014863e+04 2.022487738431667201e-12
-2.986149069722821878e+04 1.804602493963299487e-13
-2.986142290189129199e+04 9.220333485153826147e-16
-2.985972037281157827e+04 4.544688498030220365e-13
-2.985845849076051309e+04 2.222795612514474420e-13
-2.985702275843997268e+04 1.961740678615538934e-14
-2.985378115887359672e+04 7.318891878635704063e-16
-2.985345006228558123e+04 8.490318387092428873e-15
-2.985194875544484967e+04 3.917526402893974486e-14
-2.985128364076575235e+04 1.596013699748494694e-14
-2.984853523777217561e+04 8.102474367593344037e-15
-2.984753492457144966e+04 5.140909632300899290e-17
-2.984306796640168977e+04 1.285363827094101035e-16
-2.984284793447896300e+04 9.254459304262765686e-17
-2.984174594035595874e+04 2.130241055318530878e-15
-2.984125104467781421e+04 1.820781384270527525e-16
-2.983743264310981249e+04 3.387499994825302304e-18
-2.983671786092051479e+04 1.393815532283733871e-17
-2.983134660327434176e+04 9.182322323228278010e-18
-2.983039563480179277e+04 2.060417889758793523e-17
-2.983028998057524950e+04 4.828347986320502882e-18
-2.982941571921192735e+04 1.839990181079085062e-18
-2.982534958757751519e+04 1.205060399762938189e-19
-2.982470775377453538e+04 4.260233412886470400e-19
-2.981931227774747458e+04 4.310666041609940574e-19
-2.981822645926695986e+04 2.651562331070457058e-20
-2.981418530484833900e+04 5.239588904384641328e-22
-2.981376468466084407e+04 1.397555980113249028e-21
-2.981159759616916926e+04 1.053246858511569772e-21
-2.981111646076948091e+04 1.490579057073069386e-21
-2.980622511824499088e+04 2.626810539751278119e-21
-2.980526163927891685e+04 4.144278228466811754e-22
-2.979725275592982871e+04 4.553024128320304894e-24
-2.979674777418647864e+04 2.247590608583919343e-24
-2.979189828277301058e+04 2.508802416441121820e-24
-2.979114707718399950e+04 6.212909292138132315e-24
-2.977968897559302422e+04 0.000000000000000000e+00
-2.977929745082845329e+04 0.000000000000000000e+00
-2.977597515454132736e+04 0.000000000000000000e+00
-2.977545305790775819e+04 0.000000000000000000e+00
-2.975874101155206881e+04 0.000000000000000000e+00
-2.975848546964566776e+04 0.000000000000000000e+00
-2.975658173555058602e+04 0.000000000000000000e+00
-2.975629952052311273e+04 0.000000000000000000e+00
-2.973751992682409764e+04 0.000000000000000000e+00
-2.973725052225559193e+04 0.000000000000000000e+00
-2.971115801453341555e+04 0.000000000000000000e+00
-2.971097143857053015e+04 0.000000000000000000e+00
2.994929652191289279e+04 0.000000000000000000e+00
2.994937352812863537e+04 0.000000000000000000e+00
2.995025145064743992e+04 0.000000000000000000e+00
2.995287853936416650e+04 0.000000000000000000e+00
2.995407090828370565e+04 0.000000000000000000e+00
2.995485657247539712e+04 0.000000000000000000e+00
2.995491483292416524e+04 0.000000000000000000e+00
2.995641096140644368e+04 0.000000000000000000e+00
2.995734290201664044e+04 0.000000000000000000e+00
2.995809155547898263e+04 9.605269053822723733e-24
2.995894241145161141e+04 7.668318765617001730e-24
2.995945292640830667e+04 2.546839561084108566e-24
2.996010565866941397e+04 8.953824011987758050e-23
2.996123817904480165e+04 6.086383696979923168e-22
2.996238669796472095e+04 2.640252506246464249e-22
2.996277212698715448e+04 9.520568195005597661e-23
2.996351976105130598e+04 1.313026528314295123e-20
2.996451809410595160e+04 3.029723720603649911e-21
2.996481200881740733e+04 1.051760355058514512e-21
2.996513802695023696e+04 5.310427155389221722e-20
2.996587835798252127e+04 2.861143163851587452e-22
2.996615468393273113e+04 1.969525407249162312e-19
2.996727423581018957e+04 5.269400455033954850e-19
2.996766337327964357e+04 5.371563797136855512e-19
2.996849885747654480e+04 2.172812210246512450e-18
2.996901160843867183e+04 4.204648566209860334e-19
2.996977563660321539e+04 1.703730310059765762e-17
2.997016962836214225e+04 5.005411645248505851e-18
2.997097921286380006e+04 1.248653163912292510e-17
2.997139960611523202e+04 6.639386596430355449e-18
2.997218375563741210e+04 2.844783920058600764e-16
2.997274141847709325e+04 3.998912907994483950e-17
2.997340876207281690e+04 9.109753399060783091e-17
2.997405649013138100e+04 1.493686660035072145e-16
2.997461084275814574e+04 3.258270178720038035e-15
2.997535162526644854e+04 3.337185773183362662e-16
2.997579323964228024e+04 1.465753740549749395e-15
2.997663287192185453e+04 2.015465112929298877e-16
2.997690710533247329e+04 2.033131365855475985e-14
2.997763399230683717e+04 1.637902444807051174e-14
2.997798789400783426e+04 1.204552324402742320e-14
2.997829575156532883e+04 1.404497086886068188e-14
2.997889923147247100e+04 2.543796176593233909e-15
2.997935993999306447e+04 7.466834166367759150e-14
2.997985024076392801e+04 1.245978976128458302e-13
2.998059819852277360e+04 4.010231404679894039e-13
2.998082753049489475e+04 5.049296269424882010e-14
2.998171060531825788e+04 7.434571125911205723e-14
2.998198805589945550e+04 3.164017058045297561e-15
2.998270307939634222e+04 2.284262148257370598e-12
2.998327698590953150e+04 1.165175163841436864e-12
2.998351963879379036e+04 1.618920407510605244e-12
2.998407189558081154e+04 5.241756326122641784e-13
2.998444297000596998e+04 4.987096925278460243e-13
2.998475524474111808e+04 6.898299932943273813e-13
2.998535694295288340e+04 5.943391733570621859e-12
2.998597785413356178e+04 7.424960017361973070e-13
2.998624201974589960e+04 2.330776067270725448e-11
2.998711265480933434e+04 1.827619619638370070e-11
2.998723522553586736e+04 2.729431941302528900e-13
2.998764963024169265e+04 1.811426000778451879e-12
2.998811436958044578e+04 4.325253547068686037e-16
2.998842474271819083e+04 1.649172326555591719e-11
2.998879063534904344e+04 9.610974526829464191e-12
2.998942270492915486e+04 1.008558626581661619e-10
2.998970350516974941e+04 5.003149600202863292e-11
2.999014344406982491e+04 1.055578916465693698e-10
2.999043509902562801e+04 7.731142456915468456e-11
2.999065681973705432e+04 2.116020497502144358e-12
2.999101752440394921e+04 1.577968044429482296e-11
2.999110604039795362e+04 1.798312111235028432e-10
2.999190840224030035e+04 2.525875695355600660e-12
2.999213742513392572e+04 1.326859486439651279e-11
2.999222396011509773e+04 1.595188061953784413e-12
2.999250474372381359e+04 2.155566518346793307e-13
2.999305259946971273e+04 4.792651339949066843e-16
2.999333005834529831e+04 7.740592080907336178e-11
2.999383815005791621e+04 1.196885397368961160e-10
2.999412236778599981e+04 1.254867712335613298e-11
2.999439692390034543e+04 1.865285972000625934e-11
2.999478068498131688e+04 1.305438310342377977e-10
2.999504181744042580e+04 1.274828436979115683e-11
2.999527425761849372e+04 8.897955589236172842e-11
2.999574041618697811e+04 7.844724882452335203e-12
2.999585558456823492e+04 2.361614026089587963e-11
2.999623949346424342e+04 4.533422139565345898e-12
2.999683497088639706e+04 1.100670463487057155e-12
2.999691725229131407e+04 1.531998404785728024e-13
2.999724904118171617e+04 6.065646638803402347e-10
2.999748052653168997e+04 1.733217442345255310e-10
2.999775853306567660e+04 2.747589419515444961e-10
2.999805645429699507e+04 3.333579868154250709e-10
2.999843082264290933e+04 2.273980563196338140e-11
2.999860282084311621e+04 8.220199655279948339e-10
2.999911512187527478e+04 4.584154441223334360e-12
2.999937340034676163e+04 2.739574217074954175e-09
2.999993351744809843e+04 4.649138374488841145e-12
3.000004157482670053e+04 7.986951073653902253e-10
3.000018990683963420e+04 1.455398399292527173e-09
3.000046315607560973e+04 1.553490028967352178e-09
3.000063040064850793e+04 8.443868823384756516e-11
3.000097080347301380e+04 1.858999472754342290e-09
3.000140073455356105e+04 1.233854315960730292e-09
3.000164489822158066e+04 3.989286507650917849e-10
3.000222365747797812e+04 2.118296657963559527e-09
3.000242646545570824e+04 5.090676805564803655e-10
3.000263062151702616e+04 2.484099848713865617e-11
3.000284609276419360e+04 1.010006680438916515e-09
3.000332292157287884e+04 4.505871855160482334e-11
3.000343394500392606e+04 2.846241546220104062e-10
3.000388655624551029e+04 1.115940845348980589e-09
3.000420335839704785e+04 1.252023092109721564e-10
3.000457349653667916e+04 9.870039895697028102e-11
3.000472415547862693e+04 3.192739754070229577e-10
3.000497736934736895e+04 4.247428233530527889e-10
3.000533474093426776e+04 1.251776822702495420e-10
3.000566048504813443e+04 4.585803850325252495e-11
3.000597958079485397e+04 7.034020098655679412e-09
3.000609213209233712e+04 3.565343928475781216e-10
3.000618951022832698e+04 1.144131386166335339e-09
3.000662015013613200e+04 1.532896099542507649e-09
3.000672121333529867e+04 4.025786569638092077e-10
3.000722360697330441e+04 6.654369469557511429e-11
3.000734061164568266e+04 5.897621874128049816e-09
3.000784704536246500e+04 4.202323139419023079e-12
3.000788196026242440e+04 1.002574378808995165e-10
3.000814567200719466e+04 5.453944149113870740e-10
3.000840520680255577e+04 2.637304972565512658e-09
3.000877989523098222e+04 6.048065978562734459e-09
3.000900376074815722e+04 1.294835072357581490e-10
3.000926901061381432e+04 7.931625106157721830e-09
3.000986098795034559e+04 9.060785422900379947e-10
3.000997067512860667e+04 1.070486316596201407e-08
3.001012296500393131e+04 1.668334509389743158e-09
3.001081670127593679e+04 3.772338537410960596e-09
3.001099715135883162e+04 4.837462155347297308e-09
3.001113401165872347e+04 1.568164542762253505e-12
3.001134993675887745e+04 1.274391855869065030e-10
3.001206281038849556e+04 4.255170924467239525e-10
3.001229242414310647e+04 7.720493555038089081e-09
3.001242027443817642e+04 5.794454362243512104e-10
3.001297657958469426e+04 2.382570777245103812e-08
3.001311582793574416e+04 1.425365451908224824e-08
3.001329990975065084e+04 2.346199643996586898e-10
3.001347656798258322e+04 1.791237419695435194e-10
3.001378815232251873e+04 2.022321302461848428e-09
3.001401841146967854e+04 1.427697983203922429e-09
3.001445013390355234e+04 1.059755079376671299e-09
3.001456398089302456e+04 3.952166119795833461e-12
3.001511932243652336e+04 1.864460114750858356e-09
3.001544761308600573e+04 1.412172292709549583e-09
3.001575333159980437e+04 3.095346015837382685e-08
3.001594216133017835e+04 5.175429687589138108e-09
3.001631366005908058e+04 2.981175551624629940e-09
3.001676550826826133e+04 6.578362658846190453e-09
3.001698832942548688e+04 1.712992721013263344e-08
3.001745788874865684e+04 6.709277862851558541e-09
3.001763862837994384e+04 1.586846107065962446e-09
3.001805872316589375e+04 2.517776124094358960e-08
3.001818430507775338e+04 9.797701350996431076e-09
3.001886300453866352e+04 1.878759722519744466e-07
3.001894076725561536e+04 2.421639993676824375e-07
3.001902656000068964e+04 7.575120189823413085e-10
3.001922283729378978e+04 1.615788469759572954e-08
3.001937746926649561e+04 5.666753684350249500e-10
3.002011024964129319e+04 5.600010931242717468e-09
3.002017474473494804e+04 9.667543844314491810e-10
3.002031750378644938e+04 7.500085699751670633e-08
3.002037224458691344e+04 1.570655786268696384e-08
3.002090417811278894e+04 6.097484367252111120e-09
3.002105363516201396e+04 6.373613064542959945e-10
3.002154352567573005e+04 4.119624234622732986e-10
3.002162204059800206e+04 1.290469572963779799e-08
3.002204980000991782e+04 3.009029844082434429e-10
3.002242393679524685e+04 6.086004942750270441e-09
3.002298458877093435e+04 1.888344322043915655e-09
3.002301291875575043e+04 2.674059289951592924e-08
3.002353904566918573e+04 4.020125182590326145e-08
3.002372858560289023e+04 1.790580774701048523e-09
3.002412563312958082e+04 5.419206466888493844e-08
3.002434807852345330e+04 2.143576636998397385e-08
3.002451828626607676e+04 7.498912244249583486e-09
3.002472493526370818e+04 4.473393030116351691e-08
3.002497629048103045e+04 3.366065347847505301e-08
3.002516081834211946e+04 3.522113841712883192e-07
3.002535621170900413e+04 1.801959099214505043e-08
3.002551954884036968e+04 5.427478483091068617e-08
3.002578250188767925e+04 1.360294165116894794e-09
3.002608597838999049e+04 2.585633868342281132e-08
3.002624133239323783e+04 6.756905378824210573e-08
3.002660555004648268e+04 5.134945663039668760e-09
3.002680255688164107e+04 1.437797172324904404e-07
3.002715851616325381e+04 9.870588160883378854e-09
3.002742265298477287e+04 6.646650629045910227e-08
3.002783382089856241e+04 5.043181965672011204e-08
3.002803395027105944e+04 4.841569342541805562e-08
3.002830460991099608e+04 1.231909952348138825e-09
3.002856608627237438e+04 6.130256482581827560e-08
3.002887212332206764e+04 1.219297121357847364e-08
3.002910724899841443e+04 1.443028344978914607e-08
3.002935500892373966e+04 2.414995306966064415e-08
3.002962711710323129e+04 9.064813971510489239e-09
3.002992761833258555e+04 2.249392261302462505e-08
3.003001440111353804e+04 5.192283478808174160e-09
3.003029711665481227e+04 1.491324167670429824e-07
3.003051462987665582e+04 1.480611105141127692e-10
3.003061881627386174e+04 1.834593924800265226e-08
3.003090165295743282e+04 2.360553637395484698e-09
3.003123260736908560e+04 1.162600263365215264e-08
3.003126325540441030e+04 2.202774122402391308e-08
3.003148733302399705e+04 1.347731248715068377e-07
3.003164279792084562e+04 6.386529900333422193e-08
3.003182716779735347e+04 1.229399538119834445e-08
3.003220482364865893e+04 2.090444821873684066e-09
3.003247082803635203e+04 2.017955760794257564e-08
3.003268884001834522e+04 3.407809696013986660e-07
3.003282840669195866e+04 6.368083786929453872e-08
3.003340702232600233e+04 9.011459766493279205e-08
3.003367211084940209e+04 1.690065904772732286e-08
3.003407397701426453e+04 7.189167293793856875e-08
3.003420839050526047e+04 2.490943988337945980e-07
3.003436548687536197e+04 4.397401311811389530e-08
3.003440905688182465e+04 2.936641051480203960e-08
3.003505469807404734e+04 1.627353107808492013e-08
3.003532003746664850e+04 3.169343929671238129e-08
3.003544301600642575e+04 1.370940841214875106e-07
3.003572739885831834e+04 6.196260334660195246e-09
3.003586065365840841e+04 9.142882371324962292e-08
3.003598458678271345e+04 1.142518841341370332e-08
3.003665479665261228e+04 1.664967373531996406e-08
3.003689917915273691e+04 1.985887943691676809e-10
3.003699115307658576e+04 2.437714519421444780e-09
3.003732582081272631e+04 1.307626139354370986e-10
3.003752174310139162e+04 6.601302525539181885e-09
3.003762350193405291e+04 7.046528837592643719e-09
3.003797285061794173e+04 4.292792821528031482e-08
3.003812671844098440e+04 3.740379301180470658e-08
3.003829604517581902e+04 3.941127230972482107e-10
3.003851040430680587e+04 2.864666102154323551e-10
3.003874593671329421e+04 3.847673269082107141e-09
3.003905226781925376e+04 4.758926022113333677e-08
3.003938929372245548e+04 3.147597681462204915e-07
3.003965063852881576e+04 2.156979975294512903e-08
3.004006399361064177e+04 3.692084211878356639e-09
3.004034174634359078e+04 2.957925792396489558e-08
3.004044312860924765e+04 6.732658613782237860e-09
3.004082789224832959e+04 3.918705104850251457e-08
3.004110800424234185e+04 2.638879698982453404e-08
3.004129173029826416e+04 5.372625784958008824e-10
3.004148373877771883e+04 3.052153369099045351e-08
3.004174380473877318e+04 1.178306772941836542e-09
3.004195342857690048e+04 1.532864405191698638e-10
3.004211273435574913e+04 2.187830147118072066e-09
3.004222273502421376e+04 5.736390662101462606e-08
3.004226578644000256e+04 1.244526079868013515e-10
3.004300302661451133e+04 2.935055883690296654e-08
3.004317851147881083e+04 7.803429332482056469e-10
3.004340742765153482e+04 1.645571792920721800e-10
3.004384921039004985e+04 1.619289929592170590e-08
3.004389520831212576e+04 4.029471564319725078e-08
3.004407527120098530e+04 3.300803990691083145e-09
3.004435234294851034e+04 1.115421944926678442e-09
3.004468713929228397e+04 1.141707976530425742e-09
3.004504545336280353e+04 7.141838446861881031e-13
3.004524094784359113e+04 3.175803622422863847e-09
3.004545098891502494e+04 2.677365416095228258e-09
3.004569149880071564e+04 1.052416023321344295e-10
3.004580396577241481e+04 1.806723463377315832e-09
3.004629782952959431e+04 8.837243270201890454e-10
3.004676264702856133e+04 1.557064983416443341e-09
3.004690018924999094e+04 9.327578579227478287e-10
3.004710682135248135e+04 1.201573070743175959e-08
3.004729223100544550e+04 4.052615255994692409e-10
3.004752374202080682e+04 1.431768716383217700e-09
3.004781623165599740e+04 2.708887860621230549e-09
3.004796892894171833e+04 1.233869038265844036e-09
3.004819203499827563e+04 3.491258945992570131e-11
3.004855100635307826e+04 9.784621227344832090e-10
3.004872407308731999e+04 4.186413291385152705e-10
3.004886971452002035e+04 3.044767321131933261e-10
3.004919520615388683e+04 1.210971928918008684e-11
3.004936431868454747e+04 8.387119402811190243e-12
3.004982842352086664e+04 1.988893784280647293e-09
3.005025092778667022e+04 1.003333043299485723e-09
3.005036349709794013e+04 1.042211925323123481e-09
3.005047184503806056e+04 5.364392735945510251e-09
3.005076836013550565e+04 2.129104798800936664e-09
3.005089016121872191e+04 3.765409392426344178e-09
3.005104437120807415e+04 1.947877530243012902e-09
3.005155138362095749e+04 6.798206525106364019e-10
3.005168606912280666e+04 8.400069213389569556e-10
3.005200245362765054e+04 2.113679970245269294e-10
3.005228194442911627e+04 8.530454312734981022e-12
3.005255525063503956e+04 7.519533880079183184e-12
3.005262057528514197e+04 2.792746242440155302e-11
3.005284471602041231e+04 2.007634484677642387e-09
3.005309667933847595e+04 3.331302348372595339e-10
3.005327426821955305e+04 3.702855704805752729e-10
3.005376243987969792e+04 7.703390155900054994e-10
3.005389518035033325e+04 6.992409766738883044e-11
3.005418985252353013e+04 8.440957112180126245e-10
3.005439294496678849e+04 1.666238886996817435e-09
3.005477690401677683e+04 7.925357094498767895e-12
3.005500484073408370e+04 2.148626390513369071e-09
3.005530230058852976e+04 2.681860574900157706e-10
3.005541693675191709e+04 9.416441945524397025e-10
3.005562542064877198e+04 6.985846784034362366e-12
3.005586495233128153e+04 4.199660143733710122e-10
3.005606634429551195e+04 6.007928168130978861e-10
3.005667974966969268e+04 1.519200757866053684e-09
3.005692831758856482e+04 1.977363383219586169e-14
3.005708652778269970e+04 3.412192527488755018e-10
3.005744384059157528e+04 4.140359529344812814e-10
3.005785307964680396e+04 7.904427299371661962e-10
3.005793956342820456e+04 6.415396380281572278e-10
3.005836657349136658e+04 1.082903356109273404e-09
3.005851136163376577e+04 1.215539550399778028e-09
3.005871419806996710e+04 7.948368193561781792e-11
3.005904624111052544e+04 7.851710768573230890e-11
3.005945235587815841e+04 9.779463756021632276e-12
3.005972294616612999e+04 6.758229209956528024e-11
3.005985121879551298e+04 2.427478861441924147e-10
3.006037848428062716e+04 4.887294656692708222e-10
3.006047594387600111e+04 3.925639009524580875e-10
3.006071901281149985e+04 1.111539199680250133e-11
3.006101173148140879e+04 3.172272608934576653e-11
3.006116843503394921e+04 1.068967750497923424e-09
3.006134600035902622e+04 2.313936843639960681e-10
3.006195989299940265e+04 2.479383879049477338e-09
3.006223603732671836e+04 1.179528306570715747e-10
3.006233063266543832e+04 7.691341231857362653e-10
3.006247394412039648e+04 4.129016482740814477e-10
3.006269834239910415e+04 3.663915470182496291e-10
3.006280753050704152e+04 6.507417399687483566e-10
3.006352857555591254e+04 1.044239772609476445e-14
3.006364334750061607e+04 6.328736645537579948e-13
3.006399407012041047e+04 5.082222515891286348e-11
3.006415273295505540e+04 7.216243874228129994e-12
3.006435067694883764e+04 1.154401509365627991e-11
3.006460777976403187e+04 1.790048053256177906e-10
3.006526243204050115e+04 5.284755935289716644e-11
3.006538658001704243e+04 1.719894582811720828e-11
3.006595648808711485e+04 7.039997194038083508e-11
3.006614749789193593e+04 4.447423285643460475e-10
3.006634439361881596e+04 6.674115784189763817e-10
3.006652750940556871e+04 1.896496634017552501e-11
3.006671357047451966e+04 2.267301934140672568e-10
3.006708587967982749e+04 5.553951219412344150e-12
3.006717039783659857e+04 2.664469267188485846e-10
3.006767809263815434e+04 3.413881253718587278e-11
3.006781527847214966e+04 4.548520915194922984e-11
3.006821429053529209e+04 9.682010797503852525e-11
3.006841321512361174e+04 7.088823358448994832e-13
3.006890272318963616e+04 1.455051383513832560e-11
3.006911035883375735e+04 5.925078693731386705e-13
3.006935946108907228e+04 2.580099613390438584e-11
3.006967033562015786e+04 8.575958051517823097e-11
3.006992593242819930e+04 9.330360011371947309e-11
3.007042499966450850e+04 4.579026895271966210e-10
3.007058760467905813e+04 5.552033833908852235e-12
3.007087100371424822e+04 1.744453292445391856e-10
3.007112207436486642e+04 1.191932755410553049e-11
3.007116416679399117e+04 5.663800597754782070e-11
3.007186168687819008e+04 1.105935335409186123e-10
3.007210047268764174e+04 1.154354554549982190e-11
3.007246907418922274e+04 1.846227352900371559e-11
3.007261491321981157e+04 2.654434763270381852e-11
3.007283876180219886e+04 2.102234299007521638e-11
3.007310447244954776e+04 2.804070004752871743e-12
3.007348810238947772e+04 2.657826183033734830e-12
3.007374834372452096e+04 6.664898575496011089e-12
3.007376553592357232e+04 6.017505107004535571e-11
3.007430575427491567e+04 6.138406726273903805e-12
3.007467154217883217e+04 2.036489113426084005e-10
3.007494094718017004e+04 9.804729147353754587e-13
3.007537798418333114e+04 3.218089523912528632e-11
3.007548625576420454e+04 8.957027152039454416e-13
3.007582405020083752e+04 2.336149372190795947e-11
3.007597466724861442e+04 1.046733076953455277e-11
3.007645959392185978e+04 1.297425233152311047e-11
3.007671688847263067e+04 5.531491741896694858e-12
3.007702763137076909e+04 6.153308593654340234e-12
3.007728245969990530e+04 9.007396613950736695e-13
3.007750681802035979e+04 2.947820910857788370e-11
3.007780239799274932e+04 1.504012297757823275e-11
3.007832707805862447e+04 7.893679941430758948e-12
3.007856150484051614e+04 4.286908016025706243e-11
3.007909112228269078e+04 1.974091672094483953e-12
3.007931392882764339e+04 4.977453185491259679e-11
3.007959186520856747e+04 5.265053597621672496e-12
3.007982764349260833e+04 3.055390038098150125e-12
3.008009525265415141e+04 1.210984341807561302e-13
3.008021666533642565e+04 2.792119632374637781e-13
3.008079220959384475e+04 6.589994199104172055e-14
3.008135974154908399e+04 1.116902964735280426e-12
3.008139538692412316e+04 1.486148818546495725e-11
3.008169205155441523e+04 8.957469937030860319e-12
3.008208025799664392e+04 4.062832644459272799e-11
3.008259452860400779e+04 1.571492975011709424e-13
3.008287724255226931e+04 1.024136950813157692e-11
3.008317390579656058e+04 2.972875723044122058e-13
3.008329835771765283e+04 3.016585836268558182e-13
3.008353812023217324e+04 7.548836710082519517e-14
3.008386823802025174e+04 1.084658930497312024e-12
3.008416736928958198e+04 1.762188602181510329e-12
3.008483632063645928e+04 8.120024484466132601e-15
3.008493096822570442e+04 2.255623098041071810e-11
3.008547397238320627e+04 1.375507348127769809e-11
3.008569222715616706e+04 5.603347434381362316e-14
3.008603243838900016e+04 1.157241560940210316e-12
3.008657005530090100e+04 1.174073172486685197e-13
3.008687875449396961e+04 7.596274982446232666e-14
3.008727579963639073e+04 1.272854641077608681e-12
3.008743448589109903e+04 6.286715504264160408e-12
3.008763456440957452e+04 2.232322009473168701e-12
3.008836561573664585e+04 7.585491381713214289e-12
3.008864272968046134e+04 6.924719082176568582e-13
3.008876712068666166e+04 3.212557566482911608e-13
3.008922841478793271e+04 3.939914259174309298e-13
3.008976773935044912e+04 1.386195195546749526e-12
3.008997407122180084e+04 2.080874577662069577e-12
3.009018738635431146e+04 8.963778601307900280e-14
3.009068583847349510e+04 1.929660712781743539e-12
3.009096461902877854e+04 2.147453332146409135e-12
3.009107621189932615e+04 4.181725697879818593e-13
3.009183476291827901e+04 6.403563132280774702e-13
3.009222751756802973e+04 3.111174962628466235e-13
3.009243354894451841e+04 2.502344174435302825e-13
3.009313344965634315e+04 1.275032560237354604e-12
3.009331795933702597e+04 1.345390313259652871e-12
3.009364176692746696e+04 1.125632868286698310e-14
3.009403997056376102e+04 1.441131263398780606e-14
3.009432917590098805e+04 4.272296328696111851e-13
3.009483069865051948e+04 1.986240173865974989e-13
3.009517634462198112e+04 3.950113016874233184e-16
3.009561873903917876e+04 2.285035832412019368e-13
3.009579571382399808e+04 1.692606101280422794e-13
3.009620547368553525e+04 4.192404568872096281e-13
3.009659195862213164e+04 2.402099501825157207e-13
3.009707557019595697e+04 7.937616301729388668e-15
3.009753720674302531e+04 1.882286297587337997e-13
3.009791405598411802e+04 1.147730312897063116e-14
3.009830704560080630e+04 2.135594754702230983e-13
3.009891852276912687e+04 6.490052375070540124e-14
3.009915328338271502e+04 8.390334117677182550e-14
3.009994738067993603e+04 1.747804418925852631e-14
3.010009607479890110e+04 7.618895879809128441e-14
3.010024451217695969e+04 1.214220820152464811e-14
3.010087636983449192e+04 1.754400765841723077e-14
3.010115193324915163e+04 8.695862958209941763e-14
3.010117699007561896e+04 4.160967352953940551e-14
3.010214629598315514e+04 4.870263087852783543e-15
3.010275376254803268e+04 1.004095660270939649e-13
3.010293861486622336e+04 8.856882345045996936e-15
3.010346126165485475e+04 5.872203387423884417e-15
3.010394787484897461e+04 3.170432741518543069e-14
3.010461325734053753e+04 1.071524798080340858e-14
3.010492474290035898e+04 1.967902535139047291e-14
3.010576378057521288e+04 1.238565129469957117e-14
3.010607871586193141e+04 3.773743926453236154e-14
3.010630224630966404e+04 7.884528935273453906e-18
3.010645122316689231e+04 1.392102119068411569e-15
3.010727383364906200e+04 2.594514118606974505e-14
3.010791899781473694e+04 1.580424798103451057e-14
3.010859444035850174e+04 1.008164465253827220e-15
3.010954831144374839e+04 3.362350688605719679e-15
3.011002317105660768e+04 1.443225479782329226e-14
3.011048597690516908e+04 4.839718991578946384e-16
3.011102964710226661e+04 4.944717380574660458e-17
3.011119418353166475e+04 4.200417917694515849e-16
3.011208946390384153e+04 9.815798368222289496e-15
3.011247409885782326e+04 1.251730709285995289e-15
3.011255707979992803e+04 1.910385550533271344e-18
3.011338024010102163e+04 1.551359157065200756e-15
3.011401940768994973e+04 9.686093585380625512e-16
3.011466085754310552e+04 9.742194145418522549e-16
3.011491875584161244e+04 3.214713035125601644e-17
3.011571615760798159e+04 5.910328242692922894e-16
3.011632267169510669e+04 4.016049189707847235e-16
3.011653428529919984e+04 1.302912540782481427e-15
3.011760315122827888e+04 5.246603992818499799e-16
3.011813164164367117e+04 5.770769374132170526e-17
3.011914378154021324e+04 1.997822545599289251e-18
3.011951266412284531e+04 2.087659604983983750e-18
3.012057182001781257e+04 2.107449001062387124e-16
3.012083188259027884e+04 8.111601968821372338e-17
3.012092050913284038e+04 9.161107256238029742e-18
3.012201614825453726e+04 3.886490325451052336e-16
3.012233466574461636e+04 4.435684208126515700e-18
3.012381372137198923e+04 6.094911461892039023e-18
3.012472150734783645e+04 4.652329680393838058e-18
3.012515420780977729e+04 8.878180752792250085e-17
3.012611944258283620e+04 5.405194243809494758e-17
3.012823291427579898e+04 6.027395546285790259e-19
3.012903663647703434e+04 7.657463776545018626e-20
3.012966726447700421e+04 3.901888274015219325e-17
3.013062228487053653e+04 1.139434657498734034e-17
3.013205935682074050e+04 9.753035250282291022e-18
3.013340065794042675e+04 5.874814123179674037e-21
3.013359232715915641e+04 1.636152507279361662e-19
3.013476588552592875e+04 5.226636182953187875e-20
3.013639703251430910e+04 9.121315381713167164e-19
3.013753364819937633e+04 9.786676058625559281e-19
3.013881988578665187e+04 1.434499774430389259e-18
3.013928879608052739e+04 1.230914959067332847e-20
3.014067725881455408e+04 1.264648952203783192e-20
3.014216623818231164e+04 9.323973134642637050e-21
3.014345514120449661e+04 1.136111986934469574e-19
3.014690154772122332e+04 7.983872167144400844e-20
3.014702897342284996e+04 1.695950780943474270e-20
3.014831917780494041e+04 5.215300313258828108e-21
3.014928301347649176e+04 2.178201072717762165e-20
3.015190801162462230e+04 6.469507341332239243e-21
3.015297011660713179e+04 1.327826435196204399e-21
3.015763554076880610e+04 1.061929269521087961e-21
3.015777107308075938e+04 0.000000000000000000e+00
3.015850561059858956e+04 5.040381824612317957e-22
3.015934668351315486e+04 3.483889635567660159e-22
3.016302358594966427e+04 9.967336639568384541e-23
3.016377889194041927e+04 7.016451687032582712e-24
3.016895429368707846e+04 1.256339172029384365e-23
3.016982131982831925e+04 2.387636975251587303e-23
3.017064211074783816e+04 0.000000000000000000e+00
3.017145294925375129e+04 0.000000000000000000e+00
3.017516388027010544e+04 0.000000000000000000e+00
3.017579827168026168e+04 0.000000000000000000e+00
3.018093404866085984e+04 0.000000000000000000e+00
3.018195277781466211e+04 0.000000000000000000e+00
3.018676562559263766e+04 0.000000000000000000e+00
3.018707602816388317e+04 0.000000000000000000e+00
3.018911127560826208e+04 0.000000000000000000e+00
3.018951952336870818e+04 0.000000000000000000e+00
3.019400871696627655e+04 0.000000000000000000e+00
3.019492286499929105e+04 0.000000000000000000e+00
3.020329317003737742e+04 0.000000000000000000e+00
3.020378019007759212e+04 0.000000000000000000e+00
3.020832808403369563e+04 0.000000000000000000e+00
3.020904840651291670e+04 0.000000000000000000e+00
3.022087868597497800e+04 0.000000000000000000e+00
3.022125002933676660e+04 0.000000000000000000e+00
3.022426704980083377e+04 0.000000000000000000e+00
3.022476522936062975e+04 0.000000000000000000e+00
3.024152946261357647e+04 0.000000000000000000e+00
3.024180380642995442e+04 0.000000000000000000e+00
3.024397341037567821e+04 0.000000000000000000e+00
3.024426098153886414e+04 0.000000000000000000e+00
3.026269745799970769e+04 0.000000000000000000e+00
3.026295888481227666e+04 0.000000000000000000e+00
3.028906734141626293e+04 0.000000000000000000e+00
3.028924799401612472e+04 0.000000000000000000e+00
