-3.001014122667166157e+04 9.937647861904386007e-19
-3.001006625863991576e+04 8.905573500518640270e-18
-3.000975449059998937e+04 1.691476742599097317e-19
-3.000870341295648541e+04 4.489918910934856128e-17
-3.000822249958953034e+04 8.390609565995417981e-16
-3.000777830716821336e+04 6.885171979626039902e-17
-3.000770584716164740e+04 5.360631112289661181e-16
-3.000737116490894550e+04 9.261496599762000802e-15
-3.000684212206941083e+04 1.688648689913964637e-15
-3.000630233206936464e+04 1.677295645475254695e-13
-3.000570775465195038e+04 9.678909923367570734e-13
-3.000510351199078286e+04 4.975559387741535451e-15
-3.000449203725251573e+04 2.163591882020247633e-11
-3.000387752091046059e+04 8.815882923600681525e-11
-3.000374579727097807e+04 2.549257434986474100e-12
-3.000325730878526520e+04 1.509853179474108022e-11
-3.000264035115274964e+04 2.162247387365332771e-09
-3.000252251679386609e+04 2.932722494432566979e-11
-3.000202096359485222e+04 2.249011221606340007e-09
-3.000172671733621246e+04 2.684315735469161247e-10
-3.000139956173878090e+04 1.461315206987005909e-08
-3.000110791559028803e+04 1.525668676003697788e-12
-3.000078682571813260e+04 7.160735604518205583e-08
-3.000044095708183886e+04 4.609899632009548630e-09
-3.000016817962453570e+04 4.790790211639172019e-08
-2.999975613060647811e+04 1.685708465470398889e-08
-2.999954432087112946e+04 6.773746437717334034e-07
-2.999906108249286262e+04 1.149380950552096675e-07
-2.999891568198909226e+04 1.696129817647013005e-07
-2.999839060057942334e+04 8.959159789871782672e-07
-2.999827046919548593e+04 1.680023613530239034e-06
-2.999775235417509248e+04 2.690205384720154755e-06
-2.999760605091620891e+04 8.065477424980209565e-07
-2.999713478408960509e+04 6.235600692232975175e-07
-2.999693294546014658e+04 1.228540198675930166e-07
-2.999653107073917272e+04 1.450821527843978544e-06
-2.999626089009691350e+04 1.667743430277128618e-07
-2.999600467961845061e+04 1.166324538914166007e-08
-2.999560226405130743e+04 3.925717115825987243e-07
-2.999536338172167598e+04 2.640495628565063921e-06
-2.999490536142195560e+04 1.266627862064868517e-07
-2.999443731360632592e+04 2.067924628583667227e-06
-2.999419563138816739e+04 1.725648223139604116e-07
-2.999359254160788623e+04 4.898940549466119305e-07
-2.999323341001527297e+04 1.669647925213469841e-06
-2.999290072537635206e+04 1.194040394417701080e-06
-2.999231094213270990e+04 1.592269365654348757e-05
-2.999195379349896757e+04 1.868567880625870850e-05
-2.999165135552275387e+04 1.067101710086258660e-04
-2.999112869054876865e+04 2.701996590580709275e-05
-2.999078037689085613e+04 4.402456606088616712e-06
-2.999064267954423485e+04 1.305260076078068272e-05
-2.999034297081683690e+04 7.943372891440539363e-05
-2.998999506474472219e+04 6.013108409836551320e-06
-2.998991215743080102e+04 1.123162608874054052e-05
-2.998959748661752019e+04 4.830507676850975947e-06
-2.998907045258696962e+04 3.971119707724643035e-06
-2.998879329691093881e+04 1.502208942831928558e-05
-2.998814817085525283e+04 3.277056152194846915e-06
-2.998800961634262057e+04 3.516217039692967370e-06
-2.998768745309023507e+04 1.090054268874329081e-06
-2.998737812862569990e+04 4.298676023819906905e-07
-2.998695585378165924e+04 6.449194431202049373e-06
-2.998652041368866048e+04 1.528966532373354963e-08
-2.998625779038407927e+04 1.101446292939886971e-08
-2.998594343564606970e+04 4.394744588949589470e-07
-2.998576656392250879e+04 2.932274011040413687e-05
-2.998524635927542113e+04 3.547715300780738510e-05
-2.998514338620406124e+04 1.812569300225401274e-04
-2.998505692212564099e+04 3.257220790635467485e-05
-2.998473242824306362e+04 4.868385781201126738e-07
-2.998459323966260490e+04 1.940887054282376093e-04
-2.998442333906273780e+04 2.232922409842475744e-04
-2.998428772054567526e+04 9.388394618303982659e-04
-2.998397294196952862e+04 1.645202962821232627e-05
-2.998376260509495478e+04 8.835378477155856562e-04
-2.998345560257526449e+04 1.418590151010370776e-04
-2.998341707840533854e+04 2.621543511100863288e-04
-2.998309820193185078e+04 4.812167477711377841e-05
-2.998289485911488737e+04 1.811473920956895131e-04
-2.998258189785388822e+04 1.273331691359906766e-04
-2.998246794551166386e+04 4.093996206474947574e-06
-2.998213429025981168e+04 6.990594670725293108e-05
-2.998193951502832715e+04 3.870506354670287251e-06
-2.998161867328513472e+04 2.262601363813745355e-05
-2.998154403119352355e+04 8.913176560383296543e-07
-2.998134709469020527e+04 5.099684629789443705e-06
-2.998110145874076625e+04 1.125323939801595522e-06
-2.998087293192313882e+04 1.486234084115403454e-07
-2.998085467173789948e+04 1.480470231789190138e-07
-2.998068099442219318e+04 2.368032408876858800e-08
-2.998056242734390253e+04 1.643408250844823278e-07
-2.998039734533951196e+04 1.404046225012486424e-06
-2.998004728364599214e+04 5.214637404301713901e-04
-2.998003016308680526e+04 1.446932016855419028e-04
-2.997980791832859541e+04 6.380878162003418575e-07
-2.997959456287576904e+04 2.833278577923584976e-06
-2.997947852217054242e+04 6.241564333333954269e-08
-2.997926956144118958e+04 1.617853307590920601e-06
-2.997913658497161305e+04 8.604649478741889903e-04
-2.997893913706548119e+04 6.111982508551015009e-05
-2.997881069367957025e+04 3.556607516128143249e-05
-2.997863732766989051e+04 1.327014201710012250e-03
-2.997851052120923487e+04 1.065173712665015964e-03
-2.997842760415045996e+04 6.371866357054778440e-03
-2.997822118431493072e+04 7.409659170615438958e-04
-2.997796102869210154e+04 8.121200078858289767e-04
-2.997790293268118694e+04 4.644477733623132557e-04
-2.997771904282248943e+04 8.250338569647926125e-04
-2.997743296982677566e+04 1.499252633576934261e-04
-2.997740077850581656e+04 1.273895605785550994e-03
-2.997712830675603982e+04 1.352424038529093293e-04
-2.997695849327955875e+04 6.552167402640474581e-04
-2.997671189745048468e+04 4.033429268564202286e-04
-2.997661369792765618e+04 2.900682855541957829e-04
-2.997639269613815850e+04 8.210069211095490874e-05
-2.997624042818940870e+04 2.163129505716215775e-04
-2.997604017561150249e+04 6.118445581962106406e-05
-2.997569773545569115e+04 2.948011956287074187e-05
-2.997560527103950881e+04 1.001963554492244338e-06
-2.997532826040900545e+04 1.367875606309570941e-05
-2.997526001564243779e+04 1.319037430435803566e-07
-2.997501304426576462e+04 4.558461945585540187e-02
-2.997496871201888280e+04 9.840468845411149725e-05
-2.997487312844491680e+04 5.660748425809559358e-05
-2.997479973117304689e+04 6.105814436475711141e-05
-2.997455958356133851e+04 1.366833743386166016e-06
-2.997412589592338554e+04 8.116032769880320133e-06
-2.997398463194745273e+04 1.061705103078235957e-01
-2.997389553508712197e+04 4.925136689968776654e-03
-2.997371900187570282e+04 1.901263307411350703e-04
-2.997364340748377799e+04 3.518503166067122819e-06
-2.997312850282396903e+04 2.662959726389643213e-04
-2.997303437577362638e+04 1.872134544275753237e-02
-2.997289940458087949e+04 2.351400985744735910e-04
-2.997280847221724252e+04 4.531838975417725270e-04
-2.997247378019206371e+04 3.963578043625050726e-06
-2.997223961385613438e+04 9.687311706325654964e-04
-2.997218972348021634e+04 1.740244081231839563e-04
-2.997197001588547937e+04 1.291961171861572126e-05
-2.997184411197149166e+04 1.564627111854620368e-04
-2.997166369935065450e+04 3.769618132714836270e-03
-2.997157178943347753e+04 2.185639234373315803e-04
-2.997153064154283129e+04 4.784514503977094343e-04
-2.997141502219476024e+04 1.222737973809466144e-06
-2.997121915912053373e+04 4.083737382261940028e-04
-2.997108635656678598e+04 1.018123236035523710e-03
-2.997088536729492262e+04 2.470768267641031872e-04
-2.997071214070794304e+04 3.179513190782577042e-05
-2.997058359197085883e+04 8.536520964090055534e-04
-2.997032049625080253e+04 3.469613375388118837e-05
-2.997012975234155238e+04 2.621534791344805334e-05
-2.997000223041291611e+04 6.052043304226694120e-01
-2.996996663866249219e+04 3.203961451430353130e-02
-2.996985929056660461e+04 3.172893047214175909e-04
-2.996952387191082744e+04 3.014345267348302250e-07
-2.996938929542670303e+04 1.051400295551883406e-07
-2.996924166121868984e+04 2.953249277079271143e-05
-2.996898149693073356e+04 4.023122155448771329e-04
-2.996892123242424714e+04 2.512608948488056809e-04
-2.996871916555914140e+04 2.384862254126042045e-05
-2.996839585423672543e+04 1.179991508144312624e-04
-2.996817191088702384e+04 3.887737871318929090e-07
-2.996808164477424361e+04 1.124919351358328332e-03
-2.996787371833879661e+04 2.375166187133371035e-02
-2.996770584885100834e+04 4.122569593334994174e-05
-2.996754248888943766e+04 8.661272023442156525e-06
-2.996739362670700211e+04 1.578644584585293373e-05
-2.996705294922562098e+04 7.551184725858679433e-04
-2.996689853713614139e+04 4.319919568961437181e-03
-2.996686917468120009e+04 5.404126795404395542e-03
-2.996661005413415842e+04 4.779106382805206502e-10
-2.996628160987178126e+04 3.627301614700535966e-07
-2.996607971277862453e+04 2.274839847114188546e-05
-2.996596915590057688e+04 1.157187075748922741e-07
-2.996585076415304138e+04 2.721255847625309500e-06
-2.996554070969394161e+04 3.230964056287452612e-06
-2.996548732872382243e+04 2.373886230782749267e-04
-2.996520886633845657e+04 7.559777442241692865e-04
-2.996506169713100098e+04 2.617136231608053532e-04
-2.996498702749995573e+04 3.166774608044350958e-02
-2.996475041027818952e+04 3.667172844712735848e-06
-2.996464579254998171e+04 1.921033063185912336e-04
-2.996451006603572387e+04 2.560559184063410901e-04
-2.996432223374286332e+04 1.969861812614567321e-05
-2.996409366086999216e+04 8.035900160992606733e-06
-2.996399338475515469e+04 6.524445067470121260e-05
-2.996387938316809596e+04 6.538001267910656389e-02
-2.996384788969876536e+04 7.411441949259768396e-03
-2.996359089329745257e+04 1.757195788106628539e-04
-2.996354305774270324e+04 3.816784402205235818e-05
-2.996327398020161854e+04 1.788508999676293168e-06
-2.996312911034532954e+04 1.958754029799578976e-06
-2.996289708548863200e+04 1.610764302741799473e-05
-2.996277800601359195e+04 4.501793404721388862e-05
-2.996276137930990080e+04 7.347613555170621982e-06
-2.996267678517102104e+04 3.932463432919089569e-06
-2.996260347220794938e+04 9.275792934213728623e-06
-2.996246755312023015e+04 2.268531765745441823e-05
-2.996207211383962567e+04 1.024714528892411767e-06
-2.996180649416244341e+04 1.357992568305830666e-06
-2.996168680657776713e+04 7.956053029618356622e-06
-2.996165640355018331e+04 1.759722948402888093e-05
-2.996152425690508608e+04 1.511300556742148608e-06
-2.996139700046650614e+04 1.607835037078137445e-09
-2.996124415655092889e+04 5.320197163694532592e-06
-2.996103318641846272e+04 3.735694232929617721e-05
-2.996093406512732690e+04 4.472673666303396665e-07
-2.996068785890121217e+04 1.663786908191431399e-04
-2.996060778526276044e+04 9.978258226058379747e-04
-2.996043630204969304e+04 9.189278424765248053e-09
-2.996021463287042570e+04 1.200258621395726914e-05
-2.995997869441182775e+04 7.806924243401981104e-04
-2.995994513672201720e+04 1.834757757622950064e-03
-2.995978046293454827e+04 2.934158011915867551e-06
-2.995964760874422063e+04 7.865517980415201485e-07
-2.995959819770760441e+04 8.547386031756258482e-06
-2.995951830839461036e+04 8.981452896799476013e-09
-2.995915781174586664e+04 1.469675151718814713e-07
-2.995905593943109125e+04 5.179991063720011717e-06
-2.995879708143877360e+04 3.393062671308370512e-03
-2.995871497719959370e+04 4.017315617455110080e-04
-2.995862982829186149e+04 9.178098995399303984e-05
-2.995843573050684790e+04 2.736642411461364600e-05
-2.995839297880912636e+04 4.442085924329325450e-05
-2.995823627877487161e+04 7.101330935130731250e-06
-2.995797568280473206e+04 1.518631392668617615e-04
-2.995779643820285855e+04 1.082306750756665767e-04
-2.995770216740264732e+04 5.267476703305828880e-05
-2.995760532783592862e+04 1.519539482649748382e-03
-2.995745130106844590e+04 3.494931792952335903e-05
-2.995719765698019546e+04 1.078665045455458428e-05
-2.995694904608171055e+04 4.940077763644004497e-06
-2.995693014735502948e+04 1.384565172784058879e-07
-2.995671390065175001e+04 2.235960693574981481e-08
-2.995664461784583546e+04 1.464237773333593136e-06
-2.995649491730616865e+04 6.745350726246291790e-06
-2.995640195273592690e+04 6.204956384066509936e-06
-2.995616095480587683e+04 2.553993794622370336e-06
-2.995599667117787976e+04 5.682883427913242509e-06
-2.995587634546768822e+04 1.063091516785126663e-06
-2.995561948475969984e+04 4.340803500853221902e-07
-2.995534860840215697e+04 1.573651560829566402e-04
-2.995531710425054916e+04 6.008882930063068095e-05
-2.995518720002659393e+04 2.591936649191005837e-04
-2.995514002049342889e+04 3.383010290612211594e-06
-2.995497543052227047e+04 6.291367107587850846e-06
-2.995489151800680702e+04 1.558858088289079324e-05
-2.995485427377476299e+04 2.291285753831852288e-06
-2.995442816179447618e+04 1.024550503031265492e-06
-2.995422937496220038e+04 1.355549180973229503e-06
-2.995422071112240519e+04 1.953039580094373641e-06
-2.995415954839603364e+04 3.958644347258419299e-06
-2.995410371703566125e+04 1.187995798361021388e-05
-2.995373379660625505e+04 4.226329535034244458e-06
-2.995359820779163420e+04 1.048039355040771047e-03
-2.995341544451762093e+04 2.423834307138086196e-07
-2.995335895861313475e+04 2.300016177904031197e-05
-2.995325355017202310e+04 9.110673265582169741e-06
-2.995314917617179162e+04 3.403412171335854593e-06
-2.995297864029689663e+04 2.011108974369509889e-09
-2.995271631040440843e+04 1.042114907824210192e-05
-2.995249443555210019e+04 4.607281584135432126e-05
-2.995237451477452123e+04 5.306184519832321533e-04
-2.995233333912801390e+04 2.323842596728756802e-04
-2.995225692452481962e+04 9.237341396466474926e-04
-2.995196611571679750e+04 2.501533853906154134e-06
-2.995180455015270491e+04 1.162045237509432653e-06
-2.995177713137602041e+04 3.288459302153021657e-05
-2.995138065197969263e+04 1.223294670334468557e-05
-2.995108010503316109e+04 3.715531447254464348e-07
-2.995102119100111668e+04 6.250671887118881408e-05
-2.995092992315148877e+04 1.316422326579706912e-06
-2.995080346340891629e+04 7.681464360469237145e-07
-2.995074860799801536e+04 3.832784725867202318e-07
-2.995059740492226047e+04 2.205020146751751145e-05
-2.995048032025990324e+04 8.491515158747205949e-06
-2.995026804614604407e+04 3.703016246953438724e-06
-2.995003462193342057e+04 3.565931430321920280e-07
-2.994977502215791174e+04 5.606071489768815186e-06
-2.994969219477863953e+04 1.308862561859943802e-07
-2.994956715484406959e+04 1.987704141749623888e-04
-2.994953224745735133e+04 1.824518380108416601e-04
-2.994936597888911638e+04 3.126719752990629483e-05
-2.994929436827570316e+04 5.387595900185475485e-06
-2.994913431818617755e+04 2.482357226003785388e-07
-2.994900286100772428e+04 1.005073571277901428e-08
-2.994889507287936067e+04 3.703261315288552402e-07
-2.994858152048189731e+04 1.332836859646658420e-08
-2.994832257810224473e+04 4.242399267742088549e-07
-2.994823515177941954e+04 8.967182001792614810e-07
-2.994816142304693130e+04 2.866534976916325567e-05
-2.994795067808320891e+04 1.352725208185630832e-04
-2.994782299895893448e+04 5.103270567911156281e-05
-2.994760291767431409e+04 1.277920661404032929e-07
-2.994749704222517175e+04 6.128403447013514373e-06
-2.994718054365145144e+04 7.984693152995055884e-07
-2.994708782589698967e+04 7.152835219594960766e-09
-2.994696045409407816e+04 6.398306668142245050e-06
-2.994691340773761112e+04 8.244899692515848126e-07
-2.994671209258078306e+04 6.379027334394975788e-07
-2.994648912000759447e+04 5.061153277586091480e-06
-2.994643969369795377e+04 3.513633552724792993e-05
-2.994630332266938422e+04 3.679529166387009409e-05
-2.994593804156177430e+04 1.079292922877987803e-07
-2.994587344983694493e+04 6.813295827156827733e-08
-2.994577471586158936e+04 1.328757092691488351e-06
-2.994551130091025334e+04 7.966016070125871322e-06
-2.994539706788018520e+04 7.139703993221531296e-06
-2.994533789909045299e+04 6.041192780525511449e-06
-2.994524013675215247e+04 1.090084021758428569e-07
-2.994494756029929340e+04 5.114705340261943902e-06
-2.994476990908226071e+04 1.457424768978941886e-06
-2.994461687158339191e+04 4.555651432282787733e-07
-2.994439477110324515e+04 8.226809070269016209e-07
-2.994428016445202229e+04 2.100047732378809221e-07
-2.994411952137353728e+04 2.559619690963351833e-06
-2.994398044029591256e+04 3.120675490203989106e-06
-2.994393573249610927e+04 5.783084999546465671e-08
-2.994372151724152354e+04 6.104921109807147445e-07
-2.994356411582697547e+04 2.621697232691679424e-06
-2.994350820438266237e+04 5.252849727412844698e-07
-2.994329698119837849e+04 1.040399077048680928e-07
-2.994326346253105294e+04 1.252583520435473550e-05
-2.994306895926037760e+04 1.463165986867262307e-06
-2.994287265450252744e+04 8.629180064689755938e-09
-2.994267800281767632e+04 8.039243745665145341e-07
-2.994249361199406121e+04 4.326820880533415138e-07
-2.994236189069009197e+04 2.585576244338571751e-07
-2.994218460271266304e+04 8.934517954770882930e-10
-2.994195554246045140e+04 1.517549064148526141e-06
-2.994186337817059029e+04 2.325404903509392805e-06
-2.994160618805207923e+04 5.613442023396540153e-06
-2.994153211826155166e+04 1.929665492918457729e-07
-2.994128428410077322e+04 4.612865290908092694e-07
-2.994117751222751031e+04 1.285496878794608934e-06
-2.994104730458560516e+04 7.396796541191842910e-07
-2.994091735756172420e+04 4.176403219915491817e-07
-2.994063393342595009e+04 1.454077215970963413e-06
-2.994038387427894122e+04 4.766836350341427416e-07
-2.994027839912738273e+04 1.569159466327738685e-08
-2.993994308174985417e+04 6.168831967537562411e-06
-2.993990568379192700e+04 1.773295250406612613e-06
-2.993981021622612388e+04 5.274856672197836646e-10
-2.993968208621182930e+04 4.263773665156653579e-07
-2.993950153280359154e+04 7.195440917633859160e-07
-2.993926869470103338e+04 8.294960595485388682e-09
-2.993925459953015525e+04 6.681379598820887364e-07
-2.993901841575722210e+04 3.724535822687394537e-08
-2.993880816656960451e+04 6.164512588294221281e-07
-2.993865427784691565e+04 3.083184409256621718e-07
-2.993854381246046250e+04 2.302957313452397402e-08
-2.993826927883207463e+04 8.346496580348368904e-06
-2.993809276392617539e+04 2.806299047262998820e-06
-2.993801716960516933e+04 2.881654754289027718e-07
-2.993791820275535792e+04 7.477591681029929262e-07
-2.993771980954579703e+04 2.415882985730805237e-08
-2.993752984584717342e+04 1.608502397828111692e-09
-2.993739814541629312e+04 2.099709636232869801e-09
-2.993720502691158981e+04 7.351272884936383622e-07
-2.993678097493850146e+04 2.611611419485455053e-06
-2.993661210360608675e+04 5.857915156811918037e-09
-2.993655474914141814e+04 1.550739842805346099e-07
-2.993646607457151913e+04 5.596985424995375955e-07
-2.993637947732696921e+04 7.878756907245418816e-06
-2.993588839182226729e+04 1.992499882773411957e-08
-2.993568101228462547e+04 8.636593024608895963e-10
-2.993559433178283143e+04 9.833715479009282430e-10
-2.993541397744995265e+04 3.926726536226802275e-08
-2.993524315901351656e+04 8.861315926120459882e-10
-2.993508969798181352e+04 7.798882063937418441e-08
-2.993487763255684331e+04 7.095867631326050200e-07
-2.993476228418858591e+04 5.010401395936015880e-06
-2.993451895503037304e+04 1.131553088262388119e-06
-2.993424459410086274e+04 2.779311715382772637e-11
-2.993412162350077779e+04 1.811506926741608016e-07
-2.993386825596837662e+04 4.916201079849221408e-10
-2.993384637406608090e+04 6.275929406426765287e-08
-2.993357630531273753e+04 1.121421217166919158e-08
-2.993334626797707460e+04 2.101260421567428234e-08
-2.993318378530330301e+04 1.492010949186528387e-06
-2.993305979532431593e+04 4.471837884576446102e-08
-2.993276280110554217e+04 6.068813010511116620e-07
-2.993262005302834586e+04 3.124986456662688443e-07
-2.993257795156014981e+04 7.073881809702993217e-07
-2.993238588636870190e+04 4.233676572467810998e-08
-2.993214438713801428e+04 1.417523248709450266e-08
-2.993201200524027445e+04 4.285869064471396929e-10
-2.993162588707907344e+04 1.770037948545208328e-08
-2.993156385672010947e+04 9.656869955504786840e-09
-2.993138628909792169e+04 1.251398804768355390e-07
-2.993102961058957953e+04 7.372694789017937821e-07
-2.993077043921484074e+04 1.285629816542720399e-07
-2.993056326872750651e+04 1.293019689147914191e-08
-2.993048144332606535e+04 5.290738840110937819e-08
-2.993021799495060259e+04 3.067688973443881223e-09
-2.992993640145400059e+04 4.392558990362643825e-08
-2.992959542963535205e+04 6.443503608475575700e-09
-2.992934733440685523e+04 1.283570437959886372e-07
-2.992922676669244174e+04 4.152060717792130427e-08
-2.992915860166406856e+04 2.723753536761144822e-09
-2.992894448058917624e+04 3.541492505910224409e-09
-2.992863766127140116e+04 8.012793240146445664e-09
-2.992858833065274302e+04 1.775809072278797758e-07
-2.992823435631950997e+04 2.251116251474845105e-08
-2.992796232757924372e+04 3.472386751024102825e-08
-2.992768102854416065e+04 5.042061311539857511e-11
-2.992748624244887469e+04 3.958998445463755169e-09
-2.992732730274675487e+04 2.010999588396521609e-08
-2.992718165884823611e+04 1.792155157501100202e-08
-2.992704420968381601e+04 3.859566651076775898e-08
-2.992658852992162429e+04 7.344511421335023209e-09
-2.992632489161925696e+04 8.398623270168791978e-08
-2.992617325389240796e+04 3.971533338252177855e-08
-2.992587530932940717e+04 9.421145498046613493e-09
-2.992573302254937516e+04 1.196166978693215640e-11
-2.992553124363352981e+04 5.481565205794725525e-09
-2.992544018847213374e+04 8.722464381416482028e-09
-2.992490446297747621e+04 1.081466683514387350e-09
-2.992467341897379083e+04 5.345207570639388819e-08
-2.992454619344324601e+04 7.174471254999518423e-10
-2.992427339580735133e+04 4.198456289822244483e-08
-2.992411692306365148e+04 8.294725903784178724e-09
-2.992381416693167557e+04 4.838603998173162367e-09
-2.992354097723355517e+04 2.957642686726038082e-09
-2.992346452238570055e+04 2.420851915386940946e-09
-2.992301480580556381e+04 1.306946029390367616e-08
-2.992265333971471773e+04 2.782685157512119044e-08
-2.992248116511939224e+04 1.542965160037582171e-09
-2.992226132313415656e+04 1.915583079175883126e-08
-2.992204550622908937e+04 6.849106678775147795e-10
-2.992166150866132739e+04 3.248317129011387380e-10
-2.992155371179397480e+04 3.414827563780926849e-10
-2.992127450443971975e+04 3.457297048169505177e-12
-2.992092463480670267e+04 1.002194555782538868e-08
-2.992077818711516738e+04 9.649944107787669656e-10
-2.992036285026699625e+04 1.594303293862388328e-08
-2.992012307478197181e+04 2.449172853882962241e-11
-2.991992049415210204e+04 2.729062258184943142e-10
-2.991969958894981391e+04 7.493696572839582267e-11
-2.991923181080089489e+04 3.319479117467239559e-09
-2.991901851536217873e+04 6.729691938991250048e-10
-2.991878090366345350e+04 6.085315822289964351e-10
-2.991836112642539229e+04 4.847995122911036743e-10
-2.991830877260582565e+04 2.905294345260624163e-09
-2.991779992850109920e+04 4.708042356302501189e-10
-2.991756619520208187e+04 1.740036690527705414e-10
-2.991732509486233903e+04 7.112878770807798374e-10
-2.991707761913871218e+04 8.450213454463889435e-13
-2.991676193030760987e+04 1.258404887038382785e-09
-2.991666949613549878e+04 6.341292735021930845e-10
-2.991603400337698622e+04 2.684584454450039280e-11
-2.991578471596173404e+04 1.902028542966111020e-10
-2.991516549776971806e+04 1.083449828551182930e-10
-2.991498182297264430e+04 2.207287292507337268e-10
-2.991467613798368620e+04 2.761251607443572037e-12
-2.991458810529955372e+04 3.832819358724085535e-10
-2.991409530098059622e+04 2.241614827950794589e-10
-2.991371591998880103e+04 3.547257051387943360e-11
-2.991361366904919123e+04 1.681205073584941244e-11
-2.991299969130869795e+04 1.403195078540294311e-11
-2.991268024403332311e+04 1.564822347920011599e-10
-2.991238258259513896e+04 8.399269766906014165e-12
-2.991206460142151991e+04 7.457157300498221626e-11
-2.991181750115827526e+04 1.328376390299242580e-11
-2.991163134393660584e+04 9.653660112217255317e-11
-2.991094633502272700e+04 1.288874921746372611e-13
-2.991043936009189201e+04 4.560926962832316477e-11
-2.991036374177673497e+04 6.889227122865954633e-11
-2.990981695955360919e+04 1.890750624776722782e-12
-2.990946514693611607e+04 7.433408640576971110e-11
-2.990910731703197234e+04 2.050907301775065626e-11
-2.990850396035469385e+04 8.334937587854296083e-12
-2.990779848976365975e+04 1.026560546705216850e-11
-2.990748249553466667e+04 2.645512121529531547e-11
-2.990713093380999999e+04 2.841215755052233242e-12
-2.990618246077233925e+04 9.634822578712626310e-13
-2.990604924875367578e+04 9.392713034468788978e-12
-2.990573088530165842e+04 8.733886884285757365e-12
-2.990557515066071210e+04 1.442010476862851839e-13
-2.990513339360557438e+04 5.423623939529899727e-12
-2.990470010223639110e+04 2.470548295109622227e-12
-2.990418444639127119e+04 9.923209351047802880e-13
-2.990379278046693798e+04 3.757304118824547945e-12
-2.990313808423202863e+04 6.477274032778252765e-13
-2.990229231149913903e+04 2.849724029814943826e-13
-2.990174403748129771e+04 4.082123306604071438e-13
-2.990157995726648005e+04 9.636921506859301429e-14
-2.990111255012979018e+04 6.366619922998401788e-13
-2.990064634133591244e+04 3.027520941345629961e-13
-2.989990972086134207e+04 2.441147685958055196e-13
-2.989953429695830346e+04 1.035081536530796199e-13
-2.989908302652381826e+04 1.193510099214744114e-13
-2.989859234016782284e+04 1.712622851169310464e-14
-2.989756150516996422e+04 3.771848701018593947e-13
-2.989736154403707769e+04 2.058519487160109308e-18
-2.989603820702026496e+04 2.204293506416298712e-15
-2.989498697728278057e+04 5.178038221527005814e-14
-2.989473697313355660e+04 1.659373992763134942e-14
-2.989434303596163591e+04 1.002684143937382586e-14
-2.989343117226685354e+04 1.581627593948144134e-14
-2.989286356448450897e+04 2.636508882607503326e-15
-2.989248690273210377e+04 2.195577157562894964e-14
-2.989191526044300190e+04 2.286365446819505456e-15
-2.989145819322832176e+04 5.409332802751577771e-15
-2.989111019456122813e+04 2.177207059957210083e-15
-2.989065423796327013e+04 1.993456973982069277e-15
-2.988995064285086846e+04 6.169337053877270201e-15
-2.988909511869357084e+04 1.139440277815251085e-15
-2.988670091115829564e+04 1.808469667301234504e-17
-2.988568919199731681e+04 1.585244881976332186e-17
-2.988470257917782146e+04 1.011415662790883552e-15
-2.988429997103848291e+04 1.863356845888869877e-18
-2.988245257514116020e+04 4.357670032614436020e-17
-2.988197608229603065e+04 2.499554024732623820e-19
-2.988115883387284703e+04 7.318678207723108710e-20
-2.988036599877348272e+04 2.370684727393067153e-17
-2.987918155515069884e+04 2.911854546563444631e-21
-2.987794941639576064e+04 1.462650318990652094e-17
-2.987691637646576055e+04 1.203024136072800299e-17
-2.987648149081682641e+04 6.118001585668913178e-18
-2.987410934806447040e+04 2.233805002713308725e-19
-2.987266344165421106e+04 1.521109745258225995e-19
-2.987151532598115955e+04 1.144220643580937411e-19
-2.986857173765292464e+04 2.047140174072870850e-19
-2.986783640338086116e+04 4.608429056156450034e-20
-2.986753997922449707e+04 2.280675518579837829e-21
-2.986597836806898340e+04 1.511658284960347542e-20
-2.986212356370843190e+04 3.591454596350577374e-21
-2.986127073422834656e+04 8.490287657966335904e-22
-2.985847869322944462e+04 1.273339501093785543e-21
-2.985794595777761788e+04 7.575321752576018074e-23
-2.985435267768780977e+04 0.000000000000000000e+00
-2.985365417993350638e+04 4.905010362932494107e-24
-2.985018030935032948e+04 1.005936652801255339e-23
-2.984947114050245364e+04 0.000000000000000000e+00
-2.984751397485331836e+04 0.000000000000000000e+00
-2.984706772615300724e+04 3.312952095523405664e-24
-2.983714990650170876e+04 0.000000000000000000e+00
-2.983650885390950862e+04 0.000000000000000000e+00
-2.983490287571868976e+04 0.000000000000000000e+00
-2.983446548373787300e+04 0.000000000000000000e+00
-2.982278493692226766e+04 0.000000000000000000e+00
-2.982224613326397230e+04 0.000000000000000000e+00
-2.981738064632560418e+04 0.000000000000000000e+00
-2.981703167310112622e+04 0.000000000000000000e+00
-2.980630380934256027e+04 0.000000000000000000e+00
-2.980593442346061784e+04 0.000000000000000000e+00
-2.978543611784037421e+04 0.000000000000000000e+00
-2.978520663520349262e+04 0.000000000000000000e+00
2.999025831053292495e+04 3.142237030610608565e-24
2.999030224753292350e+04 5.189023842969090426e-23
2.999193413744277132e+04 7.465929623217988747e-24
2.999234528398685507e+04 1.114954531453070465e-20
2.999259628031010288e+04 2.346798630399465070e-21
2.999319017655747302e+04 3.177446056789927416e-20
2.999372150844999487e+04 3.324760903084466614e-19
2.999399788521233495e+04 1.164427671789708640e-19
2.999431405049621753e+04 2.906312762086496757e-19
2.999458426596204663e+04 3.086375051397848129e-18
2.999504360997809636e+04 5.184110100739456736e-19
2.999556944360586931e+04 4.286736863656690464e-17
2.999613107824702456e+04 2.107758999643962609e-16
2.999670151402896954e+04 4.260914675997642705e-20
2.999727577823346655e+04 3.346655591931973445e-15
2.999785114903652357e+04 8.613222793658771050e-15
2.999822150223831704e+04 7.767298760581362327e-16
2.999843461213687624e+04 5.693072397843753234e-15
2.999895002154717804e+04 5.793734685189084280e-14
2.999905722214954949e+04 1.172424029904519972e-13
2.999942623912998533e+04 1.586378336161550803e-15
2.999960994365243096e+04 3.757477538142643052e-14
2.999997183751295233e+04 6.934147633639930937e-15
3.000018506298568900e+04 1.231623781088396978e-12
3.000061837159566130e+04 2.194234231593453066e-15
3.000076778168461169e+04 1.031744510095643629e-12
3.000123793948069942e+04 7.213323021963219774e-13
3.000135465510506037e+04 5.316384680379750346e-12
3.000186045096156158e+04 4.860908004024879502e-13
3.000195044010282436e+04 2.949866269169949558e-12
3.000245673017958325e+04 1.320088269154328279e-11
3.000255839800571994e+04 9.017677846638079873e-12
3.000303826028491312e+04 4.866461638303277175e-12
3.000317165378254504e+04 1.072189243362655175e-12
3.000360944235488932e+04 1.128801834841527104e-11
3.000379023735087685e+04 4.267057753352540111e-12
3.000408979416157308e+04 3.888891768667395851e-11
3.000439821354052037e+04 1.441387899670324279e-12
3.000470536840949353e+04 1.852359483806457722e-12
3.000503988457360902e+04 4.326236491901463096e-14
3.000558386827681170e+04 9.973864611238199902e-14
3.000576067079410132e+04 4.717722402735418419e-13
3.000626784090108049e+04 5.773346614328910567e-13
3.000678859447853392e+04 6.459309840628246128e-16
3.000696902104662513e+04 2.285292711966345922e-12
3.000747925203941850e+04 2.501938650810214936e-11
3.000801285302765973e+04 1.538291151855334165e-12
3.000822225434249776e+04 2.283250621234159880e-11
3.000863482795731034e+04 5.813539566724841348e-10
3.000912491726836015e+04 5.142016314135251757e-10
3.000942300419663297e+04 3.988523667040270900e-15
3.000953147264139261e+04 2.825893714213952874e-11
3.000979776838359976e+04 1.046613200033495513e-11
3.001036047702332871e+04 1.042894337562201466e-10
3.001039149371940221e+04 1.296785243815744553e-12
3.001066050529671338e+04 4.378402192822653811e-11
3.001114451411191476e+04 3.317778088212522931e-12
3.001134492288598994e+04 6.170791216457777004e-12
3.001204696082513328e+04 1.562937812903109338e-12
3.001229706551256459e+04 2.572593736139206491e-13
3.001265659367494663e+04 8.371210400466024045e-13
3.001288614621768647e+04 6.592971497494107967e-14
3.001320210612869414e+04 2.120265049842278919e-14
3.001376909386218540e+04 2.328900631452205839e-13
3.001406275774015012e+04 5.765728619284165331e-12
3.001431215004074329e+04 5.214202841524046836e-12
3.001445370684701265e+04 6.325567039195256968e-12
3.001496403250434378e+04 1.289445935529180315e-11
3.001506777288152443e+04 1.357229686038100832e-10
3.001523223158438850e+04 1.258330535568342245e-10
3.001553353344090647e+04 4.586754960041521339e-10
3.001556951915294849e+04 7.313117109162986713e-11
3.001575981200952447e+04 1.196468318776833829e-10
3.001602065393012890e+04 2.843833872270187435e-09
3.001632686142072998e+04 2.504847802429528370e-11
3.001652595263612966e+04 2.008200687270649870e-09
3.001670218354782992e+04 2.714601690666164731e-10
3.001695894608739763e+04 7.686244261109245970e-10
3.001718199539562193e+04 1.009625686432212221e-09
3.001750262716497673e+04 3.276429083685336918e-10
3.001769007849410264e+04 5.800683288250416892e-10
3.001801802895097717e+04 2.768133336030194519e-10
3.001818643739001345e+04 4.020443825279947081e-10
3.001849444423368550e+04 6.124631601677773951e-12
3.001866545916004179e+04 1.007073057745405789e-10
3.001890206786445924e+04 7.087704069280818749e-11
3.001926613680320588e+04 1.053519349707027901e-11
3.001940186759008793e+04 4.395677063062201893e-11
3.001951629079701524e+04 1.972465182712445529e-11
3.001969568329220056e+04 8.103390733405252696e-13
3.001972703250145423e+04 8.480746157679795613e-11
3.002005565926258714e+04 2.912938905326725233e-08
3.002013888834005047e+04 1.742976418680809815e-10
3.002024377740132331e+04 1.806726837877336843e-13
3.002057648187195809e+04 5.351778843460170434e-11
3.002072659449441926e+04 1.115445622379075843e-11
3.002098547367713400e+04 1.690798915230414529e-08
3.002099030254521131e+04 8.285694923832339929e-09
3.002102490423160998e+04 4.770785675818868368e-09
3.002114231324205684e+04 3.472888895499206010e-10
3.002135118863165553e+04 8.887037397495643022e-12
3.002166246885564760e+04 1.207258107180030660e-08
3.002178026063365178e+04 8.378349323912672651e-09
3.002180888444509765e+04 1.131080368179668274e-09
3.002189932359709564e+04 2.321994942180202675e-10
3.002211445557368279e+04 3.610204665094192505e-09
3.002229675012466396e+04 2.543631903251651971e-10
3.002232663580024018e+04 2.361275149835875416e-09
3.002267075399434543e+04 2.949500098271894621e-09
3.002275634074352274e+04 1.470058791577283683e-09
3.002292045702114410e+04 2.996856942157433703e-10
3.002315108432156194e+04 1.235330809574907750e-09
3.002341970221629163e+04 8.535029884032798026e-10
3.002355577227200047e+04 4.384486620899676388e-11
3.002371829798377803e+04 6.681540210559758055e-10
3.002387980123082525e+04 1.552639931628390727e-10
3.002426150185424922e+04 2.600632483980303013e-11
3.002439729535120568e+04 2.890395741811902336e-10
3.002477890039595877e+04 5.414130438716501492e-12
3.002482443082881946e+04 1.485112484858313328e-10
3.002493628578757125e+04 2.869389120857743760e-10
3.002508380330365617e+04 1.901054731563039849e-07
3.002525097253671265e+04 3.488085790604819430e-10
3.002532337542157256e+04 1.046449886462092890e-11
3.002560454166990894e+04 6.099500082520377418e-13
3.002580076344547706e+04 1.760813178386359835e-11
3.002612764671517652e+04 1.287190464909899477e-08
3.002616145615503774e+04 2.771629921857469456e-10
3.002634249537733558e+04 4.171909454446324353e-10
3.002642188918645115e+04 3.207831535605620843e-11
3.002645912267639142e+04 2.774518607683021647e-11
3.002683026205029091e+04 1.966111741441586890e-12
3.002709520516654811e+04 2.401474663524924195e-08
3.002718616118091813e+04 3.282271940162429411e-11
3.002732856002709741e+04 8.479230188014928563e-10
3.002751611226069508e+04 1.151733868634938887e-12
3.002786987179900098e+04 8.903603472267417755e-10
3.002793524200386310e+04 2.773829750345358212e-08
3.002829991766188323e+04 1.041513923107826889e-12
3.002833982548757558e+04 2.198450081584049929e-10
3.002847844003129649e+04 2.875494950962291042e-11
3.002857650583332361e+04 2.092320886666632223e-09
3.002869703600352659e+04 1.445491885767310519e-11
3.002881936284884068e+04 2.904823447868999385e-10
3.002896819029786275e+04 2.279873096374395061e-09
3.002915331487159347e+04 4.511558497187976675e-10
3.002926658719567422e+04 1.368710169402590003e-10
3.002929846683993674e+04 1.289194020883041040e-09
3.002949596700414259e+04 2.391123467200151305e-11
3.002969878012708796e+04 1.463063704982997276e-09
3.002985204584605526e+04 4.775051543073775448e-10
3.003006144495454282e+04 3.876354328764453361e-10
3.003009502917482314e+04 2.562007403678972964e-09
3.003032754878718333e+04 1.050639571492891382e-09
3.003034198984490286e+04 4.988328138058497310e-11
3.003061744219769389e+04 2.594499340483434275e-10
3.003076893286609629e+04 1.796386826705049931e-10
3.003102883087705777e+04 5.862471125416446425e-09
3.003118269419808348e+04 1.085222999122672790e-07
3.003124247123424720e+04 1.472841261844268743e-09
3.003139274075420326e+04 3.555444169093798384e-12
3.003183479311717747e+04 2.754361153315982970e-10
3.003197824811330065e+04 2.694814215308015882e-10
3.003210049984539728e+04 1.672946750640253816e-09
3.003224420343935708e+04 4.165409550704033864e-08
3.003249607000266406e+04 8.862932672056482243e-12
3.003265108642536507e+04 5.839025182544370704e-12
3.003270545060543373e+04 3.241392282870368049e-13
3.003313666999416819e+04 9.143720111215156456e-10
3.003322737277110355e+04 1.115867442509410654e-10
3.003326104056262193e+04 4.610693068386979768e-09
3.003362888046437001e+04 1.431046216375056431e-10
3.003392473316156611e+04 6.418684654354066666e-11
3.003411006320442175e+04 3.830536958149676370e-09
3.003419179845510007e+04 2.089946583516894312e-09
3.003429694120264321e+04 3.354503231411446468e-10
3.003455678354513657e+04 1.369112876816147305e-11
3.003472455537055794e+04 6.162188739427805843e-10
3.003497234961546201e+04 3.101432787835326996e-09
3.003508667990698450e+04 1.043340224518350914e-08
3.003510659185109398e+04 1.874501865401858264e-07
3.003539785048628255e+04 8.661391023514055553e-12
3.003559583252627635e+04 6.741299522499333984e-11
3.003569252589087409e+04 1.346472168750577137e-10
3.003589956908914610e+04 7.385297191014630279e-12
3.003601869282783809e+04 9.069736061503891977e-15
3.003621825379969232e+04 3.547097605696003276e-09
3.003622334838452298e+04 1.387141763998984211e-09
3.003632662235605676e+04 5.708465296441072979e-10
3.003663584201521735e+04 4.530853255016898159e-12
3.003674662469183750e+04 4.644489959203125329e-11
3.003684801406601764e+04 3.471171202224483524e-14
3.003718860268990102e+04 1.680325380433059215e-10
3.003731616172427312e+04 3.139029361541218745e-09
3.003734532816437786e+04 6.650504466251989220e-09
3.003743188579888374e+04 2.248931520624307721e-12
3.003753182742715944e+04 4.167615609783317390e-11
3.003767413617893544e+04 7.542165270358563143e-11
3.003781530205072704e+04 7.699405793124244734e-11
3.003820443460880779e+04 2.267466548162628492e-10
3.003834519433649257e+04 1.145166170103384327e-09
3.003845337389205088e+04 8.827426966315311898e-09
3.003857698589733263e+04 4.911466846573749895e-10
3.003865720439110737e+04 3.150983376311905118e-13
3.003874814062471341e+04 7.656015923482603856e-14
3.003900448907582177e+04 4.159674630447830527e-12
3.003916530961641183e+04 9.182268209927251391e-13
3.003932001567216867e+04 4.090584366772844891e-12
3.003950061274123436e+04 7.436530443995578963e-10
3.003962984872500601e+04 9.487925396120420371e-11
3.003973417251327191e+04 1.664759987095122252e-11
3.003997911916761223e+04 5.804513697179809478e-13
3.004013530883469139e+04 2.469336113288480840e-09
3.004036884274252589e+04 7.211708696405078946e-12
3.004042427122663867e+04 3.598600831534155028e-12
3.004049415407273409e+04 8.431578579731029919e-12
3.004057967217548867e+04 6.784277492639581572e-11
3.004076254086053086e+04 2.645065875808840830e-11
3.004095897438082466e+04 8.197573831970355736e-15
3.004117278707526566e+04 3.474563546266870863e-10
3.004130207768965920e+04 1.779522753734681051e-08
3.004146149242540196e+04 1.643806646093274359e-12
3.004157102264278728e+04 8.881393073074467384e-11
3.004176869525917209e+04 4.032214043118276141e-11
3.004186517162343080e+04 6.618539394845646808e-12
3.004193330747287837e+04 6.147693191130067833e-12
3.004223313467011758e+04 1.329699746528426504e-12
3.004242708895622127e+04 7.856993613338202888e-11
3.004249379166504878e+04 1.783702638873921009e-10
3.004254533511902991e+04 1.166526658699989056e-10
3.004287571169360672e+04 3.498627713204170211e-13
3.004302021700121259e+04 1.477612761857936533e-11
3.004321429698906650e+04 5.785198817029436610e-13
3.004324775120107006e+04 7.563469953713114263e-12
3.004343962849891977e+04 2.238429899016528021e-12
3.004354888657970878e+04 7.210897804741155159e-12
3.004365448886436207e+04 1.199928981411838556e-10
3.004377730471408358e+04 2.634327373492920952e-11
3.004406643596675349e+04 1.539430867557239092e-11
3.004415979012029129e+04 5.403403226193680211e-12
3.004436005175843093e+04 1.841365553206060485e-12
3.004462728076863641e+04 3.081850244357192150e-13
3.004479315342678092e+04 5.277092626013535907e-11
3.004486070582966568e+04 6.150634251066094411e-11
3.004506393300021227e+04 4.115953127101882973e-11
3.004513038749905900e+04 4.627155360638633186e-13
3.004521237523603122e+04 1.555427216108183354e-09
3.004528157164087315e+04 3.964609600176813913e-11
3.004540394907025257e+04 9.442023257871822342e-12
3.004575486181755696e+04 1.059192592967512522e-13
3.004592495608438185e+04 8.067296782499484716e-12
3.004597313591279089e+04 3.513004825318130652e-15
3.004599676925835593e+04 2.837748109752068746e-11
3.004621360738640215e+04 3.141424581851795480e-12
3.004644196156413091e+04 7.269382389792266550e-12
3.004648883643772569e+04 3.178906982150410608e-09
3.004674489081583306e+04 2.764630517494493110e-12
3.004685314006096814e+04 2.065376258211764734e-13
3.004692688972184260e+04 1.066367894208729020e-10
3.004709422338393415e+04 2.738680636479075031e-11
3.004719635290740553e+04 2.096447826722911208e-11
3.004756640350424277e+04 5.118259020957652242e-12
3.004769329597211254e+04 2.553207009283015913e-12
3.004775807670790891e+04 4.002821603246206818e-13
3.004784562996433669e+04 9.149471251468405231e-13
3.004796312116393892e+04 2.586596551024667492e-11
3.004816220827083089e+04 1.855716251379316754e-12
3.004835544298920649e+04 1.196905910032601395e-11
3.004840482334698027e+04 7.720010318232150930e-12
3.004884417645822396e+04 2.367844973504416195e-11
3.004906786339315659e+04 7.514211390809982145e-13
3.004915018993073318e+04 3.475335770076134295e-12
3.004920808848355227e+04 9.728751756395764455e-13
3.004935986735640472e+04 1.593146366089917867e-12
3.004943542526734018e+04 1.308434032799419364e-12
3.004959300184810854e+04 7.013927854062791438e-12
3.004986707028281671e+04 1.176447317386530658e-11
3.004995975443560019e+04 2.242616756990507933e-12
3.005019225291983821e+04 1.920534905069075660e-11
3.005037680040005580e+04 1.378504051624909092e-10
3.005046034785428492e+04 3.798889118358581162e-11
3.005054257679405055e+04 3.490693733295435049e-11
3.005068275962235202e+04 1.217836445292488597e-11
3.005076367488297183e+04 1.203485557769161032e-11
3.005083221936574409e+04 2.285213648246989207e-13
3.005115166347531340e+04 4.006115053561246664e-12
3.005120574986962311e+04 2.702865090668900341e-14
3.005132586679879751e+04 5.290303381683066935e-12
3.005163119947612358e+04 4.235249242427642497e-11
3.005177065716761354e+04 1.711205569998537226e-10
3.005195699275573133e+04 5.278686242173808605e-12
3.005204682386964123e+04 1.265265638368159239e-11
3.005215769765775985e+04 2.354364052002870019e-11
3.005235438850334322e+04 1.887041264417035828e-12
3.005254292161377816e+04 1.078677707262811340e-13
3.005273944571910397e+04 9.090145051975834757e-12
3.005300525598742388e+04 8.624012429664549336e-12
3.005307577656667854e+04 1.886479759056480673e-11
3.005315945777915113e+04 4.688800464064826030e-11
3.005326278971549982e+04 8.674124967166547743e-12
3.005350637068439391e+04 4.750489978202242689e-11
3.005366503565543462e+04 2.610303714374824004e-10
3.005376614033704391e+04 1.441139616811344754e-12
3.005390098088504237e+04 1.220228811598051371e-11
3.005425951662722218e+04 6.642738981009717234e-15
3.005430199246890334e+04 3.267587582820656072e-13
3.005442203983098443e+04 4.257907651086685310e-15
3.005462164582315745e+04 5.052503006890499971e-13
3.005481737382437859e+04 2.238375571876346560e-12
3.005491134951092317e+04 5.919509401536660193e-12
3.005495030953871537e+04 1.800146443432286637e-12
3.005517047822603854e+04 7.155602512031309287e-11
3.005541663843061542e+04 2.260172865969478225e-11
3.005559284236383246e+04 3.747048347567281235e-14
3.005580856904809843e+04 1.312682737294144535e-11
3.005589069377629858e+04 4.481314899782381945e-13
3.005601455497553980e+04 6.747188608527079606e-11
3.005611944962248890e+04 4.813292740726255801e-11
3.005620908558033989e+04 1.434149963181283685e-13
3.005646360413827642e+04 4.287765769412093983e-14
3.005665456862952124e+04 9.853308410407179776e-12
3.005674116439145291e+04 6.771206112978465783e-12
3.005684176508392920e+04 5.799426638117033253e-12
3.005699393536019124e+04 3.496513732339694887e-12
3.005720059412495539e+04 7.603808145902973247e-13
3.005735174966400155e+04 4.584090891763963603e-13
3.005748237914895435e+04 3.967162404206115271e-12
3.005762542542768642e+04 3.375564673034551899e-12
3.005777797888603163e+04 3.119651425663674263e-12
3.005797211791282461e+04 2.759747191595966295e-11
3.005820677622856965e+04 3.236549888849705509e-11
3.005829214333073469e+04 7.307935119796734732e-13
3.005848463143108529e+04 2.168609047226589748e-11
3.005863896635399578e+04 3.873552634220365486e-13
3.005889829989122518e+04 2.692386054780391649e-14
3.005899781321346018e+04 2.486820669323990323e-13
3.005911666884581791e+04 7.118948143711980830e-15
3.005926855193246229e+04 2.357309203746464595e-13
3.005951369520519802e+04 1.342041203070423440e-12
3.005969877442197321e+04 9.628180890970018210e-12
3.005995327535854449e+04 7.396141624917699738e-15
3.006012811557075111e+04 4.268652810019308122e-11
3.006030067666364994e+04 6.047737407514441244e-13
3.006035398870663630e+04 6.496700189853619327e-12
3.006049567522450161e+04 3.684950073823733021e-12
3.006062899112437663e+04 2.577908374034356845e-13
3.006091205420056940e+04 9.031938545792086740e-13
3.006093618206345127e+04 7.350871972038826984e-13
3.006117054401453424e+04 6.548878945212913146e-14
3.006138407323008505e+04 1.562755227099043372e-13
3.006154117491865691e+04 3.474832965699978332e-13
3.006164369458880174e+04 4.961238246304235224e-15
3.006182273622509820e+04 1.957104949885144519e-11
3.006202958509148812e+04 4.366864234237644150e-13
3.006213564393328124e+04 5.401821489386018395e-12
3.006228382219473133e+04 2.546172504983687736e-12
3.006244376490564900e+04 2.270421228806582421e-12
3.006270675953261889e+04 8.388787494305918090e-14
3.006281955567695331e+04 1.142409676323221591e-13
3.006289653655694929e+04 1.761825801568838076e-12
3.006334689304361746e+04 1.993929383711214423e-15
3.006353392310699928e+04 5.020080487082774729e-14
3.006365971885281760e+04 7.260823322449582924e-17
3.006366943958675984e+04 2.868579348130832641e-12
3.006371788782368822e+04 4.015636549433572798e-12
3.006424394387717985e+04 2.745239181505114795e-12
3.006446737118742385e+04 2.349521649400552562e-12
3.006458128090199898e+04 7.144605138830298889e-13
3.006475161318181927e+04 3.430070350531387353e-13
3.006498462275233760e+04 1.012901189408881412e-13
3.006503231957956814e+04 7.740818901777009481e-14
3.006524951270097517e+04 1.866354208341825655e-14
3.006535540407317603e+04 9.345012536055223878e-14
3.006571791784643210e+04 8.181586315568219454e-13
3.006592470063803921e+04 3.116118024880177683e-13
3.006605709926271447e+04 1.043133146148849844e-12
3.006628313977447033e+04 3.270971180660212369e-14
3.006636740900693258e+04 1.516561009471089902e-12
3.006655125614843928e+04 4.120361290863286468e-14
3.006681077517757876e+04 3.689546565675787599e-13
3.006689891988966701e+04 1.762046698914667812e-12
3.006714253745105452e+04 1.799132958173690289e-16
3.006735601783231323e+04 5.649052719014534824e-14
3.006751099433020499e+04 4.949838190487987614e-13
3.006765239857659253e+04 1.571770444842518729e-14
3.006774671545802994e+04 5.817999464241224723e-14
3.006798425877544287e+04 1.476505179147754698e-17
3.006816145340371077e+04 2.399982740302916100e-14
3.006847347061085748e+04 2.583156598708473925e-12
3.006861527049056895e+04 3.306954420585042418e-13
3.006875501236999480e+04 2.644583557208324342e-13
3.006909296968664057e+04 6.570793157234763436e-14
3.006934325819016885e+04 3.606622647725130152e-14
3.006959378425033719e+04 1.328010002239883823e-14
3.006967836571761654e+04 7.356349199853692827e-14
3.006993357267254396e+04 1.725362327930649020e-14
3.007019101767420943e+04 1.481251162895279685e-12
3.007057085716389702e+04 7.654668162783742828e-13
3.007086162428695025e+04 1.090511402419012775e-13
3.007091955254809000e+04 2.886781086244437687e-15
3.007102377934677133e+04 9.889965787955205502e-16
3.007122236035103197e+04 3.268497082038720975e-15
3.007154014597306741e+04 8.447432490439930008e-15
3.007162342479892686e+04 2.034605964023423788e-13
3.007195448096485052e+04 1.504199251069076026e-13
3.007219401226145055e+04 4.579018772937614076e-13
3.007243431666593824e+04 3.832913542841101575e-13
3.007263537354152140e+04 3.700010077807806752e-14
3.007281846964067881e+04 2.034512286469668912e-14
3.007301569020156967e+04 2.375948760969277446e-16
3.007312270263086248e+04 3.069546638886566383e-16
3.007352077157572785e+04 3.604084709605533973e-15
3.007381935847991190e+04 2.561773733764063942e-13
3.007399111391008410e+04 4.867362527364303668e-14
3.007422511592787123e+04 1.508489246652328206e-13
3.007441743687211419e+04 1.350657490584767482e-14
3.007462597283671130e+04 2.268655635243476461e-14
3.007474851887768091e+04 2.442922730586788510e-14
3.007529781595994064e+04 1.100671777919066254e-15
3.007550635872436760e+04 2.786290038360840355e-14
3.007564289285994892e+04 7.794890148457197028e-15
3.007588421386374466e+04 8.561745278229178608e-14
3.007603901646857412e+04 3.213086868190563399e-15
3.007629843679869737e+04 4.251349152717586003e-14
3.007665790399194884e+04 8.511055554613775187e-15
3.007677678719044707e+04 2.704343973302442186e-16
3.007716356386777261e+04 1.183337245960199047e-15
3.007753729874011333e+04 1.594062879932658402e-14
3.007764403676648362e+04 1.047082231110966460e-15
3.007782727199139481e+04 1.008880083933590299e-14
3.007815277540724855e+04 4.227972184235999209e-16
3.007856634888498957e+04 5.968183636805799658e-15
3.007861937579519508e+04 1.857872244236621771e-14
3.007890425737085388e+04 1.972102876354967324e-15
3.007922417805274381e+04 1.023643020506305378e-15
3.007942903399520583e+04 3.305794653387075244e-16
3.007973334788649299e+04 4.795310830584275414e-15
3.008001237546959601e+04 3.811524896371561654e-16
3.008027350552807184e+04 1.229348564070936631e-15
3.008049730303495016e+04 2.441280175343077648e-15
3.008092511416031630e+04 4.179825799144579634e-15
3.008116381123702013e+04 4.683254478367187786e-18
3.008140235156400377e+04 1.479577779042346013e-15
3.008182218914816258e+04 1.221087241976794110e-15
3.008189980829830529e+04 3.919070913184408062e-16
3.008237298359765555e+04 5.435851046927059372e-15
3.008268963525168874e+04 1.688094965738074412e-19
3.008287004727312524e+04 1.319880603425729852e-16
3.008327079275581855e+04 3.350887403027847149e-17
3.008333486499360879e+04 7.243532968325657169e-16
3.008348076838505949e+04 3.696203180029269016e-16
3.008411510374417776e+04 1.016545051659123603e-15
3.008435067080298904e+04 3.240737364362480147e-16
3.008494161953688308e+04 2.327005778309138862e-15
3.008523605370386213e+04 2.593746241818511227e-16
3.008552284036609854e+04 9.785993967397061652e-17
3.008556147225911263e+04 4.171317347850725821e-19
3.008604800098962369e+04 5.418329771731046464e-16
3.008649173447560679e+04 4.919865854057155338e-17
3.008662032029709007e+04 6.676305485170394040e-17
3.008708563541797776e+04 4.466666686637017989e-16
3.008748990263387168e+04 2.916223442383843442e-16
3.008774406108522817e+04 2.219797567959384908e-17
3.008809247047433018e+04 9.252002711786836231e-18
3.008837312310372727e+04 5.342105855277147984e-18
3.008850966001286724e+04 2.521159264901268303e-16
3.008918364817268593e+04 1.103991285913911588e-16
3.008968665753670939e+04 8.858935706456922233e-17
3.008987423240172939e+04 4.354288077281233606e-18
3.009054961236328381e+04 4.412541403502215810e-17
3.009067205586112323e+04 1.380647719163442033e-18
3.009104268910706378e+04 7.293217906976532112e-17
3.009174131634480364e+04 1.187184852849860061e-18
3.009232148519770635e+04 5.296230520022390559e-19
3.009260709123010020e+04 1.049027587869928654e-17
3.009305425613994521e+04 2.378212270441769717e-17
3.009399714970500645e+04 4.888140809605593576e-20
3.009411606859306266e+04 3.003868681580422850e-18
3.009438208856075289e+04 2.423724566050201581e-19
3.009467390581247309e+04 4.943747957125563487e-19
3.009501400285041382e+04 3.256168664108222014e-19
3.009564405618334058e+04 1.123991525495859787e-22
3.009593644513843537e+04 1.128740245626052402e-17
3.009639815152158553e+04 2.936016609355233287e-18
3.009705796184765859e+04 3.595995144248648128e-19
3.009790235335948091e+04 5.819015641171377660e-19
3.009838388454721280e+04 6.787757944342047000e-19
3.009864933888233281e+04 3.455810523400602157e-19
3.009913677955989988e+04 4.768244378633006342e-19
3.009944017963855367e+04 1.410139536094046872e-19
3.010031430361709863e+04 4.522271618393615029e-20
3.010069719395352513e+04 9.861379766020400686e-19
3.010114820758676069e+04 6.410625734372434690e-19
3.010165300009438943e+04 8.474054012179981282e-20
3.010261043660665018e+04 2.576624494063735797e-20
3.010275790254742969e+04 2.931234705878036335e-19
3.010429932044306770e+04 2.790554678552076548e-22
3.010511287286920924e+04 4.162882468880819707e-20
3.010541480837566996e+04 1.866510318637098765e-21
3.010578311780516015e+04 2.858724919732368888e-20
3.010678161791622915e+04 1.222704615697504881e-20
3.010727444363545510e+04 1.765274666433616525e-20
3.010770686644257512e+04 5.515598289257155883e-22
3.010820389339815665e+04 1.422825161782643275e-20
3.010888453269262754e+04 2.427236693247633670e-22
3.010926653377764160e+04 3.948668923894924101e-23
3.010965258729714697e+04 4.103414280164288143e-21
3.011019461059640162e+04 3.173258634557538809e-23
3.011127493327165939e+04 1.846512219257957181e-22
3.011346321152999735e+04 1.886809183283597652e-21
3.011452004594842583e+04 8.498632414305676371e-22
3.011541537020584656e+04 9.385590647679308102e-23
3.011600937826003792e+04 4.316881745148623301e-23
3.011769011626120482e+04 1.804569873234579642e-22
3.011834789101940623e+04 1.603561619635418974e-23
3.011892784272983045e+04 0.000000000000000000e+00
3.011972280002230400e+04 2.455565198251034141e-23
3.012111861059805960e+04 4.026470393771352649e-24
3.012223675277828443e+04 4.348435525963210560e-24
3.012331305959585006e+04 1.849733897192045596e-24
3.012366223823308246e+04 9.021263702787911340e-24
3.012614663311473123e+04 0.000000000000000000e+00
3.012754200535277050e+04 0.000000000000000000e+00
3.012876636970569962e+04 0.000000000000000000e+00
3.013164213682308764e+04 0.000000000000000000e+00
3.013228019899681749e+04 0.000000000000000000e+00
3.013282398119601203e+04 0.000000000000000000e+00
3.013434385938149353e+04 0.000000000000000000e+00
3.013809189474062441e+04 0.000000000000000000e+00
3.013897409813313425e+04 0.000000000000000000e+00
3.014166941361354839e+04 0.000000000000000000e+00
3.014214490147101969e+04 0.000000000000000000e+00
3.014613993640879562e+04 0.000000000000000000e+00
3.014680324742898301e+04 0.000000000000000000e+00
3.015003567052975995e+04 0.000000000000000000e+00
3.015076939988680897e+04 0.000000000000000000e+00
3.015264164277655436e+04 0.000000000000000000e+00
3.015305445191083345e+04 0.000000000000000000e+00
3.016300571674144521e+04 0.000000000000000000e+00
3.016366533117686413e+04 0.000000000000000000e+00
3.016530580128637666e+04 0.000000000000000000e+00
3.016574034259715336e+04 0.000000000000000000e+00
3.017732901011850481e+04 0.000000000000000000e+00
3.017785808474684745e+04 0.000000000000000000e+00
3.018291993417841513e+04 0.000000000000000000e+00
3.018326009578160301e+04 0.000000000000000000e+00
3.019380823689197132e+04 0.000000000000000000e+00
3.019416982067999561e+04 0.000000000000000000e+00
3.021468068036298791e+04 0.000000000000000000e+00
3.021490501074345593e+04 0.000000000000000000e+00
