-3.001524006207275670e+04 5.796798302715855003e-21
-3.001457174502887938e+04 2.243739619855157954e-19
-3.001451876478791382e+04 7.892615977161730092e-19
-3.001366457940391774e+04 1.397315564406234548e-19
-3.001316281520642951e+04 4.133907884523993803e-18
-3.001254236847922220e+04 6.509241883631209863e-19
-3.001221856511916485e+04 1.142021401096056862e-16
-3.001186654412359348e+04 1.448232408014741629e-16
-3.001121025649448711e+04 2.410331106391728584e-15
-3.001052018737730759e+04 8.501841612041416245e-16
-3.000980008640504457e+04 4.335364525797953434e-14
-3.000908075717716201e+04 4.005313695782267994e-13
-3.000887306538051416e+04 1.332001256380036700e-14
-3.000835162624844452e+04 5.489903037162182951e-14
-3.000762118347500655e+04 8.310563857018301839e-12
-3.000725735142105259e+04 4.601811131079917605e-14
-3.000688695348047986e+04 3.922690276657722330e-11
-3.000618121246895680e+04 1.302197377400761778e-11
-3.000611017201330105e+04 3.033511828388340108e-12
-3.000542483417252151e+04 1.043102225517154490e-09
-3.000533995227898777e+04 6.774745746201039384e-11
-3.000469245738200334e+04 3.237437611548958297e-10
-3.000457248486444587e+04 7.945777346897059427e-11
-3.000396438113367549e+04 1.249517185442138930e-08
-3.000376499123178291e+04 5.874586847310364239e-10
-3.000322379557398745e+04 1.805759414304402065e-08
-3.000292652974904922e+04 5.527811466738827918e-09
-3.000248166188196410e+04 1.093017107407242791e-07
-3.000208608081928105e+04 4.096909753813645548e-12
-3.000173661630122660e+04 2.301958692105211254e-07
-3.000126142495021122e+04 1.030450469042313372e-07
-3.000098657022768020e+04 8.777298139401589477e-07
-3.000044373848204486e+04 1.156307128198494621e-08
-3.000023164036990056e+04 7.893608852242319647e-07
-2.999963246813190199e+04 1.724067090443467684e-06
-2.999947058904973892e+04 5.347040197108041410e-06
-2.999883518287047627e+04 1.092578031211838451e-06
-2.999869948082659539e+04 7.744899666097818554e-07
-2.999805770797210789e+04 2.813473913731163393e-08
-2.999791596722004033e+04 3.243427964294970647e-08
-2.999730086996064347e+04 2.384792277928632564e-06
-2.999712300736902762e+04 4.365063304761941513e-07
-2.999657578092269614e+04 1.044834252988594267e-06
-2.999633278566485387e+04 9.467742805128117338e-08
-2.999592057676588229e+04 5.668360640518264906e-06
-2.999554153061075704e+04 3.225646469723410856e-08
-2.999506163803892559e+04 8.529102970471312613e-06
-2.999473690685409747e+04 6.555927628648298736e-07
-2.999416584527488885e+04 1.135901411181649746e-06
-2.999397952144745068e+04 2.408196859455515492e-06
-2.999360090436953033e+04 1.203976630734706347e-05
-2.999343722269657883e+04 4.549023048011040914e-07
-2.999308486677687324e+04 1.043044543324518782e-04
-2.999244683543884457e+04 6.667601997899894766e-05
-2.999232460328392699e+04 6.924685833651001614e-05
-2.999169262134643213e+04 3.600635851018133299e-06
-2.999140701684444139e+04 6.671268415701373154e-08
-2.999117855780011087e+04 9.794926845664997247e-08
-2.999091178962968843e+04 3.943001424865427902e-05
-2.999067005934174085e+04 2.176185837118057963e-06
-2.999053197030003867e+04 1.742994083349471194e-04
-2.998990208026389519e+04 1.151837011554110733e-05
-2.998965120000217939e+04 3.968138770797225286e-07
-2.998926354007251575e+04 1.379196599415643633e-05
-2.998894535728865230e+04 8.019817976741738970e-06
-2.998884866612773840e+04 2.616548986250444316e-05
-2.998811120625198237e+04 6.923459828714575884e-06
-2.998804383638100626e+04 1.110155836587444314e-06
-2.998756056158291904e+04 1.229583515824780407e-06
-2.998739773666882684e+04 1.071798724601945828e-05
-2.998700657585426598e+04 1.983294577333478322e-05
-2.998671156724981847e+04 4.491477893069025842e-06
-2.998643100269577189e+04 1.246388265751054856e-05
-2.998621769842816138e+04 7.713810927523091895e-05
-2.998586424216918749e+04 1.458218075748771950e-04
-2.998559660283084304e+04 6.657118104965555510e-06
-2.998547230090925586e+04 4.758740388479105023e-04
-2.998534259935087539e+04 3.693705844640761887e-08
-2.998522396152576039e+04 9.866099483173358718e-05
-2.998491491686610971e+04 4.332667246309864222e-04
-2.998476531819469528e+04 3.008163111600745685e-04
-2.998457734613778666e+04 6.957378856578484748e-04
-2.998443878122378374e+04 4.588776082223721027e-04
-2.998434868734301199e+04 3.557863891059559231e-04
-2.998423412945560995e+04 4.975646774363347389e-05
-2.998396804113612961e+04 3.160095480077833199e-04
-2.998384036362301049e+04 8.756774340356109987e-04
-2.998371402886452051e+04 9.601729690125322739e-08
-2.998354361001939833e+04 5.581519165560408654e-05
-2.998339807122538332e+04 8.758262281056667200e-05
-2.998323764790298810e+04 1.184402622302953913e-04
-2.998306542159824676e+04 1.034446221554856257e-04
-2.998277786187396850e+04 2.842404082580988659e-06
-2.998262856095694951e+04 3.044581912501346695e-07
-2.998240207028589793e+04 8.786415452196683378e-07
-2.998225520589061853e+04 4.306790762774952983e-08
-2.998202111205046822e+04 4.726344777368665769e-07
-2.998156284705705184e+04 7.758221613962847602e-07
-2.998133804869982851e+04 5.254655791136653198e-07
-2.998108794165366635e+04 1.429786292396471019e-06
-2.998074713320024966e+04 9.654920287949116183e-07
-2.998066139303356613e+04 6.859882048888484892e-07
-2.998039061908679287e+04 3.533156836416422936e-05
-2.998027842529915870e+04 2.056042968757026019e-05
-2.998009555719357377e+04 1.167899841288749622e-03
-2.997983140342787010e+04 2.113764113557628109e-05
-2.997971141723389155e+04 2.469316639713749900e-04
-2.997950987049298055e+04 2.839449757437358270e-05
-2.997930825322247620e+04 9.632735175886296755e-04
-2.997919209547312130e+04 1.139514960875004238e-03
-2.997901943314506934e+04 5.801739689865902019e-04
-2.997887322443102676e+04 7.159579848101314120e-03
-2.997868820629404217e+04 1.037900600666408126e-03
-2.997843997455900171e+04 4.980636380380216131e-03
-2.997841096028975153e+04 2.696205417610599876e-04
-2.997801977018782054e+04 5.594456427086359806e-04
-2.997795608117611118e+04 7.541634628821380784e-04
-2.997773308509936032e+04 3.240112860545524666e-04
-2.997765480987524279e+04 1.040300783865404880e-06
-2.997752381555446846e+04 1.972317512052541117e-04
-2.997738628686771699e+04 9.669486344794374398e-04
-2.997729147356337489e+04 1.592743699746805238e-04
-2.997695027853882857e+04 4.864531949864209161e-04
-2.997678584071947989e+04 5.819619998275090951e-05
-2.997649463843165722e+04 9.682632022555127081e-04
-2.997628699562687689e+04 2.765930672186274938e-05
-2.997597992371813962e+04 2.832820001173447013e-05
-2.997567281146420646e+04 1.507084968756227838e-05
-2.997559591488634032e+04 6.344471731536195950e-05
-2.997550703532949046e+04 6.838503422782785250e-06
-2.997513985135182520e+04 2.877896932696733228e-04
-2.997503699824684736e+04 6.473507563174168977e-02
-2.997494271153330192e+04 2.338623500513012778e-04
-2.997458043327831183e+04 1.686308154068574084e-05
-2.997437233252381702e+04 6.136878807328100547e-04
-2.997404065645404989e+04 1.179156906683375555e-01
-2.997400360826700853e+04 1.635573206499102081e-02
-2.997391659594612065e+04 1.774401604935397451e-04
-2.997384938446672095e+04 7.861992011016347942e-06
-2.997353602009733731e+04 7.910123089424211129e-06
-2.997330571286075428e+04 1.431681986070272279e-03
-2.997318637890383616e+04 1.128073443084169278e-02
-2.997314455362586159e+04 3.155568208744241924e-04
-2.997280831869369649e+04 1.682395430118871884e-03
-2.997256220549628415e+04 9.748275307770862871e-04
-2.997253518380943206e+04 4.214851293982933844e-04
-2.997250156020117720e+04 3.634486659133457590e-03
-2.997207676978223753e+04 7.519456799137670634e-04
-2.997205137023869247e+04 2.007042440396284225e-03
-2.997190155449624217e+04 1.136873217516340276e-03
-2.997164759348563530e+04 2.131289283625987466e-03
-2.997128293668651168e+04 8.407458246910191028e-06
-2.997122177288627427e+04 4.552762467438965511e-05
-2.997119564161816015e+04 2.724550888618063309e-03
-2.997063177406129762e+04 2.141225184916746105e-04
-2.997050726961367400e+04 7.717585381346285392e-04
-2.997043437678089322e+04 5.143020786278275662e-04
-2.997018538301873923e+04 5.410252322755756960e-03
-2.997001112345493311e+04 5.255514506613201409e-01
-2.996987185966265679e+04 1.580276016770839796e-04
-2.996953452723547889e+04 2.370089237844916154e-04
-2.996940234599115865e+04 2.575654773872104353e-05
-2.996926021792556276e+04 9.237737650719552449e-05
-2.996893524313814851e+04 3.161368939808523008e-04
-2.996889125909137147e+04 3.524255325837289014e-06
-2.996860113544461274e+04 7.795947490406246547e-04
-2.996846201601791836e+04 1.010905512308958180e-04
-2.996829487180120850e+04 4.984923977057862830e-04
-2.996794498241148540e+04 1.000903180233754693e-02
-2.996790503284833903e+04 3.463784940688845182e-02
-2.996747864354398916e+04 2.563554242802019490e-04
-2.996729907504126095e+04 2.418125916253122121e-04
-2.996726300629963225e+04 7.037160517052068776e-06
-2.996702005297759388e+04 6.116662569396977625e-03
-2.996697068483165276e+04 3.549315253181689958e-03
-2.996662691577606165e+04 1.668324318347445085e-04
-2.996639468664829110e+04 1.281612358091730592e-04
-2.996624490091876578e+04 5.606755142099834391e-05
-2.996593602138008282e+04 2.071811521725632195e-07
-2.996577458254305020e+04 2.555829328947181473e-04
-2.996570948199567647e+04 1.601271375704346137e-03
-2.996565664447865856e+04 6.431500354108348480e-04
-2.996548230228214015e+04 3.523758477593135413e-05
-2.996534805963767576e+04 6.188999541039009046e-05
-2.996516184732246256e+04 7.900483024207619444e-04
-2.996505311496583818e+04 1.546743488600610872e-03
-2.996498474639332562e+04 3.974826178826410678e-02
-2.996481899484613677e+04 3.897710084093234956e-04
-2.996474179074602216e+04 3.855998525095338278e-06
-2.996436885087062183e+04 1.172273236580188643e-04
-2.996409602121381249e+04 3.910384074178307199e-04
-2.996407113228223898e+04 4.180146898307625939e-06
-2.996397903913276969e+04 1.402369752591916836e-03
-2.996386813974809775e+04 4.515306721345072744e-02
-2.996382480433873570e+04 4.164365550621802747e-02
-2.996363099033649996e+04 2.582153950917104399e-04
-2.996341247172009389e+04 7.544447339417701271e-05
-2.996313678271815297e+04 1.280641279357408848e-05
-2.996291945722026139e+04 2.969640158595130959e-05
-2.996273626826797044e+04 1.489722832770885838e-05
-2.996265204104787335e+04 1.161387563621451715e-07
-2.996249583206640818e+04 1.512758368535039616e-05
-2.996239583515596314e+04 1.117654790705776562e-07
-2.996234879732934860e+04 9.375166287140185896e-07
-2.996205390910311326e+04 8.106162777643870449e-05
-2.996174056152084086e+04 1.273086529953564073e-05
-2.996162788850562720e+04 6.564365054527768976e-04
-2.996128326725538500e+04 1.729880519177464399e-05
-2.996120559957205842e+04 1.310552328393484231e-05
-2.996111472589253754e+04 6.946350664090990470e-07
-2.996079019463308214e+04 2.911058624246208387e-05
-2.996071151583209939e+04 2.559770293923071703e-04
-2.996059325894551512e+04 8.227081874877629564e-04
-2.996054470134600342e+04 7.410312990965116234e-04
-2.996021626653199564e+04 3.856328958243945197e-05
-2.995995987248537494e+04 9.767952822098412179e-05
-2.995992674289792194e+04 3.158482093637037576e-03
-2.995982737447248292e+04 1.168793948077113753e-04
-2.995968057784496705e+04 5.121888381365020514e-06
-2.995962578977624435e+04 4.103122370018528196e-05
-2.995938120424802764e+04 2.396572839371572496e-06
-2.995923330748017543e+04 2.575627446184674453e-07
-2.995888143256144031e+04 8.735622319427396754e-06
-2.995875120457439334e+04 1.367911528931014956e-03
-2.995868347367980459e+04 1.436949133726118152e-03
-2.995857569916542707e+04 1.298947609538364826e-04
-2.995854222199749347e+04 8.563703288386061542e-04
-2.995834924897303426e+04 2.192446718150144368e-05
-2.995802860013549071e+04 1.437849961796386345e-04
-2.995796554925946111e+04 1.280397955795494088e-04
-2.995767668085233890e+04 6.381877132294153001e-05
-2.995749945738632960e+04 6.834149960217092553e-04
-2.995745002021452456e+04 1.484102484971713560e-03
-2.995735730379060260e+04 3.483380777529714446e-04
-2.995709037249488392e+04 3.747186790622833186e-05
-2.995688043938964256e+04 6.137461909360332598e-09
-2.995675921716519588e+04 6.724000214213745217e-07
-2.995644286544038187e+04 1.199109781609728933e-05
-2.995632135051566729e+04 1.273091946555559803e-04
-2.995624730308895232e+04 4.891187189285877722e-06
-2.995612545651231994e+04 2.589109309808214389e-05
-2.995596471007524815e+04 1.554706196559114828e-05
-2.995580749984420618e+04 5.903324189284861262e-07
-2.995566474449636007e+04 6.696342953739737390e-07
-2.995544230109299315e+04 3.185376607350994234e-07
-2.995534110946346482e+04 1.165502077394992974e-06
-2.995508454151072510e+04 6.701523731880737900e-04
-2.995492283211827089e+04 4.462391274475307947e-05
-2.995488546901720838e+04 1.315432826313124755e-04
-2.995479736636247253e+04 1.196302410182643452e-05
-2.995474289468889401e+04 2.586415116714086004e-08
-2.995436438824627112e+04 1.422609047703416429e-08
-2.995426035047137702e+04 1.331375835052948730e-05
-2.995395459181924525e+04 9.322266185902326551e-06
-2.995387503440940782e+04 7.702985559865300703e-07
-2.995370052111821133e+04 9.977951912902594136e-06
-2.995357412456507518e+04 1.762471203523775001e-05
-2.995341925570592139e+04 9.203699040002484479e-04
-2.995334852987884733e+04 5.303963049748150775e-04
-2.995320516697291896e+04 2.757492860995996103e-05
-2.995297139414250705e+04 1.910183181889174339e-06
-2.995262872661980145e+04 1.444897198171873918e-06
-2.995260755475543920e+04 7.364320869747537227e-06
-2.995255958907442619e+04 6.422971447700659919e-08
-2.995238520961520408e+04 9.003434289957706519e-06
-2.995227378301650242e+04 4.566497828517327474e-06
-2.995201560556708500e+04 2.345750176784848658e-03
-2.995179599357983534e+04 2.233972649750671591e-05
-2.995156995007155274e+04 8.933958304695509636e-06
-2.995144924777586857e+04 1.171410334714630369e-04
-2.995134667955850819e+04 2.169610410366941252e-06
-2.995106678263825233e+04 1.138392573063147187e-05
-2.995089560901905134e+04 1.847213844639520572e-06
-2.995070662522456041e+04 5.642451114613764403e-06
-2.995062484310578657e+04 7.056727557875969749e-06
-2.995057120291028696e+04 7.960959058579687348e-06
-2.995047334224418228e+04 1.981296417056233852e-05
-2.995022108724385544e+04 5.662859741178768330e-05
-2.995006262295840497e+04 2.272544962446156493e-06
-2.994988142319962935e+04 4.236701759111278055e-07
-2.994962301499440946e+04 5.389700175527770599e-08
-2.994944920134707354e+04 2.850336582155505659e-05
-2.994930713064199881e+04 6.416656349928752607e-04
-2.994925365505800801e+04 3.016192370506610152e-05
-2.994918519938586905e+04 7.037797892544354872e-05
-2.994904043551416544e+04 3.751449600304444946e-06
-2.994896211357284119e+04 1.698160333981678255e-05
-2.994854980224291648e+04 2.199149413982117587e-06
-2.994841949279089022e+04 1.033863332212533707e-07
-2.994830396289508644e+04 4.496711622048639790e-11
-2.994808400484465528e+04 9.425136991334967451e-08
-2.994790723240141233e+04 1.016257515157674566e-05
-2.994782230535919734e+04 1.045383265830795054e-06
-2.994771555396115582e+04 2.635826613054059620e-05
-2.994762684248598453e+04 6.782537025432563440e-05
-2.994741638792199956e+04 2.447976791278842941e-04
-2.994701601701754771e+04 2.133891701605292161e-06
-2.994694591280247187e+04 3.241971168563804678e-06
-2.994668877501817406e+04 7.458993873254810570e-06
-2.994657811888368087e+04 3.766731231788746677e-07
-2.994650150809455590e+04 4.191151377785495062e-06
-2.994631578376489415e+04 4.357015857014034688e-06
-2.994627664311692206e+04 1.352441999242510355e-06
-2.994615305123956932e+04 4.623956132711996002e-07
-2.994583458782114030e+04 6.397237973173695717e-05
-2.994570663005157621e+04 3.267776203181596372e-05
-2.994561203751163339e+04 1.702339620798707273e-05
-2.994528484841079262e+04 8.656710968560996944e-07
-2.994520029541826807e+04 3.531096835298096637e-07
-2.994498939165722186e+04 5.953882749112344382e-06
-2.994486038826011645e+04 4.479605756643826589e-05
-2.994469900908728596e+04 3.858921550560993361e-06
-2.994457577208797011e+04 1.417606608666254547e-06
-2.994422634534064855e+04 5.302000838067844042e-06
-2.994410853117929582e+04 2.438760009259717601e-06
-2.994400691385621394e+04 6.391480457669695025e-06
-2.994392564880649661e+04 1.153256655275921652e-06
-2.994377587576725637e+04 3.158287578996049808e-07
-2.994354747885007964e+04 3.869006719390080752e-06
-2.994329285883941702e+04 1.414749208240704501e-06
-2.994323753114627107e+04 1.339148084003099673e-06
-2.994312332867405712e+04 4.511498082596653663e-07
-2.994299901616022544e+04 1.070255017411168420e-08
-2.994276117909224195e+04 4.009586734465055880e-06
-2.994260351495740542e+04 4.262591546427055270e-07
-2.994252106413630827e+04 8.625389450257854712e-06
-2.994233511026267297e+04 1.027928815284933370e-05
-2.994216112348217212e+04 2.789688549006833880e-06
-2.994173697647140216e+04 5.809385729346662660e-06
-2.994166044342473833e+04 2.274352675592452321e-07
-2.994152381750087807e+04 1.168345775560221268e-06
-2.994139252315241174e+04 3.002239830502970799e-06
-2.994120587551682547e+04 5.598851111513697833e-07
-2.994108704716705324e+04 4.646136291143753201e-08
-2.994081396830180529e+04 3.065874651522024076e-07
-2.994074458103784855e+04 3.979282799056072023e-06
-2.994054589129988381e+04 4.281090535925225573e-06
-2.994032778709316699e+04 1.529044267583347878e-08
-2.994019669619507113e+04 6.776418172678548240e-06
-2.994004117599671372e+04 7.676748933366736325e-07
-2.993981966912834832e+04 4.875110523461224979e-07
-2.993948829437098539e+04 3.539619519974820370e-08
-2.993942158479624777e+04 5.730903731380062552e-06
-2.993913606377434917e+04 3.187409925993384965e-07
-2.993895778152279672e+04 8.628781381268957933e-06
-2.993874576342004002e+04 1.197116671697002881e-07
-2.993869253305520033e+04 7.022776805448029767e-07
-2.993858932967114742e+04 3.450094977444989510e-09
-2.993851412472458469e+04 1.618773863359078885e-06
-2.993821494841522508e+04 1.035347703033506078e-06
-2.993816212208125216e+04 3.588573842362769937e-07
-2.993785999114058723e+04 1.261631525637014174e-08
-2.993761916056764676e+04 5.595443466397207368e-06
-2.993744749396326006e+04 8.960477508851003788e-07
-2.993737551811490266e+04 4.362958768550161582e-07
-2.993717890395945869e+04 1.737780942566984363e-08
-2.993706179467710172e+04 1.283068277583972953e-05
-2.993691986117433407e+04 2.711415682118646786e-06
-2.993680932228232996e+04 4.604798025629460652e-07
-2.993645581461851907e+04 2.657465358757608815e-08
-2.993625637484142499e+04 1.203242463328142054e-07
-2.993613777084336107e+04 2.732923489841124992e-07
-2.993607329560369180e+04 6.791606846739794519e-07
-2.993563376068408616e+04 3.364177918929298756e-09
-2.993540060421813178e+04 6.847202226375534582e-08
-2.993533403595922573e+04 1.584723357992391603e-05
-2.993514027803316640e+04 1.337228100106155576e-07
-2.993483001221383165e+04 1.719708787692857313e-06
-2.993462349736999749e+04 2.239302879486548280e-07
-2.993435786706392537e+04 7.078362776868888142e-11
-2.993427467711111967e+04 3.527885721267843574e-10
-2.993412520710575700e+04 9.340200047379323986e-10
-2.993392756021280366e+04 6.108261334227175884e-07
-2.993377832358501837e+04 3.745685429795354264e-07
-2.993349377212227046e+04 8.816897199826246681e-06
-2.993333401553689691e+04 9.636667393736976241e-08
-2.993298567721978543e+04 1.304027854158656426e-06
-2.993279179779455080e+04 5.198066307802757379e-07
-2.993270147889135478e+04 5.670888442062118566e-12
-2.993233812132243474e+04 4.809050213292070641e-10
-2.993230702468154414e+04 1.988321021971833154e-09
-2.993219102959919110e+04 3.552940199575232000e-09
-2.993209713946062038e+04 4.334085933288129947e-07
-2.993194273224328208e+04 8.666248133246891191e-09
-2.993182398842073599e+04 1.134015902634728953e-06
-2.993162954523783992e+04 1.270348717474647559e-06
-2.993127074075964993e+04 2.381161888958454191e-06
-2.993104654536723319e+04 3.826099426011379833e-08
-2.993094972583822528e+04 9.207581933349535209e-10
-2.993070997458466809e+04 1.194276212128136869e-08
-2.993041754496285648e+04 4.651995191421712067e-09
-2.993026738063319499e+04 1.019994449242298310e-07
-2.992972121054317176e+04 1.726343354348698188e-07
-2.992966681293469810e+04 1.159791253918964498e-06
-2.992941703512670938e+04 1.279810326704833256e-07
-2.992933987425788655e+04 3.697126091971840103e-07
-2.992908712293326607e+04 9.824315464645821328e-09
-2.992874114665828893e+04 1.144534527345092204e-08
-2.992855935745489842e+04 3.628709902901846310e-08
-2.992825620286252888e+04 1.785884183544506032e-08
-2.992805592976055414e+04 1.998717702795844703e-07
-2.992788054848738830e+04 3.188570840757596836e-09
-2.992764004193580331e+04 9.969894734552537692e-08
-2.992755586583753393e+04 1.113627109847836353e-07
-2.992721946193655822e+04 1.393849018879993370e-07
-2.992708636002094136e+04 2.048594303298555603e-07
-2.992664058264683990e+04 4.162896798893563192e-09
-2.992647037020100106e+04 1.723893512856335152e-09
-2.992644363378556227e+04 3.862396816989379918e-09
-2.992622803741539610e+04 1.837619343587170703e-08
-2.992594911484690238e+04 5.150665277048472113e-08
-2.992576160579171483e+04 4.155738519260039613e-08
-2.992544090514179334e+04 1.207396499459935851e-07
-2.992521494283778520e+04 6.190270754423888266e-08
-2.992507815795963324e+04 2.533992368180859211e-08
-2.992475124302370386e+04 7.791998094960243579e-08
-2.992441522512371739e+04 1.280338827069456208e-10
-2.992405599122207059e+04 9.648939974421833394e-09
-2.992395274216082180e+04 1.764048669259448600e-08
-2.992370524308486711e+04 4.547378966230031207e-08
-2.992337025388107577e+04 7.295099967454434793e-08
-2.992319812231581454e+04 6.717653421641283866e-08
-2.992293790772937064e+04 1.992205390710606078e-08
-2.992284287056635003e+04 1.387077770529311637e-08
-2.992255648141507118e+04 5.955164499170314402e-09
-2.992234789084606018e+04 3.138243114523424058e-09
-2.992205437446679207e+04 1.486650997041436584e-10
-2.992165711521531193e+04 1.543224827571350759e-08
-2.992149340559609118e+04 7.102588061316502466e-08
-2.992112270628791157e+04 3.840024957779387975e-08
-2.992096436916644598e+04 1.736131176445870851e-08
-2.992087044078159306e+04 8.069358531914107937e-10
-2.992047457779229444e+04 6.487573898414737273e-10
-2.992041685811194111e+04 2.226541591717843507e-10
-2.991982092541541715e+04 2.331927160855974020e-08
-2.991968943899325677e+04 9.352574469154105205e-09
-2.991953892486995392e+04 3.372521080900107963e-10
-2.991915852307538080e+04 2.894234241309605446e-08
-2.991881799786869669e+04 4.809927255954457682e-09
-2.991880174149089362e+04 1.832490521669760316e-10
-2.991805225042316670e+04 4.189625255749214077e-09
-2.991771984530071131e+04 6.500951158949928717e-09
-2.991747697122804675e+04 3.747110666226113758e-10
-2.991741628550216410e+04 1.141815781298129351e-08
-2.991727653305651256e+04 7.170018931738811826e-09
-2.991665801772138730e+04 2.733418364786868579e-11
-2.991622180211374507e+04 3.108620820836326125e-10
-2.991601251479056737e+04 3.525824800310577069e-10
-2.991592043186856245e+04 1.736963376095590131e-10
-2.991551606066471140e+04 4.487968341288429975e-09
-2.991541082811020897e+04 1.764794431357817750e-09
-2.991515425708532348e+04 2.024897552342072106e-09
-2.991473708574498232e+04 5.106676738959152373e-10
-2.991460417514751680e+04 3.734189795630728032e-11
-2.991423333392499262e+04 2.158115078972669278e-10
-2.991387710193049497e+04 1.323938885496250854e-09
-2.991354783944234077e+04 1.119572479358670794e-10
-2.991286349097409402e+04 4.763722617166643828e-10
-2.991275333958053307e+04 9.384099609401582813e-10
-2.991240185661491705e+04 3.410687388484304041e-11
-2.991205561149688583e+04 5.792472440096643988e-12
-2.991190506660842220e+04 2.536741856518530064e-10
-2.991105865865221131e+04 5.774428092182900535e-10
-2.991065343635708632e+04 2.914693697146492239e-10
-2.991057318700158066e+04 3.458297039164188158e-13
-2.991007517457182257e+04 1.713100939445970842e-12
-2.990949302680200708e+04 1.151272237652663509e-10
-2.990913088531352696e+04 2.595980954954610820e-10
-2.990858042039059001e+04 4.124075322227362137e-12
-2.990844677382706504e+04 1.530681312351776923e-10
-2.990824807636953119e+04 2.597122226391839763e-11
-2.990809382562017709e+04 2.108531266996734377e-12
-2.990734939767269316e+04 3.395216707774945086e-13
-2.990710591772996122e+04 1.201818640233514142e-11
-2.990653556536970063e+04 3.897373170523916283e-11
-2.990639877612482087e+04 1.907836507791171922e-10
-2.990580191597536032e+04 3.536947910717304809e-11
-2.990541068937284581e+04 3.484144282521455041e-13
-2.990462564696199479e+04 5.064385681224902220e-11
-2.990422926499068490e+04 1.794315196597133277e-11
-2.990362713234058538e+04 6.139553615190680897e-12
-2.990291554752190132e+04 1.247522399295837070e-11
-2.990260497566231061e+04 7.795083775767096624e-12
-2.990178879064889770e+04 4.490259574134222254e-12
-2.990165638879660037e+04 6.071183524674530684e-12
-2.990109041172471916e+04 1.015413289798074522e-11
-2.990035235308946358e+04 1.826455431748170193e-12
-2.989997005767794326e+04 3.557886841681256321e-12
-2.989914790217820700e+04 9.439368573296624669e-13
-2.989877872692946039e+04 1.120772953328307573e-12
-2.989860725254140561e+04 1.108297259027734156e-13
-2.989796952759006672e+04 1.200669719674486427e-12
-2.989737750949678230e+04 1.918622278422691226e-13
-2.989684030304564658e+04 2.959164675348860417e-15
-2.989629730838113755e+04 3.161200351995274672e-14
-2.989593890728824044e+04 2.518508127635454247e-13
-2.989480172670726824e+04 1.111244602476409753e-14
-2.989457451922511609e+04 8.240481580652735557e-13
-2.989341612016025829e+04 3.810956307773727211e-13
-2.989317125820687943e+04 7.825192554646948447e-15
-2.989267100561660482e+04 5.182537581454289967e-15
-2.989009685373499815e+04 4.403150768191412630e-14
-2.988981976978233797e+04 7.763523474676416738e-14
-2.988860145102817114e+04 1.617795430405902318e-14
-2.988812684013475518e+04 1.405256732900858089e-14
-2.988753336098847649e+04 4.583472805455916437e-15
-2.988710786364614250e+04 1.504241469242590087e-15
-2.988680833226531104e+04 7.158714546288310725e-15
-2.988671503333528017e+04 6.199641125970618100e-15
-2.988555003781418054e+04 3.488095534972557437e-16
-2.988481220950894931e+04 7.843788055164742514e-15
-2.988207891960068446e+04 2.832230732163680730e-16
-2.988118115111892257e+04 2.658359184370822902e-16
-2.987988437870348571e+04 1.443562290334258967e-17
-2.987941665491382446e+04 8.042822543184873990e-16
-2.987755921115354431e+04 1.776886841654311250e-17
-2.987665883156421478e+04 1.761031118807676320e-16
-2.987551657211510974e+04 1.604840284135873665e-18
-2.987315182945958804e+04 1.067762795064046193e-18
-2.987192926366836036e+04 6.179865180244567858e-18
-2.987105198114438826e+04 2.252091033122774255e-17
-2.987015835195359250e+04 7.489838444759658706e-19
-2.986698080597925582e+04 1.548457484397907781e-20
-2.986628167467999810e+04 4.216554442224764224e-20
-2.986318227447301251e+04 6.306701424567474255e-20
-2.986244117977957649e+04 8.202155732225377463e-20
-2.986173940693870827e+04 1.066917731156560044e-19
-2.986114453590535049e+04 7.111700625764792514e-20
-2.985596758870115445e+04 1.408687490316058856e-21
-2.985529497673712831e+04 1.090692464328715235e-21
-2.985217927827269523e+04 1.716649739062344885e-21
-2.985144200282868405e+04 1.358191484809064308e-22
-2.984916957097809791e+04 0.000000000000000000e+00
-2.984849579755411469e+04 7.967681655747127368e-24
-2.984354728049202095e+04 8.311920568628132035e-24
-2.984297201144726205e+04 3.152855701873228760e-24
-2.984075016094141756e+04 3.620558589470695157e-24
-2.984019907175284970e+04 1.273071980709933177e-24
-2.982978454264368702e+04 0.000000000000000000e+00
-2.982927935166699899e+04 0.000000000000000000e+00
-2.982768816472571780e+04 0.000000000000000000e+00
-2.982728735150335342e+04 0.000000000000000000e+00
-2.981477632373959204e+04 0.000000000000000000e+00
-2.981428139022910909e+04 0.000000000000000000e+00
-2.980977295061915356e+04 0.000000000000000000e+00
-2.980943076908370494e+04 0.000000000000000000e+00
-2.979770650506252423e+04 0.000000000000000000e+00
-2.979736068633482137e+04 0.000000000000000000e+00
-2.977612788740048563e+04 0.000000000000000000e+00
-2.977590896393742514e+04 0.000000000000000000e+00
2.998579432826048287e+04 4.247781698376960414e-24
2.998584849297462279e+04 0.000000000000000000e+00
2.998684053282483728e+04 2.640917010048503943e-24
2.998789121343383886e+04 0.000000000000000000e+00
2.998825487881962908e+04 1.275060796001291932e-21
2.998872673315772045e+04 1.350925516275295473e-21
2.998924594438519853e+04 3.371713890967863078e-21
2.998931894134276445e+04 1.849668649344631970e-21
2.998980996272052289e+04 1.574144019295121581e-20
2.999033450409348370e+04 7.584092012436033141e-20
2.999098852243729925e+04 9.323676466856287019e-19
2.999165230698705636e+04 3.285845177271163300e-19
2.999233227026650638e+04 1.177122340024336268e-17
2.999301786472092863e+04 8.390938459664732498e-17
2.999334674675714996e+04 2.352361073556029393e-18
2.999371185351956228e+04 8.127906247261660550e-19
2.999439647638355018e+04 1.415417019769394635e-15
2.999456099462189741e+04 6.205578962458450737e-17
2.999508908488614907e+04 2.526490608942475206e-15
2.999525072710558015e+04 1.199643947892542101e-15
2.999580949788959697e+04 6.144843197304518386e-15
2.999582418686294113e+04 4.263151479829820902e-16
2.999649040345696631e+04 6.860065421586041591e-14
2.999657612771758431e+04 1.824504138929394671e-14
2.999719299819112348e+04 7.475442318656604804e-15
2.999733771028458068e+04 1.085157981930849315e-15
2.999789873930404065e+04 9.130519126505984949e-13
2.999811576500436058e+04 6.941918612574895062e-14
2.999860473185059163e+04 5.746952558905701880e-17
2.999888158348969228e+04 8.681728861648132867e-14
2.999931566201232636e+04 6.916139069626116464e-12
2.999964150206313570e+04 5.034941957326822620e-13
3.000003111786090085e+04 3.126746202521800460e-13
3.000040526780141954e+04 5.394184703368358042e-13
3.000074891085642594e+04 2.966413680591721170e-11
3.000116809948892842e+04 3.707697295005618868e-12
3.000146812307122309e+04 3.182997784486338290e-11
3.000192801306746333e+04 7.902735567842284768e-13
3.000218621353603521e+04 1.873095464789648832e-12
3.000268470264355346e+04 5.111451454340840113e-13
3.000290038094627380e+04 9.761422613548569884e-12
3.000343554741494881e+04 9.691801174381904871e-12
3.000359193409461295e+04 6.321928720721450584e-11
3.000413538931587755e+04 1.437792803664746718e-11
3.000426086206715263e+04 1.042510452559258470e-11
3.000492636467475677e+04 6.680653100090166913e-14
3.000511893945149495e+04 5.192276496530255579e-13
3.000569779812628258e+04 1.434425060432984010e-11
3.000613178473298103e+04 5.614225598634653867e-12
3.000643389907389064e+04 3.309764534417613653e-12
3.000684206228347830e+04 4.012504857696823603e-12
3.000691207807915271e+04 1.955722039924595012e-11
3.000730114708288238e+04 3.423586178538435039e-10
3.000781796076029423e+04 1.034149631176044653e-10
3.000796011906112471e+04 1.107962764819762907e-09
3.000859453354000652e+04 3.973907500346106751e-10
3.000892368811179767e+04 5.799125259573433620e-13
3.000913097028847187e+04 4.436939061573507044e-11
3.000939874343808697e+04 6.132430729166487710e-12
3.000962545948730622e+04 2.773362542452401473e-11
3.000971165598906373e+04 5.726960678698347834e-11
3.001026400334984282e+04 2.182092711764256445e-10
3.001064525560434413e+04 4.676685212718644880e-13
3.001100118517690134e+04 2.089022758191028759e-11
3.001140075152629652e+04 4.513190288082413625e-14
3.001150176640444988e+04 2.236135247785799723e-15
3.001209130915431160e+04 4.475533375650681297e-12
3.001228832661934212e+04 4.211150623891784210e-12
3.001282805481851028e+04 2.508573038240297284e-13
3.001299270750473806e+04 2.800657165925424025e-11
3.001329860103714600e+04 7.033342818886043553e-12
3.001369124240673409e+04 7.303423361562269522e-11
3.001406686653911675e+04 1.109888938414351286e-10
3.001427455593810737e+04 3.366156664402517742e-10
3.001450830920789303e+04 1.196762423054657893e-10
3.001476414709766686e+04 7.473733266492983628e-10
3.001488925013132030e+04 1.369300524504604249e-10
3.001505703216847542e+04 2.710217934150087911e-11
3.001527196800246020e+04 2.608226843202971321e-09
3.001547597321919966e+04 1.332474553088826821e-11
3.001574650701983046e+04 1.227007497697093104e-09
3.001575719031399785e+04 7.034489000617917840e-10
3.001600861344492296e+04 3.993218785549007481e-09
3.001618128639760471e+04 1.097484817824219256e-11
3.001627076629590738e+04 3.400812069062811690e-10
3.001654248405715043e+04 2.541306863293839750e-12
3.001663258244096141e+04 2.108629160262710875e-09
3.001682911353494273e+04 7.762661796520044863e-10
3.001720562465994226e+04 1.000348038614352243e-09
3.001742414921617819e+04 5.587092214766435944e-12
3.001753429355366461e+04 5.929527506000183108e-11
3.001770839115914714e+04 2.251052560104946603e-10
3.001775329760661407e+04 3.321421343718969464e-10
3.001787232545846200e+04 7.376303657692331603e-11
3.001813002669872367e+04 3.575636496897400920e-11
3.001826233632188814e+04 1.305743811478735661e-11
3.001849615336709758e+04 1.216699439340694739e-11
3.001863820392663183e+04 1.399116723905578697e-10
3.001906525694816082e+04 3.381055122877871761e-11
3.001941842870299661e+04 2.014283961597620068e-11
3.001959991670400268e+04 5.298541778198672101e-11
3.001970966151267203e+04 1.544807452838008113e-10
3.001990141335781300e+04 2.675750668925255061e-10
3.002004337977882460e+04 5.089958006676860056e-08
3.002036269112788796e+04 3.246881241195048978e-11
3.002052422490590106e+04 5.725318007608327057e-10
3.002079035285492864e+04 4.951097486929244364e-10
3.002087176734993409e+04 4.561918491085854626e-08
3.002102417346116999e+04 1.033706921670523167e-10
3.002114982559268174e+04 8.659795866734047156e-09
3.002135843664929416e+04 5.719244524834224306e-10
3.002152883313509665e+04 2.123267801381754478e-08
3.002171803052366158e+04 1.577694037048511383e-09
3.002183267030920251e+04 3.848289182769019538e-11
3.002211964999569682e+04 1.320819902710893590e-08
3.002227693102366538e+04 1.583047283806128651e-10
3.002253853551749489e+04 1.737044659933142204e-10
3.002263376761243126e+04 2.880796011176247138e-09
3.002281525281540235e+04 1.777574203877299095e-09
3.002309759906226463e+04 1.601038109458856522e-09
3.002325812438252251e+04 8.373386518244302666e-11
3.002346985940669038e+04 4.027246753825156353e-10
3.002367822018181687e+04 5.082306095684118356e-10
3.002372585576130950e+04 2.861457482351132695e-15
3.002401520995331157e+04 1.829533493961017306e-10
3.002418605157312049e+04 9.341618573977031793e-11
3.002445167951930125e+04 1.242729016432874946e-10
3.002454900912611265e+04 5.334006999207419299e-12
3.002466009198492975e+04 3.471977282264204857e-11
3.002500107073764957e+04 2.653247494514455963e-10
3.002509603108088413e+04 2.063042932233799223e-07
3.002540538676336291e+04 4.613339437377363253e-11
3.002567433063913268e+04 3.832167558224960073e-13
3.002574739467729887e+04 3.370229371147244245e-12
3.002594707266596743e+04 1.589756382920276550e-11
3.002611070207525336e+04 8.359214380857410544e-09
3.002618623353127987e+04 8.736930698804348015e-10
3.002627258787865503e+04 5.301906009684831436e-12
3.002654580238730705e+04 3.203530937183288455e-11
3.002681008423722596e+04 1.966363028287301733e-09
3.002699169136493583e+04 5.211782916124746416e-08
3.002707702804169094e+04 9.485975982555599146e-10
3.002720750866876551e+04 5.255753881709357453e-10
3.002746203342662920e+04 7.781391884922199290e-09
3.002756110388080924e+04 9.376275018455088371e-10
3.002769699036067323e+04 2.182727557804651670e-08
3.002783604555610509e+04 4.485189126831667832e-09
3.002812306281513520e+04 8.098998323160106232e-10
3.002816488135948020e+04 1.519659052208438036e-09
3.002836970441489029e+04 1.227596666693253967e-08
3.002855657839854030e+04 3.515259576001514186e-10
3.002885732011114305e+04 2.340820799622644790e-10
3.002897316653760936e+04 9.431550819389432863e-10
3.002907807319947824e+04 6.317092150885413313e-09
3.002953276183831258e+04 1.074043379229573601e-09
3.002965981092581205e+04 2.222430162999704664e-10
3.002978029867850637e+04 2.233880949039037850e-09
3.003007256237791808e+04 2.346403527154613973e-09
3.003012047149122373e+04 6.599570247385903986e-10
3.003028944914129897e+04 5.004167594875916536e-10
3.003063821070060294e+04 1.816862796452154455e-09
3.003079647697078326e+04 8.628430193899174901e-10
3.003093774247409237e+04 4.269809081185037349e-09
3.003119884604446270e+04 9.368210132983462021e-09
3.003120413924489549e+04 1.758561510138137856e-07
3.003162046021524657e+04 4.313048270075251988e-10
3.003183612440681100e+04 9.278556559459010582e-11
3.003188282262307257e+04 1.359422632572585034e-09
3.003217156706148671e+04 3.765388799332971471e-09
3.003224662024250210e+04 4.717742072203926090e-08
3.003266037037389469e+04 2.251580763068151722e-10
3.003288386245034781e+04 5.281611521767862888e-10
3.003300404567105579e+04 4.573653327855867271e-10
3.003314656086026662e+04 6.830316086814067341e-09
3.003320714437309653e+04 5.374831454388549856e-09
3.003356148197793300e+04 6.704465013623707256e-10
3.003382728629977282e+04 3.174418945255147312e-10
3.003397285060718423e+04 1.366068103749423594e-08
3.003421117410335137e+04 1.873997454173184564e-10
3.003442183999029658e+04 7.691593122573371294e-11
3.003448867273783253e+04 2.099135673492105286e-11
3.003458271196717396e+04 2.893559526937419885e-09
3.003489597349654287e+04 1.472116171542913918e-09
3.003501592391645318e+04 9.559529091177973282e-10
3.003509087447464481e+04 5.594657812851053920e-09
3.003514081774222723e+04 2.244139341592226982e-07
3.003524467029072912e+04 1.572843528746638658e-11
3.003540488208946044e+04 1.359373893544657977e-10
3.003553686383907188e+04 8.635875283393835020e-10
3.003591475804044967e+04 2.392461749024469681e-10
3.003602901134352214e+04 3.578482820392656828e-11
3.003618041592801819e+04 2.545129445477539110e-10
3.003627086525155028e+04 4.153637877325408483e-09
3.003629061369120245e+04 1.127603435620213626e-09
3.003642901821679698e+04 6.839267795372982622e-13
3.003665668456498679e+04 1.897382407708444954e-10
3.003687655295633886e+04 2.326552927644972251e-10
3.003716281559539493e+04 3.575870931342574606e-10
3.003727323894234723e+04 4.380861786233123088e-11
3.003740447116584983e+04 2.360313310148900855e-08
3.003752430234947678e+04 1.487037988521312504e-09
3.003762755630112588e+04 6.646686000887910470e-12
3.003785421874190070e+04 5.963994298310855965e-12
3.003799254422153899e+04 7.252664263474664041e-11
3.003823930855716026e+04 7.390804930695829911e-10
3.003851842889594263e+04 1.503902119905077386e-08
3.003854213136118778e+04 1.870827861721420159e-09
3.003894008294984451e+04 3.973753069328591978e-11
3.003903788766122670e+04 2.375781968834577931e-12
3.003923988609587104e+04 1.824526287024159323e-11
3.003939664596873627e+04 2.009695919202757466e-12
3.003940897058566406e+04 1.177395382190050921e-10
3.003958031090226359e+04 9.800452806337047286e-10
3.003969447927988949e+04 7.465579729972093426e-12
3.004000560361925454e+04 9.134851781634483419e-11
3.004019407831547869e+04 5.011979022786167717e-09
3.004025205240117066e+04 1.756087005925875710e-11
3.004032943155904650e+04 1.241630132724063586e-11
3.004052273102821709e+04 4.099046828619176513e-10
3.004062738724856172e+04 6.027579328454614234e-11
3.004079822366192457e+04 3.123473530859108650e-11
3.004120623390643959e+04 9.674638687778776199e-10
3.004133683833385658e+04 2.618526819946810998e-09
3.004141644600562358e+04 2.445766890029956350e-08
3.004157144616016376e+04 2.712428310411246003e-10
3.004161632749776982e+04 2.544737171664473974e-10
3.004176768583530065e+04 1.242148721653132326e-10
3.004180471058335388e+04 3.232342183749582026e-10
3.004213457489778375e+04 1.081932722101100037e-11
3.004223918794373094e+04 1.100033581333093399e-11
3.004257129885373070e+04 1.120402010533135980e-11
3.004266437606494219e+04 7.715892408704875974e-11
3.004274575584132981e+04 1.879432897233815800e-12
3.004287343112895178e+04 7.721144266165784567e-12
3.004313508383496082e+04 4.561576519637696918e-13
3.004327294359204461e+04 9.047240142805199001e-14
3.004351715345373304e+04 1.778005036712123115e-13
3.004375124392567886e+04 1.931517286970351450e-12
3.004387879705419618e+04 1.202979017999816578e-10
3.004398303535212472e+04 1.280615848550381201e-12
3.004414196117854590e+04 1.735893971722802078e-11
3.004430480133834135e+04 1.235602568811557600e-11
3.004441489923441623e+04 2.865463901926412790e-12
3.004450795776037194e+04 1.465857533835888132e-11
3.004486547409254126e+04 5.617346680555943195e-11
3.004490597765696293e+04 7.432659162907732468e-11
3.004507103762897168e+04 2.817742202999793559e-10
3.004525125805803691e+04 1.037578207510445703e-11
3.004531597673584110e+04 2.099010841108120298e-09
3.004541340262570520e+04 6.552704117162538191e-11
3.004549310579221492e+04 9.037423572153265314e-13
3.004589326603143854e+04 1.731103540791806634e-12
3.004592721210835953e+04 2.169935711490324977e-12
3.004623163326183931e+04 1.188372957011413538e-11
3.004630439967236453e+04 1.106032541790021325e-11
3.004652099380541404e+04 7.292126828161127795e-12
3.004665926397175645e+04 1.367402529434508059e-09
3.004673591837886488e+04 3.026126766415005488e-09
3.004687080165291263e+04 1.202411174300711126e-10
3.004697294684032022e+04 1.265301718453453211e-10
3.004726008590625133e+04 9.651409907328334816e-11
3.004752093428057924e+04 3.880622507734215980e-13
3.004758675321829651e+04 1.314779954092459090e-10
3.004770959181512444e+04 4.903603336801679158e-13
3.004776575265141219e+04 4.804318870734120072e-11
3.004793260522713899e+04 3.021234713165119306e-11
3.004810453928314018e+04 9.938732122931970128e-12
3.004842266014790948e+04 5.777671096225529413e-12
3.004866964925718639e+04 2.198725858722343183e-12
3.004873195717361159e+04 5.787258309408097134e-11
3.004881424147680809e+04 1.305626078062536170e-11
3.004914268395791078e+04 2.834565403155103335e-11
3.004943896665687134e+04 2.924523996555127003e-13
3.004946483581337816e+04 1.271459187924645064e-13
3.004957188263276112e+04 5.792569417288762115e-13
3.004967276584347564e+04 3.642179986145837613e-11
3.004980598190920864e+04 8.077178110012671373e-13
3.004994438054309285e+04 2.048441641924827961e-11
3.005012125071238552e+04 9.868075462899583872e-12
3.005031462996385744e+04 2.760044031704360017e-11
3.005067115892020956e+04 5.047041296921858077e-11
3.005076297532694662e+04 3.136979245884707668e-11
3.005082826738408767e+04 1.339579292184929430e-10
3.005088131198969495e+04 2.094975921806450591e-11
3.005094376594091955e+04 2.889665439677116835e-10
3.005120712637072938e+04 3.706397293258540456e-14
3.005130294162740029e+04 1.704596315129010732e-11
3.005166006645149901e+04 2.081856329211452921e-11
3.005177287774582146e+04 2.188247631547134481e-11
3.005185376610006278e+04 2.882939842140045149e-12
3.005213151468477372e+04 3.411710056725780114e-11
3.005228133823931057e+04 6.166686814441077482e-11
3.005231662162276552e+04 3.284960789987188214e-10
3.005249882824495216e+04 7.915239541783991659e-12
3.005256838389917539e+04 8.574486662892728877e-12
3.005276420165529271e+04 1.507616828853907241e-16
3.005311855390302662e+04 6.188452685454170589e-12
3.005326551498095432e+04 7.429329851421629158e-12
3.005353012026950819e+04 3.128322332325631575e-11
3.005358593340906373e+04 4.070382743199607165e-13
3.005374262988637201e+04 9.936174967781477546e-11
3.005385147068255901e+04 3.059280191147494485e-12
3.005390162106649950e+04 2.034602352775063463e-11
3.005419446229969617e+04 6.394535780089704992e-11
3.005428783255598682e+04 3.701932924503063758e-10
3.005453373569444011e+04 3.256004257662971195e-11
3.005462231963373051e+04 3.393942132135707068e-12
3.005486712297654230e+04 1.219324920585931722e-12
3.005515142842027853e+04 9.201359213173261034e-13
3.005528615191991412e+04 4.900750071727273071e-15
3.005531538963650019e+04 1.087013953077529193e-12
3.005553209483354658e+04 8.280690579359013079e-13
3.005564078567150864e+04 1.194312290986457528e-12
3.005588943277243379e+04 1.074564603445212307e-11
3.005601616501886383e+04 9.422389033866847914e-12
3.005614190626693016e+04 4.477029595954004411e-11
3.005625144018102583e+04 6.830260868604542062e-11
3.005646031365460294e+04 6.274322639415358695e-11
3.005656315962864028e+04 2.298003782460354599e-10
3.005686985739903321e+04 8.997472979445196245e-13
3.005696040349529358e+04 1.984807000122013367e-12
3.005717861891410575e+04 5.136566786463269640e-14
3.005719283580092815e+04 2.654739805357042923e-12
3.005742178008616611e+04 5.914490466817387520e-15
3.005754631241929746e+04 3.640947663543143025e-12
3.005770321472250362e+04 3.069175854562216200e-12
3.005781960292924123e+04 2.499808884337149106e-12
3.005802752829777819e+04 2.406681391854466146e-12
3.005837894660102029e+04 2.147013027305514942e-11
3.005853219391061066e+04 1.602595956191772720e-13
3.005865487337980085e+04 5.380014108940140432e-11
3.005882209480313031e+04 1.438127841224625647e-11
3.005894117889837435e+04 5.969090394958875179e-11
3.005908398787304759e+04 7.993891514730932006e-12
3.005934742365502461e+04 1.563840488345198415e-11
3.005942727739989641e+04 7.197424540184674693e-13
3.005959148410352282e+04 2.127994848681728231e-12
3.005989692845400714e+04 2.518821932703543688e-14
3.005995090381348928e+04 7.447142745781907308e-14
3.006012912332886845e+04 3.794549737049375865e-13
3.006042073679760870e+04 1.303691724654940535e-12
3.006067413106170352e+04 3.327861062005275116e-11
3.006069067217522388e+04 3.002064233031689335e-12
3.006101626673859937e+04 3.574814054860440686e-12
3.006113432174182526e+04 5.377850141589776666e-11
3.006138355494153438e+04 2.405747573927104474e-11
3.006148423951033692e+04 8.479765211159999909e-13
3.006160794908251773e+04 2.646184658026907953e-12
3.006167335622223254e+04 2.410585946303330060e-13
3.006202437274724070e+04 2.862802867084311509e-13
3.006205089418826537e+04 2.806720653300930828e-13
3.006232885858429654e+04 2.515705171847445120e-14
3.006255923422125852e+04 2.145046274629532444e-12
3.006271233886840128e+04 1.363421691167718205e-14
3.006285997405513262e+04 1.583293827304539119e-12
3.006297593137913645e+04 3.317851987040266006e-14
3.006302030025525164e+04 3.957112953333186453e-11
3.006320042824450138e+04 1.790170362942037809e-12
3.006348193979196367e+04 1.250466368325551682e-12
3.006369922469154699e+04 1.178194100690053813e-12
3.006388832189313325e+04 7.224652370484581055e-12
3.006403115061396966e+04 2.857247876883214144e-12
3.006410662741941633e+04 3.783748981257516444e-13
3.006458824413388720e+04 2.416719919373786641e-14
3.006472964243479510e+04 1.419479946565535599e-14
3.006473696983765694e+04 4.451637968635371307e-12
3.006502413777154288e+04 1.601164532023552718e-13
3.006534206767420619e+04 1.003454399153409972e-11
3.006550004919410276e+04 4.611760714574946759e-12
3.006579366062970803e+04 7.979520486627942002e-13
3.006587102152758598e+04 7.871469168378837594e-14
3.006611336893344196e+04 3.738388610289121407e-13
3.006623388532556055e+04 1.074837589125714556e-12
3.006638159259500753e+04 5.783558596714032939e-13
3.006660988200852080e+04 4.971882166718831126e-14
3.006690612619905005e+04 7.031376752054587512e-14
3.006717177779744816e+04 3.303704967680001073e-12
3.006735131284343515e+04 1.247570166435097494e-12
3.006744705796938433e+04 3.063020655215161815e-16
3.006777870591929604e+04 3.602709048224249545e-15
3.006784950028997991e+04 6.686729099101567561e-13
3.006802245238157411e+04 9.528918897252692929e-15
3.006803138942054647e+04 5.052922312545586581e-12
3.006825066051299655e+04 2.176447841457898676e-13
3.006834891836874885e+04 3.171126577183578377e-13
3.006860388790645084e+04 2.255316914745052576e-16
3.006884304657761459e+04 5.932335488435413403e-13
3.006911345222479213e+04 9.785672234909615223e-14
3.006920964157870912e+04 8.416645772718884622e-16
3.006940971667738631e+04 2.410016268264760455e-13
3.006975487510896710e+04 1.441868717606775215e-14
3.006982761945417224e+04 5.575397122403605072e-12
3.007042544770468521e+04 2.226790512688180398e-13
3.007047374031847721e+04 5.810718607569853373e-15
3.007073568181923474e+04 4.228612390926645185e-15
3.007084380529083137e+04 2.688164016458698521e-13
3.007105938361718654e+04 5.065738798403622810e-17
3.007140069425268302e+04 4.671168155322986324e-13
3.007160837986597107e+04 2.068552868937601520e-12
3.007187901203369620e+04 9.382242018322157761e-13
3.007206661387420536e+04 7.108848783495477142e-13
3.007233563224570753e+04 8.582281976919090261e-17
3.007253872884422526e+04 1.905385285675071709e-15
3.007264553064433130e+04 3.969980716526474469e-14
3.007296732296957998e+04 3.466424150496927600e-13
3.007312148466467625e+04 2.331080414935656270e-13
3.007354260368752875e+04 2.569960698787673802e-13
3.007365152303688956e+04 1.276358856364833078e-12
3.007377500277787476e+04 7.731171480681078020e-14
3.007388844047366365e+04 8.683096544722730122e-14
3.007415015491579470e+04 7.734441467344187312e-14
3.007441772869467241e+04 2.337989017911937083e-16
3.007475167345498994e+04 5.179413559318821088e-14
3.007494584659416068e+04 9.925123396404804784e-14
3.007509400517330869e+04 5.185823686079801614e-14
3.007537085072678747e+04 6.872864812808991955e-13
3.007567025900976296e+04 2.299003050694344254e-13
3.007607079776353930e+04 1.239152557123453540e-14
3.007622710518800159e+04 8.818841642846719001e-15
3.007645392035345139e+04 8.099938618260694908e-16
3.007685950185172987e+04 1.081115988362697880e-13
3.007705801619204794e+04 2.229695064836385696e-14
3.007724454071758737e+04 2.867243292575258497e-14
3.007732628731532532e+04 8.108239227231009407e-14
3.007758099091288386e+04 1.882552888937340306e-13
3.007782664204586399e+04 9.254833567710158362e-15
3.007817059785439051e+04 8.448748598734045615e-17
3.007853911633364623e+04 8.311404252764670077e-16
3.007863783581116513e+04 9.325794451637245716e-15
3.007901749903835662e+04 5.919589645366390706e-14
3.007918165171181681e+04 2.195438118718161986e-14
3.007935105381746325e+04 4.434945514699858178e-15
3.007972088180523133e+04 2.444238019330678516e-14
3.007982888049982648e+04 1.650137946527444080e-14
3.008034666614726666e+04 1.491133456234156323e-15
3.008046919362333574e+04 9.719931154146541587e-16
3.008064613696982269e+04 1.077564077093479126e-16
3.008097996750046150e+04 2.538489244161761702e-14
3.008133966628819326e+04 1.374321458158278027e-14
3.008145882407564204e+04 3.647598398716641479e-15
3.008208895978353758e+04 9.020244784417536608e-15
3.008241422827773931e+04 9.728757161932480903e-16
3.008268679198052996e+04 2.477007178386684201e-16
3.008279046786317485e+04 3.428381237801603693e-15
3.008294248607879854e+04 1.838164362359144426e-15
3.008352403905204119e+04 4.770715959198815787e-15
3.008391991964848057e+04 5.984770056107098054e-15
3.008417131187082850e+04 6.253489331472203676e-15
3.008429675944515475e+04 1.300877250922917463e-16
3.008466594049609193e+04 2.327686102484662745e-16
3.008497090067953468e+04 8.185482115672986048e-19
3.008510971217181577e+04 2.241306059095016055e-15
3.008542798910533747e+04 2.143412251181463808e-15
3.008561686904351154e+04 3.623159279641257537e-16
3.008597409964539111e+04 4.915252889343371529e-16
3.008620895034701243e+04 4.062553179935706984e-15
3.008659784068531008e+04 2.802422441404821390e-16
3.008725466564583621e+04 4.522578413047826140e-16
3.008741305853625818e+04 2.223967298862411515e-15
3.008782448277465664e+04 6.001963895373615074e-17
3.008805971076605783e+04 7.520790779858216193e-16
3.008825257992006664e+04 1.755266280126980279e-15
3.008911002612806260e+04 6.088117401593188501e-16
3.008956176646820313e+04 3.955487569180333634e-16
3.008971720014976745e+04 3.251906320755730691e-18
3.009004132296127864e+04 1.047890082329746204e-15
3.009065595860432950e+04 4.302545767307108464e-20
3.009101189500644978e+04 5.235112242727745620e-17
3.009168068887859044e+04 3.701551535704360479e-16
3.009177779813809684e+04 7.312997155332452194e-17
3.009189764301362084e+04 2.251397684022328277e-17
3.009207036558769687e+04 1.378904443102408573e-16
3.009285900003857023e+04 5.143579862526965437e-17
3.009326160350117425e+04 8.774753027690828159e-17
3.009366474254141212e+04 6.927412219384224382e-17
3.009370477659756943e+04 6.550343694395135066e-17
3.009436360584663635e+04 4.643678491688333673e-17
3.009479716888667099e+04 2.768316468889179288e-19
3.009552419311933409e+04 1.709469843911395618e-17
3.009591188361975946e+04 1.887218084472592462e-17
3.009656111227770816e+04 2.617292471391034722e-17
3.009727712520901696e+04 1.529737530973832872e-17
3.009769506816325520e+04 3.861254105331058095e-20
3.009840897714885796e+04 1.733194289322464151e-19
3.009863140773517807e+04 1.020190665273583217e-18
3.009911620242173376e+04 3.922954370387591506e-18
3.010002064490903649e+04 3.041875118356583406e-19
3.010019377400855228e+04 1.562737035894233044e-17
3.010097952949740647e+04 3.348214024575451216e-19
3.010139221081298456e+04 1.340293231484604602e-19
3.010155691229064178e+04 8.653140256650468562e-19
3.010237497921427712e+04 7.042738551891391847e-19
3.010274206985915225e+04 2.011032036306871441e-18
3.010323422643028971e+04 4.108480128198522642e-19
3.010409829175638879e+04 2.189267769438087781e-19
3.010426062277442543e+04 3.717500763369387630e-19
3.010543865287524750e+04 2.045287300127870278e-19
3.010557055209367900e+04 1.092468199875968036e-18
3.010679714229666570e+04 7.362750385154840652e-22
3.010708998792356215e+04 4.369208388436340948e-19
3.010762813933001235e+04 1.109650028226589073e-19
3.011012837603463413e+04 1.565072176459318709e-20
3.011054291581984216e+04 2.159067285462108716e-20
3.011182369275825113e+04 3.464039919452026142e-22
3.011212113899992983e+04 5.143845202976260858e-21
3.011260921193574904e+04 1.550337543399268426e-20
3.011309316198292072e+04 2.587361735334915441e-20
3.011335648921338361e+04 4.272342824304876533e-21
3.011360273412154493e+04 8.661315429880481895e-24
3.011482928729574633e+04 4.252468370353874150e-22
3.011534062555017226e+04 7.525722188846178679e-22
3.011818820182170020e+04 1.139492141364262743e-21
3.011907532785263902e+04 1.799944518880046216e-21
3.012036776607268985e+04 6.579084130544487544e-22
3.012073247738372083e+04 1.682416961711256317e-23
3.012280167786819948e+04 2.293128041652546829e-24
3.012350184838121640e+04 1.452047966568915113e-22
3.012484492429492093e+04 1.005542202631410406e-23
3.012716453248913967e+04 1.095894427824505221e-23
3.012830214214594525e+04 6.188449211016344856e-24
3.012906809173016882e+04 6.099194283322805621e-24
3.013012955705892455e+04 2.621711734350115644e-24
3.013324357301676355e+04 1.248859015272809706e-24
3.013403738425634219e+04 0.000000000000000000e+00
3.013717955525871730e+04 0.000000000000000000e+00
3.013791284248137163e+04 0.000000000000000000e+00
3.013837674086666448e+04 0.000000000000000000e+00
3.013916123587464608e+04 0.000000000000000000e+00
3.014427693116975570e+04 0.000000000000000000e+00
3.014497874545434388e+04 0.000000000000000000e+00
3.014798158695001621e+04 0.000000000000000000e+00
3.014865547724864518e+04 0.000000000000000000e+00
3.015138047895399359e+04 0.000000000000000000e+00
3.015203096675616689e+04 0.000000000000000000e+00
3.015670158649706718e+04 0.000000000000000000e+00
3.015729200395022053e+04 0.000000000000000000e+00
3.015941349795901260e+04 0.000000000000000000e+00
3.015991912005104678e+04 0.000000000000000000e+00
3.017040329261740771e+04 0.000000000000000000e+00
3.017093505313765127e+04 0.000000000000000000e+00
3.017253021633832759e+04 0.000000000000000000e+00
3.017292106253419115e+04 0.000000000000000000e+00
3.018534914981645852e+04 0.000000000000000000e+00
3.018583522123108560e+04 0.000000000000000000e+00
3.019056027430669201e+04 0.000000000000000000e+00
3.019089353742397361e+04 0.000000000000000000e+00
3.020241611357604779e+04 0.000000000000000000e+00
3.020275425266925595e+04 0.000000000000000000e+00
3.022399988485282302e+04 0.000000000000000000e+00
3.022421363257616395e+04 0.000000000000000000e+00
