-3.003493423166470893e+04 0.000000000000000000e+00
-3.003310474020214315e+04 1.372497339868633712e-23
-3.003223765575051220e+04 1.207005955262458655e-21
-3.003206399133738159e+04 4.190411837533296336e-22
-3.003160591233007290e+04 1.331724583672718040e-21
-3.003004992615123410e+04 9.588346101818378898e-23
-3.002917758650684846e+04 5.048465254069141456e-21
-3.002860013345337211e+04 6.936281820834182521e-19
-3.002791359630751322e+04 1.395080225001837241e-18
-3.002739522072325781e+04 4.573948203419550348e-20
-3.002690009163119248e+04 3.051747377145758176e-18
-3.002584955065311806e+04 1.051883282995933650e-16
-3.002481193582893320e+04 1.035385854383822058e-16
-3.002460432297352600e+04 8.892357074852901593e-19
-3.002379476739530583e+04 1.925178422966697748e-15
-3.002278653212007339e+04 1.482087758887935522e-14
-3.002243438573008825e+04 1.319615209909215726e-15
-3.002176150014247105e+04 3.136383679212621782e-15
-3.002102073253753042e+04 3.671330244298252607e-14
-3.002067424218337328e+04 4.390447954056479957e-13
-3.002006562265456159e+04 4.313462241990046385e-14
-3.001963023171523673e+04 4.199496498761200529e-13
-3.001910246485602693e+04 1.097644807388525184e-14
-3.001860740645799524e+04 7.964008353670973806e-12
-3.001790524738426757e+04 1.110406586877246782e-13
-3.001757078838702000e+04 2.198821492683666335e-11
-3.001664445928707573e+04 1.558149961133444474e-12
-3.001652963640381131e+04 8.891692746409140645e-11
-3.001549033480248909e+04 4.152546240670439913e-10
-3.001544349398635677e+04 1.228248266507385187e-10
-3.001443578594093924e+04 9.239905227761307061e-10
-3.001428469301771838e+04 1.614692847090054021e-11
-3.001338067620750007e+04 7.516543656219140586e-09
-3.001311998398321157e+04 3.747894474563657832e-10
-3.001232409270675998e+04 1.194398221428124207e-08
-3.001196123084699138e+04 1.061302094848825062e-10
-3.001127471415113177e+04 6.602404641484447512e-08
-3.001081366971576426e+04 3.125152991953211023e-10
-3.001023998664719693e+04 1.909512701578799008e-07
-3.000969415903416302e+04 2.034079596023581027e-09
-3.000924296534952737e+04 1.144928738765583262e-07
-3.000867031085395865e+04 1.818704032026889817e-07
-3.000837990539285238e+04 7.743825919311486180e-07
-3.000789010531644453e+04 1.179231259099294780e-06
-3.000776176246276736e+04 5.589013531312108097e-08
-3.000710171686468311e+04 6.121099839621334332e-08
-3.000694261753930914e+04 1.037352157824606556e-07
-3.000610370909995618e+04 2.898960784170064057e-08
-3.000601311484735197e+04 8.970503680711502308e-06
-3.000515072245761621e+04 6.814987760300701396e-06
-3.000500501995193190e+04 7.842923589208103955e-06
-3.000438614053827041e+04 2.646897952500592872e-06
-3.000404781194773022e+04 2.152464371892197134e-07
-3.000378875123717808e+04 9.077134232068714282e-09
-3.000345174605055217e+04 2.331823642313802315e-07
-3.000290221138907145e+04 6.070764896779520291e-06
-3.000262802426275084e+04 2.029201315298049789e-08
-3.000209470381030405e+04 3.127904453339007259e-06
-3.000161197727181207e+04 1.131655262290568963e-06
-3.000142961225821637e+04 4.904722288183553294e-07
-3.000095135746034066e+04 4.304675136292883732e-06
-3.000067963435553611e+04 2.669226166927883561e-06
-3.000030766122341447e+04 2.126229051200957063e-05
-2.999994048315050532e+04 1.332300840869756569e-05
-2.999944023713385104e+04 3.135477015255925540e-06
-2.999933842870354056e+04 8.658242301890414151e-06
-2.999916455744766427e+04 3.374512431851331570e-06
-2.999897421066979587e+04 9.212603433321742673e-06
-2.999841496538154388e+04 2.631335349259402906e-05
-2.999818487774523965e+04 1.334982294052703042e-07
-2.999789857205724911e+04 2.745619373070403148e-07
-2.999760845983888430e+04 1.528245479592028866e-04
-2.999746398516521003e+04 1.047616545479874784e-05
-2.999727392009763207e+04 2.391895098539639151e-05
-2.999708960749893595e+04 2.187572680655813762e-05
-2.999677409087169508e+04 1.351170964746180357e-04
-2.999667798299978676e+04 1.975795176383605609e-04
-2.999609803414200724e+04 6.864958642436636830e-07
-2.999586481950405505e+04 1.855392235450275412e-04
-2.999573118870221151e+04 2.671602651127889642e-06
-2.999533933453575082e+04 2.345413745517804089e-05
-2.999499262237184303e+04 1.074430338190380964e-05
-2.999468396653309901e+04 1.640764462478976666e-06
-2.999442278611635265e+04 1.196373735865610463e-05
-2.999415188780544122e+04 9.443663644351677641e-06
-2.999399582180869766e+04 7.219821983259411159e-06
-2.999358001889880688e+04 2.153817026929559029e-05
-2.999337929722319677e+04 1.857164569002050638e-05
-2.999327336612319050e+04 3.277916165656206412e-05
-2.999280201283126371e+04 2.876932704792616399e-05
-2.999256386917849159e+04 8.915269153869593904e-05
-2.999233717970514408e+04 2.024062921602972568e-05
-2.999210905339746751e+04 2.190145083424664967e-05
-2.999191864220351272e+04 8.537704324619165442e-04
-2.999147493502532234e+04 2.485230046558742195e-06
-2.999140789425948242e+04 8.323735031139241868e-05
-2.999106371726151701e+04 1.522832901120460048e-04
-2.999097334165240318e+04 1.250884247622416718e-05
-2.999052819947189710e+04 1.910129256760789184e-07
-2.999031700435679159e+04 1.659453214335259526e-04
-2.999025087828066171e+04 1.508877632920130579e-04
-2.998969035970736513e+04 3.032022665422935280e-04
-2.998946307695639189e+04 1.453114781708488284e-04
-2.998919635191839916e+04 9.182724944724184412e-06
-2.998916385870367958e+04 1.429888980827314260e-04
-2.998882998705690625e+04 6.374638277453762923e-06
-2.998839107282766781e+04 3.889261213162089194e-04
-2.998813715634757682e+04 3.897962131222947277e-06
-2.998799369285885768e+04 5.159467131081322058e-05
-2.998788739362172055e+04 3.350852693881824099e-05
-2.998771885930250937e+04 2.009752374128172519e-03
-2.998726425868349907e+04 5.280495726630588449e-04
-2.998693832066464165e+04 9.765758861690670146e-07
-2.998684736685287862e+04 8.168844705635204214e-05
-2.998667147679471600e+04 4.147543400081176659e-06
-2.998640642142471188e+04 8.960656331732283397e-08
-2.998608079716428256e+04 1.663172403290527797e-03
-2.998593748203272480e+04 4.612288863408553615e-05
-2.998577075647473248e+04 1.179358830653196542e-03
-2.998549685179827065e+04 4.583753067296727633e-04
-2.998530636168413184e+04 1.180030000741813393e-03
-2.998525164476312420e+04 3.571243070558482004e-04
-2.998499006991284841e+04 2.633433352846168318e-04
-2.998465242927342842e+04 4.432140458221093876e-04
-2.998439839213313462e+04 1.248139890470941454e-05
-2.998404651386924525e+04 3.000077453254607655e-06
-2.998362759400156938e+04 1.477619910418929159e-04
-2.998344102930326699e+04 2.573957896620039155e-04
-2.998315106725661099e+04 1.672334925300825040e-04
-2.998302164939108843e+04 7.050826400302358102e-05
-2.998268581897118202e+04 1.076431435376122017e-04
-2.998246936566339355e+04 1.870237618412610851e-04
-2.998225699899503525e+04 1.223931623094954180e-06
-2.998189601393871271e+04 3.786364222092190087e-03
-2.998159034777872876e+04 2.413671032572790431e-03
-2.998141081108826620e+04 1.029802033690503530e-04
-2.998105488951790539e+04 1.879437455391752489e-04
-2.998078673455383250e+04 6.343819291887841261e-04
-2.998068276890425477e+04 4.437768966948247955e-03
-2.998040507277863799e+04 1.161900766165688617e-03
-2.998023525598243214e+04 1.264507304394105365e-02
-2.997997878546832726e+04 6.373938983340320628e-03
-2.997984755214883990e+04 3.932758482412127346e-03
-2.997978065091173994e+04 7.084882922831716888e-04
-2.997926141684688264e+04 1.061366843858246693e-02
-2.997924308498768733e+04 1.203270117489010915e-03
-2.997885232772567906e+04 6.360001889865222620e-06
-2.997846533914905012e+04 1.855396590407161719e-07
-2.997810378106905773e+04 8.558612752716203398e-07
-2.997795496938503857e+04 1.083743244939390244e-03
-2.997769868220267017e+04 2.472909313849158599e-04
-2.997727755025877923e+04 2.352710771545460571e-06
-2.997680716784041579e+04 2.281625456907475629e-03
-2.997668664331157561e+04 7.932534603691690833e-07
-2.997636900199756928e+04 2.989647003862386221e-04
-2.997625448522769875e+04 3.105335285029674534e-04
-2.997555741960565865e+04 3.994427200494097066e-03
-2.997542762440178922e+04 9.190049569766013280e-04
-2.997529437796461571e+04 4.745719173745702874e-02
-2.997519457513954694e+04 1.262234607357798355e-01
-2.997493394221153721e+04 2.929571032732183021e-03
-2.997465030948898857e+04 2.606664250327426352e-02
-2.997443814546101567e+04 2.968044797148783331e-02
-2.997425346324319253e+04 3.702972752806982931e-02
-2.997411041101070805e+04 1.267694928075782310e-02
-2.997383320850786185e+04 1.065261272504975688e-02
-2.997362664614884488e+04 7.844830859563308237e-03
-2.997348335105102524e+04 9.089008536363308785e-03
-2.997327177899189337e+04 1.252357456771368595e-02
-2.997314103754716052e+04 6.640958531221675997e-04
-2.997269050219410929e+04 5.691989839453821289e-04
-2.997248217229204602e+04 1.656011181780948623e-04
-2.997243081005834756e+04 1.202195547414944277e-02
-2.997203609717941436e+04 8.943599148104457050e-06
-2.997188123880255080e+04 1.174752412115502345e-05
-2.997156476361333989e+04 6.745279654514100762e-03
-2.997135342867862710e+04 4.782424046633082260e-05
-2.997117140431641747e+04 5.276150964169429476e-04
-2.997064402886485550e+04 1.188379583727882261e-03
-2.997061521669938520e+04 9.748092032550633715e-04
-2.997017453978231424e+04 1.716674700263398547e-03
-2.997008528300792386e+04 2.023884830632007373e-02
-2.997002724685335124e+04 1.368467751730182425e-01
-2.996987089518635912e+04 5.124370362150073655e-04
-2.996965689200646011e+04 5.769973574298348749e-03
-2.996936513878907135e+04 6.637722435389530290e-05
-2.996909452094200242e+04 1.372614035930069549e-04
-2.996898809694428201e+04 4.448344364253065553e-04
-2.996871037257384160e+04 5.458082494492136859e-03
-2.996857761978547569e+04 8.209154001325612987e-03
-2.996851112710925372e+04 9.306161498777503968e-03
-2.996832837613661832e+04 4.293045966259636387e-02
-2.996809680829665012e+04 6.408428438850545181e-03
-2.996807009080045827e+04 4.691971493057140591e-02
-2.996772585395705755e+04 9.631166628421792067e-03
-2.996762345370223193e+04 2.336121596945566620e-02
-2.996742440905450712e+04 1.271248380898007575e-03
-2.996711724806851271e+04 1.020528830208229906e-06
-2.996699962410732041e+04 9.275724670109239747e-03
-2.996673576109858550e+04 3.179001082177875057e-03
-2.996666593462616947e+04 1.135623031518663562e-02
-2.996616088405361006e+04 5.789429930111134395e-03
-2.996609351732015421e+04 3.174734966557016193e-04
-2.996584234472292519e+04 1.482156937363599599e-03
-2.996570763480571259e+04 2.961438387571169433e-04
-2.996535592018126772e+04 2.396503210021465411e-03
-2.996507119375577895e+04 3.269650985639538550e-03
-2.996487105577848706e+04 6.166599135208954835e-02
-2.996475639903828414e+04 1.723787243076784729e-04
-2.996464114110388618e+04 1.206501437770034935e-07
-2.996450597431083952e+04 2.163746599279597912e-05
-2.996412153892392234e+04 2.960799753945965083e-04
-2.996396160017188595e+04 4.130610525516417979e-04
-2.996369146786298006e+04 1.466240790374650355e-02
-2.996353097034154416e+04 9.049392405752440527e-02
-2.996332030017698344e+04 8.976217933565415171e-04
-2.996315930520146503e+04 2.229716346797320971e-03
-2.996295092041232419e+04 1.225050660217200397e-04
-2.996270227483322014e+04 4.881541328575558238e-04
-2.996242490587575230e+04 1.038102965514995675e-04
-2.996228810640242591e+04 2.677243218391683259e-04
-2.996205762460959158e+04 5.526166546961470093e-05
-2.996178205286484081e+04 1.471357718212427547e-06
-2.996156506414460455e+04 1.663855995203881869e-03
-2.996147554257490992e+04 1.717163560401355551e-02
-2.996113484047131715e+04 1.648113182890553004e-04
-2.996086898290045428e+04 4.580316558529664108e-04
-2.996083278659421921e+04 7.669109098958422596e-06
-2.996078999629851387e+04 5.533737967980179151e-06
-2.996069679706617899e+04 4.093256098293975259e-04
-2.996015820511600032e+04 3.854646888562001305e-04
-2.996011119077265175e+04 2.148404387369811170e-06
-2.995962773620905864e+04 8.175310489673574344e-04
-2.995958518108404678e+04 2.284069793726699500e-03
-2.995950972835728680e+04 3.776913642346080638e-03
-2.995924042242270298e+04 1.991193968781980461e-03
-2.995913923098873056e+04 2.661567406313852590e-06
-2.995885171507693667e+04 7.655362771483171688e-07
-2.995849096943564291e+04 1.890079895337704497e-04
-2.995833749954294399e+04 2.615442347234815928e-04
-2.995810974067933421e+04 1.347837906769152445e-04
-2.995802595460354496e+04 6.116736014554598417e-04
-2.995784338917852074e+04 6.961148719671736602e-04
-2.995776124555614297e+04 1.328698315457228478e-05
-2.995761516367113654e+04 4.563086345821223326e-05
-2.995742951833568077e+04 1.450963777011245702e-03
-2.995710845838519162e+04 1.777364824797500106e-07
-2.995669342178969964e+04 6.077471099387071795e-04
-2.995660318247577743e+04 1.529280282935512687e-04
-2.995654616003131741e+04 1.506181613110782079e-03
-2.995623566641348953e+04 2.199542846176803183e-03
-2.995614197273570608e+04 1.183085784231346183e-04
-2.995579424305892098e+04 2.231605919336475630e-05
-2.995563743261988566e+04 2.497648591120635829e-04
-2.995545532998396811e+04 1.238508360736512582e-04
-2.995516635041142581e+04 1.009480168607882530e-03
-2.995507133550581057e+04 8.461651507191891505e-04
-2.995489920238629929e+04 1.938573003976473957e-03
-2.995452027559428825e+04 2.497364492875655838e-06
-2.995429335594951044e+04 2.476081800338868514e-05
-2.995412951302318834e+04 1.040633500173476891e-04
-2.995401979034791293e+04 4.137124210859000615e-05
-2.995370500844453272e+04 9.812102176442380464e-05
-2.995364951897677020e+04 1.488038477668368956e-03
-2.995344803742914883e+04 3.346045913173862339e-04
-2.995336174546712937e+04 7.560646119136312627e-08
-2.995316417301115507e+04 3.814590764035119839e-05
-2.995264504255775319e+04 7.638152494855016049e-06
-2.995250321676221211e+04 1.472038138835484128e-04
-2.995230348046867584e+04 6.127520167773806636e-05
-2.995209453663192471e+04 8.053619148564937459e-05
-2.995198257065827420e+04 2.651862369043139745e-04
-2.995193438544426317e+04 2.528932115727971705e-03
-2.995182218945190107e+04 1.332911634453461602e-04
-2.995152755373849868e+04 1.297694875675950053e-04
-2.995128730677889325e+04 4.907628150504235403e-06
-2.995091575844108593e+04 9.527820205313987649e-05
-2.995077994134828987e+04 1.458647334752339098e-05
-2.995066213105205316e+04 2.149658455768559094e-05
-2.995033238894644455e+04 4.401535084091291431e-06
-2.995014130962176932e+04 1.697939494481475603e-03
-2.995003776356138769e+04 1.218944258060108889e-03
-2.994977258074500423e+04 1.225239851240958225e-05
-2.994963667161027479e+04 2.586004862641654259e-05
-2.994934079614094662e+04 1.432030866927933835e-04
-2.994927134706496508e+04 1.642705344431972690e-04
-2.994898560512599579e+04 2.597315745156570505e-05
-2.994873610634876968e+04 1.293309061842481535e-05
-2.994873335038603182e+04 4.382182715806927027e-06
-2.994839609129351447e+04 9.083201176922211259e-05
-2.994828765653241862e+04 2.001665819123177510e-04
-2.994803130101411080e+04 2.055482590573833729e-03
-2.994794229921890656e+04 5.900349842710130645e-05
-2.994773007921608223e+04 8.684719008929424940e-04
-2.994765307569368088e+04 1.857352751432598380e-06
-2.994727033683618720e+04 6.089189092208686113e-05
-2.994710615956236870e+04 9.314238880440557205e-06
-2.994679362000754918e+04 5.808643341267686119e-05
-2.994656382082253549e+04 2.002479980309336625e-04
-2.994636557588078722e+04 1.631421432656473285e-07
-2.994623044925431532e+04 1.233212193373584638e-04
-2.994613516130911376e+04 1.963151179512422724e-04
-2.994591897812599564e+04 3.800424976996700319e-06
-2.994562352085028033e+04 5.325869134950388079e-06
-2.994557148112268987e+04 2.428217819827978356e-06
-2.994533519505076401e+04 3.012793813676725965e-05
-2.994517841193617642e+04 7.608086130167739233e-04
-2.994513788350872346e+04 1.000062041074953918e-05
-2.994464909933181480e+04 2.370418296981990792e-06
-2.994446424456888417e+04 6.115604544841440914e-05
-2.994411379776636750e+04 2.802186589400164357e-05
-2.994404056903528181e+04 1.784633582245004666e-05
-2.994361708624330640e+04 3.658877960718564005e-07
-2.994354387921002854e+04 1.067974616514694165e-05
-2.994334631495056601e+04 1.008735075869272479e-06
-2.994303718301697518e+04 2.681707072777522369e-05
-2.994291258084491710e+04 2.306095056648597031e-05
-2.994280546382389002e+04 4.590395674406570374e-05
-2.994257785491096729e+04 3.037604735433100658e-04
-2.994234149739366694e+04 2.271862588898672768e-06
-2.994227173061177018e+04 3.951740139573382670e-06
-2.994206153378546514e+04 2.641688666149923791e-06
-2.994180796141972314e+04 8.051392121369786009e-06
-2.994155305098760437e+04 1.032738878624692809e-04
-2.994115668829681454e+04 2.254429282078824641e-05
-2.994105147972483246e+04 1.708586155318458536e-05
-2.994071383739451630e+04 4.551361681035536475e-05
-2.994061338371311285e+04 1.697395759312630981e-05
-2.994058516865596903e+04 3.117103907994110972e-05
-2.994043430787196849e+04 5.419877977135883174e-06
-2.994005579635071263e+04 1.276298418653191726e-06
-2.993970689604558720e+04 4.872074550931767998e-08
-2.993943828767667583e+04 2.176886343486322502e-05
-2.993923744586887915e+04 4.467158143773391559e-06
-2.993910318288459530e+04 8.340410248401090135e-06
-2.993898449869727119e+04 1.755754310976572925e-06
-2.993882461678190521e+04 1.756622700459221893e-06
-2.993844421949573007e+04 4.574566916689753279e-07
-2.993826063790037006e+04 3.722651137667049335e-05
-2.993795380585642852e+04 2.997354282288499183e-05
-2.993769929612897249e+04 2.279372715986803166e-05
-2.993754480644249270e+04 3.983704413632119822e-06
-2.993733459515375944e+04 3.163637594167112380e-07
-2.993724620537671944e+04 5.811379192864539288e-06
-2.993711736466389993e+04 2.537084209194755453e-07
-2.993690926269440024e+04 1.326041527000028443e-06
-2.993658512419108956e+04 9.256022932104117869e-06
-2.993618579923360085e+04 2.416709395112471968e-06
-2.993602080134155767e+04 5.800595268135422127e-07
-2.993580009460928341e+04 1.293159697596142192e-05
-2.993552243994025048e+04 2.022706638653231616e-08
-2.993543118576490815e+04 6.298795271803537005e-06
-2.993531199762914548e+04 2.716233689951807085e-05
-2.993505622105884686e+04 2.406621825383975790e-05
-2.993489476260452284e+04 2.263951706024825295e-05
-2.993448405070352601e+04 1.041241361322483322e-06
-2.993417657601215615e+04 1.734293437274043508e-07
-2.993396998716660528e+04 1.763419788242833251e-06
-2.993374452925994774e+04 2.578720515399738632e-07
-2.993355948365725999e+04 2.707476154285625459e-06
-2.993332690893422478e+04 1.087212253640098801e-06
-2.993323461656649306e+04 1.382790329794359765e-07
-2.993293932766227590e+04 5.747474295540706086e-06
-2.993262209974763755e+04 9.949567654730881750e-10
-2.993259356320564257e+04 5.441414108326781459e-05
-2.993216822919679180e+04 6.348839913296742258e-06
-2.993208840304101614e+04 1.933342957091507993e-05
-2.993172294632496050e+04 1.376819518090196265e-07
-2.993157631589228549e+04 4.938563506302762608e-06
-2.993125198827312852e+04 1.814984659707547297e-06
-2.993110987636271238e+04 3.469064703260737841e-07
-2.993091724457160672e+04 1.456972462376633663e-07
-2.993056300761122111e+04 6.136519475873314952e-07
-2.993036688999225225e+04 4.202867222221886132e-06
-2.993014749184027824e+04 2.165543053429317866e-05
-2.992980124596198584e+04 2.104856630518082587e-07
-2.992967206976583839e+04 8.487939074260289094e-08
-2.992943737217607850e+04 3.370317324134721078e-05
-2.992926726573382257e+04 3.967250474168536188e-07
-2.992902468945379951e+04 9.634099615229619399e-08
-2.992868912161310800e+04 3.144975007144244478e-08
-2.992850069400546272e+04 7.563005063183602963e-07
-2.992799990365661506e+04 8.161756417102135784e-07
-2.992789323104960204e+04 1.660862577855332323e-06
-2.992760261878982055e+04 3.350282780538560204e-06
-2.992737798103633395e+04 5.243433788016371259e-06
-2.992720333245643633e+04 4.061144159366079017e-07
-2.992706279985127185e+04 1.200797306369973589e-05
-2.992685169128924463e+04 4.786630661180508852e-06
-2.992628694584550249e+04 3.644193830247984929e-07
-2.992623232172097050e+04 7.171322956083953146e-08
-2.992614845098649675e+04 8.587882385259725632e-07
-2.992587438050172932e+04 4.147721470193716639e-08
-2.992536605206118111e+04 1.079431471121837127e-06
-2.992525018512840688e+04 2.395497084923615089e-06
-2.992496000583150089e+04 1.646335658813732465e-06
-2.992453832284161399e+04 8.919146180890335062e-07
-2.992448057217079258e+04 3.276765710120290148e-06
-2.992435040610489523e+04 1.897344923654335743e-06
-2.992371211554429101e+04 5.456671760432857807e-07
-2.992341093522061055e+04 1.107603002592214205e-07
-2.992326001864525460e+04 1.015073722864162996e-08
-2.992308286476161811e+04 3.176098234779378538e-07
-2.992291463964947980e+04 2.211855903800023260e-09
-2.992257626781996441e+04 2.533444274960626470e-06
-2.992234877808625606e+04 6.208202423516312235e-07
-2.992194436945376947e+04 3.827616819707032291e-07
-2.992155193566614980e+04 6.913132246739834376e-07
-2.992138625772593150e+04 1.648028118184991093e-10
-2.992132082788367552e+04 1.246168103558727756e-07
-2.992100994032368544e+04 5.260349414654763512e-08
-2.992064459613102008e+04 2.090998876375740608e-07
-2.992001740454064930e+04 4.371813108964708609e-07
-2.991985742283212676e+04 5.757188856198416129e-07
-2.991978153337267213e+04 6.364700495937266592e-08
-2.991954122583629578e+04 6.648957181198991114e-07
-2.991917624660576985e+04 7.945862830847487827e-08
-2.991889623922903411e+04 8.319120544507928162e-08
-2.991885437604867548e+04 6.477764149965318895e-08
-2.991851412005543898e+04 2.547040052402482749e-09
-2.991825806340391500e+04 2.641451075557869465e-07
-2.991796459806885105e+04 6.283411986545804492e-08
-2.991772638679434021e+04 2.622601127561964026e-08
-2.991740209069095727e+04 3.931021406613765073e-08
-2.991707683832506882e+04 8.108572130257314294e-07
-2.991663574215732297e+04 1.310662177460914653e-08
-2.991638047574295706e+04 1.201748855987440113e-08
-2.991612416946061785e+04 6.320151293979177199e-11
-2.991562580906424046e+04 3.613406108888797837e-07
-2.991551684791030857e+04 1.078797359318343675e-07
-2.991508248789642676e+04 3.902203606213221771e-08
-2.991480803309884504e+04 1.023873457786888330e-07
-2.991453852871074560e+04 8.167527487221679498e-08
-2.991405899366772064e+04 2.803048072034371761e-09
-2.991375043127050230e+04 8.098732110623091066e-08
-2.991346263434481079e+04 2.308564728060259954e-07
-2.991303588687718729e+04 9.143038047779289649e-08
-2.991297355463218628e+04 1.118750268549297313e-09
-2.991266967662997558e+04 7.332533296297613040e-08
-2.991233939504230875e+04 8.550575001162230239e-09
-2.991177132899130447e+04 7.896099079138961081e-08
-2.991171251782897161e+04 9.253954270443321323e-09
-2.991121821630008344e+04 3.170114400685234643e-10
-2.991083813752486458e+04 1.272339668845896424e-07
-2.991064625093125869e+04 1.593409955361340954e-08
-2.991014449952096402e+04 1.381094687301588281e-08
-2.990978863260980506e+04 1.249774068198586299e-08
-2.990936617594363270e+04 4.460013191062396007e-08
-2.990909763234963611e+04 4.951123866954729357e-08
-2.990859702611895773e+04 8.439680777352691910e-10
-2.990848964075133699e+04 1.217327811064357063e-10
-2.990805576773319262e+04 3.071513695618568448e-09
-2.990770044328933000e+04 2.076774415211993132e-09
-2.990725384415173903e+04 1.069656113548852037e-08
-2.990707773043254929e+04 3.239619559997401713e-08
-2.990668610750604057e+04 1.887156639362023510e-10
-2.990641718369103182e+04 2.018897380598600458e-09
-2.990568272615897149e+04 1.683453974495269898e-08
-2.990527993435677126e+04 1.255263637636449012e-09
-2.990515173565907389e+04 2.838529267214369585e-09
-2.990466653478319859e+04 8.162371528542459373e-10
-2.990426100016886994e+04 3.482856037665252369e-11
-2.990389406063465140e+04 1.455972846088672821e-10
-2.990345739426223736e+04 8.278814810083119654e-09
-2.990261898449892396e+04 9.325257539312924671e-10
-2.990247032045546439e+04 5.620087625615523959e-10
-2.990183092278145341e+04 3.337778673537671254e-09
-2.990129032177463159e+04 1.291604406185052079e-09
-2.990066254336464044e+04 1.876916000514932530e-10
-2.990037169904864641e+04 4.013656677996301204e-12
-2.989997094789818584e+04 2.748266510745916465e-11
-2.989937273204211306e+04 1.779884696821708112e-12
-2.989919267226887678e+04 1.826793824886966633e-09
-2.989860218445849387e+04 2.552025576954564468e-10
-2.989801711052208339e+04 1.595343494644058342e-09
-2.989759446109052078e+04 2.911377889070831368e-10
-2.989733542839280926e+04 7.757972021228045773e-12
-2.989683700562158265e+04 1.123917925351563488e-10
-2.989592586940430920e+04 1.462783537611241502e-10
-2.989537101975762926e+04 1.492224792323411973e-10
-2.989519859530933900e+04 3.067999336505360859e-10
-2.989409693344039624e+04 1.937023111282450581e-10
-2.989362603775350726e+04 1.718767562821724389e-11
-2.989349068310709481e+04 3.213075958091051016e-10
-2.989254696756265184e+04 1.029183320508819718e-10
-2.989162717443218207e+04 2.196627245722284060e-12
-2.989148735918234161e+04 5.551847764230512427e-11
-2.989091124338413283e+04 2.386188796318770965e-11
-2.989040695473030428e+04 9.013602819287439454e-11
-2.988917089400796976e+04 1.881487445455762495e-11
-2.988865856042348969e+04 3.546844619255245615e-11
-2.988796180480055773e+04 1.367939908086087385e-12
-2.988719757923186990e+04 1.590721338826546959e-12
-2.988576966147458370e+04 2.799936830217352117e-12
-2.988519658001626885e+04 1.480689154624711611e-11
-2.988478128088585072e+04 4.064202568782636938e-12
-2.988390282922261758e+04 3.473368606396556750e-12
-2.988141292294090817e+04 1.013951858456625450e-12
-2.988117838069889694e+04 2.485995774124253721e-12
-2.987976567127562885e+04 1.985357698917646551e-15
-2.987913842437913627e+04 2.871069350108075491e-14
-2.987803232758968079e+04 9.997958011728144985e-15
-2.987752567403103239e+04 1.244309507400569149e-12
-2.987690875066292938e+04 6.517065234725749853e-19
-2.987571105166231791e+04 6.438684327171880493e-13
-2.987401075084090553e+04 2.138476673045615053e-15
-2.987306925301616502e+04 9.944948885515816636e-15
-2.987089717129427299e+04 1.542096687127941876e-14
-2.987024889565126432e+04 2.900027910979571473e-14
-2.986897773586244875e+04 4.297849014655980829e-14
-2.986816144153597634e+04 7.124008929320529415e-16
-2.986694608202363452e+04 1.237420393925415970e-16
-2.986475524545057124e+04 2.633683452621457069e-16
-2.986402180806465913e+04 1.575411580659846852e-15
-2.986074558739125132e+04 1.532238262949828153e-15
-2.986017099509734908e+04 5.571816173340513924e-16
-2.985883019053898897e+04 2.459606380319874722e-18
-2.985759525036700143e+04 1.873565818447532246e-16
-2.985540708975102098e+04 3.037651418564530945e-17
-2.985473045032516893e+04 1.495457590230016999e-17
-2.985067491107282694e+04 2.882957940584051106e-17
-2.985013527668017923e+04 1.286363632570749615e-19
-2.984714594494066841e+04 1.590539387640248600e-19
-2.984659028120988296e+04 1.156342524648094392e-18
-2.984436123028286966e+04 3.475059969735968998e-19
-2.984388763844246205e+04 4.952458738021572685e-20
-2.984008813465436469e+04 2.452841752523547155e-19
-2.983926954885917075e+04 1.345580295964689570e-19
-2.983366196849435437e+04 2.092008617769768481e-21
-2.983336501020957803e+04 1.108337575672188009e-22
-2.983049251224169348e+04 7.255738603746913053e-23
-2.982999515822367903e+04 8.516785527433982937e-24
-2.982840325355141977e+04 4.548578426534018436e-23
-2.982762676545321665e+04 2.001163613451471819e-21
-2.981957402247957725e+04 1.581802469069638264e-24
-2.981909647107646379e+04 1.028893951513690795e-24
-2.981567139185782798e+04 2.600557876174604212e-24
-2.981493464178958311e+04 5.154814686157658941e-24
-2.980361229446897050e+04 0.000000000000000000e+00
-2.980328933139212677e+04 0.000000000000000000e+00
-2.980119329631002256e+04 0.000000000000000000e+00
-2.980070692790562680e+04 0.000000000000000000e+00
-2.978576031164347660e+04 0.000000000000000000e+00
-2.978538342435003506e+04 0.000000000000000000e+00
-2.978229060636112990e+04 0.000000000000000000e+00
-2.978196588296192203e+04 0.000000000000000000e+00
-2.976657634674962901e+04 0.000000000000000000e+00
-2.976628267910832437e+04 0.000000000000000000e+00
-2.974249395788163747e+04 0.000000000000000000e+00
-2.974229786779693313e+04 0.000000000000000000e+00
2.996792847399915991e+04 0.000000000000000000e+00
2.996821784655869487e+04 0.000000000000000000e+00
2.996825404021866416e+04 0.000000000000000000e+00
2.997020030348564251e+04 0.000000000000000000e+00
2.997081155338461031e+04 0.000000000000000000e+00
2.997199119390672058e+04 2.336494244818123209e-24
2.997222781326113909e+04 3.593325242148586897e-24
2.997250499063659299e+04 3.700933594415753246e-24
2.997338296165666543e+04 1.013522521046418078e-24
2.997427522470477925e+04 2.212116364691763998e-22
2.997523337604549670e+04 4.113507692455544953e-22
2.997568341289199088e+04 4.561288000420115327e-23
2.997620956099922842e+04 2.329345638925165456e-21
2.997715503971461658e+04 3.397141760632877966e-20
2.997814389855460104e+04 4.556776253877467980e-22
2.997814919694202763e+04 3.877621051772385133e-21
2.997912228553076784e+04 6.705043180324077044e-19
2.997973431153117053e+04 2.039564056900275612e-23
2.998015621069157714e+04 1.282358980498109260e-18
2.998050215936305540e+04 1.771931595050022471e-18
2.998119881147399065e+04 3.927063246291700773e-18
2.998127303681957710e+04 1.939099621383563177e-19
2.998217874406742339e+04 7.173293907506936197e-17
2.998239818532289428e+04 1.992731813517137885e-19
2.998317271657961101e+04 9.301167338525168495e-18
2.998360614162006823e+04 6.151739089045371368e-18
2.998417459808276180e+04 1.277953127849288102e-15
2.998473828173867514e+04 3.082742569007926338e-19
2.998518482350352133e+04 1.462883943505250109e-17
2.998582145304814185e+04 1.782992899932011656e-16
2.998619900279845024e+04 1.711879610551268260e-14
2.998692406724206739e+04 1.731287553884022781e-17
2.998721884227463670e+04 9.877486458167824144e-16
2.998803495752013987e+04 5.658761190548150508e-15
2.998823966656788616e+04 1.863645171190866583e-13
2.998913814663646190e+04 9.649884665859999461e-18
2.998925553868350835e+04 3.261949269852862863e-16
2.999023221871943679e+04 1.044212851458283857e-13
2.999026116185630235e+04 1.535008350535987184e-12
2.999122432869753175e+04 4.650610306172382637e-13
2.999130901136454850e+04 8.221457691712575714e-14
2.999205522195386220e+04 2.192346842360328129e-12
2.999233677155264377e+04 1.218101956016199650e-12
2.999265896796068773e+04 7.895024950119308331e-12
2.999303412890540858e+04 1.101795973659574527e-12
2.999345661847046722e+04 1.005358481036219817e-11
2.999377875920049701e+04 4.174342388143114148e-14
2.999441388185652249e+04 1.002958170051733113e-11
2.999471269865774229e+04 8.310797456762135300e-13
2.999532833120541545e+04 1.122498230971615214e-10
2.999571480460189923e+04 5.499576323077282257e-12
2.999614880207813621e+04 1.041092511846662399e-10
2.999667202127708515e+04 9.059041818168295109e-12
2.999673075872340269e+04 4.386416426275540535e-11
2.999725613759244152e+04 2.776735195408334590e-14
2.999753098910705376e+04 6.632616947136258433e-13
2.999806766217278710e+04 1.950216159524088449e-12
2.999837735046254238e+04 2.771275925628703988e-11
2.999904618757223579e+04 4.278779909775223461e-12
2.999910333680428084e+04 1.104600458008497145e-11
2.999972814801476488e+04 3.507530743914797082e-12
2.999989726663849433e+04 9.078286920093917395e-12
3.000027981336985613e+04 8.185867965581263140e-11
3.000061648914444595e+04 3.051938679717540100e-11
3.000110936771433262e+04 2.351678825580273432e-10
3.000132993053328755e+04 3.842711056032381276e-11
3.000186456370923042e+04 1.624156762830383335e-10
3.000204242144569071e+04 2.181666269823592934e-10
3.000223507716216045e+04 3.617096219632365883e-12
3.000250108895746962e+04 1.687068571853718407e-10
3.000286002355066012e+04 2.697286997539255627e-10
3.000300323356123772e+04 4.738483113156020109e-10
3.000320334407459450e+04 3.343212499396422784e-12
3.000369509839560487e+04 1.188558977611889385e-10
3.000376172044408668e+04 2.703278555971640645e-10
3.000391425900087052e+04 1.625994710894065381e-09
3.000419695695801420e+04 5.273008706052390738e-11
3.000472245409345851e+04 2.665122678633817686e-09
3.000518881242298448e+04 2.591192498904170570e-11
3.000536486178374253e+04 6.249310927247281586e-11
3.000553488888777792e+04 1.491028785016047133e-09
3.000584048170729875e+04 2.108319312522492129e-10
3.000593109597506555e+04 1.249871925711898075e-11
3.000642788303397538e+04 1.697603023324229731e-10
3.000656913286904819e+04 4.128156734932191248e-11
3.000698946206531400e+04 4.401065500003298397e-12
3.000718110603424429e+04 1.391472846031059293e-10
3.000745822024287554e+04 8.986548769587211196e-12
3.000778034984022088e+04 4.226814057381594750e-12
3.000796923317444816e+04 4.983752967208229064e-11
3.000808694698943145e+04 8.962345837214456621e-11
3.000836249501102066e+04 9.940119970873680022e-10
3.000867288718688360e+04 4.370893431098194208e-10
3.000876777679002043e+04 6.738483590458322110e-10
3.000907305002044814e+04 7.456915642435419898e-11
3.000943903474328908e+04 4.718106066638722034e-10
3.000972377677846453e+04 1.555015744959624801e-11
3.000996057420957368e+04 1.122343915403768748e-11
3.001008596676921661e+04 5.956802076137007300e-10
3.001016502257755565e+04 1.103730423117309374e-10
3.001043416640322175e+04 6.345809451307998896e-11
3.001084899667962600e+04 8.717923212962284215e-13
3.001105770707884585e+04 2.781906177749631884e-09
3.001156572317386235e+04 1.564038128228047453e-09
3.001183707968343515e+04 1.402223693676004953e-09
3.001212722428955385e+04 4.023029858536094924e-11
3.001221796931590870e+04 2.043123542601736336e-11
3.001228858361757739e+04 3.259876770379390783e-11
3.001278360971674192e+04 7.399112200390344029e-09
3.001310058553065028e+04 6.084261764773115672e-09
3.001333802709541851e+04 2.425575088419403288e-10
3.001356554873937421e+04 5.793026169442958275e-09
3.001365985158431795e+04 3.904823095821931323e-09
3.001385352867869733e+04 2.819637987638894662e-10
3.001432534906686487e+04 5.937736546087973730e-09
3.001441784715118411e+04 1.373559269043409427e-10
3.001455830671324657e+04 1.977417167591102394e-09
3.001467605315842229e+04 9.365378176694701286e-11
3.001482940283879725e+04 2.819561111768653095e-09
3.001504333393737761e+04 2.994500290644401613e-09
3.001511623547561248e+04 3.443188953332791807e-09
3.001555525463573213e+04 5.715506417008777408e-10
3.001587173982388776e+04 7.212546812571807646e-10
3.001598492139560403e+04 1.035833196635492609e-09
3.001622536388396475e+04 2.514942264963648474e-10
3.001671293656493435e+04 4.877930628308415846e-11
3.001696191772488601e+04 9.906150162127352715e-11
3.001715087447787664e+04 1.569335413031908635e-09
3.001729877969710651e+04 1.152043896983316165e-12
3.001752767856475475e+04 1.450007412668810236e-09
3.001782115681197683e+04 3.252743697695076546e-09
3.001817540705414285e+04 1.121505353619813450e-10
3.001836383488111096e+04 2.811598870443663100e-09
3.001856032902908191e+04 7.373849811301564464e-10
3.001899014485210864e+04 2.135162644325117806e-09
3.001901108490201659e+04 1.166146429290597840e-08
3.001947885828710059e+04 9.857371992803516414e-08
3.001964886387292063e+04 1.818978366521611057e-09
3.001980767039813145e+04 2.077516124829786582e-08
3.001988809548634526e+04 1.134715251712301416e-07
3.002012853958698906e+04 2.083431273294045808e-08
3.002031008809546256e+04 2.071424306564584589e-10
3.002065071257655654e+04 2.471812601283291693e-09
3.002089481051075563e+04 1.451480665393255164e-07
3.002101739390320654e+04 2.087796168811336229e-11
3.002110388253336714e+04 3.755244015910998977e-09
3.002155408710511620e+04 3.123153436089577206e-11
3.002181742571608265e+04 2.835092767930434833e-13
3.002212420369205938e+04 1.907258520718354065e-12
3.002228900019093635e+04 2.234957108822178976e-10
3.002271667933327262e+04 3.479270002535191553e-10
3.002314898005370560e+04 1.711311476554678736e-09
3.002341060897245552e+04 1.017316756203468669e-09
3.002361575282247213e+04 6.730311901486433512e-10
3.002394735997621319e+04 1.767329816642038756e-09
3.002412705024108072e+04 2.881319304742239705e-10
3.002473494094702983e+04 1.647376154479764799e-10
3.002482361249837777e+04 5.626824156981386062e-09
3.002506168804031404e+04 6.213347967575736147e-08
3.002518263115103036e+04 4.926502978319017224e-08
3.002538861052032371e+04 1.583049497567650835e-08
3.002571522581181853e+04 1.046970240469383461e-08
3.002596921306068180e+04 3.171402133991692110e-08
3.002606442441636682e+04 3.520981811514836259e-08
3.002631949779309798e+04 1.328501903078154551e-07
3.002637960759739872e+04 7.186258983594178306e-09
3.002681202889893029e+04 3.315805671183845149e-08
3.002699209703684028e+04 6.312843200429308056e-08
3.002718769251889535e+04 2.915168881427448243e-08
3.002729768251377027e+04 5.306906414559146156e-08
3.002780737792392756e+04 3.322975279211847114e-09
3.002783492251318239e+04 1.373052915707469368e-09
3.002801740761927067e+04 4.566115542498320464e-08
3.002829235215347944e+04 1.492934980321439396e-08
3.002833361975263688e+04 8.218681080402927378e-10
3.002891154391496093e+04 1.458870077629113725e-08
3.002901566670822649e+04 1.901108473837616390e-08
3.002912452678717818e+04 7.273757601477146025e-09
3.002971971947525162e+04 5.949066353759129415e-09
3.002988089084205785e+04 9.884179772113247210e-09
3.003011181574600050e+04 1.367027451415727060e-09
3.003022126897450289e+04 3.752646085918346354e-09
3.003027074471306696e+04 1.303793473772031080e-08
3.003069267315029356e+04 2.569263657208915644e-09
3.003071973348989195e+04 4.674843378378949670e-10
3.003104369991723433e+04 1.674964294671974268e-09
3.003130304632565822e+04 3.090372677298921078e-07
3.003137031081915848e+04 6.261391307222817638e-08
3.003158568902084153e+04 8.569530132611364773e-09
3.003169721339315583e+04 1.175950920926652701e-08
3.003197381134183524e+04 1.139636433234604777e-08
3.003209884889101158e+04 4.175491173308145970e-08
3.003222766179748578e+04 1.848063173918909955e-08
3.003243647179894106e+04 4.317441853736940229e-08
3.003263283578974369e+04 3.972228866455003762e-08
3.003285016336716217e+04 9.971769276306759132e-08
3.003292769465608944e+04 1.457384648893781527e-08
3.003336219188076211e+04 3.380579671513145263e-09
3.003340389266144120e+04 3.376619965158828209e-09
3.003359087782275674e+04 1.446198446701540785e-08
3.003380258650287578e+04 6.821399310334166477e-08
3.003422475698215931e+04 1.963047986352398216e-08
3.003428463616291265e+04 1.484664428558379832e-08
3.003458215934618420e+04 2.491681769890344852e-10
3.003472992561135470e+04 1.876624652982009757e-08
3.003513420637779200e+04 1.265345307310350039e-09
3.003534188911913589e+04 2.464117339854862338e-08
3.003540151947845516e+04 1.825554151823797783e-07
3.003553138157123976e+04 1.019292998802430685e-09
3.003571737509147351e+04 6.519726722555103065e-09
3.003584367305056730e+04 9.515735556469360445e-12
3.003629874940015361e+04 5.627494588523511917e-09
3.003650430932967720e+04 6.619809190690278524e-11
3.003670042722763537e+04 2.240213167381769791e-09
3.003681306017946554e+04 8.061304860176849359e-10
3.003697054156532249e+04 2.003884712966973508e-10
3.003725550455327902e+04 4.764223259505431684e-14
3.003751680467947153e+04 3.820785339970898462e-09
3.003755035281163873e+04 1.343389446386609643e-09
3.003790832267758378e+04 1.171886867237017511e-07
3.003801076317227489e+04 6.665535645442023707e-08
3.003832063654447120e+04 2.623491692791908571e-09
3.003848271111026770e+04 3.671882093646243458e-12
3.003889747467014968e+04 3.107126716530670829e-08
3.003892445471605606e+04 3.231719550925565830e-09
3.003924894807569945e+04 1.701665823321595623e-09
3.003943768763553089e+04 1.906099214402754693e-09
3.003954464413453024e+04 1.238768174628570150e-09
3.003966200751606084e+04 1.335059557875091793e-08
3.003981141475333425e+04 1.705614353278007536e-10
3.004014513012510361e+04 1.567907380559533224e-09
3.004033135392458644e+04 3.662856275472212138e-08
3.004067923978167528e+04 7.395642127458912004e-09
3.004074527952354038e+04 1.838205686165209121e-09
3.004096353415688282e+04 9.426673468874132872e-12
3.004118079648553612e+04 1.381613180938671995e-09
3.004126594781536187e+04 3.151324909601915829e-13
3.004151239921987508e+04 9.183516544263638866e-11
3.004164611497405349e+04 1.254310065945471952e-09
3.004205186738910561e+04 1.529966586046157632e-10
3.004220918721776616e+04 1.024863371813235194e-08
3.004226302216425393e+04 5.521617974092797915e-08
3.004240938274722430e+04 4.833382824720573615e-09
3.004252847829683742e+04 1.120267592242079582e-09
3.004291452131825281e+04 8.496656205702169325e-11
3.004309449871225661e+04 4.571099086239163936e-10
3.004335133937839782e+04 3.307936732316212697e-10
3.004352751287252613e+04 7.872539272628087747e-12
3.004371920960515490e+04 1.033806449233261863e-10
3.004378941988357838e+04 1.950405591722492049e-09
3.004410827937758586e+04 1.552621148770740091e-10
3.004428998975036302e+04 3.896409055221879541e-13
3.004436632814717086e+04 2.175862471373442482e-11
3.004474525061242821e+04 2.105604257525213075e-10
3.004495018358929883e+04 1.780324279751943759e-11
3.004521654287059573e+04 1.800772075986887803e-10
3.004523656575767745e+04 3.814496549760415663e-10
3.004547188697522142e+04 5.991183218471621699e-11
3.004589677880839008e+04 8.775433804933136255e-11
3.004599931937996371e+04 1.012266046657034798e-09
3.004613253318823263e+04 5.312542925963628647e-09
3.004640125658359830e+04 5.505994607604548240e-11
3.004662518985031784e+04 2.693084417019525474e-10
3.004668967070816507e+04 3.871951391198286759e-10
3.004684837480914939e+04 3.250080797853191021e-10
3.004694542641403314e+04 1.889548576081679920e-11
3.004702775177201693e+04 2.764974150384692192e-11
3.004772125663700353e+04 2.721623908395410596e-11
3.004780171907926706e+04 1.083029242390431106e-10
3.004806433874090362e+04 1.824947090306315892e-10
3.004823144460955518e+04 5.562189193642192648e-11
3.004833031684902016e+04 8.336419000342231643e-09
3.004840519465051693e+04 3.948945728034994741e-11
3.004856064416745721e+04 8.374765890281583669e-11
3.004883290057696649e+04 3.429603198663098299e-10
3.004908374477842153e+04 6.590218133491838483e-10
3.004940197960763908e+04 5.044947377084948466e-10
3.004956480303214266e+04 7.841578801474761449e-10
3.004973488455827828e+04 3.447663821846181639e-11
3.005001606001844993e+04 6.027610321120308824e-10
3.005015016078810731e+04 5.057746407130813789e-10
3.005036851021442999e+04 2.565057158016067887e-10
3.005052695286588641e+04 9.022328530314879818e-11
3.005071371568683753e+04 3.344914215210196430e-14
3.005093460267534101e+04 1.922582632030205172e-11
3.005104082745560299e+04 2.244022107334372076e-11
3.005130591605540394e+04 3.151285288511893796e-10
3.005149952191094781e+04 2.251365448503483705e-11
3.005151647837556811e+04 5.228855222285311881e-11
3.005197572310369651e+04 3.193297160463333215e-10
3.005201078993690680e+04 7.002903315946464655e-13
3.005226181600302880e+04 5.832061234704608469e-10
3.005250218851154568e+04 3.885810745901436234e-11
3.005257381895523940e+04 4.931387258796419863e-13
3.005276058757211649e+04 1.852057993319454677e-14
3.005312082180276775e+04 1.583930374087293766e-10
3.005329591304429050e+04 4.485809297974339862e-10
3.005357089377596276e+04 1.371324517778270888e-09
3.005380253182702290e+04 1.151526810490663180e-09
3.005397829439717680e+04 9.361195111062923756e-11
3.005400986037990879e+04 9.918786098059137173e-12
3.005420343303113987e+04 1.683020216733660739e-11
3.005434319990774020e+04 3.623774474032755188e-11
3.005462557179450960e+04 8.966540132857530357e-12
3.005477628247504254e+04 6.142485304840188512e-12
3.005488485984693762e+04 1.817191338905335977e-11
3.005508891201635561e+04 6.217708901509314963e-12
3.005510649657607792e+04 2.363951876987180930e-10
3.005563096980734554e+04 2.169912836762303766e-10
3.005579550819453289e+04 6.976342591966281812e-10
3.005622201682060040e+04 4.772732678716549078e-12
3.005624866511385335e+04 3.073801805571345928e-11
3.005664865762154659e+04 1.138730783204855931e-11
3.005675171248115294e+04 4.104310378234223003e-11
3.005693705376987418e+04 1.898005909254952914e-10
3.005713672285628854e+04 1.029457238798195508e-12
3.005731600445903314e+04 1.761620448389734870e-11
3.005737131460551245e+04 1.298315677789279029e-11
3.005764729370714122e+04 1.408185975812083132e-12
3.005793532625025182e+04 8.952022296366807970e-11
3.005801978368705022e+04 2.997783043144629730e-10
3.005823619707840771e+04 2.470011265987020221e-10
3.005840377354866723e+04 5.280776773596475033e-11
3.005868204639380929e+04 1.700449921573599354e-09
3.005917311594815328e+04 3.013054898144393345e-10
3.005929483068222180e+04 1.877133967558207553e-11
3.005955249679123517e+04 6.341956487343421901e-11
3.005967690116955782e+04 1.386707982297595348e-11
3.005971749673992235e+04 1.853147086669383407e-12
3.005992088984272777e+04 8.325769125650071746e-11
3.006022226866619894e+04 4.180544491657286693e-11
3.006037292730997433e+04 2.847308842855131386e-12
3.006084992754671839e+04 1.898411065980143266e-11
3.006109757965052631e+04 4.398481819902603578e-12
3.006113329377233458e+04 2.054722409025684930e-11
3.006126242427115722e+04 5.781658612315860054e-12
3.006140663131475958e+04 2.051106227122577737e-12
3.006188026715004526e+04 2.304357354505591094e-10
3.006196730869820749e+04 2.137911907073514755e-10
3.006227647859085118e+04 2.340534898469978324e-12
3.006252865287074383e+04 3.734714694016535137e-10
3.006274499049709993e+04 1.625196282567423718e-12
3.006291511189175435e+04 1.005488287729204822e-13
3.006300245325156720e+04 1.736774955861017018e-12
3.006313064236912760e+04 2.471561391720280449e-13
3.006325984859537857e+04 4.402263712675632080e-12
3.006369623837498511e+04 7.547388261835664129e-12
3.006401786108135639e+04 1.782432843004308174e-13
3.006421167894177415e+04 9.107907827425636534e-13
3.006451040557277884e+04 7.120289965500336880e-12
3.006468313222703364e+04 3.963433253520200043e-12
3.006473580785094600e+04 4.230878542227756250e-12
3.006492945208061064e+04 4.608183418208415625e-11
3.006523578659028499e+04 2.717135499282132650e-10
3.006538609051215099e+04 6.507512625066377272e-11
3.006588180070019371e+04 7.772650791133378618e-11
3.006617207748254441e+04 1.441155564225456988e-11
3.006623702449324992e+04 3.286893490790906903e-11
3.006638462202653682e+04 3.105388833589948439e-12
3.006666563668894014e+04 7.615801034626004699e-12
3.006687254650130853e+04 3.151954945696801015e-12
3.006692767317360995e+04 7.942807940556441835e-12
3.006730873198607151e+04 5.072302632605659561e-16
3.006762974816012502e+04 1.579711254091480248e-11
3.006774605313344728e+04 2.556349040055159859e-13
3.006802013959680335e+04 2.703569724561336794e-11
3.006817179858516829e+04 3.621369856470543704e-11
3.006848156101395580e+04 2.407121741696779335e-11
3.006864600392340435e+04 4.731126064776597102e-11
3.006894034758269845e+04 1.693284741104309928e-11
3.006912979868893672e+04 1.209298980419979876e-11
3.006923150572165832e+04 1.447463415094207396e-11
3.006965202927915016e+04 2.996118363280889118e-13
3.006982868660474924e+04 3.025949510629048486e-12
3.007006271988496519e+04 8.149111066697533679e-12
3.007047492560014871e+04 9.321938956062710854e-14
3.007052957308376426e+04 4.907346004386422693e-14
3.007073061605721887e+04 3.076532984357321180e-11
3.007103686288156314e+04 2.349228076676073582e-13
3.007124530706041332e+04 8.745316473688694389e-15
3.007151904549996107e+04 5.597505646311791439e-12
3.007176288790366016e+04 1.954941537352683240e-11
3.007221906163485255e+04 1.838810494083561470e-11
3.007242224478750359e+04 5.390632213655569385e-12
3.007261352311057999e+04 3.641098330503030412e-12
3.007288991908462413e+04 3.235060718741607213e-14
3.007300818861570224e+04 4.044394714733837080e-14
3.007315539042819000e+04 8.264085219502476516e-13
3.007334397572411399e+04 2.921026425097318204e-12
3.007389195631050461e+04 1.007019192868267900e-12
3.007401484368113597e+04 6.342868135457946480e-12
3.007418730424568275e+04 1.201206612286370864e-12
3.007434568390225832e+04 6.027901674106274515e-12
3.007476973603590886e+04 1.180045146173367603e-11
3.007489619516399762e+04 1.022790158457503178e-11
3.007521550850706262e+04 2.833807702978911953e-13
3.007568469460856795e+04 8.067270100416968977e-14
3.007574570718600808e+04 4.235780327525698951e-14
3.007583447474379136e+04 1.324473791242815643e-12
3.007650454198220177e+04 7.479502192626563562e-12
3.007687424967446350e+04 5.699456528977857488e-12
3.007699285743842483e+04 7.094368013934810613e-14
3.007719595567635770e+04 3.744356475554677103e-12
3.007736140479511596e+04 3.239001322719291182e-12
3.007766044351779055e+04 1.350464934751165840e-12
3.007802346177352956e+04 2.508997456733740269e-13
3.007840247317874309e+04 4.947655069495277740e-13
3.007860796061549627e+04 1.650901596752315520e-12
3.007880259403869422e+04 3.783967860661868120e-13
3.007883591267858719e+04 1.331844480945855695e-12
3.007916308978145389e+04 6.678782707629881543e-12
3.007954830004334872e+04 2.838832954039659728e-12
3.008011764830706306e+04 1.801894993965315572e-13
3.008034509954341411e+04 2.109276978619783352e-13
3.008044993691736090e+04 2.298587861988049600e-13
3.008066808848911751e+04 7.375854356389302395e-13
3.008112657834481433e+04 1.032807266116543047e-12
3.008134482540449244e+04 2.594243800223794192e-12
3.008143922368430140e+04 7.825441618750135458e-13
3.008171139222004058e+04 7.559437624328463628e-13
3.008193559838286455e+04 3.098919099014073080e-13
3.008235006894429898e+04 1.710652911815068403e-13
3.008254962992056608e+04 7.693770927916828238e-14
3.008295721634030633e+04 7.623659862724322832e-13
3.008312687622297017e+04 1.440681849445280821e-12
3.008357094266284184e+04 1.061096014208053837e-13
3.008398604935745607e+04 9.047257769938154768e-13
3.008402860336238155e+04 3.966555799227109539e-14
3.008459258239553310e+04 7.884873875015782113e-16
3.008467201588885291e+04 5.633308912889370997e-14
3.008514522225227847e+04 1.440051155238686549e-13
3.008550152045672439e+04 7.237437849703140385e-13
3.008561309598999287e+04 3.608842837444277815e-13
3.008624810520321262e+04 1.045629396052689462e-13
3.008651976904817275e+04 3.065654132776195338e-17
3.008668683243750274e+04 1.111877482444675581e-14
3.008713103060838330e+04 1.225377363788162115e-13
3.008737345340941829e+04 5.487717146933879572e-15
3.008752412612662374e+04 8.363125574600038887e-14
3.008791975366436600e+04 2.141300830279462837e-13
3.008839038829118363e+04 4.312812487760285829e-14
3.008856123414276954e+04 1.940652609433862151e-15
3.008910542691209776e+04 1.669351452481032957e-15
3.008937556411447440e+04 1.733874267595015498e-13
3.008969265669003653e+04 4.572995863939297383e-14
3.009009655496144114e+04 2.360261322259993859e-14
3.009056622935698033e+04 3.920051730972183060e-16
3.009084638412011554e+04 1.062047733068038755e-16
3.009123757728801866e+04 5.415261371407301932e-15
3.009149846222376436e+04 1.599748165464393133e-14
3.009173819525101862e+04 3.456181795925128973e-14
3.009219253127645788e+04 2.899733811418750473e-14
3.009245951718340439e+04 2.125830795288815475e-14
3.009297468261745234e+04 1.204824414553092144e-17
3.009312882404362244e+04 3.576221348087641454e-14
3.009359949163488636e+04 4.058560777943063217e-16
3.009404609435735620e+04 9.309135960959863444e-15
3.009448754225976154e+04 8.961088339979743765e-15
3.009497001227557485e+04 2.164201812064114130e-15
3.009519290140910744e+04 1.745219238812011100e-15
3.009567218347265225e+04 1.465005635573830057e-16
3.009588638564060238e+04 3.662977156972152513e-14
3.009641027614051563e+04 4.363317923100859697e-17
3.009676104405979277e+04 2.492021569031404954e-15
3.009761548144818880e+04 1.157196870311597416e-14
3.009780804486287889e+04 4.851269768087068988e-16
3.009838524628527375e+04 5.424951420140279849e-16
3.009893827952129504e+04 3.260027454669127881e-16
3.009959190191475864e+04 7.941355534418817913e-15
3.009981355451156560e+04 1.547619386953114094e-15
3.010055243106685157e+04 8.956401939801724640e-17
3.010090517151595486e+04 1.149786370722907160e-15
3.010107599925883915e+04 2.047740810953123708e-15
3.010170948556650910e+04 1.595981997491223515e-15
3.010216532375525640e+04 8.324991052673544918e-19
3.010255186529545244e+04 2.936579453188737726e-17
3.010304305768170161e+04 1.104826890591929685e-15
3.010344315456414188e+04 3.433701679960069100e-16
3.010441728559262992e+04 1.867038652189201680e-16
3.010485643482028536e+04 8.836579365628215322e-16
3.010524728371411038e+04 1.201670612149430952e-16
3.010623721524865687e+04 4.024330656351976703e-17
3.010670330929389092e+04 3.025739594365547130e-18
3.010676364245821969e+04 2.495514071346882403e-17
3.010758487037951272e+04 1.466983768046368614e-17
3.010853029545896788e+04 1.917203365864640667e-16
3.010888343661454564e+04 1.433645262097559158e-16
3.010952166292596303e+04 4.665284593034650120e-17
3.010982427530416317e+04 1.700534486373923571e-18
3.011131491966861358e+04 1.814145837815143621e-20
3.011176063678785067e+04 1.289974343692020638e-17
3.011260454017728262e+04 1.866348737428003723e-17
3.011320902146357912e+04 2.267128643377779011e-19
3.011445357717358274e+04 4.487849414377031318e-17
3.011511838037710550e+04 2.227282024607723235e-18
3.011577269247565710e+04 2.037871428767350787e-19
3.011632289720042172e+04 9.365876929572614635e-18
3.011900538741328637e+04 3.591212880814700932e-18
3.011924450394439918e+04 1.861810060336685499e-18
3.012069460284759771e+04 2.717622883857885841e-20
3.012155344837554367e+04 3.676398892191079014e-19
3.012230772463640460e+04 1.355542450797243389e-18
3.012272799834247780e+04 2.645588738310753533e-20
3.012369361375759399e+04 1.152351704921616833e-19
3.012457523840190333e+04 1.958181038546888670e-19
3.012657571822472528e+04 1.993110126988578679e-20
3.012728627811972910e+04 8.808341580707460257e-20
3.012957076859970039e+04 5.716884660304767909e-22
3.013001033574441317e+04 2.976665501503647762e-20
3.013123550825806160e+04 2.370189585666731743e-20
3.013240246445061348e+04 3.834730958250733932e-23
3.013328454291533490e+04 2.129465359718208492e-20
3.013570643061475857e+04 3.946906745541008747e-22
3.013637452082623349e+04 3.063001428711745617e-22
3.013952299167188539e+04 1.069228555830445080e-23
3.014001285883569290e+04 1.856624867951881476e-21
3.014177411526061042e+04 1.650626286811534523e-23
3.014278797433523869e+04 2.307527510090688509e-23
3.014505418956448193e+04 3.596610235807107018e-24
3.014567291391984691e+04 1.096485429252771781e-23
3.014954320610211653e+04 1.568426899783392216e-24
3.015000776401843177e+04 3.030821578663749600e-23
3.015349614277880028e+04 0.000000000000000000e+00
3.015389623312459298e+04 0.000000000000000000e+00
3.015614876977942549e+04 0.000000000000000000e+00
3.015658934122735445e+04 0.000000000000000000e+00
3.016011143003417965e+04 0.000000000000000000e+00
3.016086354207412296e+04 0.000000000000000000e+00
3.016674484634417604e+04 0.000000000000000000e+00
3.016708927754839533e+04 0.000000000000000000e+00
3.017020234502547464e+04 0.000000000000000000e+00
3.017072979014364682e+04 0.000000000000000000e+00
3.017184132852008406e+04 0.000000000000000000e+00
3.017251078432526629e+04 0.000000000000000000e+00
3.018082198694665931e+04 0.000000000000000000e+00
3.018128736315336937e+04 0.000000000000000000e+00
3.018451562167454904e+04 0.000000000000000000e+00
3.018521503542064966e+04 0.000000000000000000e+00
3.019677482440552922e+04 0.000000000000000000e+00
3.019708259414194981e+04 0.000000000000000000e+00
3.019903634044688806e+04 0.000000000000000000e+00
3.019948606393292721e+04 0.000000000000000000e+00
3.021441905698378832e+04 0.000000000000000000e+00
3.021479287599248710e+04 0.000000000000000000e+00
3.021816897104232703e+04 0.000000000000000000e+00
3.021848641118150044e+04 0.000000000000000000e+00
3.023359077968173006e+04 0.000000000000000000e+00
3.023387679874312016e+04 0.000000000000000000e+00
3.025767977593484829e+04 0.000000000000000000e+00
3.025787039795537203e+04 0.000000000000000000e+00
