-3.003413355596061592e+04 0.000000000000000000e+00
-3.003231314086475686e+04 1.456135085653411119e-23
-3.003148197648900532e+04 1.733189258342108376e-21
-3.003130402056424282e+04 8.770470955067642720e-23
-3.003085579249648072e+04 1.905622298221907981e-21
-3.002932799734314176e+04 6.428657320627298404e-24
-3.002847655086887971e+04 2.662594679637513332e-20
-3.002790109456187929e+04 5.850223874830687433e-19
-3.002720682043263150e+04 2.795121495953303947e-18
-3.002665684118523131e+04 1.679540379230912374e-20
-3.002620458793262515e+04 5.509976194554526085e-19
-3.002516789335466092e+04 1.190252584945367381e-16
-3.002413915512423409e+04 3.257049411771231018e-16
-3.002390205759400487e+04 4.933914793073318161e-18
-3.002313048175700897e+04 1.096788830108953162e-15
-3.002213092550574947e+04 2.238095685982830569e-14
-3.002177083452351872e+04 1.529719234498428900e-15
-3.002111445667667795e+04 1.523507739501918739e-15
-3.002037970741380559e+04 5.626125727889340401e-14
-3.002003933565694024e+04 4.455773901180653746e-13
-3.001942308327303181e+04 1.211294350956500013e-14
-3.001900816231649515e+04 1.315241306437192532e-12
-3.001845850920110388e+04 2.177628712679512401e-14
-3.001799457479404009e+04 5.735361257836319993e-12
-3.001727505306625608e+04 1.318015160222906177e-13
-3.001696770821149403e+04 4.453659069150942577e-11
-3.001602877760938281e+04 8.376500968402438998e-13
-3.001593733606422029e+04 4.234368057843742850e-11
-3.001490202738173684e+04 8.492815872484492855e-10
-3.001484458734114742e+04 4.992246510688930806e-11
-3.001386072727650026e+04 3.057985305004738790e-10
-3.001369191675137699e+04 3.507987184755233551e-13
-3.001281662712256366e+04 1.217842174816375122e-08
-3.001253636835024372e+04 3.095409832078653214e-10
-3.001177065774007133e+04 4.263288785077059664e-09
-3.001138705825640864e+04 6.398665361400344141e-12
-3.001073061188010251e+04 1.156689706626559359e-07
-3.001024898294565355e+04 4.151695055983596992e-10
-3.000970368484964274e+04 1.192469815156289173e-07
-3.000913750169041668e+04 4.367714226489031094e-09
-3.000871015139494193e+04 3.720925267351576262e-07
-3.000811682743183337e+04 2.247464703099561202e-07
-3.000783128891179149e+04 9.916339495031682469e-07
-3.000733900822304349e+04 7.716740262808609517e-07
-3.000720538566881442e+04 2.328265418481937598e-09
-3.000656919493070018e+04 2.703807602749318868e-08
-3.000641993331189587e+04 8.355817723094571784e-07
-3.000557795731164879e+04 2.028402671589411674e-09
-3.000550713869204628e+04 1.236274088435958062e-05
-3.000463721755976076e+04 6.200975563962100661e-06
-3.000449942455564451e+04 5.740878328081363982e-06
-3.000386751886974162e+04 7.559786440255523122e-07
-3.000353631893599959e+04 6.982241814250915983e-08
-3.000328544956227051e+04 6.537242640137166556e-07
-3.000293894374464435e+04 3.543351217576256733e-07
-3.000241766879205534e+04 6.499443562745030091e-06
-3.000213357754075696e+04 3.247076781175506417e-09
-3.000160301083826926e+04 6.602540570516194045e-07
-3.000113066105779944e+04 1.298316343551612860e-06
-3.000094252895972022e+04 3.877174258570133135e-06
-3.000044915053426303e+04 7.529855070839144919e-06
-3.000021038035954189e+04 5.324920041394232641e-06
-2.999983784809156714e+04 2.128890348954321732e-05
-2.999946737316789586e+04 1.255661816862862892e-05
-2.999895780440570888e+04 4.757555837873289678e-07
-2.999884792112989817e+04 6.387143652000339412e-06
-2.999867349515685419e+04 2.369196720431748220e-13
-2.999847698752632277e+04 5.923863585259411128e-06
-2.999794689981005286e+04 5.760132266502895898e-05
-2.999776166081510746e+04 6.859298968704931504e-06
-2.999738119681553871e+04 8.461168778761537904e-08
-2.999715809099032413e+04 2.247829466844825455e-04
-2.999706375862447021e+04 8.270456906998290171e-06
-2.999679660105629955e+04 2.170412401478584449e-05
-2.999661997708513445e+04 6.937819943951506746e-06
-2.999630747904298914e+04 2.517695302736120159e-04
-2.999618937411098523e+04 5.994713896583098303e-05
-2.999555237653843506e+04 2.340114307204560748e-06
-2.999543145454156911e+04 1.145889497622656005e-04
-2.999526764530757646e+04 4.790704829376835937e-08
-2.999489118993579177e+04 1.161172923380730942e-05
-2.999455192520529090e+04 1.685663908758193229e-07
-2.999417563829468418e+04 5.854006735348155696e-06
-2.999395382969132334e+04 2.744756354340197982e-05
-2.999363905079359756e+04 1.960853872829241721e-05
-2.999353873987494080e+04 2.439605244468595010e-06
-2.999316324583884489e+04 9.678216674263605192e-06
-2.999294519894009500e+04 4.929536407985964580e-06
-2.999282061717843317e+04 1.278146667745214838e-05
-2.999237374835854644e+04 9.409667632127609782e-05
-2.999221245178955724e+04 3.248596551975883916e-04
-2.999177231159656367e+04 1.410310247345913676e-04
-2.999170134195234277e+04 3.174570508454178214e-04
-2.999166806625189929e+04 1.221071961606277954e-04
-2.999110678436117087e+04 7.215342704428261134e-05
-2.999102602541164379e+04 5.347309351563142408e-05
-2.999067936283420931e+04 2.191257199043504609e-04
-2.999056396369733193e+04 8.759755251237978944e-06
-2.999009115615388873e+04 1.294088079083599276e-05
-2.998996169105949230e+04 1.441371243046515253e-04
-2.998971829380611962e+04 1.242931065137618785e-04
-2.998928215741494932e+04 4.133696085133177706e-04
-2.998906869200204528e+04 1.949760207359615841e-05
-2.998878624193933138e+04 1.221797244717796156e-04
-2.998873643720344262e+04 2.533159701263469409e-05
-2.998844093164471269e+04 3.191293551305644143e-05
-2.998799477540986481e+04 7.362107563003806665e-04
-2.998772327792669239e+04 2.501500349305698844e-06
-2.998758746696832168e+04 1.192772366329899667e-04
-2.998741277110567171e+04 1.170640447929193655e-03
-2.998731824982081162e+04 8.877342653534276481e-04
-2.998681203919211475e+04 1.723305930956131203e-04
-2.998652325935370754e+04 2.553349541965490638e-05
-2.998649033803514976e+04 5.824237639537313998e-07
-2.998629834077183841e+04 2.966644929760429262e-05
-2.998601323081597366e+04 7.406242462203970406e-07
-2.998582870965815528e+04 3.468213240600111712e-04
-2.998576486689984449e+04 2.863327263813402260e-03
-2.998543668338974749e+04 2.882841592839138377e-04
-2.998513460522569585e+04 5.439487324117925002e-04
-2.998500027031072750e+04 8.357062908996486326e-04
-2.998468113940276817e+04 1.771504531475736330e-04
-2.998459583773208942e+04 7.155819132662054360e-05
-2.998425092571039568e+04 1.817298075776008150e-04
-2.998409816173084619e+04 1.858581331232467102e-07
-2.998374467181897853e+04 4.241033049445653106e-07
-2.998329776759141896e+04 3.722393888484783848e-04
-2.998304711055248117e+04 1.695688342286986127e-04
-2.998279335310333045e+04 1.852455565271135974e-04
-2.998256952812126110e+04 2.913095868335719761e-05
-2.998231972505889280e+04 4.850324461218762002e-06
-2.998208978713572651e+04 7.023582144238095862e-04
-2.998186170587647212e+04 5.649029133252310436e-05
-2.998160388294334189e+04 4.906039012893538727e-03
-2.998129723546382593e+04 1.682352760631362389e-03
-2.998101255285580555e+04 1.018627936969488403e-05
-2.998081989379039442e+04 1.689706861420978677e-04
-2.998057057082576284e+04 4.995573094960104564e-03
-2.998031519409506291e+04 1.107818457933726716e-04
-2.998014340245737912e+04 1.226578242176127329e-03
-2.998000820447522347e+04 1.887574864970719205e-02
-2.997975944807392079e+04 4.336083468594277221e-03
-2.997957516322356241e+04 1.514105640549940745e-03
-2.997944558979688009e+04 7.554727308827594587e-04
-2.997903683219516461e+04 7.823138529266344607e-03
-2.997892337110643348e+04 1.432673588377784838e-04
-2.997844434455486407e+04 5.340599993918805215e-05
-2.997805591815416847e+04 1.061436958203892493e-05
-2.997785627888590534e+04 1.744111645504387530e-04
-2.997764635966673086e+04 9.785560824944318590e-04
-2.997729505769852767e+04 1.330473406629525067e-04
-2.997693019262998860e+04 7.869890326593693527e-06
-2.997654604436006412e+04 2.297280635594074836e-03
-2.997636707730261332e+04 2.590232310919189196e-05
-2.997601244239479274e+04 2.524041056552176658e-04
-2.997588357802752580e+04 1.334656236012739770e-03
-2.997525780333217335e+04 2.423435100853741156e-02
-2.997521746808003445e+04 1.206365250385819238e-01
-2.997516039798027850e+04 2.258236077830573854e-02
-2.997493749326137549e+04 8.017822422435188362e-03
-2.997465596996705790e+04 1.734838734392523535e-02
-2.997442879624306443e+04 4.624240232913322951e-02
-2.997419454974933979e+04 3.940596804909966139e-02
-2.997406831384190809e+04 5.625240700595127152e-03
-2.997385148976879645e+04 1.281943510571748913e-02
-2.997355655096934424e+04 9.477573967733309707e-03
-2.997332423503545215e+04 1.073383690904278036e-03
-2.997324251342643038e+04 1.241830235994396091e-02
-2.997305915564345923e+04 6.899556087267568437e-03
-2.997286764555039917e+04 1.164331154631586618e-03
-2.997232847103532913e+04 2.548361376021432325e-05
-2.997230206397369693e+04 2.064791782921768842e-07
-2.997220963698086052e+04 1.062563485190103768e-02
-2.997172735207899677e+04 2.723928190994161593e-04
-2.997155447981199541e+04 1.355511681176159626e-05
-2.997132308406634911e+04 5.677503920843898939e-03
-2.997106401480403292e+04 8.611255418512582193e-08
-2.997094976021657203e+04 2.642655905622038671e-04
-2.997042207178961689e+04 9.385107997070613528e-04
-2.997027798006321245e+04 5.286419915203291074e-04
-2.997004252008311960e+04 1.497766437990803723e-01
-2.996996891107882038e+04 2.286459327594239643e-02
-2.996984777643786219e+04 1.620697662799021983e-03
-2.996960381131375470e+04 3.095719927096562529e-04
-2.996939265083330611e+04 2.029893391556678202e-03
-2.996907586526318482e+04 1.395801265869063169e-05
-2.996898981493490282e+04 4.434150883031046108e-05
-2.996883008768245054e+04 7.937542598889965302e-04
-2.996855365436831926e+04 1.728243007543172477e-02
-2.996838164354068067e+04 3.034944270304307593e-02
-2.996824128835759984e+04 6.859416446150155139e-03
-2.996815816859548067e+04 4.055509059030619479e-02
-2.996796066259378495e+04 1.629713004939954343e-02
-2.996787483359031830e+04 1.943482119565361974e-02
-2.996751401243146756e+04 6.795233326103074581e-03
-2.996736066759686946e+04 1.888937384498263344e-02
-2.996727225579976221e+04 1.650276089680242832e-03
-2.996695937891264111e+04 1.189880076993371028e-03
-2.996673000039609542e+04 2.770014505063822692e-03
-2.996650952459218388e+04 1.558373183592866437e-03
-2.996645887032396786e+04 1.060713074648149228e-02
-2.996603868908975710e+04 4.651144124360414613e-03
-2.996580753721045039e+04 1.234686625136285432e-03
-2.996566004636557409e+04 3.605846439825287093e-04
-2.996557405193789600e+04 1.911139369990168941e-04
-2.996513907615462449e+04 1.943053084006044883e-03
-2.996490920504377937e+04 3.712612480559551037e-02
-2.996485273653442346e+04 2.653643269631626028e-02
-2.996454774318624186e+04 5.517369677700422088e-04
-2.996447137400429347e+04 7.900393198406696312e-05
-2.996433698490002280e+04 6.374335795711531349e-05
-2.996382835689917192e+04 9.339976761266642006e-04
-2.996377885006962606e+04 6.567915909581551262e-04
-2.996361641920965485e+04 5.893437877569376177e-02
-2.996349780318712510e+04 4.851785875713584412e-02
-2.996309372494146737e+04 2.378472629480373875e-06
-2.996285118340698318e+04 8.608237826682046143e-05
-2.996263168690547900e+04 3.035471215805959455e-04
-2.996252110375528355e+04 4.461585024034298323e-04
-2.996240088338817077e+04 1.695194705553107142e-05
-2.996215690188590088e+04 5.464415364355205106e-04
-2.996192154881708120e+04 7.228433877640773894e-05
-2.996159669652847151e+04 2.093119246298234739e-04
-2.996148334282408177e+04 1.542152343078847382e-02
-2.996126849315514846e+04 2.040757509107623061e-03
-2.996097035908106045e+04 4.938798151979384692e-05
-2.996080007711949293e+04 5.497157391358062622e-04
-2.996073173740825587e+04 3.324882897942795347e-06
-2.996054289483870161e+04 1.260512494476152845e-06
-2.996050162987249496e+04 2.566056914795216185e-04
-2.996011560509715127e+04 1.050046654522409994e-04
-2.995992749123706744e+04 3.736063832863374700e-05
-2.995959441581832652e+04 5.546507977620365737e-03
-2.995952060558277662e+04 2.577330761891686626e-05
-2.995940911563207919e+04 1.808283227994864030e-03
-2.995917790741364297e+04 1.280808712971864740e-03
-2.995903426739122733e+04 4.027858949834061384e-05
-2.995860916452035963e+04 3.858112532205151587e-07
-2.995835167502385593e+04 2.618805504228893756e-04
-2.995820140358221761e+04 7.867415719007783432e-05
-2.995803482675520718e+04 1.379924230929612059e-03
-2.995798909646022366e+04 4.325486109003470859e-07
-2.995766583100749631e+04 2.159881401149176536e-04
-2.995758903945493876e+04 3.997880564630933577e-04
-2.995746239746761785e+04 3.097435890786959440e-04
-2.995729317712959892e+04 7.123642239559114858e-04
-2.995700045873204363e+04 1.090159724517845698e-04
-2.995660966544652183e+04 1.060486220074512674e-03
-2.995652968303807575e+04 1.835707479038838335e-03
-2.995629954059633747e+04 2.044385975113381605e-04
-2.995623724148065230e+04 1.164684002452995304e-03
-2.995597080188628752e+04 2.119596301064358677e-04
-2.995559873740894545e+04 2.991616850954869505e-04
-2.995549472381644227e+04 1.593215175731671333e-04
-2.995532964958943921e+04 4.757311938782211110e-05
-2.995510470097907819e+04 2.408018575151593937e-03
-2.995499309306799478e+04 1.134784071591644162e-04
-2.995489427181716383e+04 8.510757262409761759e-04
-2.995451112240889415e+04 1.979534818919054622e-06
-2.995422235005023686e+04 7.307464102370443942e-05
-2.995412842828654539e+04 2.225817057077060808e-05
-2.995387696298659284e+04 1.369831064952549562e-05
-2.995369903604425781e+04 1.701710239297405400e-03
-2.995365092816342440e+04 1.560676703475629627e-04
-2.995334962366022955e+04 5.624054588112054249e-05
-2.995323718076490331e+04 4.714791738297335969e-05
-2.995291796433367927e+04 4.493882120788593578e-05
-2.995263564755731204e+04 3.448906877613187210e-05
-2.995241337940259473e+04 2.001212584549719056e-04
-2.995224393740680171e+04 2.346033583890012525e-05
-2.995207842455043283e+04 2.601715056826315242e-04
-2.995200929711008212e+04 2.442169663968889095e-03
-2.995187258000278598e+04 1.035015351614571385e-04
-2.995175629968524663e+04 1.181193246543745087e-04
-2.995144544249599494e+04 6.067855926375382176e-05
-2.995116594954768152e+04 1.436181726063616093e-07
-2.995090148361642059e+04 8.809654816636671413e-05
-2.995080566253494180e+04 1.541176162743162397e-07
-2.995062327995586020e+04 7.415874923471667963e-06
-2.995032785755198347e+04 5.334522256799547870e-05
-2.995020803801569491e+04 2.613721587444688653e-03
-2.995004015363700091e+04 3.552246462955936071e-04
-2.994967572218671921e+04 1.341831424055717564e-05
-2.994960714809189813e+04 1.005617125539856117e-04
-2.994932203924465648e+04 2.087354961445088452e-04
-2.994913550921066417e+04 7.210562897023611072e-07
-2.994890020054842535e+04 8.857861846377538905e-06
-2.994869252508334102e+04 1.192250332266590148e-05
-2.994846284920379912e+04 1.423846667357267525e-04
-2.994840041078123613e+04 9.536621046899938748e-05
-2.994834058570134948e+04 1.576384230238397910e-04
-2.994810331578727346e+04 1.725374384403133244e-03
-2.994788013667306950e+04 2.407426107986951574e-05
-2.994781255838374273e+04 1.021979212332725304e-03
-2.994754786180624797e+04 3.373309271661065829e-06
-2.994727021487936508e+04 2.516689355974967711e-05
-2.994710995184327840e+04 6.901213230358350859e-06
-2.994683636148227015e+04 1.207420841525691941e-04
-2.994654571999095424e+04 2.800927533658541442e-04
-2.994644789649332233e+04 2.388017059971669432e-05
-2.994617774787335657e+04 9.674903479299757595e-05
-2.994610178431328313e+04 1.993351578599554557e-05
-2.994575811609718949e+04 2.302788656971330178e-05
-2.994557794233409732e+04 2.426889337519625082e-05
-2.994538021158511037e+04 1.898000908205280963e-06
-2.994528634211971439e+04 5.540210580425318542e-04
-2.994522466847901524e+04 9.271773712389198168e-05
-2.994517086927621858e+04 1.372851765682014502e-04
-2.994468870828761283e+04 1.820462121808346138e-05
-2.994457316200005152e+04 3.139676473369684776e-05
-2.994415803119742850e+04 2.065535882946260799e-05
-2.994400703830560087e+04 7.412276744429325087e-06
-2.994364581503369845e+04 2.186782154517247687e-06
-2.994359359508276611e+04 4.300348915918309736e-06
-2.994329985594661048e+04 7.953354897170357093e-06
-2.994304911004668247e+04 5.767139779249304797e-05
-2.994291468656426514e+04 4.156777806551779197e-06
-2.994274050556295333e+04 2.987637122248007959e-04
-2.994270617301262973e+04 3.178015159211762660e-05
-2.994241499769836082e+04 6.211177132147223837e-07
-2.994229958813088524e+04 2.146486108851262728e-06
-2.994210290406211789e+04 2.078994942800596051e-06
-2.994178302002614510e+04 1.848362192714822480e-05
-2.994167611209347160e+04 9.032231016593063886e-05
-2.994120197802802068e+04 1.964740622878980006e-05
-2.994117104113869209e+04 2.452567571050792908e-05
-2.994085616438081706e+04 4.004883160435189564e-05
-2.994072852971098837e+04 4.315809691842303729e-05
-2.994060475428599239e+04 6.533901628371031122e-09
-2.994048752049215182e+04 2.974042199641869819e-06
-2.994017101121560700e+04 1.005237347444266218e-06
-2.993958184739675198e+04 2.169725693396076335e-05
-2.993956220116872646e+04 2.452720946428862733e-06
-2.993931487406854285e+04 4.678270302470073546e-08
-2.993922961337782908e+04 9.723301326478127739e-06
-2.993902643460058971e+04 1.751747056850882885e-07
-2.993881142484129305e+04 1.561656601167186544e-06
-2.993854740990719438e+04 1.384211733278214554e-07
-2.993840188441184728e+04 4.029901403786140360e-05
-2.993811785927852543e+04 2.491776012917046898e-05
-2.993785702379323629e+04 2.536472329581033008e-05
-2.993759829536500911e+04 1.748605628028924860e-06
-2.993749088323635806e+04 4.297280539522930348e-06
-2.993737008356142542e+04 1.415240947358442327e-06
-2.993716711215781470e+04 2.514428297668632893e-08
-2.993693100167522061e+04 1.842967410797816012e-06
-2.993674621941215446e+04 8.687411655781746681e-06
-2.993626912463465487e+04 3.160523127304775367e-06
-2.993609223300407029e+04 2.607850409119471718e-07
-2.993589318269832438e+04 1.317506200614927251e-05
-2.993572059484482816e+04 1.295914738867738082e-06
-2.993554931545230647e+04 2.371261762979379447e-05
-2.993535563040202396e+04 8.664024190926297709e-06
-2.993519435202869863e+04 2.815244207302693529e-05
-2.993505824025065522e+04 1.336484884769367952e-05
-2.993461188581625538e+04 3.963462472151371739e-07
-2.993432934471717817e+04 4.784293578321934860e-07
-2.993420146224660493e+04 1.025589980913648536e-06
-2.993382327371084830e+04 1.222537852518148931e-06
-2.993363729829823933e+04 2.970089175888277907e-06
-2.993352203817665213e+04 1.062824274886501059e-06
-2.993323078560758222e+04 2.074917593498338710e-06
-2.993300714090343899e+04 1.349237969371138370e-05
-2.993279158850650856e+04 6.679012212252402015e-06
-2.993274139104706046e+04 3.723267253468827084e-05
-2.993241374872689630e+04 8.241262959344635022e-06
-2.993226752851741185e+04 1.421031693187702790e-05
-2.993180629067791233e+04 1.771252855544666500e-07
-2.993173815808458312e+04 5.453826500079929605e-06
-2.993140007358229195e+04 7.703321775295528215e-07
-2.993130766946329823e+04 6.126060252533599535e-07
-2.993091268198604666e+04 5.172341769912116011e-07
-2.993076750389253357e+04 8.151788221419037336e-07
-2.993049605346658063e+04 6.969496150044739165e-06
-2.993035481236182022e+04 1.868545818041296710e-05
-2.993001561223373210e+04 2.035494859210383259e-08
-2.992973383515496243e+04 3.584606090719582354e-07
-2.992967268349801816e+04 3.175388782108393582e-05
-2.992947096401829549e+04 2.880545988464910432e-09
-2.992916352001630730e+04 8.201799803023578700e-08
-2.992891216856394385e+04 1.527836000318365518e-10
-2.992871928471436695e+04 4.704156552452377577e-07
-2.992820508426804736e+04 1.489205945544429514e-06
-2.992810122370695535e+04 9.339292701879842964e-07
-2.992782646363439198e+04 5.870599840743917288e-06
-2.992756357169810872e+04 4.927281676649065517e-06
-2.992735303663120794e+04 4.852322034894486482e-06
-2.992725844533975396e+04 5.744181507303507082e-06
-2.992709217921477102e+04 4.065650202500667071e-06
-2.992648246452382955e+04 5.579670546587091674e-07
-2.992640474819154042e+04 4.977853461249914818e-07
-2.992639109791014198e+04 2.134515979127256116e-08
-2.992606250312651537e+04 2.422936845131892868e-11
-2.992558997485318832e+04 2.832183142306318675e-06
-2.992541232855568160e+04 9.528229405430062491e-07
-2.992527550988172516e+04 1.891648333245027907e-06
-2.992477712390730449e+04 4.300364330743370765e-07
-2.992473293540446321e+04 4.154766705549382438e-06
-2.992446407160786475e+04 1.087361316403684706e-06
-2.992390808688982725e+04 2.574053337789238068e-07
-2.992364428395723371e+04 1.705426511215522241e-08
-2.992357196733642195e+04 2.143450950455751753e-08
-2.992332107259906115e+04 4.417606570843155199e-07
-2.992314569145163114e+04 1.504975105115171333e-07
-2.992284809699235484e+04 2.445192571654302620e-06
-2.992260951668544294e+04 6.577141431586184851e-07
-2.992212633516098504e+04 3.663563916367008929e-07
-2.992179191807998359e+04 4.854123323057550637e-07
-2.992171336001029704e+04 9.379540628465733748e-08
-2.992148851852479129e+04 4.432115740205382577e-09
-2.992126936674391618e+04 5.289062823042689671e-09
-2.992082123797962777e+04 3.672844542997690373e-07
-2.992025284376542913e+04 3.774099267334627553e-07
-2.992015367529165451e+04 8.437843861075518804e-07
-2.992011924379764241e+04 1.550031056819257527e-09
-2.991972694470347778e+04 4.017676139330234149e-07
-2.991942967433033118e+04 7.165352570341861533e-08
-2.991916569430113668e+04 2.328687690778195057e-08
-2.991912267764349235e+04 5.273737624575191736e-08
-2.991876397371285202e+04 2.319726800399996601e-10
-2.991854864634663318e+04 3.243145253555155835e-07
-2.991819734337326008e+04 6.106349837677760805e-08
-2.991809069136044855e+04 4.108258624473149408e-08
-2.991763199405684281e+04 5.015667794637240552e-08
-2.991740608655567121e+04 6.826034869027295762e-07
-2.991695647627671860e+04 3.890798814840201486e-08
-2.991667433287631502e+04 2.509275927477779683e-08
-2.991649217594949369e+04 3.453010919363695671e-09
-2.991594400629049414e+04 4.095841274391077901e-07
-2.991572196831484689e+04 6.787514079872423192e-08
-2.991542112609517062e+04 5.336389688123791829e-08
-2.991508438336051040e+04 5.913956507324925445e-08
-2.991490050513178358e+04 6.129800229212305990e-08
-2.991440096133533734e+04 3.910061395014147011e-09
-2.991404929085964977e+04 1.371845638103654702e-07
-2.991377458265311725e+04 2.018142119741249016e-07
-2.991332453288473334e+04 5.286899599768945345e-08
-2.991325490621231438e+04 7.416896206526560424e-09
-2.991304975554942575e+04 7.544793123844004219e-08
-2.991263807508052923e+04 2.288113405510322400e-10
-2.991213922079869371e+04 8.616382136272178466e-08
-2.991199850855597106e+04 1.289413535636155375e-08
-2.991160886011359617e+04 1.695235749783795585e-09
-2.991121192075269209e+04 1.216408171379495808e-07
-2.991097876642746269e+04 2.913246008983679841e-09
-2.991053392842871835e+04 1.628058623961466466e-08
-2.991014730632176361e+04 1.002242817417215840e-08
-2.990977452722882663e+04 5.240779243557500842e-08
-2.990951802163425236e+04 4.225812897356815660e-08
-2.990890901395698529e+04 2.304002272080034143e-10
-2.990871274504052781e+04 6.514108140881562542e-12
-2.990837268301290533e+04 5.844778286745056890e-09
-2.990809251793856674e+04 1.949859456558060732e-09
-2.990758623110627377e+04 2.959315764785076357e-08
-2.990741426359985417e+04 1.044725627895859299e-08
-2.990709789580406505e+04 1.407437969383988202e-14
-2.990681025907107687e+04 1.678917986806704575e-09
-2.990612213674461236e+04 1.771236799411134909e-08
-2.990573687599892583e+04 1.246489140369841756e-09
-2.990559371014060889e+04 2.528539294933815108e-09
-2.990502637998066348e+04 7.139361490780144914e-10
-2.990468628450131655e+04 6.389359803107961954e-12
-2.990431357847936670e+04 2.722855530959504849e-11
-2.990385973027610817e+04 8.379242231952423263e-09
-2.990300872898292437e+04 5.682818727485310094e-10
-2.990291342047202488e+04 4.435095779364936259e-10
-2.990227302911454535e+04 3.252464288821986073e-09
-2.990177168678004455e+04 1.319024579765454998e-09
-2.990113016278470968e+04 1.470262082861073405e-10
-2.990083373464724355e+04 3.443039143568267399e-12
-2.990039761592192008e+04 3.158375744700258024e-11
-2.989982149903613026e+04 4.987459360915013168e-12
-2.989962563667822906e+04 1.858488131666219070e-09
-2.989902078579671434e+04 1.763966253501324635e-10
-2.989850438745115389e+04 1.566938456765320073e-09
-2.989800410300102158e+04 1.926532265907511610e-10
-2.989779106201621107e+04 6.499920997817957125e-12
-2.989730302616115659e+04 1.289881616223974762e-10
-2.989641081117260183e+04 1.531946197503156817e-10
-2.989581695036133897e+04 1.133675493896423990e-10
-2.989568363188578951e+04 3.279780927162850040e-10
-2.989455128302635421e+04 1.783443174278433833e-10
-2.989414704407779573e+04 3.831552206598522805e-11
-2.989399966352905903e+04 3.011883591701633162e-10
-2.989298637949829936e+04 8.680586659274235004e-11
-2.989214276489202166e+04 3.645751443388715100e-14
-2.989194595536699853e+04 6.413292281562914765e-11
-2.989136968634778896e+04 2.252013342185300312e-11
-2.989090103130058560e+04 7.969323399698063969e-11
-2.988971043223551897e+04 1.761870671265284492e-11
-2.988921605725851623e+04 3.569341190218994468e-11
-2.988846357905833065e+04 1.434663315632383095e-12
-2.988771149604463426e+04 1.237962447858762517e-12
-2.988641001178376609e+04 1.958132314118507691e-12
-2.988576277290492726e+04 1.601894961994711260e-11
-2.988528568040657046e+04 2.580384145211287785e-12
-2.988453437024929735e+04 3.819557692627854794e-12
-2.988196991932232413e+04 1.809611133402519690e-12
-2.988174968930785326e+04 1.412013901265745662e-12
-2.988039877050662471e+04 4.081493452751956112e-16
-2.987964938269070262e+04 3.772561466683419670e-14
-2.987863401799344138e+04 5.833816593130086698e-16
-2.987819989901933513e+04 1.265712311350282146e-12
-2.987742859060502815e+04 7.332866297917573118e-15
-2.987639055636711782e+04 6.114430369757054267e-13
-2.987456301004399575e+04 6.310497419217017647e-16
-2.987372158527711508e+04 1.418219717587929168e-14
-2.987149095734763250e+04 1.370325932670273759e-14
-2.987096808991049329e+04 3.464328966145894676e-14
-2.986968204856644297e+04 3.958514981065342213e-14
-2.986875528105615740e+04 2.886897231390875410e-16
-2.986766356324344815e+04 2.566091936162434096e-17
-2.986541728699635860e+04 4.405845802360322276e-16
-2.986466969228258313e+04 1.455554500043544268e-15
-2.986152626129063356e+04 1.569074244642185413e-15
-2.986095333905964071e+04 4.584862271227226081e-16
-2.985952025062244866e+04 4.769161168972584356e-18
-2.985832723814336714e+04 1.977902268992281015e-16
-2.985614188460186415e+04 3.019709293978129176e-17
-2.985548386546963957e+04 1.310771726982495396e-17
-2.985150560676349414e+04 2.855006607644469388e-17
-2.985098656237128307e+04 7.327757197217545108e-21
-2.984788818691973574e+04 1.585513865688633529e-19
-2.984737358976393443e+04 1.157034923552631119e-18
-2.984514503239814439e+04 3.187748578342759402e-19
-2.984468200820691709e+04 3.332718583664753076e-20
-2.984097838126510032e+04 2.250208106515255707e-19
-2.984017672892034170e+04 1.491288864177006819e-19
-2.983455497935495805e+04 1.959208903001523327e-21
-2.983424000225773125e+04 6.468612325794210870e-23
-2.983127931035995789e+04 4.828255086234471461e-23
-2.983076536470075007e+04 1.216766378710020021e-23
-2.982934262380646760e+04 1.820251083523324168e-23
-2.982859062203940266e+04 2.004078775513394343e-21
-2.982053921541962700e+04 1.274447597936203921e-24
-2.982006233739144227e+04 1.255445813131285392e-24
-2.981669354212196413e+04 3.092758592669195658e-24
-2.981595938834208209e+04 4.706740771782801950e-24
-2.980465256019117078e+04 0.000000000000000000e+00
-2.980433213229948160e+04 0.000000000000000000e+00
-2.980227432601596956e+04 0.000000000000000000e+00
-2.980179198304677993e+04 0.000000000000000000e+00
-2.978693032035443684e+04 0.000000000000000000e+00
-2.978654912266547399e+04 0.000000000000000000e+00
-2.978339853559884432e+04 0.000000000000000000e+00
-2.978307293866043983e+04 0.000000000000000000e+00
-2.976783191071250258e+04 0.000000000000000000e+00
-2.976753680145963517e+04 0.000000000000000000e+00
-2.974384898505817910e+04 0.000000000000000000e+00
-2.974365229044343869e+04 0.000000000000000000e+00
2.996869037556154581e+04 0.000000000000000000e+00
2.996898081918862590e+04 0.000000000000000000e+00
2.996901410446279260e+04 0.000000000000000000e+00
2.997093985734132366e+04 0.000000000000000000e+00
2.997153562624824553e+04 0.000000000000000000e+00
2.997268095141018784e+04 1.523855329573937066e-24
2.997292546027807111e+04 6.788016999130323888e-24
2.997319865531024698e+04 3.732032370917077856e-24
2.997406747608249498e+04 0.000000000000000000e+00
2.997495141777875688e+04 2.249786063173915629e-22
2.997590269342600368e+04 9.559400905886579671e-22
2.997638989264629345e+04 1.803157501527547276e-23
2.997687163420607976e+04 8.495413282131503533e-22
2.997780758194257578e+04 4.383026549133578315e-20
2.997878744991921849e+04 3.098377171082767165e-20
2.997881282673927490e+04 4.667083261804948870e-21
2.997975728399675427e+04 5.782892494220428550e-19
2.998036480938336899e+04 4.777654782924284502e-20
2.998078398991687573e+04 2.789987861565465872e-18
2.998113179320517884e+04 1.961081691991228081e-18
2.998180825964494215e+04 7.600830741611078108e-19
2.998191306313493988e+04 1.392058468641776215e-19
2.998277851682767505e+04 9.710000132005547295e-17
2.998302296247002960e+04 6.307472192212888804e-19
2.998376312348239298e+04 7.117659301819054652e-18
2.998421484122651600e+04 5.951002276899260363e-18
2.998475465500500650e+04 1.452921178649542641e-15
2.998533711842818957e+04 8.387478014703195736e-18
2.998575448253362993e+04 7.205307866271540555e-16
2.998641212507778619e+04 1.465448861456909377e-16
2.998675865565852655e+04 1.761361070570583106e-14
2.998750447432662259e+04 2.661723903396498883e-16
2.998776849010084334e+04 1.247085054206701377e-14
2.998860431520251586e+04 5.987356559791697488e-15
2.998877989966900350e+04 1.915372669298653968e-13
2.998969679529776477e+04 4.073706416012068643e-15
2.998978726704013752e+04 6.806229778313364780e-14
2.999077868840754672e+04 8.877684907940055601e-13
2.999078760457164026e+04 1.050919731233490896e-12
2.999174807236538982e+04 2.961853758325793156e-14
2.999184677598081180e+04 6.077943572730148368e-18
2.999259227001816907e+04 4.941477264588955475e-12
2.999286925865211015e+04 2.028500812627227643e-12
2.999320822246753232e+04 8.752542822814503799e-12
2.999358060611582914e+04 6.142137470991281889e-13
2.999396460985447629e+04 4.390936562628068706e-12
2.999430005344886013e+04 1.737537150142444658e-13
2.999490910631811857e+04 2.907135333332442380e-11
2.999522318309088587e+04 9.303460112124878122e-13
2.999581900474156646e+04 1.351130761042714713e-10
2.999621503892734472e+04 5.792246593424486592e-12
2.999664575268757108e+04 8.229158705123287822e-11
2.999716507394726068e+04 8.746975777577441817e-12
2.999723457116106147e+04 1.622279493069805970e-11
2.999775519892606098e+04 7.655825814209183458e-13
2.999800466225113996e+04 2.164761356113658110e-12
2.999854795143269439e+04 1.261631782279745316e-12
2.999884614977259844e+04 2.776471424136852416e-11
2.999951255772796139e+04 7.823400017120901889e-12
2.999957937774479797e+04 1.154256337863993677e-12
3.000019632579636163e+04 2.607230289086989538e-11
3.000036054439567670e+04 7.495597704385640496e-12
3.000075109610909567e+04 1.271160326015332700e-10
3.000106746295272387e+04 5.573016376943281543e-11
3.000156364217433656e+04 2.212361767528135529e-10
3.000179284311284209e+04 7.301361193941143005e-11
3.000232016095651488e+04 1.744914994023453828e-10
3.000248162006015991e+04 2.651216428835614652e-10
3.000269042333905963e+04 1.886693415893922318e-12
3.000292114609736745e+04 1.227716538587369559e-10
3.000328836397546911e+04 9.621656465512867245e-11
3.000343657632353643e+04 8.328246733868358496e-10
3.000370442431046104e+04 3.906370941524598662e-11
3.000416986834074123e+04 3.244192745847477111e-10
3.000424332996072917e+04 4.656308355880761169e-10
3.000435291325794969e+04 1.613299983053870705e-09
3.000474303675655392e+04 4.804897384885286082e-11
3.000513501907804675e+04 2.395192126112084500e-09
3.000567639889883503e+04 3.673120960545192715e-11
3.000582758034564540e+04 2.173342253906672608e-10
3.000596455530605090e+04 8.793473518880228439e-10
3.000629185582252103e+04 3.185826922933827037e-11
3.000649546838034075e+04 1.212876977581480935e-11
3.000685718597451705e+04 2.799095936114890321e-11
3.000701317893922533e+04 2.094444936381379719e-12
3.000741169028663353e+04 4.320961689491139857e-11
3.000759094036883471e+04 1.935330514964087793e-10
3.000787655600654034e+04 4.463408646530065269e-12
3.000815268362553252e+04 4.644216932710941499e-11
3.000848311124600150e+04 2.947370308212130338e-10
3.000853361662325915e+04 3.796098884026582694e-10
3.000855753386614742e+04 8.045972925059751165e-10
3.000906424826192597e+04 3.648834250620819639e-10
3.000914606350522808e+04 2.516549153979832484e-10
3.000944270356380730e+04 5.241405706670722037e-12
3.000981783401239227e+04 7.158719343078037519e-10
3.001007458140535527e+04 1.921639913438902329e-12
3.001044368670881522e+04 3.744251916736331329e-10
3.001056005587931577e+04 2.266484601292471809e-10
3.001062800849044652e+04 1.193061794810576845e-11
3.001082261599764752e+04 1.128999285440678499e-11
3.001123292087361187e+04 9.793353190841479984e-12
3.001140646768934312e+04 3.784274689658195951e-09
3.001198143606247322e+04 1.587461923149151957e-09
3.001219798955982333e+04 4.739069909609404762e-10
3.001254834172536357e+04 1.028094386203483949e-10
3.001264589205036827e+04 2.387429937936686357e-12
3.001273602229640164e+04 9.002370014121192739e-10
3.001313689852225434e+04 1.244456649687558899e-08
3.001355569688781179e+04 3.931306776297003845e-09
3.001376774331576235e+04 4.605587205938930825e-10
3.001387619197208915e+04 4.355751427392600914e-09
3.001401580969593124e+04 4.163873877799521862e-11
3.001425048686520677e+04 4.273780283303381973e-10
3.001454146748374478e+04 1.039455032687110979e-08
3.001462987267478456e+04 7.229452326526476835e-10
3.001486127300249427e+04 2.401639572441739594e-12
3.001505034795359097e+04 2.017507811224386988e-11
3.001519573171352749e+04 2.680480628974469279e-09
3.001534414761941298e+04 3.385988244083783060e-09
3.001570447090283415e+04 1.925709351027687033e-10
3.001595397273753042e+04 1.522298694239575638e-10
3.001618153506936142e+04 3.388615019412533691e-11
3.001633242865954890e+04 1.537412339907846961e-09
3.001653448317927541e+04 3.649532195723868512e-10
3.001706020019878997e+04 1.781068917384762852e-10
3.001734506546114426e+04 6.686630231664839161e-11
3.001745204889288652e+04 1.053334470791005915e-09
3.001779297700640018e+04 9.872081026658740329e-10
3.001789285529356130e+04 1.623011997564135054e-09
3.001820110556573127e+04 4.171313663264802789e-09
3.001853852829116659e+04 9.399609425551897896e-11
3.001866598615147814e+04 1.280276393035290346e-09
3.001889202050978201e+04 3.308335408383752153e-09
3.001923498329063659e+04 1.766811156767173584e-08
3.001939810020512232e+04 8.298568317312516430e-09
3.001969196280187680e+04 1.533191370798845428e-07
3.001989188946770810e+04 3.809156496896506837e-08
3.002012221821205458e+04 2.708770344221731870e-08
3.002013790010878438e+04 1.919003921348190847e-09
3.002032612583216542e+04 1.677195041011266710e-08
3.002072639423271539e+04 1.924185750868507809e-12
3.002094458198154462e+04 1.231315674694030654e-07
3.002097360132964241e+04 1.860852491038481303e-08
3.002123511889428482e+04 3.227984166732345743e-10
3.002143151636375842e+04 7.899892536990320140e-10
3.002195080198256619e+04 4.003342885684559482e-11
3.002224112574591709e+04 2.444678359476805498e-11
3.002236618881998220e+04 1.404481175574722562e-10
3.002258840985958523e+04 2.189585099950342976e-10
3.002310796933828169e+04 2.177767586286176117e-10
3.002347855543068363e+04 2.736239034912256812e-09
3.002368224766207277e+04 4.409096687700866629e-10
3.002392070949840490e+04 3.465050429167771409e-10
3.002430616378199556e+04 2.611898562906654194e-09
3.002451010449461319e+04 3.060813880889288446e-12
3.002501613513788834e+04 4.716909451983434590e-10
3.002507443988990781e+04 9.187639914942538308e-09
3.002508140188296602e+04 9.352494119397633825e-08
3.002547737266779950e+04 3.295976811329582243e-08
3.002570492321617712e+04 3.140323485271879670e-08
3.002586427774159165e+04 5.587180724718162151e-09
3.002620924111604836e+04 1.087599243604085334e-08
3.002629405013583892e+04 7.750880738373988329e-08
3.002652562699154078e+04 1.326096089256015546e-07
3.002665725516268867e+04 1.234884775552600130e-09
3.002700509290305490e+04 1.805843391954322026e-08
3.002729880990006495e+04 6.648631029870658257e-08
3.002739762890112979e+04 3.983029942095131309e-08
3.002757976110599702e+04 1.499390715464817715e-08
3.002800442403428679e+04 7.049151846386375026e-10
3.002820199606479582e+04 2.635887548975967905e-09
3.002822787818707366e+04 3.659452742265720756e-08
3.002857135712107629e+04 1.326692914072110018e-08
3.002864918721291542e+04 2.948193386234534405e-09
3.002912892341753468e+04 1.874138008133178354e-08
3.002931111630683154e+04 1.198471567388219880e-08
3.002933179862813995e+04 1.151611689324663690e-09
3.002999863780326632e+04 1.030069275475114467e-08
3.003013534926567809e+04 5.273240518942254911e-09
3.003023709900444737e+04 8.288333372157133572e-09
3.003030893503970583e+04 2.860817616960322798e-09
3.003050779018435787e+04 7.646663022877972852e-10
3.003095296559897906e+04 1.713507803119732496e-09
3.003097210732590247e+04 1.397286370756334662e-09
3.003128458255499936e+04 2.225634594473935680e-07
3.003135583818916712e+04 1.590093450109221180e-07
3.003157622264522797e+04 4.935053440971506934e-09
3.003175861221776722e+04 5.141386464071608914e-09
3.003196626625525096e+04 7.450167369686314705e-09
3.003211201495455316e+04 5.279138740889503091e-08
3.003232809089374496e+04 3.226601699094310815e-08
3.003241455377393868e+04 1.416736062735855452e-09
3.003254690889105768e+04 6.026296253846965367e-08
3.003286521660442304e+04 3.448114235017154178e-08
3.003303298946853829e+04 2.568278282029860791e-08
3.003310779454455042e+04 7.190081665079547482e-08
3.003347797814537262e+04 1.110081132918446255e-09
3.003361718258938708e+04 2.261430393986086304e-14
3.003389089272472847e+04 2.685161079696342528e-09
3.003401733753670851e+04 6.842115453717486553e-08
3.003436210299397862e+04 2.634687012513740924e-09
3.003444427561616249e+04 2.020984675899818677e-08
3.003473749323588345e+04 2.545441928295249378e-09
3.003490955734804811e+04 9.422682739215417720e-09
3.003535569051360653e+04 5.246649596366578791e-08
3.003539642715767332e+04 1.426893065806995700e-07
3.003550673865313001e+04 1.700371253079202389e-08
3.003576415152695699e+04 2.183561588773143195e-09
3.003591577504725137e+04 1.795926785580195307e-09
3.003596614552920801e+04 1.027434519861526151e-09
3.003646928889339324e+04 3.778605619657758957e-09
3.003668368168621964e+04 1.540664521052043878e-09
3.003684249303373508e+04 1.972113332775625094e-09
3.003693771641470812e+04 5.142513622616288162e-12
3.003721861915655973e+04 5.978248619672748080e-10
3.003751519996466232e+04 8.288860005367894344e-10
3.003769304838679091e+04 2.048497671692126254e-11
3.003778531965654111e+04 9.091475566124639014e-09
3.003791544692812386e+04 1.630487073445914414e-07
3.003816816841387481e+04 8.669995703835194288e-09
3.003844526189476164e+04 6.054044124009078556e-10
3.003865839128380321e+04 1.822472175984726502e-11
3.003890405918327815e+04 3.506398709528725066e-08
3.003920103903945346e+04 8.140860617014262029e-10
3.003942458891748902e+04 6.363202289348299834e-11
3.003957293191037388e+04 4.675117837935596429e-09
3.003966060630176435e+04 1.799211442299269941e-09
3.003974274526989757e+04 8.790715327776206501e-09
3.003995552471692281e+04 4.769494312019395830e-10
3.004031676015574703e+04 7.417802111431984736e-09
3.004036259788090319e+04 2.715322607322864288e-08
3.004066417067991279e+04 7.881508265413883992e-09
3.004084128762389082e+04 1.724969075017911826e-10
3.004103696383199713e+04 1.838944306891959868e-10
3.004125868339921362e+04 1.096659934049873502e-09
3.004141250903765103e+04 4.482719829658252990e-10
3.004172229124962178e+04 1.022682779531865022e-10
3.004192690706124631e+04 2.541606808521478690e-09
3.004215109571388894e+04 1.362991691171072211e-09
3.004222603736727615e+04 6.581011718019528044e-08
3.004230090826069136e+04 7.424677080760895895e-12
3.004259271021925815e+04 8.257156653027861202e-11
3.004269112382936510e+04 9.174751245979485705e-10
3.004298815027211822e+04 8.590620997712229112e-11
3.004321374032785025e+04 1.452192818011763116e-10
3.004350962969043758e+04 7.303178962196959574e-10
3.004369356564457848e+04 4.522238287301499257e-11
3.004377890178021698e+04 1.232164008170877524e-09
3.004389792259508613e+04 3.173009404328442586e-10
3.004410524739444008e+04 5.204306526008495289e-11
3.004445219188989358e+04 3.081688443378329413e-12
3.004463357425372305e+04 1.946931682501281874e-11
3.004480482169002789e+04 1.786119139912878728e-10
3.004507843954796044e+04 1.219334095073733649e-10
3.004522093400150698e+04 3.158836124533243309e-10
3.004529581899115874e+04 3.640670113430745705e-11
3.004549143745298352e+04 5.939053274076900864e-12
3.004590753397019944e+04 4.013303007478187758e-10
3.004604802466648107e+04 4.189510576722011073e-09
3.004613950332438617e+04 1.745134444476270183e-09
3.004652654735695614e+04 1.102068313975231753e-10
3.004663206217603147e+04 6.528911896166342874e-10
3.004668706073563590e+04 8.404028218073443634e-11
3.004698991404830304e+04 5.389036107027419116e-11
3.004703464694640206e+04 3.269858091371240477e-11
3.004725572637118967e+04 5.536374519773441077e-12
3.004778026081017015e+04 9.404781952301883291e-11
3.004785171874697335e+04 1.472588835102453572e-13
3.004803247484922758e+04 2.239744805269393869e-10
3.004824193698937961e+04 7.914829582858862596e-09
3.004830686729682202e+04 3.685865362102736359e-10
3.004851693534634614e+04 1.016573329702552374e-10
3.004865235029753239e+04 1.321124892457248113e-10
3.004888198388104865e+04 4.079758074198959421e-10
3.004914074152566900e+04 6.133074021721603892e-10
3.004945763142899523e+04 5.435151568382104160e-10
3.004949545352843415e+04 4.689644557802267341e-10
3.004976444230174820e+04 9.272677066337947302e-11
3.005000364776376591e+04 9.347184217763689666e-10
3.005006770290980057e+04 1.857236921928950209e-10
3.005039058867174026e+04 1.117746755764348037e-10
3.005060988916261704e+04 9.960449917170320771e-11
3.005076587757593006e+04 4.580151440538489702e-12
3.005095175105276940e+04 9.513919634787890562e-11
3.005126991228323823e+04 1.178282730865176349e-13
3.005135989974654512e+04 2.477405552399619997e-10
3.005153268850281529e+04 1.180864408646365759e-13
3.005172695311120333e+04 2.556530190635920704e-11
3.005186208809662639e+04 2.172680248653120746e-10
3.005198360682988277e+04 7.441450028700506144e-13
3.005220821425139366e+04 6.406565067814572996e-10
3.005244723920776596e+04 7.715169011041646216e-12
3.005259219208823561e+04 8.718026149145054756e-11
3.005285229389827509e+04 2.062358553256537451e-11
3.005313750693607653e+04 1.796597581615831466e-10
3.005330928114153357e+04 6.146744413529058357e-10
3.005349469606375715e+04 1.403516657502635788e-09
3.005377136834429621e+04 8.191915710335131702e-10
3.005391264847563798e+04 2.021944570700177024e-12
3.005410620998387822e+04 1.973047510145428101e-12
3.005429729920439786e+04 4.918845340930867221e-13
3.005450856907181151e+04 3.214088787422594107e-11
3.005472265033678559e+04 4.714740565724037658e-11
3.005482054403587972e+04 1.461508387103687124e-11
3.005496697321949614e+04 7.653017231601176637e-11
3.005499358677315468e+04 1.018552097462445871e-10
3.005504402879935878e+04 3.695241902183269516e-11
3.005556731934916024e+04 6.380633153296960449e-10
3.005571061914721577e+04 2.305476964706979859e-10
3.005616251289686261e+04 7.361277102936493047e-13
3.005625876272589812e+04 2.909463381487672635e-11
3.005664443404007034e+04 4.068277733688853877e-11
3.005675328326361705e+04 1.698747026983960526e-10
3.005693040566525451e+04 6.675072910926526271e-11
3.005717621030920782e+04 5.058983444027752029e-13
3.005731210467019991e+04 3.040183012997365809e-11
3.005742278173843079e+04 3.117727273262014295e-12
3.005747907546233910e+04 1.632617357286402431e-12
3.005785243672592333e+04 3.458985773909374628e-10
3.005795407907341360e+04 9.317897716366068832e-11
3.005821925782208200e+04 2.027383391142181524e-10
3.005840123745665915e+04 4.886842228276808019e-12
3.005854635051867808e+04 1.570576874345538013e-09
3.005903751864166406e+04 2.781190395091722533e-10
3.005919106953747178e+04 6.210459741345335137e-11
3.005946745757148528e+04 9.611398525425933046e-11
3.005955880286685715e+04 4.006894289033977522e-12
3.005964713278708587e+04 1.016304434761308953e-11
3.005987437272273746e+04 6.391892674370028928e-11
3.006011697180463671e+04 3.567127627241326942e-11
3.006052312884260755e+04 5.859610898099417262e-13
3.006069776759700471e+04 1.735838291058321599e-11
3.006097367662660326e+04 2.203394330163363850e-11
3.006102809079356302e+04 9.665867173733313725e-12
3.006121966653014897e+04 5.961446047247103844e-14
3.006142059306342344e+04 9.476109445938824793e-14
3.006174625277319137e+04 3.212478731619388115e-10
3.006186120104006841e+04 1.053464185680184160e-10
3.006211531966755138e+04 1.135261572031523774e-14
3.006236287287387677e+04 3.543749285385007193e-10
3.006267703195015565e+04 7.103627523759545210e-14
3.006271719481317268e+04 6.191616248900966441e-13
3.006291492313571143e+04 1.340558899117744291e-12
3.006308560866675543e+04 2.152301338264747048e-13
3.006323252983441853e+04 5.009287245073871651e-12
3.006353256463834623e+04 6.369596549674166235e-12
3.006392578421649523e+04 9.169989097403346692e-14
3.006410750234920124e+04 7.817004250112130171e-13
3.006440445481817369e+04 4.946641051472258922e-12
3.006448605698036408e+04 1.884900356561368008e-11
3.006471742444765914e+04 1.400393082177652255e-11
3.006477894106790336e+04 2.521666023065279543e-11
3.006507821193998461e+04 3.128223672604734249e-10
3.006522628124362382e+04 1.837517445622136119e-11
3.006575984704316943e+04 7.552512991914271032e-11
3.006599662745641399e+04 1.782142708250903600e-11
3.006602217107121032e+04 1.285984355526888351e-11
3.006634967714623417e+04 7.471559862995414588e-12
3.006656569960355773e+04 7.465312059401097691e-12
3.006666144363942294e+04 6.000687004886898478e-12
3.006694999962709699e+04 4.977070157616246509e-13
3.006720324846533913e+04 5.760620373722533401e-13
3.006746297324440093e+04 1.771568228852928936e-11
3.006757741876011278e+04 2.246996037654658695e-12
3.006776964238858636e+04 2.673893258517721800e-11
3.006799616512430657e+04 3.450049379091754831e-11
3.006838748101216333e+04 6.596550085109121770e-11
3.006848482517186494e+04 9.730553267491964555e-12
3.006879722026041054e+04 5.239079620059132781e-12
3.006896135573762513e+04 2.501529755464988842e-11
3.006921410730987191e+04 1.341689742013759975e-12
3.006941424620400358e+04 2.744603847183248307e-13
3.006969230507865359e+04 5.310812510207896964e-12
3.006986126361158313e+04 3.702854892183022164e-12
3.007024655969325977e+04 3.714090297694501272e-13
3.007047678552830985e+04 1.705481592455409057e-12
3.007048666088299797e+04 2.920274790183641825e-11
3.007082685081798263e+04 1.022645150548312014e-12
3.007107534806239710e+04 1.493419542133723466e-13
3.007131859490894567e+04 5.815961412774334972e-12
3.007154655780146641e+04 2.001420375027975085e-11
3.007198224372262848e+04 1.589916330146729215e-11
3.007223244415506269e+04 3.617095773079029730e-12
3.007237081385975762e+04 3.183671911432517561e-12
3.007277050217761280e+04 2.092249541916629534e-13
3.007284257775250444e+04 3.509806390497221070e-14
3.007291428864352201e+04 1.299006519613623356e-12
3.007309687398634924e+04 3.137356992849736641e-12
3.007372806243871310e+04 7.242441206174908394e-12
3.007378239617298823e+04 6.575482957233599748e-14
3.007395716466867088e+04 9.221632292348701181e-13
3.007415389214534298e+04 7.888900305289779437e-12
3.007454014364442992e+04 1.578727184803724409e-11
3.007471363556820143e+04 2.150595823213934656e-12
3.007490305686012653e+04 3.567035624743542420e-13
3.007540961830741435e+04 1.333531983957222908e-13
3.007555638635307332e+04 9.210981707984872770e-13
3.007570520323452365e+04 1.666375741122091805e-12
3.007627324782786673e+04 6.827470887559716841e-12
3.007658120167229572e+04 6.247678246355942337e-12
3.007672295547838075e+04 9.085280447748754145e-13
3.007695545644997037e+04 1.430597557921774817e-12
3.007710157582919783e+04 3.832083425786221766e-12
3.007742859611005042e+04 4.321576327945648068e-13
3.007775703388683178e+04 3.454121008370596148e-13
3.007820352795859799e+04 9.917652155894692894e-13
3.007839189931345027e+04 2.666420635104608363e-12
3.007845545887796106e+04 4.713764833766267356e-14
3.007865651582294959e+04 7.593718303052115825e-13
3.007888973586944121e+04 7.390727726519650997e-12
3.007937588816748030e+04 1.171116081184820472e-12
3.007988440606763106e+04 1.028810140517370636e-13
3.008003474014277526e+04 4.642646195887870141e-13
3.008014206351787652e+04 9.897883170683054185e-14
3.008044251420948422e+04 1.005538579500380692e-12
3.008086856580185849e+04 1.545415641487460492e-12
3.008107864898674961e+04 2.821820903880285574e-12
3.008117828797950642e+04 2.906261234561680670e-15
3.008144647307470223e+04 5.069608185638306043e-13
3.008163638285726120e+04 1.592083908796504496e-13
3.008205532714850415e+04 1.239316569735823800e-13
3.008227448652228486e+04 4.047999352310500331e-14
3.008265665485717182e+04 1.298450108574949486e-12
3.008282250578829553e+04 1.078858958479283570e-12
3.008323974979488412e+04 6.415619180960942293e-15
3.008363578638554463e+04 8.093420882831842935e-13
3.008371496251985081e+04 2.178174725518895574e-14
3.008432418149088335e+04 1.064412437221380991e-13
3.008442640127971026e+04 6.508133133054559884e-15
3.008480636129118648e+04 1.450844760819411412e-13
3.008517971507262337e+04 9.358586401662505352e-13
3.008526201327896706e+04 1.062932718375793442e-13
3.008590675418413230e+04 7.133797878778584556e-14
3.008619545215571634e+04 1.587368078004580626e-15
3.008641873342295366e+04 2.684931168998722334e-14
3.008682383251647843e+04 1.522428944394279743e-13
3.008708455586065247e+04 2.396219093760041411e-14
3.008713601441515857e+04 6.297344313751733858e-14
3.008760974291452294e+04 1.894176479388004830e-13
3.008809804712450932e+04 5.810752668084768308e-15
3.008820729127267987e+04 9.990123114961829530e-15
3.008869350898802440e+04 5.315149890378144042e-15
3.008901009071970475e+04 1.981533644160345573e-13
3.008933980505304498e+04 2.121702909632307053e-14
3.008968185108190301e+04 2.078434784042473591e-14
3.009023178826333606e+04 9.123314529983895487e-18
3.009042248748594648e+04 3.924311020486589991e-16
3.009083234487925438e+04 5.594018872903834401e-15
3.009127171434429329e+04 5.297105161155958321e-14
3.009141427906688114e+04 3.247698522850068828e-16
3.009186435279974103e+04 2.911144264981647219e-14
3.009208552598335154e+04 1.237928878575175236e-14
3.009266722977174140e+04 1.728918940409419966e-14
3.009274838385348630e+04 1.960456899117142291e-14
3.009316723522629400e+04 6.925167689245797007e-17
3.009365253340359413e+04 1.044510218105161673e-14
3.009405805442779820e+04 6.506258013999365935e-15
3.009451413628667433e+04 1.907888614345801377e-15
3.009474678137673982e+04 1.740264971599851226e-15
3.009531978733586584e+04 6.708069819507135870e-16
3.009544322907577589e+04 3.479135701843480641e-14
3.009598093397107732e+04 1.523726134715234567e-17
3.009635402881437767e+04 3.558325517741965725e-15
3.009720043223612083e+04 9.997013609143680102e-15
3.009737296527863873e+04 1.086872961580786839e-15
3.009795191428980615e+04 3.112182442686072932e-16
3.009845628697924258e+04 2.973593298474721036e-16
3.009911742720787515e+04 7.122612918074701591e-15
3.009933905977206086e+04 2.034534234743835146e-15
3.010013351363708716e+04 1.030441333981103032e-16
3.010044135388512950e+04 1.182502158934575695e-15
3.010063161379921803e+04 2.204464892531599241e-15
3.010129658745282359e+04 1.287301913550431290e-15
3.010168494267548158e+04 1.367558643952408355e-19
3.010212570594861245e+04 1.481309310373055803e-17
3.010259357957059910e+04 1.096745395918000161e-15
3.010296955968666589e+04 3.348100449213286799e-16
3.010392598747729789e+04 1.750376442923766667e-16
3.010440124381362693e+04 8.531545730542431545e-16
3.010476281107997056e+04 8.638283528202713425e-17
3.010577104447189413e+04 3.300230400329646176e-17
3.010615972884327857e+04 1.469842219604105342e-17
3.010628859686330543e+04 1.609255007397389366e-17
3.010713705754660987e+04 2.170075734124234609e-17
3.010802135966509377e+04 2.118753465150868003e-16
3.010838291955435852e+04 1.161642729391581689e-16
3.010908152532610984e+04 3.630316096065492612e-17
3.010931928926724504e+04 1.250652618270756511e-18
3.011076298656057043e+04 1.771490257974538368e-23
3.011119552818727971e+04 1.133560970453550650e-17
3.011208475459217516e+04 1.692120010647153539e-17
3.011270800232714464e+04 9.421517861736310213e-19
3.011381173047118136e+04 4.362400083494452140e-17
3.011453134579227844e+04 2.994921151788944079e-18
3.011527533331907762e+04 3.199592443797963422e-19
3.011568844676147273e+04 8.630860787722756431e-18
3.011838402883524031e+04 4.508567010988934831e-18
3.011872090046637823e+04 1.134795810428113786e-18
3.012005279106550006e+04 3.945071504772323394e-20
3.012100969418868408e+04 4.581235667013648932e-19
3.012171914064680823e+04 1.107264110162876316e-18
3.012204914476932754e+04 7.794363740301305481e-20
3.012316075042515877e+04 1.274074931766900774e-19
3.012391162770475785e+04 1.926339284508883579e-19
3.012600868723994063e+04 2.430680765269919917e-20
3.012663291852352268e+04 7.664438253562737488e-20
3.012897611966613113e+04 2.286906834783897269e-21
3.012928471497372084e+04 2.475677534996331315e-20
3.013052795323045211e+04 2.580990408122559035e-20
3.013180092723776397e+04 3.110243152403976438e-22
3.013256207110078685e+04 2.032015840913745209e-20
3.013502739431739610e+04 2.243716436255117471e-22
3.013573164585308405e+04 3.763209227705712250e-22
3.013873963115967490e+04 2.797664879669588886e-23
3.013922693521227484e+04 1.858652852394881943e-21
3.014107534513144492e+04 1.233417857910426816e-23
3.014203898172377740e+04 1.780602274031987240e-23
3.014432029320289075e+04 1.944224530700742653e-24
3.014491853288584025e+04 1.205654449116136080e-23
3.014871028071156616e+04 2.106979562209122760e-24
3.014915502294498583e+04 2.940561468117451728e-23
3.015273799400159623e+04 0.000000000000000000e+00
3.015309378663875032e+04 0.000000000000000000e+00
3.015536468640235398e+04 0.000000000000000000e+00
3.015579976000074021e+04 0.000000000000000000e+00
3.015921970808760670e+04 0.000000000000000000e+00
3.015995469726053852e+04 0.000000000000000000e+00
3.016584283557869639e+04 0.000000000000000000e+00
3.016620195286011221e+04 0.000000000000000000e+00
3.016940252828875236e+04 0.000000000000000000e+00
3.016994690506950792e+04 0.000000000000000000e+00
3.017091514449633178e+04 0.000000000000000000e+00
3.017154529971222655e+04 0.000000000000000000e+00
3.017985064570511167e+04 0.000000000000000000e+00
3.018031584213063616e+04 0.000000000000000000e+00
3.018349214683561877e+04 0.000000000000000000e+00
3.018418855811828689e+04 0.000000000000000000e+00
3.019572605544194084e+04 0.000000000000000000e+00
3.019603269550915138e+04 0.000000000000000000e+00
3.019795552652922925e+04 0.000000000000000000e+00
3.019840078349671603e+04 0.000000000000000000e+00
3.021324636589064175e+04 0.000000000000000000e+00
3.021362408473694450e+04 0.000000000000000000e+00
3.021705591784738135e+04 0.000000000000000000e+00
3.021737403776185602e+04 0.000000000000000000e+00
3.023233323316517635e+04 0.000000000000000000e+00
3.023262070177893474e+04 0.000000000000000000e+00
3.025632270735862767e+04 0.000000000000000000e+00
3.025651395035999667e+04 0.000000000000000000e+00
