-3.004622581859322236e+04 0.000000000000000000e+00
-3.004428138751978258e+04 1.047660114210000686e-24
-3.004332239076390397e+04 6.793033097386210536e-23
-3.004321899199375912e+04 5.855773846862983876e-23
-3.004219421423142921e+04 3.681044995504733495e-23
-3.004032311111972740e+04 6.589073361463004530e-24
-3.003915967127532713e+04 5.854207400206439707e-22
-3.003874751980903966e+04 1.225884449244888133e-19
-3.003820255612538313e+04 1.326924171142578257e-21
-3.003768840581633049e+04 1.573444012734132431e-21
-3.003687965940602953e+04 1.087679503873610177e-18
-3.003569178892335185e+04 5.411177783789954603e-18
-3.003457282920469879e+04 8.143339014604047762e-18
-3.003449505695842890e+04 2.342303836052623944e-21
-3.003347117989715116e+04 2.975361483587357415e-16
-3.003233738241630635e+04 5.502575582277540756e-17
-3.003181431413091923e+04 4.419825305865437194e-17
-3.003121595398145291e+04 5.382129678454846126e-15
-3.003023335482883704e+04 1.195208501612122874e-15
-3.002990202222154767e+04 1.266785181936721188e-14
-3.002935319632754909e+04 2.747642650880341288e-14
-3.002874817292018633e+04 3.023454143275174145e-14
-3.002841505686501114e+04 1.479260912478724948e-15
-3.002761239733643743e+04 6.880077453893640567e-13
-3.002696502625715948e+04 1.119088970183884387e-13
-3.002644261223839203e+04 1.502472269914684041e-13
-3.002554704417469475e+04 1.324429716258720697e-12
-3.002523709172468443e+04 1.336787507366270761e-11
-3.002430120994582467e+04 1.386831449142433109e-12
-3.002401697568211239e+04 4.949355506127930737e-13
-3.002307619962661192e+04 7.136330667228380027e-11
-3.002279873661921738e+04 1.610873326114802857e-10
-3.002182813483147402e+04 1.318095275102705354e-13
-3.002156652586830751e+04 2.300847174157372255e-11
-3.002059964334815231e+04 2.061484598383041832e-09
-3.002032664668785583e+04 8.378338513483018940e-10
-3.001941444646260061e+04 9.941400079191845666e-12
-3.001908560615696842e+04 1.001296459819347183e-13
-3.001827098303563616e+04 2.333535619289267680e-08
-3.001789434542429808e+04 6.368206155330298333e-12
-3.001727957113764933e+04 1.468278076264378847e-08
-3.001683481911992567e+04 2.501635000557021579e-10
-3.001664789501307678e+04 2.597877691268716053e-10
-3.001600168488670897e+04 4.306203529946206632e-08
-3.001574518420690947e+04 1.243978235112816003e-07
-3.001498198738967039e+04 6.185577626238284459e-08
-3.001468851970409742e+04 2.147528694159740078e-07
-3.001388254081094783e+04 2.756127664630697021e-08
-3.001362333043032777e+04 1.430937730377096367e-07
-3.001284560763833724e+04 5.548740689382455095e-07
-3.001253907244088259e+04 1.174854225217340226e-06
-3.001206187604437218e+04 1.376148788818888367e-06
-3.001162508594109386e+04 8.833953776750865591e-14
-3.001123798555118265e+04 4.930568333695709525e-07
-3.001100476688504568e+04 5.466887368537116444e-08
-3.001025242073075424e+04 3.314334567142934589e-06
-3.000998786059466511e+04 5.613045541731043178e-08
-3.000946277726645349e+04 1.268449781665851896e-05
-3.000879398441832382e+04 6.479926579436192700e-06
-3.000871264418045757e+04 3.516456131907418268e-06
-3.000831632676830122e+04 9.016592986621291004e-06
-3.000775875611675292e+04 2.529971478654712003e-06
-3.000743968487255552e+04 9.165008121626355820e-08
-3.000708837389405380e+04 1.740828537795966381e-07
-3.000682657694459704e+04 5.386009897075738492e-07
-3.000672451017731873e+04 2.151732016340775138e-07
-3.000628309507954327e+04 2.045547337964985433e-07
-3.000598075451154727e+04 1.774964425004485174e-05
-3.000549769828116041e+04 1.070338697923955846e-06
-3.000531752161773329e+04 6.369535419968614585e-07
-3.000492539655843211e+04 1.056476661021342928e-05
-3.000442107572092573e+04 1.761956956507795992e-06
-3.000439421403534652e+04 1.498647316733757703e-08
-3.000434252166099031e+04 5.329037702392156086e-08
-3.000403113682838011e+04 2.162705148866017758e-07
-3.000350947459103190e+04 8.833451090895405762e-06
-3.000322262570736348e+04 1.080081543206346401e-05
-3.000251111227902948e+04 1.506127963254241356e-06
-3.000235741006188255e+04 7.880044800736374182e-05
-3.000228712356522374e+04 2.165636620418394389e-06
-3.000191104249620184e+04 5.002563488924631836e-07
-3.000158518058923437e+04 1.159386524908846636e-05
-3.000113085428644263e+04 8.293280312078765866e-05
-3.000104344306294297e+04 2.067089743054924660e-05
-3.000074947955808238e+04 4.274583919789070821e-06
-3.000040115246200730e+04 5.254504768947123379e-05
-3.000010535650752718e+04 5.816617666791658862e-06
-2.999984124489417809e+04 9.330301788559175130e-06
-2.999972247967534349e+04 4.968238069960173570e-05
-2.999937741000597089e+04 2.574769245727221204e-04
-2.999891276316095173e+04 7.409882059822787200e-05
-2.999874918213936326e+04 9.209256754346391099e-05
-2.999825510785530787e+04 3.597851076099920962e-04
-2.999803531329447651e+04 8.810580389530030070e-05
-2.999777582570652885e+04 6.136859130024977047e-05
-2.999758886044171959e+04 2.375548191050051394e-05
-2.999735979445265548e+04 1.564282761211962410e-05
-2.999702394137225201e+04 4.415365995628991951e-06
-2.999680240946365302e+04 8.410967805307204047e-06
-2.999628555901710206e+04 1.241407328559490665e-06
-2.999579248105442457e+04 2.956650522970769430e-05
-2.999564530779801862e+04 1.975177346363570364e-04
-2.999532770961242932e+04 1.041875774593357206e-08
-2.999527181831301641e+04 1.668676680260866571e-06
-2.999502516358390130e+04 3.221374264317576717e-05
-2.999447861651684434e+04 5.152952790563011469e-06
-2.999428697658571036e+04 1.154265580011354498e-05
-2.999391626536386684e+04 1.093094294728719858e-04
-2.999370199133985079e+04 1.260766259655919457e-04
-2.999342030491443802e+04 6.508210186819937725e-04
-2.999331266737448823e+04 3.582137935001600769e-04
-2.999307905003522319e+04 3.051492105309576864e-04
-2.999284412136690662e+04 5.294511540893475065e-05
-2.999254355429791030e+04 4.555666005812360783e-04
-2.999238566393284782e+04 1.070062769473453177e-04
-2.999215791877351876e+04 4.438005221098496032e-04
-2.999174256341110595e+04 1.063268288042766991e-04
-2.999156364808484796e+04 1.745462409284268728e-04
-2.999139846786403723e+04 1.198622353570387883e-04
-2.999094120887705503e+04 1.287561748056396612e-04
-2.999063559137242555e+04 2.032080999052782199e-04
-2.999045955591282836e+04 2.862304878068787145e-04
-2.999032728251225126e+04 1.006994945302545214e-03
-2.998978032066972082e+04 6.150493945124895162e-04
-2.998962546645462135e+04 2.743291778662362477e-04
-2.998930656389026626e+04 1.746199258328155941e-04
-2.998870317197908298e+04 2.129430578745754921e-07
-2.998858812142195166e+04 1.944777131794104945e-04
-2.998834457914344966e+04 9.146185402348234192e-05
-2.998806446100039102e+04 3.771310792358303042e-04
-2.998766892990256747e+04 9.034972517379691878e-04
-2.998748804671194011e+04 3.065610303724011624e-04
-2.998730548571864711e+04 4.106986384941610025e-04
-2.998683476464173873e+04 2.385396331572056075e-04
-2.998661951859825058e+04 3.048842188538335943e-03
-2.998642578980952749e+04 3.071129821115740639e-03
-2.998637984602986762e+04 6.443601357594005539e-07
-2.998581287315538793e+04 4.680428626853279882e-05
-2.998557662821327540e+04 3.846385528924259639e-06
-2.998535234388045137e+04 7.176836629733400343e-06
-2.998506894871206168e+04 2.066718948372949543e-05
-2.998475525139382080e+04 3.609858582192733987e-04
-2.998437692570595755e+04 1.938305476368830046e-04
-2.998415601492820861e+04 2.921023951701754752e-03
-2.998366666644089855e+04 6.619850333470448777e-04
-2.998347167061626533e+04 1.429650942706591366e-03
-2.998325360765498772e+04 4.537018872981091037e-04
-2.998288345037976615e+04 1.592233118234712240e-06
-2.998235202636202666e+04 2.119858855729472868e-04
-2.998218816901429091e+04 2.092441966906553093e-03
-2.998193696081179587e+04 2.691947935461033812e-03
-2.998166048978138133e+04 1.627585118779307713e-02
-2.998113247079281064e+04 3.665850535621028336e-04
-2.998107719332721535e+04 4.341759444084892713e-03
-2.998079836734197670e+04 1.412109462442284052e-02
-2.998051096630778920e+04 6.585051321591676636e-07
-2.998039556341595016e+04 8.905879757291498833e-03
-2.998019800691332421e+04 3.183407461154170916e-03
-2.997996402160541038e+04 1.932221457108841038e-03
-2.997974142535389910e+04 6.331939643153045548e-03
-2.997910466906213333e+04 5.186824327640725350e-04
-2.997903769824452684e+04 1.283645407234156749e-04
-2.997867746302622254e+04 5.187392341114527000e-08
-2.997859070042801613e+04 1.343266199137732424e-03
-2.997803281947874711e+04 1.491300640983476728e-04
-2.997780899446531112e+04 1.245759319430246939e-03
-2.997742921502149329e+04 7.652897885689869621e-04
-2.997726431569647320e+04 5.417866294665342009e-05
-2.997695809008995639e+04 4.589345453034216794e-03
-2.997672969132643993e+04 1.057549506235499126e-03
-2.997613755793558812e+04 4.065340510057517676e-04
-2.997602260388346986e+04 1.050863009122474014e-03
-2.997586689481560825e+04 1.204852589875621965e-02
-2.997562336951511315e+04 8.001640195204477723e-02
-2.997544264211907648e+04 1.623937195020637991e-01
-2.997518868356382882e+04 4.777666264611042570e-05
-2.997497886410859428e+04 4.844286841702837368e-03
-2.997461121452596853e+04 2.027020710714065241e-02
-2.997452839830273297e+04 1.380107735884857599e-02
-2.997430431140244400e+04 2.981321670233140573e-03
-2.997409913083489300e+04 3.031172135742403375e-03
-2.997389785729963842e+04 2.485186634774788302e-04
-2.997367469029855783e+04 2.699486754061600560e-02
-2.997327965140058586e+04 2.699151888018807253e-03
-2.997312642409562250e+04 2.582276201487192918e-03
-2.997292687689506783e+04 1.115702661037056703e-02
-2.997260738677771951e+04 9.868860779045749050e-04
-2.997209535066767785e+04 7.559710197636355282e-05
-2.997199971837081102e+04 1.300619754426041207e-03
-2.997186780187607656e+04 6.956595407191597594e-03
-2.997167695246882795e+04 2.044717469943627131e-03
-2.997115473013381779e+04 6.162559854764043795e-04
-2.997081375921710787e+04 4.848061473494001168e-05
-2.997077949047690709e+04 3.946879699002414036e-04
-2.997051462587122296e+04 2.770379927858387242e-04
-2.997021129194716195e+04 7.138315724985581229e-03
-2.997014900673319789e+04 7.630830314581162239e-03
-2.997001524633339432e+04 3.172490074956051120e-02
-2.996975271360383340e+04 2.080543160792035304e-03
-2.996953676896824618e+04 2.953616087640228462e-03
-2.996931393922095594e+04 1.575164126656959651e-02
-2.996922916164970593e+04 1.217938175000883930e-02
-2.996884588542222627e+04 1.058884343095159962e-02
-2.996874007326622086e+04 6.240876904742353808e-05
-2.996854845449573986e+04 2.858941184867154137e-02
-2.996845826877668514e+04 5.623068327577385520e-03
-2.996804752694908166e+04 2.719498128380625282e-02
-2.996787277819582596e+04 6.956564816295807141e-02
-2.996765546252168861e+04 1.516517194867778159e-03
-2.996727514475333373e+04 2.950455227703394773e-02
-2.996716822290365235e+04 1.347062028667830695e-03
-2.996677977542137160e+04 1.270671914092058249e-02
-2.996656499594047273e+04 6.679202703246621062e-03
-2.996629752215695771e+04 1.549135380160129860e-02
-2.996628430412998932e+04 4.561012109504985514e-03
-2.996606964076085933e+04 8.906924016295669549e-04
-2.996575139915652471e+04 3.729199518641213625e-03
-2.996541119781117231e+04 8.151184501931111812e-03
-2.996514019320666921e+04 1.640101590619157622e-04
-2.996478828186566170e+04 4.412134073729758257e-03
-2.996470720925046044e+04 5.518184332685446836e-02
-2.996449998186981611e+04 4.858900885931162532e-05
-2.996432447278267864e+04 1.641684610460890197e-04
-2.996413528944207792e+04 2.135164143304558700e-05
-2.996362311627809322e+04 1.035248856746219222e-03
-2.996331501004538586e+04 6.073599523654374388e-02
-2.996312651427524179e+04 7.811817320501692440e-03
-2.996282981503715200e+04 1.434539744611679560e-02
-2.996272182262327260e+04 8.632045909143157134e-06
-2.996259753210746931e+04 6.953861988083564245e-07
-2.996243363883308120e+04 2.831343476865105617e-03
-2.996227495578725575e+04 5.819758754654350474e-04
-2.996198721405697142e+04 3.308131490924296619e-02
-2.996160784898402198e+04 2.337683916918503228e-05
-2.996142613402696588e+04 2.759139461186938260e-05
-2.996129129543689851e+04 4.732337151653720052e-04
-2.996099728091496581e+04 4.110720075706564775e-06
-2.996076315732818330e+04 8.663320931055116213e-04
-2.996062087996691480e+04 1.521193842548342892e-04
-2.996030626181609477e+04 1.726699905741472391e-02
-2.996005606373182673e+04 1.802911708113199511e-03
-2.995982720656270249e+04 3.987252545577977213e-05
-2.995952188991902585e+04 7.704071422784571416e-06
-2.995929535743016095e+04 3.855711930260327511e-05
-2.995914898574986728e+04 3.582721126955081947e-03
-2.995884135697910824e+04 3.067143474705217449e-03
-2.995872356288603260e+04 5.502655059859244013e-05
-2.995849827448290671e+04 4.410229346187043083e-05
-2.995847000795141867e+04 3.577688903831023246e-05
-2.995826211742986561e+04 2.742950699563204560e-05
-2.995804921534722234e+04 2.879438033098139903e-04
-2.995769978925140094e+04 1.143745625880006399e-04
-2.995750853041054143e+04 2.105851561909865589e-03
-2.995719000468436207e+04 1.069691798105574902e-03
-2.995703400360610613e+04 1.935980094908004105e-03
-2.995680494659375472e+04 1.483087687125535631e-07
-2.995659622436239806e+04 1.373871624472043878e-04
-2.995638320837518040e+04 5.379096532799813152e-05
-2.995600305266469513e+04 1.893467834167209397e-04
-2.995581128743183217e+04 2.252925971174278234e-06
-2.995556400127756206e+04 3.010132719519383743e-03
-2.995530291613735972e+04 2.010009984885886380e-05
-2.995509018257048592e+04 1.805349588961074108e-05
-2.995480626532596580e+04 8.571386603264292495e-06
-2.995477627980641773e+04 9.220550375792059897e-04
-2.995431977099532378e+04 5.634220465301327746e-04
-2.995408042314426712e+04 5.786186023002856151e-03
-2.995391984282105477e+04 3.186705120965010107e-04
-2.995366112111926122e+04 6.197470509192355443e-05
-2.995347492665775280e+04 7.422239307944394882e-05
-2.995335655707296610e+04 1.943199633036597805e-03
-2.995295776942144221e+04 5.649865969327078682e-04
-2.995276410454960569e+04 3.348624846393282280e-05
-2.995264133773006324e+04 1.559202149675602842e-04
-2.995241125894407014e+04 3.484915357933350273e-04
-2.995207836334028616e+04 9.433111823613136396e-05
-2.995198278739659509e+04 9.482413377237938941e-05
-2.995151376935355802e+04 3.687327766077814766e-06
-2.995137300537917690e+04 9.624977145916690989e-07
-2.995120100598887075e+04 1.192108132618557729e-04
-2.995095470330797616e+04 5.854658565108096166e-04
-2.995064639485470616e+04 2.162094481099829501e-03
-2.995053979193442137e+04 1.893488883638844416e-03
-2.995034297204206086e+04 1.667420051502941964e-04
-2.995012993051814556e+04 1.410784634739002566e-04
-2.994961349020800844e+04 1.488812355226028987e-04
-2.994951828467096129e+04 8.727863315151120082e-05
-2.994924110888805444e+04 3.011574140385660497e-04
-2.994887796120466373e+04 4.374376179500404961e-05
-2.994870410145027199e+04 3.188919284595408241e-04
-2.994863456365488310e+04 6.247821043005979394e-04
-2.994854593931472482e+04 2.007349511697865321e-06
-2.994807922357766074e+04 1.836290749859509472e-04
-2.994787804290432541e+04 2.948244567814124533e-04
-2.994777160246118001e+04 1.593070000921024303e-04
-2.994750394207191857e+04 3.687818920126515062e-04
-2.994712768312018670e+04 3.436704987570961376e-04
-2.994692040095603807e+04 4.825110343139750305e-04
-2.994676691396261231e+04 2.855344090802341885e-03
-2.994658425689912474e+04 1.920576094389521112e-04
-2.994643028782405963e+04 2.152831555118189563e-05
-2.994618332285966608e+04 1.510133816199417823e-03
-2.994612075796350837e+04 1.398166829593118840e-05
-2.994586297423651195e+04 1.294315436875050659e-04
-2.994558593871150151e+04 3.839289371407981900e-07
-2.994528431679678397e+04 1.983072240450272082e-07
-2.994478051437820250e+04 2.123082790908694751e-04
-2.994460523001926413e+04 3.607610845527785130e-05
-2.994418196431895558e+04 4.529120385630749641e-04
-2.994392351507761487e+04 1.998277821095367714e-04
-2.994371890627192624e+04 7.128637828816884744e-06
-2.994356322347687819e+04 9.433028822760114928e-10
-2.994328590907482067e+04 2.663566751360625976e-04
-2.994317106761924515e+04 5.965594741233046141e-04
-2.994294535268578693e+04 1.559084276638306578e-04
-2.994275884676353235e+04 2.612583721487658965e-05
-2.994215860322598019e+04 1.733514435503740023e-05
-2.994198741983208674e+04 4.519301543854384625e-06
-2.994179799313406693e+04 1.210156175289478724e-07
-2.994157927450083662e+04 7.655683179795292085e-05
-2.994129427402730653e+04 1.690453964123423151e-05
-2.994102597817757123e+04 4.632940943351293480e-05
-2.994094053271996381e+04 1.445665304715534716e-05
-2.994057259299306315e+04 1.035005310512768006e-04
-2.994025937759293447e+04 3.228442161007051618e-05
-2.994016359717526939e+04 1.189738619896922795e-06
-2.993998717542839586e+04 2.581282702505606377e-04
-2.993985053333667020e+04 9.660301385338599127e-05
-2.993966927334035063e+04 1.573827232638876561e-05
-2.993936049124146302e+04 8.900013990611443915e-05
-2.993897814045750420e+04 2.443601129482226084e-07
-2.993895565083607653e+04 5.478911703723437587e-05
-2.993852312030418398e+04 1.460162483600411571e-05
-2.993817805775765737e+04 4.852539735497755560e-05
-2.993797957945536473e+04 2.988776452498844935e-05
-2.993784026747984171e+04 2.921957743083387367e-05
-2.993762582895414380e+04 2.660505860592311064e-09
-2.993730811492380963e+04 4.268364243217551802e-07
-2.993690678077581833e+04 3.939282585467508355e-05
-2.993661498191761711e+04 3.044243069452438102e-05
-2.993646301486732773e+04 2.880603186923116321e-05
-2.993594435622338278e+04 3.273626739788412164e-05
-2.993587516027531819e+04 6.929097068800684178e-07
-2.993571106409963977e+04 3.872064225689121999e-05
-2.993564283228635031e+04 5.934510070223475240e-06
-2.993521431206803027e+04 1.838617930099472258e-05
-2.993495146103407387e+04 5.366124786172278965e-06
-2.993488361523510684e+04 5.792505152332634996e-06
-2.993426787707303083e+04 9.478957412464128627e-07
-2.993405493502249738e+04 3.380277226497837846e-05
-2.993383787081104310e+04 1.233892835283298964e-06
-2.993357359263571925e+04 1.644079106715471659e-07
-2.993343737235219669e+04 7.876196297738310749e-08
-2.993277261838981940e+04 5.432414483780301646e-05
-2.993260372846113387e+04 1.242010321686370734e-05
-2.993249025336567138e+04 2.555878889995527830e-05
-2.993230474956489707e+04 5.909077975419990418e-06
-2.993208569872381850e+04 5.142813360435569722e-05
-2.993178668928626939e+04 1.412421111658020179e-05
-2.993169769524759249e+04 3.638429786407732036e-06
-2.993143450670684615e+04 5.014657578457329937e-08
-2.993108837537070576e+04 6.215743686879062832e-08
-2.993069313892866558e+04 2.326915993027875435e-06
-2.993024024938599177e+04 5.026973602854534335e-06
-2.993011985306298448e+04 2.627218353167975207e-07
-2.992993221430113044e+04 1.048286532769950029e-06
-2.992962249221284947e+04 2.440579494963632118e-05
-2.992929574014227546e+04 5.748960029620309766e-05
-2.992887051131792396e+04 5.622805528241083532e-05
-2.992874974794511945e+04 1.078885160779234220e-06
-2.992865578522145006e+04 6.279657731790864788e-07
-2.992820072129320397e+04 2.455557530178670734e-06
-2.992796422145988618e+04 3.757223148781064653e-06
-2.992757858755788038e+04 5.704912116491430426e-07
-2.992740919575663793e+04 2.860970286802369860e-07
-2.992706950069606319e+04 1.022447018335019142e-06
-2.992680924655394847e+04 9.771335364618137438e-06
-2.992675490484380498e+04 3.361502201159181381e-06
-2.992618962580935113e+04 1.772703805761008199e-06
-2.992611127966406275e+04 4.811336063750426014e-05
-2.992581026104619377e+04 3.280489447042299682e-06
-2.992555851343610993e+04 6.879083547706580965e-06
-2.992533037710111239e+04 7.660292287259216464e-06
-2.992509329678070571e+04 6.171795312934867588e-06
-2.992460743927068324e+04 1.777762824736995829e-07
-2.992420937009753834e+04 8.968703077507661824e-07
-2.992407843058624712e+04 6.374712834928632185e-07
-2.992386008992313509e+04 2.469174695797002746e-06
-2.992356809157694079e+04 4.026184487342794977e-09
-2.992330290996874464e+04 4.212406435790811397e-06
-2.992306347142996674e+04 8.678090157266845608e-06
-2.992287373276524522e+04 1.818887286653226033e-05
-2.992237317681645072e+04 6.390952949161002792e-08
-2.992200703361312480e+04 1.239821333033991603e-06
-2.992178123489881909e+04 1.096573803457250788e-06
-2.992142097528728846e+04 8.865190419703202756e-08
-2.992112049811546240e+04 9.188233474318405671e-08
-2.992095618752234077e+04 1.615195612067645932e-06
-2.992029362861112895e+04 3.496582210524560897e-06
-2.992020976118703038e+04 2.157157614901960124e-06
-2.992009175398255684e+04 8.928709553443034056e-08
-2.991992288719446151e+04 3.931877614777247492e-06
-2.991931915146316169e+04 2.476400496284565608e-06
-2.991906120679667947e+04 2.571703524137902315e-07
-2.991866627702647020e+04 1.507158271842564457e-07
-2.991852231607547947e+04 1.379703050426536595e-08
-2.991827174147936239e+04 1.221672749629291594e-08
-2.991796380857816985e+04 2.213037565451743877e-06
-2.991783192061331647e+04 3.617558696326660126e-09
-2.991720955859438254e+04 9.811809770820726808e-09
-2.991680612657382517e+04 2.132216363871378216e-06
-2.991624543355769492e+04 9.537461901264659600e-07
-2.991611682051923708e+04 3.543575555648271154e-08
-2.991590505531123199e+04 2.710584248167940436e-08
-2.991583856235653730e+04 1.366330571208527038e-08
-2.991516927654056781e+04 4.250182025736066548e-07
-2.991505530015783370e+04 9.207124925018379350e-07
-2.991482547757673819e+04 2.203346266808222335e-08
-2.991422262419289837e+04 7.447576462036018678e-11
-2.991403943257478750e+04 9.078677282257258693e-07
-2.991372810234687495e+04 4.235887580964284718e-08
-2.991357936772332323e+04 4.431963013974332325e-07
-2.991312872427210095e+04 2.281782336430987835e-09
-2.991254179791129718e+04 4.443707931256192405e-07
-2.991214200037641058e+04 4.361602784155850410e-09
-2.991210647583982791e+04 9.194943727824337024e-08
-2.991167199702154539e+04 5.300369520578131830e-07
-2.991151226733194562e+04 5.873343415205414803e-07
-2.991072561591999329e+04 9.849671464442588894e-08
-2.991067944058070134e+04 1.210521416580437613e-10
-2.991002984368268881e+04 1.820119851782608373e-08
-2.990975467240600483e+04 4.172273047641700884e-09
-2.990962188841697935e+04 1.141745503605109871e-08
-2.990925774784367240e+04 8.196408133373754303e-07
-2.990871809783785284e+04 1.781026820956298688e-08
-2.990840914728634380e+04 1.162710390856787113e-08
-2.990809575672159554e+04 5.535161090522280017e-08
-2.990802593159710887e+04 5.727781035111293846e-10
-2.990748906597242240e+04 2.724582471122206816e-07
-2.990697697733311361e+04 4.463909152964718012e-08
-2.990652544139703241e+04 1.027390599889971527e-10
-2.990635162189101538e+04 1.349113412357369478e-07
-2.990567447973636081e+04 3.830940643447143231e-10
-2.990534733495969340e+04 1.102924719914152392e-09
-2.990527478557467839e+04 1.559036274576007497e-07
-2.990452227669828426e+04 1.248037194026146884e-07
-2.990431367566247718e+04 1.372339516666559915e-08
-2.990365333250558979e+04 9.880991220256675460e-11
-2.990351793901514975e+04 1.740856823353192201e-08
-2.990341291395099324e+04 2.617974205216350975e-09
-2.990298890442180709e+04 2.346889161631476291e-08
-2.990247898690318470e+04 4.719066031824342681e-08
-2.990191982200752682e+04 1.106625182510754101e-08
-2.990144595320868029e+04 1.941120988829997772e-09
-2.990095293034077622e+04 1.087805866926502277e-08
-2.990066534635979042e+04 4.291587724412680923e-08
-2.990005584050808829e+04 1.200064345479743155e-09
-2.989957931250858746e+04 5.636940599262072549e-10
-2.989899378734252969e+04 1.212804448134792361e-10
-2.989856677425541056e+04 1.782182568015395326e-08
-2.989853199822930765e+04 4.093731047082628703e-09
-2.989828650188575557e+04 2.535320164580018996e-12
-2.989741324541042559e+04 8.984310761934914462e-10
-2.989707723497375264e+04 3.891579854807553010e-10
-2.989637002204885721e+04 9.488150790892806393e-09
-2.989553874183367589e+04 2.789003086098681738e-09
-2.989496178583482833e+04 7.362787732141261434e-10
-2.989430879253283638e+04 8.272694539461957122e-10
-2.989408214913518168e+04 1.550628515759241945e-09
-2.989377403834867800e+04 1.403377417364487644e-09
-2.989303873021372056e+04 6.795184294520530843e-12
-2.989275718887972107e+04 5.079802948636266250e-12
-2.989245301341543018e+04 1.313159429809698659e-10
-2.989170782870343101e+04 2.907350484523384616e-09
-2.989118827654593042e+04 3.023361364168523757e-11
-2.989059103881438932e+04 1.915912936065152822e-09
-2.989036389997382503e+04 2.231790032827594929e-12
-2.988960770402834169e+04 3.189266391298374574e-10
-2.988890043137239991e+04 1.306515135007729523e-11
-2.988860449290796532e+04 9.507042212051633690e-11
-2.988783291450150864e+04 8.109887757163313079e-10
-2.988725911094699768e+04 4.630693830136507380e-11
-2.988634080452768831e+04 3.149520249327564794e-10
-2.988553151532652555e+04 3.439311797411375797e-11
-2.988504176922542320e+04 2.122038641682076000e-10
-2.988491296220715958e+04 1.002822008778238329e-10
-2.988429860048738919e+04 4.303883395658314893e-15
-2.988351996471040911e+04 1.055523148496606203e-10
-2.988290765940979691e+04 7.342248484895119471e-11
-2.988178857721414170e+04 7.748422839525125788e-11
-2.988097455578879089e+04 2.308424697926751786e-11
-2.988051912231334063e+04 3.498432492409963463e-12
-2.987944485601588894e+04 1.981581452035263511e-12
-2.987768095893959617e+04 8.232274731973431216e-14
-2.987686600387043654e+04 3.816064363958368506e-11
-2.987648251238438388e+04 4.314761710384583037e-14
-2.987513208941495395e+04 3.202665362713484363e-13
-2.987391153168148594e+04 1.952965435777432573e-14
-2.987252501587756342e+04 5.650060690546920041e-12
-2.987214076793733329e+04 1.135339286649671032e-13
-2.987114839125503204e+04 4.157349862179147700e-13
-2.986967842101459973e+04 1.817434646699282956e-13
-2.986887080390765186e+04 1.265046577990133301e-12
-2.986771242955966954e+04 2.875884566046538965e-13
-2.986657780699044451e+04 2.673838809026094232e-13
-2.986573510863782212e+04 5.239731589032950496e-13
-2.986404438989521805e+04 5.069933682620794776e-14
-2.986276566658955562e+04 4.459161089318196854e-16
-2.986003481326777182e+04 1.557910313578267347e-16
-2.985970218236999790e+04 1.189558807862352690e-14
-2.985858262120842483e+04 4.931148463846469159e-14
-2.985725561933451900e+04 6.213844245887148278e-15
-2.985520657646113614e+04 3.010708659543192158e-15
-2.985414440693201323e+04 6.825065146655517275e-16
-2.984979429302444260e+04 4.157262062517503299e-16
-2.984940681506109468e+04 8.771220012164596819e-16
-2.984884424237169151e+04 1.193985437534376719e-15
-2.984766673685156275e+04 9.913520515415486695e-17
-2.984463471623629084e+04 4.676846307155206452e-18
-2.984387127118675926e+04 2.400579355960337628e-17
-2.983894629853617880e+04 2.011812907618646421e-17
-2.983813866092633180e+04 1.371839776780760131e-17
-2.983687798518286218e+04 7.353530301145504647e-20
-2.983603144823207549e+04 1.070830000800570469e-18
-2.983296192370176141e+04 3.552259505399480372e-19
-2.983234749958102475e+04 3.655838262721225307e-19
-2.982749977348780885e+04 4.466651057945431826e-19
-2.982649652001903451e+04 2.234606415728888899e-21
-2.982144871284123292e+04 2.842776732246122340e-22
-2.982131359220529339e+04 2.833897183607079099e-21
-2.981920905329061861e+04 9.959899562735747407e-22
-2.981888586541882978e+04 2.914754572276373095e-22
-2.981498200981959599e+04 1.476836872519688052e-21
-2.981405336768848792e+04 1.149420832852063572e-21
-2.980601312491576027e+04 4.655462095994479598e-24
-2.980551969240295148e+04 0.000000000000000000e+00
-2.980125317182151048e+04 0.000000000000000000e+00
-2.980050017887522699e+04 7.581610055508433796e-24
-2.978905646208057806e+04 0.000000000000000000e+00
-2.978868858156944771e+04 0.000000000000000000e+00
-2.978591201946451474e+04 0.000000000000000000e+00
-2.978539345138345016e+04 0.000000000000000000e+00
-2.976932935025604456e+04 0.000000000000000000e+00
-2.976901839764368560e+04 0.000000000000000000e+00
-2.976669935210793847e+04 0.000000000000000000e+00
-2.976639370958352447e+04 0.000000000000000000e+00
-2.974892723579236190e+04 0.000000000000000000e+00
-2.974865009397759786e+04 0.000000000000000000e+00
-2.972345583207683740e+04 0.000000000000000000e+00
-2.972326640664342631e+04 0.000000000000000000e+00
2.995699019305417823e+04 0.000000000000000000e+00
2.995708263608819107e+04 0.000000000000000000e+00
2.995722549022120438e+04 0.000000000000000000e+00
2.995970624846528517e+04 0.000000000000000000e+00
2.996066012279371716e+04 0.000000000000000000e+00
2.996191227658616117e+04 0.000000000000000000e+00
2.996197769751928354e+04 0.000000000000000000e+00
2.996272729596371573e+04 0.000000000000000000e+00
2.996366659646461994e+04 1.450115857882445428e-24
2.996457348225950409e+04 1.889825490750067596e-23
2.996553210438508177e+04 5.367781109843191705e-24
2.996579014397106585e+04 7.656105146288961064e-24
2.996659833542164779e+04 6.340796608869307891e-22
2.996766302715654456e+04 5.517008205048684247e-22
2.996876789605172235e+04 7.794934028604018796e-21
2.996880787062742820e+04 4.707504790602911440e-24
2.996984272887857878e+04 3.622615282605015976e-20
2.997071132471048986e+04 5.091771904339060366e-20
2.997100109521419290e+04 1.502624367009277655e-20
2.997137902875899454e+04 3.607517330354761288e-20
2.997202026387391743e+04 1.663905061034747547e-20
2.997226903386556660e+04 1.402145612104444084e-18
2.997334768635026921e+04 1.680947478154428521e-19
2.997349070558130188e+04 5.534448986147424696e-19
2.997447078222602795e+04 2.144775647694744561e-17
2.997487030194112594e+04 2.181883107273897731e-19
2.997562600923608625e+04 2.296980964873080282e-17
2.997606153365919454e+04 1.573600084599893575e-17
2.997677150922038709e+04 2.514235826624029888e-16
2.997722847311594887e+04 1.364391205868043203e-18
2.997791091674765994e+04 5.273588654770393370e-16
2.997847220412412207e+04 1.836833100252725194e-16
2.997905947427733918e+04 2.768500689388386867e-15
2.997972210719972645e+04 7.744514091786218879e-17
2.998019745839644020e+04 6.257828197339162397e-15
2.998095166182118555e+04 2.000142355548899837e-15
2.998132020985087001e+04 3.200615365388672139e-14
2.998216405247420698e+04 1.171334376269607922e-16
2.998240944515807132e+04 2.457521306681026919e-14
2.998323492791935860e+04 6.063492271053613029e-14
2.998344672387202081e+04 1.961667588054324386e-13
2.998393026059023759e+04 1.302570977859361914e-13
2.998434687661333010e+04 1.544292400550368439e-16
2.998474429707145464e+04 1.943440759248819256e-14
2.998517366987324203e+04 2.074699110203279945e-13
2.998588044469781380e+04 2.237224237158800978e-12
2.998611000025638350e+04 5.867747173302630531e-13
2.998695423641972229e+04 1.083566292431993189e-12
2.998716273657658166e+04 1.841763412754569499e-13
2.998789849408043301e+04 3.227580946291876550e-12
2.998834545646656261e+04 1.021189860216060761e-12
2.998866949060453408e+04 1.079716391116528253e-11
2.998924045339376971e+04 6.764426448017289730e-12
2.998945974456488693e+04 1.421176138875032511e-11
2.998986437217288403e+04 1.805568583836168864e-13
2.999039339288409610e+04 8.295940011450819789e-14
2.999092842504472719e+04 3.267002711299903572e-12
2.999124017532799917e+04 4.505675365815058774e-11
2.999200914587662191e+04 1.146743996288351768e-10
2.999210119830755502e+04 2.009961688128607480e-11
2.999257925014663124e+04 7.421734554538405194e-11
2.999298431198885010e+04 1.076087917362018448e-10
2.999329055068239541e+04 4.130060462885533836e-11
2.999366635525194579e+04 4.759844650703463534e-11
2.999426706659628326e+04 2.547394226707997636e-12
2.999445606124683400e+04 2.233090390691822555e-12
2.999490004899875930e+04 6.407562425333329148e-12
2.999518524031873312e+04 1.629786811294528128e-11
2.999540185690527142e+04 1.070582747430121534e-11
2.999565072638056881e+04 3.982184321965085212e-12
2.999583029020473987e+04 9.832832460539587386e-11
2.999648467411971069e+04 1.326849148155464439e-11
2.999671155009542417e+04 6.186120854485456973e-11
2.999685343296452629e+04 9.967076335053190945e-14
2.999708160307473372e+04 9.731199000769491836e-12
2.999752373839316351e+04 5.418549838517804946e-11
2.999791337146247679e+04 5.465961293695327406e-11
2.999838276489444615e+04 6.825348660906777346e-11
2.999852654447700479e+04 2.836198152415845233e-11
2.999878967422135611e+04 2.887209718550954871e-11
2.999919973078876137e+04 6.033163950394086521e-10
2.999934420562516607e+04 1.747832858383032701e-11
2.999955513352547132e+04 2.911456451440783294e-10
3.000000743303019044e+04 4.810167524975033197e-12
3.000024970449410466e+04 6.262592871030908247e-12
3.000058673345369243e+04 1.632274814563629175e-09
3.000096955554021406e+04 1.895569787414214957e-11
3.000112551323420848e+04 1.593741806219097128e-09
3.000142571148710340e+04 7.461553846239497640e-11
3.000153459795239542e+04 6.701075316128133217e-10
3.000195172310580529e+04 5.715404175140058448e-10
3.000217697992863395e+04 1.087301013942203120e-09
3.000243515981116070e+04 2.073344833194827545e-09
3.000269585799710694e+04 6.468310277002859712e-10
3.000307573348265578e+04 7.177015483932245080e-12
3.000344605842314195e+04 2.426863904607439889e-09
3.000382673289797822e+04 3.652593294236991329e-10
3.000402915806301462e+04 5.684527664152656502e-10
3.000434533725814981e+04 2.262906949803116234e-10
3.000447789572457987e+04 2.172021922125929870e-11
3.000478344406027463e+04 2.821844213668734082e-10
3.000514446729368865e+04 3.729009178852703976e-11
3.000561605187110763e+04 2.584638295993262799e-10
3.000598347278440997e+04 9.720639052820962740e-10
3.000619119662778758e+04 4.385014399104540947e-11
3.000649307901960856e+04 9.438236433434844167e-11
3.000662579543811080e+04 9.599504147489405880e-12
3.000703118931924837e+04 6.765606335946120993e-10
3.000718938798657473e+04 2.007720286621571474e-09
3.000733782767915545e+04 2.262288383268556082e-09
3.000755180102906161e+04 1.126427131913655081e-11
3.000789584967768678e+04 2.433693720833969517e-10
3.000811616216917901e+04 8.326408144248142147e-10
3.000822012131105294e+04 3.483320280412419772e-09
3.000836564487243959e+04 5.731295054059077963e-10
3.000871763303281114e+04 7.436419325388120425e-10
3.000922880692612671e+04 1.624880714065274801e-10
3.000931316301417246e+04 7.954662177786867810e-13
3.000949370603440184e+04 1.325762067422343496e-10
3.000989222763920770e+04 1.511393094536678431e-10
3.001000415968569723e+04 7.891354241245066602e-12
3.001034453892504462e+04 1.160062347265927519e-08
3.001050631436508775e+04 3.688057838227860275e-11
3.001105193274806516e+04 4.972983158757045676e-09
3.001135326596556479e+04 1.080693405660419520e-08
3.001170056075253524e+04 2.802202052131571578e-09
3.001175849015501444e+04 1.631310993612431004e-09
3.001216709547301434e+04 1.407469610689248266e-09
3.001243068983520061e+04 4.029896884705169245e-10
3.001276745017525900e+04 3.250181103914223599e-09
3.001293520590835033e+04 1.563239021730468510e-09
3.001314247563063327e+04 1.347002596238058885e-10
3.001356498957004078e+04 1.986434872355036264e-09
3.001374961725407411e+04 2.260037440709145656e-08
3.001383798158639547e+04 3.218250468484092216e-09
3.001407943696720395e+04 5.540626739164142035e-11
3.001445896482853641e+04 5.622631766310336762e-09
3.001474092719974942e+04 7.860075767650953874e-10
3.001496403611085771e+04 3.614217659058772661e-10
3.001527103729470036e+04 5.599325314764428588e-12
3.001544749101150956e+04 1.636183066728358460e-09
3.001580836769283269e+04 1.997808077294418236e-09
3.001618910737037368e+04 2.278939590332855042e-12
3.001662387481366386e+04 3.828358890463226954e-09
3.001669108334245539e+04 1.163508589796692956e-08
3.001703939810537122e+04 5.265059403068771653e-09
3.001728334077749969e+04 3.591283638815338099e-09
3.001775402431750626e+04 1.582233463061715909e-08
3.001801477776038882e+04 2.624140334290091286e-08
3.001835489569309721e+04 1.329621160691596201e-10
3.001859434662103740e+04 4.952238620534718403e-09
3.001889788839936955e+04 1.241271431592544029e-08
3.001928402675790858e+04 7.237626511317710876e-08
3.001938601266506885e+04 2.814496064627618617e-07
3.001971980114219696e+04 8.581288047352921999e-09
3.001980268612318832e+04 7.307957188786699909e-10
3.002006217957956687e+04 2.303385952423405305e-09
3.002048556381605522e+04 1.225598066273091775e-07
3.002055023344918300e+04 1.906025073908460699e-10
3.002068809133007744e+04 3.165879542059798476e-10
3.002122218692262686e+04 3.848234677741565131e-09
3.002144040725959712e+04 3.422228003874728501e-09
3.002179135240364485e+04 2.967936874812034193e-09
3.002192538461251024e+04 1.031199004163127032e-09
3.002243070443972101e+04 2.075612297910206703e-09
3.002273198377207518e+04 1.025983898138452169e-09
3.002308311878442692e+04 1.596749158853612946e-09
3.002323660817317432e+04 8.361942072005874204e-09
3.002351326022740977e+04 9.003414867024725651e-09
3.002383189214531376e+04 1.768082482159390231e-08
3.002424894701030280e+04 7.818748558158890042e-10
3.002439242308323446e+04 1.557130329522885493e-11
3.002453153687685699e+04 1.225196152658455299e-08
3.002486722841426672e+04 5.144727377799830461e-09
3.002505267074375297e+04 1.607139328563723694e-07
3.002543767915610806e+04 4.488449749858230329e-08
3.002555334685683192e+04 1.073145426631741870e-07
3.002575304238065291e+04 1.076206928245001296e-08
3.002592987058082144e+04 2.791011007385432313e-08
3.002614000405027400e+04 4.193123277628698325e-08
3.002636718883839785e+04 1.676408286842689459e-07
3.002668415398801153e+04 9.774975491987248025e-11
3.002692741521741482e+04 9.986597900209324899e-08
3.002714206182913404e+04 2.051795496481174915e-10
3.002740826279468092e+04 7.748295482044421075e-09
3.002773023334354002e+04 1.438819325488169647e-08
3.002784707746424101e+04 1.247201417098760286e-07
3.002815341097293640e+04 1.704124097091098446e-11
3.002849487502834745e+04 2.857493407240245388e-09
3.002876578892631005e+04 3.205622441426422480e-08
3.002879108600384279e+04 3.285916178628358380e-08
3.002918638058989018e+04 8.070969914158594393e-09
3.002971135972209595e+04 1.537118297592101513e-08
3.002982926339660480e+04 9.686646347515799933e-10
3.003000941116215836e+04 8.065725174936530777e-10
3.003014317427476271e+04 4.347454501406996278e-09
3.003030408590906154e+04 8.985291219331268061e-08
3.003065521550557969e+04 2.015512713487103615e-09
3.003092935186483010e+04 7.738445904534762964e-10
3.003103107793912204e+04 9.492798649655660138e-09
3.003130361567892032e+04 1.478733094425309861e-07
3.003137743378379673e+04 8.670829958534748556e-09
3.003163649189447096e+04 6.273314107707971061e-10
3.003176050390268210e+04 8.618572959146911573e-08
3.003187134389658604e+04 1.698263361270399100e-07
3.003232749818042066e+04 2.325195668921591710e-08
3.003241660434607911e+04 6.545733650361676930e-08
3.003271607199749997e+04 1.190155985966938645e-07
3.003287155447706755e+04 2.666118723786283242e-08
3.003316473321190279e+04 3.691605955706698062e-08
3.003336683981914393e+04 6.905334196854291637e-08
3.003365523896091690e+04 5.954040868390026481e-08
3.003368806125088304e+04 7.503175198369831508e-08
3.003407202745744507e+04 1.209393148639060514e-07
3.003421876170912947e+04 3.629999398732397877e-08
3.003455514289606435e+04 2.606004795032410441e-09
3.003481977819200984e+04 4.290124688965100221e-11
3.003508436902006360e+04 8.146892496790087158e-08
3.003553232404069422e+04 6.162203964703135075e-09
3.003563768311058448e+04 9.771307932613353731e-08
3.003570621304955421e+04 1.752920280085456306e-08
3.003572897852036112e+04 1.965875844760601438e-08
3.003619073827075044e+04 1.257984453012386572e-08
3.003637346282914223e+04 1.857674761390758662e-08
3.003692558368042592e+04 1.863335918014262282e-09
3.003714177650140482e+04 2.462214840623812130e-10
3.003749373511991507e+04 5.173953246039757343e-12
3.003760195009926247e+04 3.547450013891570898e-10
3.003773559589968136e+04 3.379637999827877268e-10
3.003797299588585520e+04 8.176008677992890798e-10
3.003813874657558699e+04 1.432963092042367405e-07
3.003838458409772284e+04 5.033327997857459413e-08
3.003868512892448052e+04 2.806453213298191274e-08
3.003891905929934728e+04 1.288367564044985011e-09
3.003908774163433918e+04 3.840425313152785398e-08
3.003921309018379543e+04 1.801490501360289816e-08
3.003943650122526742e+04 1.033918864509107901e-07
3.003954225132237116e+04 6.366228795293981598e-09
3.003965002053381613e+04 5.873955257951219030e-09
3.004028116105174195e+04 4.196111604442909981e-08
3.004043510900882029e+04 2.844208581529034601e-08
3.004061535233622999e+04 2.487587714794170006e-10
3.004106238602521626e+04 4.856831155883694362e-09
3.004121185645973674e+04 1.703892918819828515e-08
3.004130075980542460e+04 6.804879086219877355e-11
3.004153297693714558e+04 7.991148205793910191e-10
3.004177812869428453e+04 1.153638976884453603e-11
3.004185279564746452e+04 2.142788503559600269e-09
3.004207097147543027e+04 3.017506029556400151e-09
3.004226452187863470e+04 2.603230685754741145e-08
3.004250786969422188e+04 1.109307423447677970e-08
3.004269368954707534e+04 1.752806485620141757e-08
3.004307644199450442e+04 6.166617152849189987e-09
3.004325163183756376e+04 4.165352412260131971e-08
3.004347360463181030e+04 5.289718029417674281e-09
3.004365661504030504e+04 5.700646602076378132e-10
3.004375308887228312e+04 3.341170468587686300e-11
3.004411428151371001e+04 1.103181355799296739e-10
3.004441482644978896e+04 8.507706251760881693e-13
3.004470569949629134e+04 1.272909254897879272e-11
3.004486002355648816e+04 4.398654364108956712e-09
3.004529716646513771e+04 1.500625195682084582e-12
3.004535235787529382e+04 8.256620532998951432e-10
3.004545142370554822e+04 1.430838659220505647e-10
3.004579414193273988e+04 4.603231355159271014e-10
3.004612715238459714e+04 1.197677109151221177e-09
3.004636979523797345e+04 4.858246548337643646e-09
3.004652239392388219e+04 2.198580427362766666e-10
3.004685494122303862e+04 4.622044324711777676e-12
3.004695930465879064e+04 1.160661761476864089e-11
3.004700243393467827e+04 6.386837054026679376e-09
3.004752583187289929e+04 4.071425090078791440e-12
3.004772901743731200e+04 7.318438621215389362e-10
3.004784773402437349e+04 8.118187990949232978e-10
3.004801959220285062e+04 5.783778126437453251e-10
3.004844198434173450e+04 2.323751903638355785e-10
3.004858258504393234e+04 1.970960476831615103e-10
3.004878100208426622e+04 4.076716521576693068e-10
3.004918247921286820e+04 1.405519649457563300e-09
3.004932776902113983e+04 4.924135187090718718e-10
3.004952863814388184e+04 9.453320219278711670e-10
3.004979877892761579e+04 3.506056248237193983e-09
3.004985406980906555e+04 6.850149635881725000e-09
3.005015542598753018e+04 8.448705279849700188e-11
3.005044163416860465e+04 2.540539595798802103e-11
3.005081556856654424e+04 8.319118472887294732e-11
3.005112470249717808e+04 7.403863855119816718e-10
3.005141329973141183e+04 9.546585469606342779e-10
3.005159204494442383e+04 2.540969266714625467e-10
3.005166712265967726e+04 3.986635112176173644e-11
3.005176314686419937e+04 1.217644067786913716e-09
3.005182325889458298e+04 5.308078194583677785e-10
3.005232887934700921e+04 4.283628319445891234e-10
3.005250673949880729e+04 1.554293989451929985e-10
3.005260673166108609e+04 3.062235172774597821e-10
3.005298023708879555e+04 5.588260702173097436e-12
3.005324580272973253e+04 9.239426235602331302e-11
3.005353044287642842e+04 1.782716159117934794e-09
3.005356866226886268e+04 4.769826658849296300e-11
3.005377356700723976e+04 1.968537990814512856e-10
3.005388268155570040e+04 7.464511312078363199e-10
3.005427164621507109e+04 4.716007366948905771e-11
3.005435815956870283e+04 7.310168869896188242e-11
3.005457363816310681e+04 3.873810250788016208e-11
3.005480944329338672e+04 5.424208669791397351e-10
3.005508212989679305e+04 1.318852845028122733e-11
3.005555800501268823e+04 2.952637994865428171e-09
3.005586233770076433e+04 1.910018176857044437e-10
3.005622583158838461e+04 3.991586434071640110e-10
3.005650629497179034e+04 7.066920349959058015e-10
3.005662087117892952e+04 7.034309651920989994e-11
3.005671860475408903e+04 2.041065717278202442e-11
3.005694317012474130e+04 1.069183047595728478e-10
3.005716743319040688e+04 6.259565825089394482e-10
3.005746544336025545e+04 1.771541799245283119e-10
3.005760734259566743e+04 6.724197045803574658e-11
3.005817246317485478e+04 2.416424833342464414e-10
3.005836722395284960e+04 4.896054773023166224e-11
3.005855767071121954e+04 8.738264558267214797e-12
3.005875960302794192e+04 6.881304730793103239e-10
3.005923070301787084e+04 6.090750177975590981e-12
3.005939218619540770e+04 3.478864457972269128e-11
3.005953230729470670e+04 1.570569097000661047e-10
3.005969256485635196e+04 5.211125343533867570e-11
3.006003948613327157e+04 8.621695614035638228e-11
3.006029841655446580e+04 9.777674451182342425e-12
3.006036468843866533e+04 1.356162046814166222e-09
3.006051486223089887e+04 1.176611262769939560e-09
3.006064822205749806e+04 5.981838252548442918e-10
3.006104412260045137e+04 1.200051103164817163e-09
3.006125062154975603e+04 1.269893470159073135e-10
3.006142171546548343e+04 4.010028045392327838e-12
3.006178590847689702e+04 5.379120467012122485e-11
3.006218881920549757e+04 3.056009252123220194e-11
3.006239723059185417e+04 1.282950576432913333e-11
3.006248802674617036e+04 7.122434750148616538e-11
3.006276036110076166e+04 4.717506159028687047e-13
3.006303673094718397e+04 1.822528881029471014e-12
3.006340918826642883e+04 9.260648733854812752e-12
3.006372263264401408e+04 7.316219017623002180e-11
3.006394743541677235e+04 2.157527741806257985e-11
3.006434200725703704e+04 4.398183585030579627e-11
3.006438875934063253e+04 4.309176515728860775e-10
3.006459726129362753e+04 5.771765827153306156e-10
3.006478653020976344e+04 8.223368981515548751e-12
3.006513626928136728e+04 4.009260036943044435e-11
3.006536267320987827e+04 2.552697109918171503e-10
3.006546276127130477e+04 2.313399860814498877e-11
3.006614209498008495e+04 5.962948575939450728e-12
3.006628530596304336e+04 3.925959219302297628e-11
3.006654598078208073e+04 8.184428396765403897e-12
3.006674189983404358e+04 2.113108388508021306e-12
3.006688672170829523e+04 6.623017686984953713e-12
3.006752899452940255e+04 3.804044841780098396e-11
3.006775575382058014e+04 1.174663437255850471e-10
3.006785247264752252e+04 2.512078063670494199e-11
3.006790871068827983e+04 1.473703999844831537e-11
3.006825077241641338e+04 3.070948806095448913e-10
3.006846402281789778e+04 1.400175059930201641e-12
3.006861848166470008e+04 6.274816882553996974e-11
3.006884219319464319e+04 1.836735303370948723e-10
3.006925882352311237e+04 2.824789817207265162e-11
3.006964963556875955e+04 5.169139658881625609e-11
3.007010389363799186e+04 3.403034535860730383e-11
3.007024573439143933e+04 1.657755111421784008e-12
3.007036622371559497e+04 1.803242516149957854e-11
3.007076331449154532e+04 1.683266546417786298e-12
3.007106781633165156e+04 1.412808515259943634e-11
3.007140606722265875e+04 1.424159242660449925e-11
3.007147749787423527e+04 5.429416085545372158e-11
3.007172498665903549e+04 1.649622370683047074e-13
3.007206922524035690e+04 4.665681731065704439e-11
3.007236172971127235e+04 1.256341494617439479e-10
3.007269655722545212e+04 4.275113153494943957e-13
3.007285709579422110e+04 1.372233053602175439e-11
3.007318357173714321e+04 1.153601303715543593e-13
3.007348797670911881e+04 3.538643170336650077e-11
3.007363759915880655e+04 7.401066889666916651e-13
3.007411898549661055e+04 2.442303125732495484e-12
3.007422210380144679e+04 7.581461197002103362e-13
3.007458323955939341e+04 2.164467166061993545e-12
3.007476345132249116e+04 1.888421532867575134e-12
3.007493899806628542e+04 2.716512688690428941e-11
3.007523395931674531e+04 2.343160531619939795e-11
3.007567835662465222e+04 8.256784919574931407e-12
3.007606823822165461e+04 3.888935839727916747e-15
3.007623765666188774e+04 3.075978468051507638e-11
3.007644566099133954e+04 2.835758469336256817e-11
3.007678082574987275e+04 4.869867467567334361e-13
3.007698344782896311e+04 3.828132291993097538e-12
3.007731025578570552e+04 1.487329368970989883e-15
3.007743881013153805e+04 7.575445454718551230e-13
3.007792719379848859e+04 7.751641037515978429e-13
3.007835744035485914e+04 8.421160308373308020e-12
3.007851448238041485e+04 5.801279272954970096e-12
3.007889961433233475e+04 9.086876195357443135e-12
3.007903594970356062e+04 2.179737068100363814e-11
3.007937186278946319e+04 1.540769803300402896e-11
3.007992812151305407e+04 8.136291025498884668e-13
3.008020791038875177e+04 4.714595861003950425e-16
3.008024946688489945e+04 6.213786446319766060e-14
3.008039566428608669e+04 8.058889660799931334e-16
3.008125044072249875e+04 8.298778859376064019e-12
3.008128064975127199e+04 2.005648359590106545e-12
3.008161776528448900e+04 3.359071813637179452e-12
3.008173889517460702e+04 6.392689972899329075e-12
3.008196994030888891e+04 3.152929390114905350e-12
3.008230360196732727e+04 1.031077776146737702e-11
3.008243301121129480e+04 3.223837325772927474e-13
3.008319073251889495e+04 5.267230634221557190e-14
3.008343459540874028e+04 1.305257904932695929e-12
3.008402281889479127e+04 8.627993618285252675e-12
3.008412157139398914e+04 1.007271464228251915e-13
3.008435420896702635e+04 2.551560001988418282e-12
3.008451559866441676e+04 2.127184334354314838e-12
3.008517762392904478e+04 1.985217934157586012e-12
3.008528067772947543e+04 3.817598279848683470e-13
3.008557144641668856e+04 3.283410095565524316e-13
3.008607062527239395e+04 1.472348910031819028e-13
3.008626840078589521e+04 2.556812352405852419e-12
3.008664900974922421e+04 1.224976618926674312e-12
3.008683479173161686e+04 2.989203256609948257e-12
3.008726132228726419e+04 1.133745360486070511e-12
3.008773098118415146e+04 8.697814349987718569e-14
3.008800201705241852e+04 1.991329717794116210e-13
3.008817903658929572e+04 1.445091245685773296e-13
3.008870354971769120e+04 7.551086995481814259e-13
3.008880153601583515e+04 1.282110115282197899e-12
3.008955378225785171e+04 2.309242356853817826e-13
3.008971724203371559e+04 1.205848728294931624e-12
3.009021738916331378e+04 1.655282068584999655e-13
3.009051039522980136e+04 6.977682893089470876e-15
3.009068399620341006e+04 6.008660115076925375e-14
3.009095776849895628e+04 6.714579890805108166e-13
3.009167978581842181e+04 7.388768462409703480e-18
3.009192320823581031e+04 3.638901237421842824e-13
3.009225481260994275e+04 1.736399182177503560e-13
3.009235456372477711e+04 9.716015296187438119e-14
3.009271776751654397e+04 9.345787662303985400e-15
3.009334441017861900e+04 9.563840503505288923e-14
3.009379930132977825e+04 1.473244756076824569e-13
3.009392512590085244e+04 3.133870443843794232e-13
3.009455827443872113e+04 4.772916950372643078e-14
3.009502400426614622e+04 4.388820975268466733e-16
3.009516033106654504e+04 2.510284543736239987e-14
3.009572411091553295e+04 6.165035690677037343e-14
3.009614351610197264e+04 8.993022835003260189e-14
3.009649322337564809e+04 3.393034911188199077e-14
3.009675914321587334e+04 2.490512164865287564e-14
3.009701424611565380e+04 4.113542464106116201e-15
3.009733540364745932e+04 1.303335203174132357e-14
3.009781827539698861e+04 4.628014961942622766e-15
3.009831757864811152e+04 1.148244490654558257e-13
3.009903836209950532e+04 3.238917513113756578e-14
3.009944874693024394e+04 2.459601952143464862e-15
3.009958498683758444e+04 2.602906278137676274e-17
3.010023392393487666e+04 7.883340078159710580e-15
3.010069359737780906e+04 1.938076444600396018e-14
3.010125928550636309e+04 3.737561874155952508e-14
3.010180023538168098e+04 2.487311955886797025e-15
3.010201435325238708e+04 1.222955703056640609e-15
3.010204223747672222e+04 1.263572660582672637e-15
3.010288678145849917e+04 4.024524251447443672e-14
3.010324617657691851e+04 5.292160892391308999e-16
3.010392502136286930e+04 1.903451878417561051e-15
3.010467518784967979e+04 5.216286559958502004e-15
3.010526258157394841e+04 8.987827592194131007e-15
3.010614529632073027e+04 1.205409516122604885e-18
3.010633794775568822e+04 3.419802821727003441e-15
3.010668870019566020e+04 5.419699820286789715e-15
3.010726062867906148e+04 1.381139407548428865e-15
3.010757422953947753e+04 1.120650088490884595e-15
3.010791839439042451e+04 7.322794895283044992e-16
3.010855319412186145e+04 4.732624099096503433e-15
3.010919922909716115e+04 1.733521260565706302e-17
3.010964116507251310e+04 3.141932619151282207e-17
3.010985169868763478e+04 1.239496997129772760e-16
3.011064297595748940e+04 1.307233347688581274e-15
3.011159975527334245e+04 8.238260180154093178e-16
3.011188068331790055e+04 1.647705059936464251e-17
3.011244305066198649e+04 9.665120420226835653e-16
3.011325283735975609e+04 1.520370422745630291e-18
3.011381162703226437e+04 3.872187187776198621e-17
3.011498779095541977e+04 1.777790553324126695e-18
3.011515971067145074e+04 5.148671754271041353e-17
3.011552500973612769e+04 3.933910802483925124e-17
3.011597718006141804e+04 1.838788786402277031e-17
3.011680237037837287e+04 4.420024911606410698e-16
3.011754021266214477e+04 9.506079292407754348e-19
3.011882971914777954e+04 2.330535524385438598e-19
3.011963985705425512e+04 5.009641313107167768e-18
3.011996303087935667e+04 7.216624836647858868e-17
3.012105507653118548e+04 2.020935698376695039e-17
3.012290152364091409e+04 4.149817757527600382e-19
3.012344145536138603e+04 1.965550859981011258e-17
3.012385122359382513e+04 2.210189354233207301e-17
3.012525207888397199e+04 1.506188154098622410e-17
3.012665114098953927e+04 2.514889677892925574e-18
3.012794622644279661e+04 1.556925899671870035e-18
3.012869414306899125e+04 5.990376879368623366e-21
3.012953401053625930e+04 2.313717159097991068e-20
3.013087120952413170e+04 1.441649999716433153e-18
3.013154509443354618e+04 9.402834133754230837e-19
3.013253364486519058e+04 7.772806605987783697e-19
3.013401097128137553e+04 1.063014541655065137e-20
3.013466739916710867e+04 8.804638800109672119e-21
3.013651197582859459e+04 9.607005078432328099e-20
3.013767796976205864e+04 5.509434342021599037e-20
3.014030389895249391e+04 8.014316460762096874e-20
3.014091981443097757e+04 8.711561689931365303e-23
3.014171484412478094e+04 5.605279826156191619e-22
3.014319157813644779e+04 2.213599437181620799e-20
3.014526601388370909e+04 5.444311699216835506e-21
3.014629515312282456e+04 4.581973698054977856e-22
3.015055850291315801e+04 5.710408992753759554e-22
3.015106799243109344e+04 7.889224465937626819e-22
3.015163891536518713e+04 2.972705747998571210e-22
3.015292558086075223e+04 1.421954692625870217e-22
3.015579770750195530e+04 6.441817277548188596e-23
3.015658005079247232e+04 0.000000000000000000e+00
3.016131195862681852e+04 3.229732610314862047e-24
3.016203075863801132e+04 3.143277012815025206e-23
3.016396265540026070e+04 0.000000000000000000e+00
3.016472320918074547e+04 0.000000000000000000e+00
3.016752637021998453e+04 0.000000000000000000e+00
3.016812543749465476e+04 0.000000000000000000e+00
3.017272604873694218e+04 0.000000000000000000e+00
3.017366311519840747e+04 0.000000000000000000e+00
3.017926894958699268e+04 0.000000000000000000e+00
3.017930475258568913e+04 0.000000000000000000e+00
3.018152987601237692e+04 0.000000000000000000e+00
3.018184376261778380e+04 0.000000000000000000e+00
3.018523719806897134e+04 0.000000000000000000e+00
3.018611131126611872e+04 0.000000000000000000e+00
3.019447192445258042e+04 0.000000000000000000e+00
3.019494884770966746e+04 0.000000000000000000e+00
3.019895591498064459e+04 0.000000000000000000e+00
3.019967610615698868e+04 0.000000000000000000e+00
3.021144213430615491e+04 0.000000000000000000e+00
3.021178893836303541e+04 0.000000000000000000e+00
3.021432072780818999e+04 0.000000000000000000e+00
3.021481116420018952e+04 0.000000000000000000e+00
3.023089618539323055e+04 0.000000000000000000e+00
3.023121376072693602e+04 0.000000000000000000e+00
3.023382663848180528e+04 0.000000000000000000e+00
3.023413042254161701e+04 0.000000000000000000e+00
3.025126941821141736e+04 0.000000000000000000e+00
3.025153874125366201e+04 0.000000000000000000e+00
3.027674825756503196e+04 0.000000000000000000e+00
3.027693195371505135e+04 0.000000000000000000e+00
