-3.000949557012232253e+04 5.385174688451606977e-18
-3.000943802356641754e+04 8.295057458755920402e-18
-3.000901579934171968e+04 1.828087791417345449e-18
-3.000801859934569802e+04 3.650283225430524350e-17
-3.000757392616947982e+04 1.745539434866044578e-15
-3.000714102789013850e+04 5.627208346169291922e-16
-3.000700284719434057e+04 7.945147424468593719e-16
-3.000672840923548574e+04 1.350731562766504070e-14
-3.000622390757463654e+04 1.723810271058658761e-14
-3.000571246591626550e+04 1.624912656587580424e-13
-3.000513775256510417e+04 1.809463862024787620e-12
-3.000455211507684362e+04 7.640294266054327630e-13
-3.000395858493977357e+04 2.113147013433462365e-11
-3.000336077796234895e+04 1.697040397063624101e-10
-3.000301877225032877e+04 1.258629710148863403e-12
-3.000275963559304000e+04 9.886339006842921781e-12
-3.000216019450541717e+04 2.470932629299669393e-09
-3.000185551161348485e+04 5.109507939476060723e-15
-3.000155862643795263e+04 6.333951758868974456e-09
-3.000110820461220283e+04 6.629050046980449750e-10
-3.000095427417583051e+04 7.967931080210757825e-09
-3.000050882730934609e+04 3.753150853362578394e-11
-3.000036108888007584e+04 1.202296124510837240e-07
-2.999986524036377159e+04 5.325838595895420461e-09
-2.999975462860962580e+04 3.435716913436168120e-09
-2.999922139198689183e+04 3.497833087671080649e-07
-2.999912949944380307e+04 5.923365690418705496e-07
-2.999859782809978788e+04 4.696630310537704537e-08
-2.999847144873367870e+04 1.008111261017034336e-08
-2.999799681359648821e+04 2.830492822042468805e-06
-2.999780143254003633e+04 5.426319588290776400e-07
-2.999740431091951905e+04 2.319856553575412204e-06
-2.999713804191840973e+04 1.402037529639210088e-07
-2.999682232284432030e+04 7.578434842083025019e-07
-2.999648035861473909e+04 2.024803165408442800e-07
-2.999625556316242364e+04 1.261283932126336074e-06
-2.999586864014199818e+04 5.335364719318028219e-08
-2.999573757421449409e+04 3.397256436991579448e-07
-2.999519639715252197e+04 9.157150746945488269e-07
-2.999500562951770553e+04 1.967803634707677689e-06
-2.999449607093429950e+04 4.360220920609795177e-08
-2.999404271208700447e+04 1.193918948309993553e-06
-2.999380265534327191e+04 1.459662273009277786e-07
-2.999322303681770791e+04 1.237174322521396227e-06
-2.999281999676468331e+04 1.305575482841242674e-06
-2.999254914231758084e+04 2.270388635394162350e-07
-2.999199008466540181e+04 3.426631150305962091e-05
-2.999154936527118116e+04 4.145398566497604829e-05
-2.999134253036321752e+04 7.430167014097967422e-05
-2.999089201053920624e+04 1.035199933258810076e-05
-2.999060392871364093e+04 2.558363322885532623e-05
-2.999027632245824498e+04 2.824585384720331420e-05
-2.999008375558110129e+04 4.941557196176598146e-05
-2.998954838651273531e+04 1.926304036266364664e-06
-2.998946237247484169e+04 6.684405498135727652e-07
-2.998926314199551052e+04 8.724323575091801560e-07
-2.998868701448002685e+04 1.036771015673770710e-05
-2.998843977011390598e+04 1.001142041139327741e-05
-2.998778689102434873e+04 9.971307160932608545e-07
-2.998759069303581782e+04 6.494087958336377691e-07
-2.998729353639097098e+04 6.977877750691339778e-09
-2.998696108102909784e+04 1.490819767430245310e-07
-2.998662804563237660e+04 1.042377867559737664e-05
-2.998612871915646247e+04 1.419567010913761202e-08
-2.998589040361379739e+04 3.635577793554388982e-07
-2.998556775360568645e+04 4.632626123455694372e-08
-2.998543844892527704e+04 3.611308451987612869e-05
-2.998512202587644060e+04 1.294115484559351119e-04
-2.998490949841090332e+04 1.418543390489039671e-05
-2.998476327226438298e+04 2.058836091120009844e-04
-2.998448334716216050e+04 5.538091417701929663e-05
-2.998429886867845198e+04 4.303776047448586986e-04
-2.998424372304932331e+04 9.537541496793769825e-05
-2.998403905476140062e+04 9.894213759859419102e-04
-2.998371987832711966e+04 3.892957804941051561e-05
-2.998350263498505228e+04 6.191253310450454267e-04
-2.998320037311751003e+04 1.042989380271032408e-04
-2.998309773180781849e+04 1.756806760821908267e-04
-2.998282820355703734e+04 5.433299403439537198e-05
-2.998259844041922770e+04 1.069303796710977645e-04
-2.998227701409054498e+04 1.021280708522297182e-04
-2.998215403247033100e+04 3.707529850508915757e-06
-2.998181754679345977e+04 4.228052645663389717e-05
-2.998165921492685811e+04 5.912464304275354146e-06
-2.998132971549122158e+04 8.973550123342047532e-06
-2.998118286698146767e+04 4.387616154507598975e-06
-2.998101690067405070e+04 2.731207243263214126e-06
-2.998071379296855594e+04 7.933103579155218865e-07
-2.998050791695494627e+04 2.188469272182431482e-07
-2.998043978219154815e+04 1.220232717504810220e-07
-2.998032282122143079e+04 2.230555980875497555e-08
-2.998017944265979531e+04 2.716076829411385100e-06
-2.998003981535821731e+04 5.076445320377261788e-04
-2.998002163145909071e+04 9.439353643949734455e-05
-2.997980699377582278e+04 8.927751669057124968e-07
-2.997938475328362256e+04 9.935894263689612794e-07
-2.997921984353367952e+04 3.857270109071498257e-06
-2.997911458569640308e+04 8.398738449077400043e-04
-2.997910212205612697e+04 1.070369570209989439e-04
-2.997894228423987079e+04 5.770085063532398065e-06
-2.997869631880093220e+04 2.355422450390895803e-05
-2.997851530592404742e+04 7.478979902632278349e-04
-2.997844077924424710e+04 5.958982408687887172e-03
-2.997826545057546537e+04 1.667251209951622079e-03
-2.997820857039372640e+04 2.907100126504668963e-04
-2.997798872568464867e+04 8.548721480545159231e-04
-2.997777566063440827e+04 1.466704629854983372e-03
-2.997769330281037037e+04 1.231790404108229136e-06
-2.997749565332308703e+04 5.646640604813264221e-04
-2.997721016866806895e+04 6.171392611879320965e-05
-2.997716100627897322e+04 1.477341231673053859e-03
-2.997691465356313711e+04 7.630825581621463545e-05
-2.997667515466898112e+04 3.898957129208206513e-04
-2.997645096614760769e+04 3.730212646406988594e-04
-2.997642770027949518e+04 1.483738563592191162e-04
-2.997612154051379912e+04 2.916689628228515371e-05
-2.997601004488936451e+04 9.056160609193388662e-05
-2.997579086026984442e+04 2.359401715409170650e-05
-2.997547941989773608e+04 2.037130417648552860e-06
-2.997535450403876530e+04 5.250771660206846682e-05
-2.997514749333189320e+04 3.911503296283541062e-05
-2.997500964399682562e+04 4.287325552076681062e-02
-2.997497501643368378e+04 3.172103289213813499e-04
-2.997470978760905200e+04 6.300937537692707143e-06
-2.997461585590965115e+04 3.207834628024780981e-05
-2.997453111438504857e+04 2.879658180609224408e-04
-2.997428880416432730e+04 7.641577498420112390e-06
-2.997397363225009758e+04 1.068498041969516699e-01
-2.997393677590744483e+04 8.421771658375107404e-05
-2.997364028783522008e+04 1.216720694163085404e-04
-2.997357839374040122e+04 1.108597074010353223e-04
-2.997336865845516877e+04 9.525835209852689701e-08
-2.997301579744798437e+04 2.012047750214195768e-02
-2.997288181888890176e+04 2.864933455972043538e-05
-2.997279614198886702e+04 1.023187213453019773e-04
-2.997257785249667722e+04 1.571964639187893337e-04
-2.997219683476286809e+04 3.916746711091349570e-04
-2.997218486414750441e+04 5.225948701907450139e-04
-2.997194009062945406e+04 2.381773762466205698e-05
-2.997165456057205301e+04 6.827736463732427886e-05
-2.997163149101579620e+04 8.848422262483637358e-04
-2.997155323356382360e+04 3.452336041412402013e-03
-2.997138581058434647e+04 3.072934925413229809e-04
-2.997127707241090684e+04 1.665027362824633424e-04
-2.997118597008294455e+04 9.962065489958761195e-06
-2.997100437586855332e+04 3.721968523029999172e-04
-2.997085329187517709e+04 6.107096640182651474e-04
-2.997066341616282079e+04 2.230593923876371463e-04
-2.997053588495096483e+04 3.469129615549755639e-06
-2.997043867019326353e+04 9.281422669351191554e-04
-2.997020099560794188e+04 5.135425613616656043e-05
-2.996999847127539397e+04 6.509984150845911088e-01
-2.996991068621983504e+04 3.934408734514962440e-04
-2.996981759577263438e+04 2.321799163556655565e-04
-2.996968634284591462e+04 7.249835810578044573e-08
-2.996938909994350252e+04 7.675833116371509192e-06
-2.996926157500863701e+04 9.622732665616615859e-06
-2.996908387859969662e+04 1.597999591904931046e-05
-2.996891988583730563e+04 3.987855977420242510e-04
-2.996878449495626774e+04 3.104688009589773616e-04
-2.996852310724367635e+04 2.483282974446509390e-05
-2.996826689202739726e+04 1.383639353570636295e-04
-2.996802795821591280e+04 7.270220987461087760e-05
-2.996791078886152900e+04 9.254563302940046685e-03
-2.996784840963795432e+04 1.313593152726287051e-02
-2.996758260754149887e+04 1.131389350880139138e-05
-2.996746714851971410e+04 3.373370800891560332e-06
-2.996728399715193518e+04 2.578612503943101546e-05
-2.996691557172389003e+04 5.269292327725889902e-03
-2.996684932136542920e+04 4.845486269021643047e-03
-2.996670693901978302e+04 1.993264926007788478e-04
-2.996645238635451824e+04 5.614889582582767906e-06
-2.996614152892997299e+04 5.061704213113627880e-06
-2.996602448970434489e+04 8.745473675529709699e-06
-2.996595083629195506e+04 2.873753022216569773e-06
-2.996577967389910191e+04 9.394791087604596016e-07
-2.996537534388063068e+04 2.518513649939517680e-04
-2.996532178921973536e+04 6.074883479704347829e-05
-2.996515241884448915e+04 5.861757912617837196e-04
-2.996498681621181458e+04 3.028042595820725977e-02
-2.996496896522198222e+04 1.958640068781700107e-04
-2.996466462301378124e+04 1.986524890797137023e-06
-2.996453734612035259e+04 3.526958626244642474e-04
-2.996443726522400902e+04 2.029392682062578922e-04
-2.996429116877648994e+04 1.317309206181449294e-06
-2.996389338463042441e+04 6.497906415123281577e-03
-2.996387732905476878e+04 6.026768804334160790e-02
-2.996387210255802711e+04 3.554721504586708623e-03
-2.996375263068195636e+04 4.572708906476548210e-05
-2.996352892243592214e+04 1.170051443521517143e-04
-2.996338640502760245e+04 8.636412416083676514e-05
-2.996324714508827310e+04 5.138731182589087973e-06
-2.996295223619964963e+04 1.775776695219870919e-07
-2.996280527088523377e+04 3.903354134152628174e-06
-2.996275804905040422e+04 5.725734743564715777e-05
-2.996264961360446614e+04 9.958680391894638486e-06
-2.996257567465730244e+04 7.249796497385068721e-06
-2.996243190202275218e+04 4.675975052031036476e-06
-2.996232305605613146e+04 1.546743661613198486e-05
-2.996195247921754708e+04 1.297477597322998240e-07
-2.996180928933791802e+04 1.981944539293908705e-07
-2.996166659934854761e+04 8.891297033514689022e-06
-2.996157470339035353e+04 6.176919988398402769e-08
-2.996148274033872076e+04 2.508222553170414075e-06
-2.996134203328956573e+04 3.960094848341266448e-07
-2.996116275554364256e+04 1.899129690872808239e-06
-2.996092370617918277e+04 5.668294074738649559e-05
-2.996084402018366745e+04 8.106740719094587095e-08
-2.996063963324094220e+04 8.026841308659758397e-04
-2.996053878828784582e+04 2.633640056311039625e-04
-2.996045728897096342e+04 6.406905419789475610e-08
-2.996008177343416537e+04 1.380639238609802604e-05
-2.995995712173808352e+04 2.470699181530933326e-03
-2.995983677314586748e+04 2.058433001049895389e-05
-2.995970323940183516e+04 1.296589994051610270e-06
-2.995961818062759994e+04 7.225566573643839151e-07
-2.995955883278839974e+04 8.227001918395912238e-06
-2.995942531167377820e+04 7.898569842739324055e-09
-2.995922974126680856e+04 2.389537021414312496e-07
-2.995893994965549791e+04 4.593867323795607202e-05
-2.995879720154952520e+04 3.774924756085002581e-03
-2.995866462370637964e+04 2.963887472378817686e-05
-2.995855521444519763e+04 6.444518167427097459e-05
-2.995841246222947302e+04 3.532750297009977595e-05
-2.995824323270040259e+04 1.275564070976916910e-05
-2.995821656584463562e+04 1.439378203047018924e-05
-2.995792666768621348e+04 1.799354998644895536e-04
-2.995769727905293257e+04 2.898352162297142070e-04
-2.995765000551566118e+04 2.986425578071656424e-05
-2.995760754856393032e+04 1.223014590180451517e-03
-2.995738425075077976e+04 5.547834885614249526e-06
-2.995713590459890838e+04 2.974290698340749897e-06
-2.995703610286963158e+04 1.418401474967065664e-06
-2.995690108788263024e+04 2.349058501936995265e-06
-2.995676689373216504e+04 1.350842694043499595e-09
-2.995654524837438294e+04 1.120949980086636193e-06
-2.995646822469377366e+04 5.522873471256468976e-06
-2.995634627984127656e+04 7.421985789147005346e-10
-2.995610164645103941e+04 3.898522912717232057e-06
-2.995599348824518893e+04 4.813924394411874807e-06
-2.995585601422098989e+04 2.472774041039790247e-06
-2.995556999042946700e+04 4.881941424537183560e-07
-2.995533469720257926e+04 2.897572830797419635e-04
-2.995523702829507965e+04 3.259950410514864765e-06
-2.995518500507891804e+04 1.299917600722733861e-04
-2.995507521972510585e+04 1.431536446067846875e-05
-2.995492663576130508e+04 1.383378622117239439e-05
-2.995489282397595525e+04 5.505365950789999879e-06
-2.995485871862208296e+04 3.027701383898323202e-06
-2.995452192105685390e+04 8.672809629985244094e-08
-2.995425355059028152e+04 8.039953115245922638e-07
-2.995419106244674913e+04 5.479563894282074376e-06
-2.995415395349400569e+04 1.515936661800377258e-05
-2.995403361665420380e+04 1.590657392769100510e-06
-2.995362593108977308e+04 1.225100079103677185e-04
-2.995361812614102382e+04 8.706141502149536719e-04
-2.995353146811475017e+04 1.501334452043468252e-05
-2.995337004321350105e+04 6.181085189940953178e-06
-2.995325800161365623e+04 1.162439519918279912e-05
-2.995310798324039206e+04 2.864407002821818724e-06
-2.995296298944572845e+04 1.365293385067717123e-07
-2.995269564540790088e+04 1.511247473828375116e-05
-2.995247681450956225e+04 7.344134305518572998e-05
-2.995237809638800172e+04 1.013030320708777510e-03
-2.995230158391455916e+04 1.175453859254257450e-04
-2.995224414260097183e+04 4.330377138479502008e-04
-2.995203716631244242e+04 7.375896207208649286e-07
-2.995181580813758410e+04 9.155987954790374293e-06
-2.995174290541200025e+04 1.777560130029177634e-05
-2.995134183558496443e+04 7.164239745266670982e-06
-2.995106580032360216e+04 6.512393883856807840e-05
-2.995100446439085135e+04 3.068038870309872888e-06
-2.995097897403156458e+04 1.247013453479178052e-06
-2.995083416559630496e+04 9.380020190418112140e-07
-2.995076180528268742e+04 3.502606391951240744e-08
-2.995060692671126890e+04 2.142179987281774085e-05
-2.995047613005335370e+04 4.952684572105159535e-06
-2.995024713438234903e+04 3.004741946968225696e-06
-2.995003815194278650e+04 6.163682398200059498e-07
-2.994984299340644793e+04 4.047759901951081351e-06
-2.994974266371774138e+04 8.241985204960126603e-07
-2.994958241325221388e+04 2.915290075969806144e-04
-2.994954561696992823e+04 5.966832318413923224e-05
-2.994936945237423788e+04 2.711857429410064106e-05
-2.994931845853917548e+04 4.179779189682260203e-09
-2.994913818415306014e+04 5.222666809332919549e-08
-2.994900484992284328e+04 3.445301011345122312e-08
-2.994882857805836829e+04 2.883727439752587320e-07
-2.994858889728856593e+04 9.469466417476167800e-08
-2.994838798643021801e+04 2.083034873120319052e-07
-2.994822247081940441e+04 1.564890005779073903e-05
-2.994816093482033830e+04 1.628832358828546364e-05
-2.994800020634020620e+04 1.270814336943601268e-04
-2.994788631216759677e+04 4.035755780470092770e-05
-2.994760097902103371e+04 2.100152439865051643e-06
-2.994751459751090806e+04 4.608470245113368969e-06
-2.994716612818626527e+04 5.621669609155586483e-07
-2.994710702017524818e+04 7.955558069466311489e-07
-2.994702099059946704e+04 5.324289850892457019e-06
-2.994694625288551470e+04 3.475168532725850462e-07
-2.994672048250896114e+04 1.022397380823738028e-06
-2.994656382180362925e+04 9.535684462005500413e-06
-2.994647235249730511e+04 4.802553040244891255e-05
-2.994631279906711643e+04 1.380173362564207451e-05
-2.994596579714608015e+04 2.165837607021971808e-08
-2.994591004761444856e+04 4.630244621385173485e-08
-2.994581513678294141e+04 1.760009522803366395e-06
-2.994556555148734333e+04 9.052079811573014235e-06
-2.994547277026169104e+04 1.566933429019033479e-06
-2.994537725784022405e+04 7.396209620468760075e-06
-2.994518117454669118e+04 2.220378406817460561e-07
-2.994502528141997755e+04 4.706463520332376975e-06
-2.994483152518055067e+04 4.867458146476432940e-07
-2.994465813245483878e+04 8.328644261543747418e-07
-2.994442932857019696e+04 4.398847793982220220e-07
-2.994430924375964241e+04 2.640423637975150532e-07
-2.994416696480129031e+04 4.022728523599772025e-06
-2.994401253305957289e+04 8.865527937144817949e-07
-2.994398073546903834e+04 9.106436218440663862e-07
-2.994373662685311501e+04 1.178642140746533976e-06
-2.994360485034154772e+04 2.246977813754626446e-06
-2.994355441769434401e+04 5.622584573059305870e-07
-2.994337029513264497e+04 9.668152118246731573e-06
-2.994335195376097545e+04 1.431788516748589986e-06
-2.994316403543443448e+04 1.304952294909353772e-06
-2.994291529969596013e+04 1.121384781649385385e-07
-2.994271686392975971e+04 6.634420359528907712e-07
-2.994257698251534021e+04 1.225575839961791446e-07
-2.994239501012624532e+04 3.666486591768536736e-07
-2.994224480804820996e+04 1.725461564800769784e-08
-2.994201808578898272e+04 6.315240133270795277e-07
-2.994193905013423864e+04 3.752914396077854840e-06
-2.994171209905805517e+04 4.592296697542846730e-06
-2.994161174496297099e+04 1.163610338589399337e-07
-2.994130513177866305e+04 9.007479320604655842e-07
-2.994123385088698342e+04 7.957272947270213720e-07
-2.994110913711342073e+04 7.680869286444665179e-07
-2.994096306461518179e+04 1.535163560072085191e-08
-2.994067544719125726e+04 1.435833134285364341e-06
-2.994050261133807362e+04 2.036481880165917792e-07
-2.994029069881926262e+04 5.299931557131146887e-08
-2.994005753295066097e+04 5.067468262816421642e-06
-2.994002749136589046e+04 2.531536015744634836e-06
-2.993988005821569095e+04 1.450888988220766140e-07
-2.993974898932520227e+04 1.206581530407776947e-07
-2.993961778313150353e+04 5.029721281809023089e-07
-2.993937134630467699e+04 2.637954879674122974e-08
-2.993930655362657853e+04 7.410335225541441245e-07
-2.993909758226482518e+04 1.639723621827788270e-10
-2.993887909035239500e+04 6.835499731623942264e-07
-2.993873159330072303e+04 6.017646926565517115e-08
-2.993860049623269151e+04 3.548886982971416580e-07
-2.993837484463989676e+04 8.561219531525616230e-06
-2.993821804346309727e+04 1.438778119939076659e-06
-2.993811647214338882e+04 6.247569247731596598e-07
-2.993800068990970976e+04 2.997060815380236283e-07
-2.993777074517920119e+04 3.173863557520121494e-11
-2.993760874612054249e+04 1.175804224035042857e-09
-2.993746209395485857e+04 2.484498460155910742e-09
-2.993734512390313830e+04 6.793199273575972701e-07
-2.993687225661220873e+04 3.274040076567933492e-06
-2.993670608592914141e+04 2.769681830490907683e-09
-2.993663458811750388e+04 1.353663104775526316e-07
-2.993654760330651334e+04 3.832805711913138820e-06
-2.993647594713977014e+04 3.159513326492096756e-06
-2.993601153997891015e+04 1.327633711573531368e-08
-2.993577381107392284e+04 5.474453296549443029e-09
-2.993568571744098153e+04 1.099953323060697529e-09
-2.993544807616901016e+04 6.859043675444618531e-08
-2.993536826279299930e+04 1.450547076849625996e-08
-2.993524720885001443e+04 5.194162974609477753e-08
-2.993497243140958017e+04 1.870263986352364991e-06
-2.993488359429961929e+04 3.926777844048445972e-06
-2.993460221807791095e+04 5.367336819271744150e-07
-2.993437978789906265e+04 8.841401409574284846e-10
-2.993423124007103979e+04 1.273587038112124835e-07
-2.993399847369343843e+04 1.057994353004664552e-08
-2.993396446950206882e+04 3.247519662869852621e-08
-2.993371091995317329e+04 1.053508097796702105e-08
-2.993345867923171318e+04 2.617452790555486309e-08
-2.993333148846392578e+04 1.498845808633131603e-06
-2.993316203987594054e+04 4.141636542844325649e-10
-2.993283423536829650e+04 1.075400861442102449e-06
-2.993275489572038350e+04 7.342201626052097473e-09
-2.993267209559257390e+04 3.359519322670961246e-07
-2.993246258626681083e+04 1.067757296342568902e-08
-2.993229497041782452e+04 1.606862807070593336e-08
-2.993207396043502013e+04 1.697744269373722500e-09
-2.993175788521451250e+04 4.214238681798956894e-08
-2.993172520037551294e+04 9.028274183708443727e-10
-2.993143995317158988e+04 1.293743349873209245e-07
-2.993117860086897417e+04 6.797932765176257514e-07
-2.993086905160554306e+04 5.755578824650599126e-08
-2.993070735492384119e+04 2.653141732810546986e-09
-2.993056873547822761e+04 6.709233776762017505e-08
-2.993034659573590397e+04 1.063389308644743782e-09
-2.993008232245622276e+04 3.676969414594580781e-08
-2.992969952668037877e+04 1.164868369767264533e-08
-2.992953809931035721e+04 9.629116170369439248e-08
-2.992934345643721826e+04 3.954248243044604266e-08
-2.992927400982182371e+04 1.854207225425554745e-09
-2.992907545091878274e+04 5.835667449857931301e-10
-2.992879252426257881e+04 1.296279279516014420e-07
-2.992873042466798506e+04 4.997751191970319818e-08
-2.992831131770026332e+04 1.697355793233286888e-08
-2.992811924297766382e+04 3.345942247870033684e-08
-2.992781516457434191e+04 5.235907305147782698e-10
-2.992759910425613634e+04 1.665571500884710953e-09
-2.992739278143751653e+04 3.692573499523845141e-08
-2.992734762288377169e+04 6.763170237374032177e-09
-2.992716775188167594e+04 2.125804915238320573e-08
-2.992665215517651086e+04 9.796079501188707544e-09
-2.992651733995374525e+04 7.945976286716949630e-08
-2.992630627826173441e+04 3.750976465985214623e-08
-2.992603189502915120e+04 7.090230431349495830e-09
-2.992584998736373382e+04 5.777482287951448185e-10
-2.992567214086886452e+04 2.459000711724787327e-09
-2.992552034530919263e+04 3.758789179745281384e-09
-2.992506251559912562e+04 1.582004932200714931e-11
-2.992485854736509282e+04 5.432790773061623139e-08
-2.992467075606797152e+04 2.232137382224803607e-09
-2.992440534037114776e+04 3.557864114454321962e-08
-2.992417018713969446e+04 8.159809267504663298e-09
-2.992392370721531188e+04 3.369322134472343350e-09
-2.992378038767247199e+04 2.421146591830554798e-09
-2.992360858499355527e+04 1.202730786104177679e-09
-2.992314501530285634e+04 1.073859801473106131e-08
-2.992287114882432070e+04 2.465086379959090602e-08
-2.992246933869031636e+04 6.479081927506730851e-09
-2.992239020069775506e+04 1.117123359526717653e-08
-2.992216356513306528e+04 1.304518014039866138e-09
-2.992176243183312909e+04 1.334209965061569831e-10
-2.992167662966757416e+04 1.180706039244335344e-10
-2.992140889328503908e+04 2.634090472054802435e-10
-2.992107850721166324e+04 1.061696876712238805e-08
-2.992095949987159838e+04 9.507611201460194876e-11
-2.992050108975369585e+04 1.310265586920819617e-08
-2.992016594032329522e+04 7.868615573736364403e-12
-2.991998008302342714e+04 7.326041426658054384e-11
-2.991986997761808743e+04 1.916160123223496205e-11
-2.991942304254920964e+04 2.493647153909131796e-09
-2.991908675455527919e+04 4.211542073173233817e-10
-2.991888457108614966e+04 2.362809846022437696e-10
-2.991864987865773946e+04 1.156757466550659063e-09
-2.991838867496915555e+04 2.297560711440856121e-09
-2.991797558028828280e+04 3.294220680333102690e-10
-2.991773569261200464e+04 1.884860508093904530e-11
-2.991756828241106632e+04 7.288931949656553759e-10
-2.991727138690450374e+04 9.963744015036181566e-11
-2.991693331372333705e+04 7.930214545774914315e-10
-2.991668580179160199e+04 5.453589140882999255e-10
-2.991617841373927877e+04 6.734901104946966718e-12
-2.991571785900263421e+04 3.239710202197606028e-10
-2.991531067736550176e+04 1.194952692189244420e-10
-2.991516641150349460e+04 3.684366623864374129e-11
-2.991480163845964853e+04 1.713465053535085533e-11
-2.991464572144983322e+04 3.579015150389760802e-10
-2.991417289002253528e+04 1.246696959506856890e-10
-2.991389257756841107e+04 1.000140897224896783e-11
-2.991361071593013912e+04 1.568934630207999116e-12
-2.991313949306623908e+04 2.117771614389870404e-14
-2.991292901151203478e+04 1.779786852684809574e-10
-2.991271150132830735e+04 3.112905000100538081e-11
-2.991212903217858548e+04 1.428928417014569488e-11
-2.991188322948905989e+04 4.993615974981360547e-11
-2.991159996975525064e+04 5.880511812964922708e-11
-2.991101626408216180e+04 7.113881581136055749e-12
-2.991075889417731742e+04 5.500209698851762112e-11
-2.991046455304271149e+04 5.373978456581626851e-11
-2.991011317295335903e+04 9.500235730056191450e-13
-2.990966471534378434e+04 3.805208147506897992e-11
-2.990923208681160395e+04 2.068325387272268631e-11
-2.990878119904199048e+04 1.749918766543484665e-11
-2.990773292194387614e+04 3.555864944299403410e-12
-2.990761007729555422e+04 1.882482384066442381e-11
-2.990721545230777338e+04 4.871665096866530767e-12
-2.990656318556746919e+04 6.128031617126901614e-12
-2.990635219393053922e+04 5.250278484590216960e-12
-2.990568260190382716e+04 8.712917283983134235e-12
-2.990535919664133689e+04 9.006315915739897026e-13
-2.990520907159361741e+04 8.554548795940531601e-15
-2.990486399124298623e+04 2.612778680706943353e-12
-2.990454693491595026e+04 6.623833685535436975e-14
-2.990404409680491517e+04 2.898469018362761441e-12
-2.990316864300421730e+04 5.695991664708635038e-13
-2.990231159897003454e+04 4.352769420601659259e-13
-2.990198277029531164e+04 4.834930419731093350e-14
-2.990159223890727299e+04 1.382308573098856153e-13
-2.990131393669253157e+04 8.049194876775921781e-13
-2.990042438347439747e+04 8.942955126128710470e-14
-2.990023970345981070e+04 3.662257194493662238e-14
-2.989991653303477506e+04 2.167323468974088682e-13
-2.989948310201178174e+04 6.666849493709884199e-15
-2.989892882643140911e+04 2.051367763043676202e-14
-2.989804899749239121e+04 3.391032413110226668e-13
-2.989768966509060556e+04 1.300764097546969795e-14
-2.989642544221808930e+04 9.636952836818431295e-16
-2.989518012173101670e+04 6.888230730742420682e-14
-2.989453267981472163e+04 2.855017810401459987e-15
-2.989394077527179616e+04 4.385126629792266535e-16
-2.989372542683409847e+04 1.043328119737781884e-14
-2.989285134326412299e+04 1.463430865053700483e-14
-2.989278112033432990e+04 7.133689280661005773e-15
-2.989199846025052102e+04 1.937718674665848629e-16
-2.989178211558169278e+04 5.724716566521811581e-15
-2.989144881761805664e+04 4.410690543055049031e-15
-2.989097946771356510e+04 7.894147447732339221e-16
-2.989028651406034260e+04 2.696267304498656433e-15
-2.988945827615927192e+04 1.059235191233890779e-15
-2.988725173741103572e+04 3.676693779883650440e-17
-2.988634656578144131e+04 3.154849180251240615e-17
-2.988539890384774480e+04 9.621878082620311168e-16
-2.988478280870963863e+04 8.767308848186736514e-19
-2.988302437216208273e+04 4.252433987193127935e-17
-2.988258431211381321e+04 9.394187954038848213e-20
-2.988073399139548565e+04 1.391980484004690045e-18
-2.987987952084020799e+04 1.454438113697165639e-17
-2.987935121706923383e+04 8.299312353650415736e-19
-2.987861386943174148e+04 1.392107612076000295e-17
-2.987759127765939775e+04 1.118710001355968962e-17
-2.987710694456627971e+04 3.485495318288628713e-18
-2.987462428827799522e+04 1.771840642335204320e-19
-2.987345017389105487e+04 2.056659661070182130e-19
-2.987221015467859979e+04 1.245362741143210527e-19
-2.986937024234981800e+04 2.108075359572545949e-19
-2.986867285108982833e+04 2.598856880557908189e-20
-2.986825810207722316e+04 3.687004745723550949e-21
-2.986662703840830727e+04 1.269486861146558091e-20
-2.986299454039212651e+04 3.847984436355895391e-21
-2.986210853205196690e+04 7.770810541134109548e-22
-2.985936306195578800e+04 1.129226819979253029e-21
-2.985886470312804522e+04 1.349773185634704199e-22
-2.985509269484136166e+04 0.000000000000000000e+00
-2.985439556610124055e+04 4.752088468729749567e-24
-2.985112179664353971e+04 9.656019480116994240e-24
-2.985038682514704851e+04 0.000000000000000000e+00
-2.984846742129750783e+04 0.000000000000000000e+00
-2.984803429227103334e+04 3.303581075939468812e-24
-2.983820023587768083e+04 0.000000000000000000e+00
-2.983753912182888598e+04 0.000000000000000000e+00
-2.983592556543234241e+04 0.000000000000000000e+00
-2.983548019925478729e+04 0.000000000000000000e+00
-2.982392358728219915e+04 0.000000000000000000e+00
-2.982337780532328543e+04 0.000000000000000000e+00
-2.981846383367688031e+04 0.000000000000000000e+00
-2.981811366433615331e+04 0.000000000000000000e+00
-2.980752665448600237e+04 0.000000000000000000e+00
-2.980715340573275898e+04 0.000000000000000000e+00
-2.978676106736434303e+04 0.000000000000000000e+00
-2.978652985444474689e+04 0.000000000000000000e+00
2.999087967989068056e+04 1.916353839354276853e-23
2.999092280527037292e+04 5.833427189825997998e-23
2.999263952752463229e+04 6.663919216829293105e-23
2.999295101841986980e+04 1.686299994924463781e-20
2.999321125852289333e+04 1.041265507672449357e-20
2.999382486096987850e+04 2.138551820897585542e-20
2.999433459324620344e+04 6.347780250105872653e-19
2.999462577530836643e+04 2.918760275406974355e-20
2.999493873047373563e+04 1.866697044139097420e-18
2.999522398818704096e+04 3.297230159336048157e-18
2.999562197601548905e+04 5.360180276336667709e-18
2.999611585919609570e+04 3.912239674256295716e-17
2.999665743829399435e+04 3.774656939343070800e-16
2.999720898070748444e+04 1.126100301471454498e-16
2.999776484180911211e+04 3.292395136312629938e-15
2.999832271492349901e+04 1.724130316677398307e-14
2.999886446161292406e+04 8.544336281186644604e-16
2.999893358991570130e+04 2.398933003168026313e-16
2.999943474104147026e+04 1.939890312264268526e-13
2.999962325250294816e+04 1.749494440471619807e-14
2.999999451558012879e+04 6.892389917743705382e-14
3.000005121739040987e+04 1.264748769364122216e-13
3.000055493752256007e+04 2.545694896693814760e-13
3.000058821260194964e+04 7.599660432176129265e-13
3.000113167119676655e+04 2.072029773689569284e-12
3.000120265596699755e+04 4.342662941279799967e-13
3.000168968952021532e+04 3.803533570495831215e-12
3.000180751695210347e+04 1.663061577804148218e-13
3.000224740758250482e+04 6.573422569207303796e-12
3.000242400216070746e+04 1.093839376850756596e-12
3.000280009007359695e+04 1.602351501385895224e-11
3.000302892810672347e+04 8.026069427755621571e-13
3.000334208114995272e+04 4.252983238038999621e-12
3.000363108888493662e+04 8.787056641090515984e-13
3.000387416781608044e+04 2.570647741435783257e-11
3.000420663809349207e+04 1.199405515837828495e-11
3.000432180740445619e+04 1.365425222888865439e-11
3.000482464929680282e+04 1.451270390563447804e-13
3.000505552658209126e+04 1.923640179635688851e-14
3.000545726904116600e+04 2.254617431226164775e-15
3.000598105352847415e+04 7.834000256156830289e-14
3.000616099890778059e+04 6.023866446166044749e-13
3.000664546651312412e+04 6.872539084317291120e-13
3.000716855346826560e+04 9.768522384193548082e-13
3.000736535182051011e+04 4.077357785579870492e-12
3.000780988225879264e+04 2.552755042070202614e-11
3.000833250799245070e+04 2.973595005768991562e-11
3.000862865416106797e+04 7.771612562023144540e-11
3.000890932946496832e+04 6.677278329934544297e-10
3.000934610438839809e+04 2.222410991126661814e-10
3.000954130809119306e+04 3.761221861890252563e-11
3.000989222787409381e+04 5.703936330229890950e-12
3.001005642359912235e+04 6.306746366656006178e-11
3.001066440135203084e+04 8.690726254882403196e-11
3.001087911369853828e+04 1.717499338254682224e-13
3.001108461334661843e+04 7.309992214955550373e-12
3.001151508597190332e+04 3.054097676575261224e-13
3.001172120060364250e+04 2.940151709601381749e-13
3.001237460664522223e+04 1.942021032661898985e-12
3.001271428291895791e+04 1.641297900076596029e-13
3.001306169422120001e+04 4.252352591318100645e-13
3.001329646893924291e+04 6.190651352984856353e-14
3.001353440433602373e+04 9.515665596939641677e-14
3.001415197531174636e+04 1.357124176244269487e-13
3.001441762941547131e+04 9.667175635833478975e-12
3.001467734174206635e+04 6.937846307606602515e-12
3.001478379035303078e+04 1.230015445112830585e-11
3.001497748465605764e+04 9.038438984076464351e-15
3.001539433523688058e+04 2.061857282258069207e-10
3.001550054381590598e+04 3.085047108727986015e-10
3.001573411926356857e+04 8.127000297135310946e-11
3.001586647281185287e+04 8.600357697027901136e-10
3.001595055884432804e+04 1.233844639820165052e-11
3.001624131139657038e+04 2.805797186997764989e-09
3.001656544812753418e+04 3.050592121495159607e-10
3.001677723768112628e+04 1.090464103961072071e-09
3.001698137584880897e+04 7.560247485930530513e-10
3.001723194760924162e+04 2.275093118053634858e-10
3.001744554060751034e+04 1.148861450389908485e-09
3.001777077618300973e+04 1.113024028035790267e-10
3.001798777375900318e+04 5.490013689681903813e-10
3.001829986004656166e+04 8.553510159028632662e-11
3.001847308596991206e+04 3.182532070033044923e-10
3.001877091106431544e+04 8.822984213042701610e-12
3.001897893070356076e+04 2.904803865631656393e-11
3.001921688606326279e+04 4.942239881234491862e-11
3.001961239095193741e+04 1.106442632192321875e-12
3.001971561520103205e+04 1.249137918224400493e-10
3.001990345203136530e+04 6.573615859855515748e-11
3.002003756980357866e+04 5.777211311280412301e-09
3.002006199462203222e+04 2.075889076612347221e-08
3.002008752285599257e+04 2.835273079288742279e-10
3.002040937364719139e+04 9.498985636986218254e-12
3.002060439828989183e+04 1.815688760811587654e-12
3.002089322219461974e+04 7.735570189819006486e-10
3.002100903782028399e+04 2.690702811974147730e-08
3.002115402188179360e+04 2.624896882989088461e-11
3.002126197869509997e+04 4.344437680942397227e-11
3.002138784770641360e+04 9.187195822903738822e-12
3.002149603760548416e+04 1.744260233883784589e-10
3.002161395615676156e+04 1.168616342660516296e-10
3.002174742466298267e+04 2.037914790838156559e-08
3.002205223073288289e+04 2.102905155549657956e-09
3.002212198899293435e+04 3.047440629750245210e-10
3.002216711137149468e+04 1.200659756362153173e-09
3.002237729761508308e+04 1.993503078436586313e-09
3.002250153152371058e+04 5.776178296649146841e-10
3.002252543766391318e+04 1.824787959995050641e-09
3.002291554694659499e+04 2.103651262408928716e-09
3.002294422436356035e+04 1.233816888918351320e-09
3.002313965707635725e+04 1.467761725714488564e-10
3.002341683012220892e+04 1.008946909470079978e-09
3.002359328769955755e+04 2.760845529335932452e-10
3.002379341773231135e+04 4.367415971914796779e-11
3.002392442897803630e+04 6.422541677444629263e-10
3.002411307285637304e+04 3.427755393437677011e-11
3.002447462135719252e+04 1.697087626866437161e-11
3.002460393072120132e+04 3.054711465716688207e-10
3.002492618609263809e+04 2.615268055562342017e-10
3.002505939135246081e+04 3.431076509823849892e-09
3.002508280086816376e+04 1.831184652442223677e-07
3.002522396596384351e+04 8.816887438295243829e-12
3.002548055954213123e+04 1.199944508334709341e-11
3.002556538878997162e+04 1.604916118574444297e-11
3.002589862706517670e+04 6.109480424264721433e-12
3.002596756345410540e+04 7.453035383835928029e-12
3.002613218533347026e+04 1.387280166204340397e-08
3.002636700383895004e+04 3.292205858968691283e-11
3.002657760715691620e+04 1.396843239830316735e-10
3.002665416820625251e+04 6.726076274768513973e-11
3.002672746158152950e+04 4.549800084037511934e-11
3.002710945829859702e+04 2.110588773631958442e-08
3.002714316295475510e+04 3.364374016477073086e-10
3.002723760198058881e+04 7.833660360724306335e-12
3.002757302735248959e+04 5.707704966010499696e-10
3.002776620855313377e+04 1.177180214741745450e-12
3.002796749207351604e+04 2.688151777120267701e-08
3.002811584103891801e+04 5.308413216480485431e-11
3.002842092862468780e+04 1.279911521232270037e-11
3.002859053855493039e+04 8.700576959572789192e-10
3.002866722884744013e+04 1.346101799211469080e-09
3.002871011439787253e+04 2.732927198135261029e-10
3.002900855475264689e+04 3.772742642832796450e-10
3.002911260168478475e+04 1.061960383711090147e-09
3.002916341598741928e+04 9.653073934485982828e-10
3.002941290859639412e+04 6.124392646594985868e-10
3.002951249990818906e+04 5.046055426259023936e-10
3.002952096059560427e+04 4.074598938385679078e-10
3.002964158678915919e+04 7.401557027867506288e-11
3.002985004908963310e+04 6.162044217758329511e-10
3.002999335648858687e+04 8.884639967155274702e-10
3.003009239735467781e+04 2.326744839469052848e-09
3.003028381537521636e+04 7.572969927242477889e-10
3.003047638973815629e+04 6.221678651613489558e-10
3.003051689640032055e+04 1.067789379321694056e-10
3.003076562516693593e+04 4.358111310932243202e-10
3.003091726008229307e+04 1.248361148574951418e-11
3.003116328301892281e+04 7.830915486051473997e-08
3.003120633344154339e+04 2.765005299330493226e-08
3.003142805343989312e+04 2.954268074843340554e-10
3.003160023669565635e+04 2.453982549486290091e-11
3.003194673442862404e+04 2.567494944025539049e-10
3.003214139782201164e+04 1.879217936129264546e-09
3.003223152361299799e+04 3.418649641159595246e-08
3.003230225183609218e+04 6.011032731713885178e-09
3.003252674890297931e+04 3.681341767961265266e-11
3.003280337698871881e+04 6.210965867619641030e-11
3.003283242544998575e+04 3.622319969975377241e-12
3.003323287520307349e+04 4.244581064098554622e-09
3.003333068651762733e+04 5.219447150947109109e-10
3.003340236429110519e+04 2.538347407243224742e-10
3.003378364987795794e+04 1.950918538556617063e-10
3.003405033010109037e+04 1.170051473994045610e-10
3.003414492759777568e+04 3.029242937926857126e-09
3.003420075330009786e+04 2.111256228754717602e-09
3.003439111829524700e+04 1.277000673126429960e-10
3.003477273178830364e+04 6.760559636482650661e-13
3.003485173025968106e+04 1.241558020203159354e-09
3.003502374073520696e+04 3.554640705946745618e-09
3.003510208960985619e+04 1.909517439270237699e-07
3.003517256736855779e+04 1.579548209099331101e-12
3.003547360036790269e+04 4.761272733070180371e-12
3.003569476484429470e+04 7.192926306175705747e-11
3.003573652952389239e+04 1.091765299939477956e-10
3.003595902564245262e+04 1.128289352632893453e-11
3.003621474876585853e+04 4.510664818876805546e-09
3.003623030256427228e+04 2.802035321210491674e-10
3.003632045098692106e+04 2.400412744802444467e-10
3.003639719007306485e+04 4.617042154612746604e-10
3.003671542665433662e+04 1.068441070806701921e-13
3.003684477134965346e+04 3.304560305816201548e-11
3.003691353286115191e+04 2.602314062220148045e-11
3.003732643467001253e+04 1.478465151831652157e-09
3.003732659988948217e+04 6.856263743457891417e-09
3.003740255948223057e+04 1.778398263409153482e-10
3.003758851923960901e+04 1.312093333605272819e-11
3.003768355444196277e+04 1.141497469174678773e-11
3.003781656158775877e+04 6.987823183100905180e-11
3.003795115822586013e+04 6.566431742761851412e-11
3.003823900118061647e+04 1.064929118853647834e-11
3.003839112108690460e+04 5.307826474501963627e-09
3.003847673220209617e+04 4.232056701535798271e-09
3.003859182204028548e+04 2.396337169896945420e-10
3.003876674518240543e+04 1.047702028549438255e-11
3.003881557807815989e+04 3.418998669424773666e-11
3.003906026896553158e+04 5.035011845891816199e-12
3.003927279374770660e+04 1.112443453097843604e-11
3.003943674516808824e+04 4.013823042293170450e-12
3.003949703266806682e+04 7.259612213946923766e-10
3.003964997030804079e+04 6.763626034206663335e-11
3.003982701646874193e+04 3.957012554025642812e-11
3.004011204409557831e+04 1.289910332174753025e-10
3.004013027208982385e+04 2.053909410453714410e-09
3.004044922620476427e+04 2.736886507504796665e-11
3.004046229178622889e+04 7.378573478980248430e-13
3.004054541110068749e+04 3.751487101224495236e-12
3.004064634391084473e+04 2.393954316343134822e-11
3.004086310511486226e+04 5.724104814143305849e-11
3.004090332241099895e+04 4.790377552964197919e-12
3.004127716956616496e+04 1.048059248863906354e-08
3.004130805555076586e+04 6.351551061784086533e-09
3.004149837007581300e+04 3.066580103942954322e-11
3.004162684337746032e+04 2.384180218415274307e-11
3.004180249075141182e+04 2.498100858234740471e-11
3.004190535968661425e+04 9.588598009018520213e-12
3.004204751712532016e+04 7.032800445224252679e-13
3.004228273225109660e+04 1.337243062438566305e-11
3.004246330972524811e+04 3.555443604378512332e-10
3.004251432002419460e+04 1.483389753751345161e-11
3.004264009939447715e+04 4.195357697488793209e-11
3.004287854644266554e+04 1.296284625051158052e-14
3.004307200440398447e+04 1.134853525849270143e-11
3.004320516430812131e+04 3.971372010469154689e-12
3.004327265036049357e+04 7.663839164501979140e-12
3.004340901381306321e+04 1.924637005797131796e-12
3.004361619259333384e+04 6.858678302193600591e-11
3.004365057695645737e+04 7.334477828012928420e-11
3.004384979879264210e+04 1.213868052964115495e-11
3.004409469293752773e+04 5.971225938243594446e-12
3.004416862211998159e+04 9.615715071348637904e-12
3.004442362463813697e+04 3.102269058013810315e-12
3.004463698909807499e+04 2.871598635686849706e-13
3.004479541599122240e+04 7.826764488313725023e-11
3.004493718178351264e+04 1.715942236580435810e-11
3.004508050727558293e+04 1.317016687757181279e-11
3.004515628065657802e+04 1.240417436454453584e-10
3.004520494220288674e+04 1.414952144005174797e-09
3.004535586413395504e+04 2.646059585739550741e-12
3.004541584070953468e+04 5.408264084805040472e-12
3.004566176826624724e+04 8.074225914656358978e-15
3.004590625110711335e+04 1.297232006874519529e-11
3.004597142211751998e+04 2.216200374905669343e-11
3.004600504739527605e+04 5.574979870735423973e-12
3.004631273883904214e+04 7.609944446199228202e-12
3.004646435869894412e+04 2.994735175212033329e-09
3.004655420076028167e+04 7.553609541152708716e-13
3.004662912343238713e+04 1.913363612582049272e-11
3.004680109316204471e+04 4.585341791828012680e-12
3.004695214951110393e+04 8.060791852959372134e-11
3.004708757437818349e+04 2.757760683879265252e-11
3.004724485918541541e+04 7.262480143475323380e-12
3.004759653832224285e+04 3.331117358603331605e-12
3.004768638401694261e+04 1.871723867269404498e-12
3.004773392320928906e+04 7.605777092081589396e-14
3.004788749659612222e+04 1.795696741291524355e-12
3.004798514764042193e+04 2.760436673488920269e-11
3.004811484638355614e+04 1.807848865102241510e-12
3.004832757770160606e+04 7.504805783256336265e-12
3.004845754507663150e+04 9.650353621455691062e-12
3.004887198612085194e+04 1.961956942268746983e-11
3.004902110779575014e+04 7.737094967111975939e-13
3.004913808812940260e+04 3.751043966229170120e-13
3.004920602819256601e+04 2.985930374123080503e-12
3.004935148160685640e+04 5.250601938262093626e-13
3.004941012522573146e+04 8.929051777178185485e-13
3.004957965370312377e+04 6.737108985135197639e-12
3.004986906860317686e+04 1.097478032521806993e-11
3.004999955795297137e+04 1.531937994223008017e-16
3.005013348359077281e+04 8.795415312960539893e-12
3.005031704888880631e+04 1.427018560359895631e-10
3.005043525586591204e+04 2.298000072504746983e-11
3.005051973234644902e+04 3.473391736513127282e-11
3.005064758623082162e+04 6.846281097894592307e-12
3.005077686036205705e+04 1.546355330394348115e-12
3.005082986365811303e+04 7.187152024404693788e-12
3.005114611141705609e+04 1.862852458690544586e-12
3.005118002095575503e+04 9.005931068269436123e-13
3.005140014721456464e+04 1.053396531682145882e-11
3.005162606345035601e+04 5.220761114837017528e-11
3.005170702884106868e+04 1.324709226573653812e-10
3.005192315910571415e+04 5.812711422383955073e-12
3.005206022933629356e+04 2.887435574324188768e-11
3.005212972574438754e+04 5.612990119447920479e-12
3.005227216863343347e+04 9.651415233854782822e-13
3.005255669702395244e+04 9.784068353142383000e-13
3.005271587211572478e+04 1.128962232805793632e-11
3.005299921150693990e+04 5.540398080386263425e-14
3.005304109911654450e+04 5.421212115391348608e-11
3.005312331474079838e+04 1.223141043993217407e-11
3.005324123042362407e+04 4.373800471598939550e-12
3.005347978842163138e+04 1.097322996014887844e-10
3.005361353363732269e+04 1.885966016023871428e-10
3.005368321701571767e+04 1.689165618444181024e-13
3.005390557748249921e+04 2.945309785405204253e-12
3.005423562091688655e+04 2.664832630330502083e-13
3.005426148441890109e+04 2.413645710472486381e-13
3.005439021715709532e+04 2.023727967784100901e-14
3.005456558010753361e+04 5.975467007605866428e-13
3.005471937808082293e+04 1.247488195246622907e-12
3.005488700597978823e+04 1.360139601788248798e-11
3.005499440993708413e+04 1.119326812905494372e-11
3.005509328206214923e+04 6.102992021598628057e-11
3.005535557977105782e+04 1.761997379388723611e-11
3.005553974702105552e+04 2.185536435582090276e-13
3.005578526586076623e+04 9.863876315762657278e-12
3.005585993990295901e+04 3.276895889710804523e-12
3.005595178726732775e+04 4.715191047883920881e-11
3.005605430770175735e+04 4.664041021340285683e-11
3.005621073298217743e+04 1.048324741295301781e-12
3.005644042538886788e+04 8.041405541084095654e-13
3.005659135481890917e+04 1.455277166301035847e-11
3.005666947080189493e+04 5.891163985930015632e-12
3.005677959411816482e+04 4.061651422752232187e-12
3.005692676349742396e+04 1.657809418811988310e-12
3.005709911257438944e+04 8.089664695278583695e-13
3.005732495717243000e+04 1.348546917624580168e-12
3.005744099908749558e+04 4.712684608649739110e-12
3.005756530330194437e+04 5.205494456922466550e-13
3.005773567156161880e+04 5.112573794995860284e-12
3.005789204309209163e+04 2.296159809191153629e-11
3.005813782567566886e+04 3.158502740087692422e-11
3.005820882114832420e+04 3.517064198699928815e-13
3.005839038502453332e+04 1.808057887269081167e-11
3.005858039746644499e+04 1.430960867835749833e-13
3.005886637305318072e+04 4.528937418988891831e-14
3.005893119701265096e+04 1.702435002395327197e-13
3.005904193958243195e+04 9.588121910318563076e-15
3.005924942151888172e+04 1.037778777233160155e-13
3.005946108754097077e+04 2.899532909503087008e-12
3.005958198063366581e+04 6.526774769900781295e-12
3.005994017339477796e+04 1.764449373998185285e-13
3.006000835252491379e+04 4.130729777299513293e-11
3.006017778743425151e+04 6.580683194973787677e-13
3.006028816087580708e+04 4.317037592154076556e-12
3.006041868878558307e+04 3.458794094508759475e-12
3.006052876641956755e+04 1.187389104226950877e-13
3.006082204601450212e+04 6.503496604195991910e-14
3.006087660796920682e+04 7.102060759844129008e-13
3.006107526319297904e+04 1.284414640055921226e-13
3.006130488484599118e+04 3.634236874783891376e-13
3.006147048942087713e+04 1.326542102263342983e-13
3.006159328514889057e+04 1.410785341724255105e-12
3.006171079444455972e+04 1.871742836673552583e-11
3.006189713569403466e+04 4.712552261750291932e-14
3.006204187019739402e+04 4.246421336613749442e-12
3.006220078908473806e+04 1.670694194129449941e-12
3.006240483891332042e+04 1.956646421273630206e-12
3.006262834076947911e+04 3.124873768742370942e-13
3.006270356772137166e+04 4.768507897561144038e-13
3.006280307066583919e+04 6.480541270167999309e-13
3.006323594444628907e+04 7.851754292305210613e-14
3.006340811915047379e+04 2.304171632879336283e-13
3.006355645556332456e+04 4.825699264455830899e-12
3.006361267890109593e+04 1.379314572342534970e-15
3.006366223298683690e+04 1.536341804815623104e-12
3.006411046875195098e+04 2.756858973589047012e-12
3.006438156779214842e+04 1.677629889379316918e-12
3.006449044551449333e+04 5.930636334233295909e-13
3.006473216950851565e+04 2.849589676988225126e-13
3.006485380647744387e+04 5.843808593639545047e-14
3.006486723756846914e+04 6.184222328152321657e-14
3.006512530671410059e+04 3.801055023811572753e-15
3.006526213032212763e+04 1.315550433767592736e-13
3.006564670746391494e+04 8.511952423606258911e-13
3.006578121260350235e+04 2.933024892145094275e-13
3.006596025844633186e+04 8.404919205102306330e-13
3.006615904220383163e+04 1.087584795654702749e-13
3.006622500062235849e+04 1.266378989577585402e-12
3.006641791358890623e+04 3.779352066789650034e-14
3.006670532908915629e+04 5.385985886149390364e-13
3.006674952678607224e+04 1.299246083129128676e-12
3.006702410187423811e+04 1.055350199136401002e-16
3.006727080117052537e+04 2.829859744154189178e-13
3.006743558254502568e+04 2.840896630860188022e-13
3.006750485753886460e+04 7.445790019630882358e-15
3.006767677898337570e+04 4.377720455855626054e-14
3.006783652145611995e+04 1.006672600056599559e-15
3.006810460129012790e+04 6.192469734614557307e-15
3.006833141011631596e+04 2.648698353003659280e-12
3.006845854748491547e+04 9.578170474850269850e-14
3.006870196656831831e+04 1.389413564380245672e-13
3.006893735447085419e+04 4.962554888445797815e-14
3.006924665412356626e+04 4.441434017905485764e-14
3.006946592311833228e+04 5.072417462211686878e-15
3.006957749258054173e+04 1.067410514489336492e-13
3.006981116396462312e+04 1.314893892908672905e-14
3.007004459985643916e+04 1.398728281840362454e-12
3.007045423336494787e+04 6.437153929409116149e-13
3.007069715842148435e+04 5.410298700926504169e-14
3.007079918462294518e+04 9.185305552530575232e-15
3.007091133974766126e+04 4.233530311173582272e-19
3.007108096258579826e+04 9.759557603881074966e-16
3.007141032760617964e+04 1.576867305233208109e-13
3.007145192333130035e+04 1.405354931345359269e-14
3.007186802801409794e+04 1.992193223873500326e-13
3.007203658782433558e+04 3.912475022967158369e-13
3.007229727724469194e+04 3.393509865658134753e-13
3.007251691674401809e+04 1.367154987370572487e-14
3.007275681989986333e+04 1.154772946722937584e-14
3.007285662074808351e+04 8.397822930923621755e-19
3.007299491849065089e+04 6.956527920991796396e-16
3.007345840593025059e+04 6.611913220855679004e-15
3.007362906979480249e+04 1.973540627383493467e-13
3.007384955040824934e+04 7.506843645890825096e-14
3.007408269207043486e+04 9.009805015799604081e-14
3.007431356625533954e+04 6.929088948825160952e-14
3.007448721840748840e+04 9.615554485602439469e-15
3.007465614915495098e+04 6.882923057594824307e-15
3.007514624438468309e+04 2.537198629623188105e-15
3.007530958032926719e+04 2.151972073019805853e-14
3.007551556069772414e+04 4.650050648479148532e-16
3.007574505494462937e+04 8.474717153534738023e-14
3.007598643945734875e+04 1.020600439628108071e-14
3.007620002846544594e+04 1.855818583460960327e-14
3.007641743881731963e+04 9.789490214940787712e-15
3.007661043986286313e+04 1.615450157768465757e-15
3.007702791324358623e+04 8.331199242820223201e-16
3.007732697488755730e+04 1.074678733502093965e-14
3.007763596376259375e+04 7.581257026209772824e-15
3.007772414195203237e+04 1.910931356510144262e-15
3.007803814783372218e+04 1.633374141868648188e-15
3.007840912489202310e+04 2.312054781993380763e-14
3.007855166581847880e+04 1.002830180732275380e-16
3.007875341173886409e+04 8.536203508810159229e-16
3.007907316422918666e+04 5.628280742949863988e-16
3.007925223189980170e+04 1.059851223796909250e-15
3.007959861909427491e+04 2.903115045734281426e-15
3.007996743876461915e+04 4.487395085095506827e-17
3.008020855285265134e+04 4.817181393321483912e-17
3.008032309560143767e+04 2.815630266528322859e-15
3.008074010979852392e+04 4.178274232081713189e-15
3.008110878362664516e+04 8.737592991627932122e-16
3.008130288653645766e+04 1.302713290024205231e-15
3.008156485488143881e+04 5.785687168902530313e-17
3.008175243511567169e+04 1.426468428090472220e-15
3.008220342458060259e+04 3.465488804313524219e-15
3.008253484708931137e+04 2.660256498895079262e-17
3.008262936627247836e+04 1.620720871512322507e-16
3.008303706370202781e+04 4.050267282616855562e-18
3.008317505984139279e+04 1.106093420734844610e-15
3.008344660277215735e+04 2.519558723059431357e-16
3.008396626237779856e+04 1.167179337620497405e-15
3.008444084247612045e+04 4.373889024163383862e-16
3.008484627741292934e+04 1.108840366174281799e-15
3.008497907162157935e+04 7.048119067011765311e-16
3.008542648525051845e+04 1.569486074705532232e-16
3.008548999085606192e+04 6.203043838444777453e-17
3.008598383048657342e+04 1.864569726744160165e-16
3.008633418862631152e+04 3.753918428123350398e-17
3.008657817088281809e+04 9.156246280187269084e-17
3.008694783714474397e+04 3.498333095717148445e-16
3.008722868142414882e+04 2.167973072639990805e-16
3.008749397030704131e+04 1.005223408155635902e-16
3.008796029129693852e+04 1.663802318008100097e-17
3.008831565035426320e+04 1.447608255306251026e-16
3.008850680827121687e+04 4.724227392725876049e-17
3.008915014602860902e+04 5.140871871639928583e-17
3.008937559011476333e+04 9.620415479100321657e-17
3.008975244779238710e+04 4.716116578596762996e-18
3.009020660504586340e+04 3.376404073767546712e-17
3.009050959614140811e+04 2.138677769665608549e-20
3.009091027232161650e+04 5.875028662541585128e-17
3.009146220562859162e+04 3.984474416643045488e-19
3.009240548138085796e+04 1.839494651943696983e-18
3.009249225878073776e+04 1.530004988971495331e-17
3.009290194137917206e+04 6.962058833787401025e-18
3.009361283067903423e+04 4.269257055050262570e-18
3.009387561967049623e+04 9.566070257214586888e-19
3.009447288174381174e+04 7.002705961299026762e-21
3.009477669536462781e+04 3.583393040135664254e-19
3.009508349153221934e+04 1.526359972565099631e-19
3.009534088487207555e+04 1.281315413791922318e-18
3.009558191768623510e+04 1.127550617268512959e-17
3.009612903112675122e+04 2.073316428566241674e-19
3.009708209661094224e+04 3.488998213593098813e-19
3.009792401224329660e+04 1.570287369824750673e-19
3.009816035883194490e+04 1.216071723838300087e-18
3.009858061357774204e+04 1.997722571708105985e-20
3.009889568902453175e+04 2.128251810581026179e-19
3.009964264904217998e+04 2.597866081404010692e-19
3.010005794601753223e+04 2.512964442727743242e-19
3.010021516217230965e+04 8.823658111735391046e-19
3.010080559864637689e+04 1.938565338291335653e-19
3.010125726624959862e+04 2.627084439265879443e-19
3.010212573794425771e+04 3.482250159638335560e-22
3.010241610266046700e+04 2.053302324611961437e-19
3.010390615500564309e+04 5.689333902221932411e-22
3.010495248822260692e+04 6.380162096976336929e-20
3.010566673617490596e+04 5.943676886743751337e-21
3.010616722959814433e+04 8.112247111869670242e-21
3.010646328697006174e+04 1.536452290336236418e-20
3.010725992017861063e+04 1.047339805763100530e-20
3.010745286280095388e+04 3.104580543214307981e-23
3.010818238199750704e+04 4.666697106707667835e-21
3.010857162022533521e+04 1.285518730981120694e-21
3.010884663840182111e+04 6.444641878285970925e-23
3.010925890801816422e+04 2.704078818677594594e-21
3.010988180608218318e+04 7.834241782487457521e-24
3.011087680907002868e+04 1.203898564784636021e-22
3.011289426747239122e+04 1.902740718777565024e-21
3.011386772623109209e+04 6.083997107521663618e-22
3.011471771244682895e+04 1.268943870080334348e-22
3.011553101954957310e+04 1.594970472323287666e-23
3.011711601285238066e+04 1.978380603300322201e-22
3.011774203416355158e+04 1.628027116960124841e-23
3.011942879546434779e+04 0.000000000000000000e+00
3.012019642529482007e+04 6.961904743481932716e-24
3.012089097578899236e+04 3.848487695280789705e-24
3.012153530651494657e+04 4.727756908719868302e-24
3.012262740654021763e+04 3.691870024226494571e-24
3.012305098405760509e+04 5.866277757322940225e-24
3.012561712318999344e+04 0.000000000000000000e+00
3.012675458002455707e+04 0.000000000000000000e+00
3.012806797627627384e+04 0.000000000000000000e+00
3.013083193649526220e+04 0.000000000000000000e+00
3.013143592652282678e+04 0.000000000000000000e+00
3.013211417442228412e+04 0.000000000000000000e+00
3.013368782349167668e+04 0.000000000000000000e+00
3.013721752715566981e+04 0.000000000000000000e+00
3.013813254015894927e+04 0.000000000000000000e+00
3.014078356611378695e+04 0.000000000000000000e+00
3.014122585466314194e+04 0.000000000000000000e+00
3.014539111684670934e+04 0.000000000000000000e+00
3.014605055859122513e+04 0.000000000000000000e+00
3.014909051697243922e+04 0.000000000000000000e+00
3.014985084913222090e+04 0.000000000000000000e+00
3.015168623931928232e+04 0.000000000000000000e+00
3.015209004423338047e+04 0.000000000000000000e+00
3.016195161676787393e+04 0.000000000000000000e+00
3.016262979315338453e+04 0.000000000000000000e+00
3.016428166422236245e+04 0.000000000000000000e+00
3.016472451385123350e+04 0.000000000000000000e+00
3.017618881267431789e+04 0.000000000000000000e+00
3.017672474837493064e+04 0.000000000000000000e+00
3.018183222495277732e+04 0.000000000000000000e+00
3.018217360356355857e+04 0.000000000000000000e+00
3.019258394924288586e+04 0.000000000000000000e+00
3.019294937282354658e+04 0.000000000000000000e+00
3.021335423091434495e+04 0.000000000000000000e+00
3.021358029210652239e+04 0.000000000000000000e+00
