-3.005600935679941904e+04 0.000000000000000000e+00
-3.005402241126175795e+04 1.578789303109230409e-24
-3.005363151430776270e+04 5.949628609754590310e-24
-3.005352299158708411e+04 4.602595245891130034e-24
-3.005133086513132730e+04 6.921368843990361851e-24
-3.004935752499354203e+04 4.360196700673980121e-23
-3.004821328511251704e+04 5.382844487680365865e-21
-3.004816035188673777e+04 2.050424610065097205e-20
-3.004740049887901478e+04 1.131236399081193061e-21
-3.004649133051767785e+04 4.364547164544694721e-21
-3.004563242405962956e+04 2.464638607592694131e-19
-3.004456219163070273e+04 1.098005132391438764e-18
-3.004347908874352652e+04 2.667991521294327047e-18
-3.004302365224768801e+04 3.177161012907789239e-19
-3.004227877309811811e+04 4.715656634676099512e-17
-3.004104912762731328e+04 9.172542264401749364e-20
-3.003998793821245272e+04 1.966901446481193939e-16
-3.003985163053388169e+04 7.315545834958443874e-16
-3.003872307265425479e+04 4.472510819871652578e-17
-3.003816005819523707e+04 1.179542532849268334e-15
-3.003790122509873618e+04 5.550280011212241697e-15
-3.003713117764045091e+04 8.415296287281222416e-15
-3.003676533509238652e+04 4.386593000246440052e-16
-3.003591055409369073e+04 7.255444961588529630e-14
-3.003502790757454932e+04 7.696410835626861819e-14
-3.003458158049828489e+04 5.303421289437410066e-14
-3.003364603985708163e+04 3.845287346842298951e-13
-3.003319955480889985e+04 1.607346868792636376e-12
-3.003238233083281011e+04 7.315761604371496899e-13
-3.003190885668634292e+04 3.542068027127463935e-15
-3.003105466071299088e+04 7.524623679375343983e-12
-3.003061123749596663e+04 2.604523159253942238e-11
-3.002968562950698833e+04 3.197605797631652803e-12
-3.002928903264945257e+04 3.382441880724321318e-13
-3.002835183879989563e+04 2.151133421188634737e-10
-3.002798143229348352e+04 1.964479240164423290e-10
-3.002705386662148885e+04 4.563116644120952709e-11
-3.002668745294769178e+04 7.908901563245188403e-12
-3.002581802080058696e+04 2.614308418770120811e-09
-3.002547148292786369e+04 1.031455314165226220e-10
-3.002490750194524298e+04 2.184336956168880764e-09
-3.002443616410895265e+04 1.257761581837731259e-09
-3.002418306372442021e+04 2.549439802856854853e-10
-3.002341867943374018e+04 3.635237616624555608e-09
-3.002308321075755521e+04 1.556037527555554621e-08
-3.002225542125928405e+04 1.246935039946895158e-08
-3.002194736540919621e+04 3.680680544497792676e-08
-3.002107717269634668e+04 7.862745990148607225e-09
-3.002080322190966035e+04 1.151049529752117055e-08
-3.001998599808680228e+04 1.142236693462072815e-07
-3.001954875409598753e+04 1.967071702386097606e-07
-3.001913532167046287e+04 2.239707756241721652e-07
-3.001862184373891068e+04 1.537243383932372254e-08
-3.001820315024266893e+04 1.237684928481342075e-07
-3.001803263012219759e+04 6.541573692709618571e-09
-3.001720538448348452e+04 5.753162244751474795e-07
-3.001685709468038476e+04 4.520709543521960651e-08
-3.001631170656862741e+04 2.510116342775948776e-06
-3.001556394768731479e+04 1.148942360537450506e-06
-3.001543949644431268e+04 9.150552466335628067e-08
-3.001508716630673007e+04 9.796084520963886086e-07
-3.001448016290730084e+04 1.714308235161438755e-08
-3.001414950586791747e+04 5.334423440291102165e-07
-3.001381058461151042e+04 1.874308933108409312e-06
-3.001352373432112290e+04 2.868648288739192298e-06
-3.001340757000540907e+04 3.188470784730031705e-07
-3.001281781939732173e+04 1.888829986691968275e-06
-3.001253603343157738e+04 2.139300480884624315e-05
-3.001206946035465444e+04 9.744776265534130979e-07
-3.001179373049740389e+04 3.883215800715905548e-06
-3.001140435128587706e+04 1.045200840824505516e-05
-3.001083940071414690e+04 1.613853683619478745e-06
-3.001078179792490846e+04 8.016376726664786360e-10
-3.001068056845498722e+04 8.977578549019231283e-07
-3.001038911061737599e+04 8.269425832080058856e-09
-3.000982184406388114e+04 5.713239354150894708e-06
-3.000940916932018445e+04 5.618396956699952915e-07
-3.000861822372580355e+04 3.206172672802419082e-05
-3.000857844597995063e+04 2.091235575739956938e-06
-3.000834254864882678e+04 3.261459451561186436e-06
-3.000790777976812751e+04 1.371624116639101577e-08
-3.000772208767503253e+04 7.299205299707114313e-06
-3.000716210789198158e+04 8.569495969916907191e-06
-3.000698944602819392e+04 2.113055831687931746e-07
-3.000670166262700150e+04 1.359768765448999750e-07
-3.000643594427625430e+04 2.397261008583280352e-06
-3.000590805984061808e+04 7.284590677933085623e-07
-3.000587362246323755e+04 1.999475280503799809e-05
-3.000545107394503430e+04 2.575056299334080487e-06
-3.000519006857275235e+04 1.041711033284250933e-05
-3.000464224981215011e+04 5.454136972750138007e-05
-3.000442280656011280e+04 1.022926279076853760e-04
-3.000390647611331224e+04 1.039236857011086807e-05
-3.000357817982473352e+04 5.048668390663710818e-06
-3.000331713995495011e+04 9.107627610575042541e-05
-3.000317219000887053e+04 5.046881528511135920e-05
-3.000274724884868920e+04 1.538378764977256136e-05
-3.000272927238743068e+04 5.960719847893542904e-05
-3.000224993096721664e+04 1.242310617943459365e-04
-3.000195619589535636e+04 2.345608235925398054e-07
-3.000149623397907635e+04 4.240698629533381635e-05
-3.000107899668056416e+04 4.642256750097134294e-05
-3.000096139796073840e+04 1.733784446545101447e-04
-3.000054891570280961e+04 3.753275993554341320e-06
-3.000035858042978361e+04 3.603815589621244746e-04
-3.000026512481706595e+04 1.031772861077249868e-04
-2.999992120330475154e+04 1.141953553297596558e-07
-2.999955503061816125e+04 4.715761354163070461e-04
-2.999922965771865711e+04 2.729765879686409685e-05
-2.999908362285471958e+04 1.087163766934581685e-05
-2.999868255028333078e+04 3.352405116729774751e-05
-2.999839445434738809e+04 1.100220965684302793e-05
-2.999820919744955609e+04 7.697362230192919487e-05
-2.999764213898429443e+04 1.067937512193215091e-05
-2.999719824290135875e+04 1.055241659777560767e-04
-2.999711955693976051e+04 5.302395296035135401e-05
-2.999701974416249868e+04 9.870760883674451771e-05
-2.999635396894045698e+04 1.324625421578310563e-07
-2.999607477394343732e+04 1.837302085825453442e-05
-2.999601189585733664e+04 5.519084331626093395e-04
-2.999515038146097504e+04 2.926072483339533484e-04
-2.999495574628067334e+04 5.753819511938744783e-05
-2.999485935232778502e+04 3.878180322521959829e-04
-2.999476034222900489e+04 2.050993732308201470e-06
-2.999447597640570166e+04 2.169138463216752587e-04
-2.999391537991504083e+04 1.438081292082113178e-03
-2.999379634873046598e+04 4.123507023747763627e-04
-2.999362009004058200e+04 3.845692646640690594e-04
-2.999327334387132942e+04 2.469197890698722800e-04
-2.999280636720380062e+04 2.328074186359782008e-04
-2.999255846588921122e+04 3.248914738132269923e-04
-2.999251182157768199e+04 7.625679514645740311e-04
-2.999211663486815814e+04 2.297700462152870200e-06
-2.999183543354557332e+04 3.707288747472567447e-04
-2.999133124676652369e+04 1.581464168285280603e-04
-2.999125525549210579e+04 4.606907327028922101e-04
-2.999075209057803295e+04 7.062668431349154278e-06
-2.999064771775670306e+04 1.119959413713633642e-06
-2.999001003629790648e+04 1.113563250100500914e-04
-2.998952225842925691e+04 4.127909163792622504e-04
-2.998945581629209119e+04 2.510976635531500197e-04
-2.998924052023539116e+04 2.020930580853143950e-04
-2.998867913403372950e+04 2.011498650899531341e-03
-2.998830560726340627e+04 2.962674150758167228e-04
-2.998798343765874961e+04 6.074756193648824139e-04
-2.998774349755665753e+04 1.448466270922062378e-03
-2.998756269497775429e+04 5.466294393711704745e-03
-2.998737998121212513e+04 2.328573135066310527e-04
-2.998692298876301720e+04 9.303207235872849217e-05
-2.998665667270933773e+04 1.205111322658306278e-05
-2.998644367932029490e+04 1.573810698614344303e-04
-2.998597604030386719e+04 2.538506285347868433e-03
-2.998574813878932400e+04 2.317864981300763513e-03
-2.998524940578787573e+04 1.249909011227985395e-04
-2.998510171180604448e+04 2.357769914859182562e-05
-2.998457020817676312e+04 3.276047381933137707e-04
-2.998433173575565525e+04 2.462799303272592585e-04
-2.998404632410325939e+04 3.647441939035108452e-05
-2.998366827833942807e+04 1.997387996258118514e-05
-2.998331422522635694e+04 1.277566116874240786e-02
-2.998318147286046224e+04 5.520502741864481413e-06
-2.998266120232202593e+04 1.245511032439754369e-03
-2.998228731073291419e+04 5.374131343879917470e-03
-2.998212941641672296e+04 1.117296712056275098e-03
-2.998208588722566492e+04 1.415193567959882083e-02
-2.998162484656203378e+04 2.058824860532554313e-02
-2.998146750172799511e+04 1.036573736630068843e-03
-2.998094696248706896e+04 6.180025452243703872e-03
-2.998069086811279703e+04 3.100696664566417963e-03
-2.998066681936850364e+04 3.209085045737346937e-04
-2.998050099057884654e+04 4.727193861672277127e-03
-2.998018221918060226e+04 5.799486597162206150e-04
-2.997977662646049794e+04 4.423012583491615956e-04
-2.997940183001358309e+04 1.938496446963906480e-03
-2.997904292277613786e+04 3.593687002639583532e-07
-2.997884383938993415e+04 2.790734778675723737e-03
-2.997832750126481551e+04 1.392988675409188436e-04
-2.997797683993848477e+04 1.260031530058955494e-03
-2.997785231582234701e+04 1.228776187682936521e-05
-2.997757847528685306e+04 4.240055227527469474e-03
-2.997708836982328285e+04 1.299135890949053643e-02
-2.997693226842704098e+04 1.139473591005902642e-03
-2.997659670089096107e+04 5.155385754085084482e-04
-2.997634673851652769e+04 8.318350024691596387e-03
-2.997623483620243496e+04 8.130933641893118213e-04
-2.997602661648728463e+04 2.123422632014002054e-01
-2.997577185324372113e+04 9.818315939819030960e-03
-2.997545516072582177e+04 7.008064347373461640e-05
-2.997537270544840067e+04 4.071652612689682926e-02
-2.997504912126766794e+04 5.190706536777949139e-03
-2.997468368345521230e+04 3.807787204845964387e-03
-2.997450041668947961e+04 4.944444156235561043e-04
-2.997405050823642523e+04 5.160976082799901546e-04
-2.997378181660786868e+04 2.003355708042100711e-02
-2.997366828436643482e+04 7.416057453932003302e-03
-2.997340568917215569e+04 1.267159931251138935e-05
-2.997313649672266911e+04 1.768852039130962804e-03
-2.997286270108183089e+04 7.225245462426955166e-03
-2.997273451911608208e+04 6.761629183279130166e-05
-2.997209211864171084e+04 2.868970809310633033e-03
-2.997206543950839841e+04 5.770497384047207747e-04
-2.997196838136730003e+04 2.170120989415199719e-03
-2.997177762918111330e+04 3.148741012742241330e-03
-2.997124265253238991e+04 2.983084193131163578e-05
-2.997103538474137167e+04 1.271456168214561873e-03
-2.997078935977689252e+04 4.341591848392992690e-03
-2.997059455399285071e+04 3.019757838411045101e-03
-2.997037961707326394e+04 9.850167665624662977e-03
-2.997016190375812948e+04 6.010130541358175982e-03
-2.997009228191860893e+04 6.616189182557830365e-04
-2.996968511588383990e+04 4.732724067758031609e-03
-2.996943392760605275e+04 3.654298028476730682e-04
-2.996935033068601479e+04 4.383935101093854037e-02
-2.996897046951110315e+04 8.444144375620531856e-03
-2.996865531801393809e+04 1.812004672509184063e-03
-2.996848646239664231e+04 1.769360681989974246e-02
-2.996818803635935910e+04 5.065580491671166363e-02
-2.996781184755611321e+04 8.608994470016285950e-05
-2.996772996349043024e+04 1.250748737282680358e-02
-2.996712305578275846e+04 3.700656582737468780e-02
-2.996703898120546728e+04 3.327615865492713348e-02
-2.996686379268692690e+04 2.549160604870674999e-04
-2.996670710323877938e+04 2.410093310021201723e-02
-2.996644380789283241e+04 2.707997870753452597e-03
-2.996587300945333118e+04 2.204410943152722638e-02
-2.996568150908649113e+04 5.251550836754321008e-03
-2.996517658959740584e+04 2.554761641824200569e-03
-2.996506752051890726e+04 1.030975659156061451e-02
-2.996489114369756498e+04 1.652936581727695517e-02
-2.996457489574339706e+04 2.278783540138335471e-03
-2.996450681629652900e+04 3.133365030819640351e-02
-2.996403048405491063e+04 2.486395639509655486e-03
-2.996365462176845176e+04 1.127545689433190604e-05
-2.996339449221159884e+04 7.057474324252122327e-04
-2.996320857853683265e+04 8.689891507393594089e-03
-2.996316656465045162e+04 4.464656565698935347e-05
-2.996299095784930614e+04 3.432263154377961437e-03
-2.996263812707974284e+04 1.964309827226313945e-03
-2.996248577794018274e+04 5.893849428343243824e-02
-2.996239950167692223e+04 1.222899911799316119e-02
-2.996183646258341469e+04 1.402497770014199223e-02
-2.996144686815194655e+04 7.548368189738533006e-04
-2.996131936707997374e+04 1.042864547662557257e-06
-2.996102961222755403e+04 2.133208275476984963e-04
-2.996076746458248817e+04 2.550665970336074554e-05
-2.996034227848197406e+04 2.778146292787344110e-02
-2.996017074338024759e+04 4.261212363834418953e-05
-2.996004840233413051e+04 1.207923992803546301e-02
-2.995967004096224991e+04 2.580334808438272806e-04
-2.995950026359813273e+04 4.982917194761009739e-04
-2.995923871399946802e+04 3.577860843098149544e-05
-2.995894060852024995e+04 2.820374109376935085e-03
-2.995865437920539625e+04 5.741258922074241856e-06
-2.995857808265792119e+04 2.289469521149082795e-03
-2.995850302818537239e+04 3.517920446776271804e-05
-2.995807744849121445e+04 2.642720503220508110e-03
-2.995770600272528463e+04 1.790360622853769818e-03
-2.995737129342949629e+04 1.686121930034601693e-03
-2.995708367451147205e+04 1.577819404508397534e-03
-2.995687438075882528e+04 3.150984152908179402e-04
-2.995668459315432847e+04 3.967693350050761111e-05
-2.995661366693476157e+04 1.175677435043780052e-03
-2.995628553736607864e+04 3.650458426071854646e-07
-2.995570521034893682e+04 2.277994019674072033e-03
-2.995553181931614381e+04 1.395682067383527446e-03
-2.995515568021321087e+04 2.804615379526281260e-05
-2.995501089252054953e+04 5.828215489415206800e-04
-2.995484029354177255e+04 1.762047756209058084e-04
-2.995454630906099192e+04 4.328019689122862513e-04
-2.995410643041393269e+04 5.635781784986801553e-04
-2.995389214671812442e+04 7.366810853681535215e-06
-2.995360627896361621e+04 1.145519869700411644e-05
-2.995329558396305947e+04 2.361764425637857657e-05
-2.995327913069229544e+04 7.008369185743536407e-03
-2.995304622769986599e+04 6.022638017067269553e-06
-2.995259969874583840e+04 5.124215414588708956e-04
-2.995232670937016519e+04 1.086131342245737284e-04
-2.995224873810712234e+04 5.697036168397610033e-03
-2.995198390559230393e+04 1.429738034782176764e-04
-2.995180229834853890e+04 1.107065637893598497e-04
-2.995165326725004343e+04 6.093997534252637068e-06
-2.995152469742653193e+04 1.990761970229134085e-04
-2.995094335636960386e+04 1.908254164882731331e-05
-2.995077985583287227e+04 2.164012674870000218e-06
-2.995035424531161698e+04 2.741742645653211087e-05
-2.995001748013346878e+04 1.878469331246975706e-05
-2.995000340867466730e+04 6.907596807111891046e-06
-2.994970499467195623e+04 4.274894639798442021e-07
-2.994965056830386311e+04 4.556129258885647528e-04
-2.994917400910961442e+04 5.143555432575513779e-03
-2.994876270764950095e+04 4.280690041599816012e-04
-2.994844898661075786e+04 1.135398139423674023e-04
-2.994817149970366881e+04 2.322571866774612317e-04
-2.994788343104971500e+04 9.988136813084605624e-06
-2.994785933789626506e+04 1.212489521569239456e-04
-2.994781577290602581e+04 4.619125031559690700e-04
-2.994738521333802782e+04 2.685801543643459382e-04
-2.994715122985856215e+04 1.792371440216524109e-04
-2.994674662169540898e+04 2.785934840668180903e-04
-2.994645379410231180e+04 2.799791476273960091e-04
-2.994628217467746435e+04 5.015534830537298969e-04
-2.994602984026667764e+04 2.930157692956812882e-04
-2.994582265024242224e+04 2.320209339459164985e-04
-2.994544321825303996e+04 3.411745272155569881e-04
-2.994526640710603897e+04 2.144080013268345655e-03
-2.994468899518685066e+04 3.155487926318381597e-03
-2.994459192147736030e+04 6.802787774115003083e-05
-2.994447744417174908e+04 1.084394622582766021e-04
-2.994424084877923087e+04 3.523450742894361498e-04
-2.994366892594977980e+04 1.180702010803280877e-04
-2.994343894394860763e+04 8.591816651740807390e-06
-2.994312744475972795e+04 2.972841127516393325e-05
-2.994305192832658213e+04 3.595274830821486263e-05
-2.994232211664521310e+04 1.368957227780895320e-05
-2.994221741959809151e+04 3.455883169327667861e-04
-2.994201242365057988e+04 3.353022953390042251e-04
-2.994163159707327213e+04 6.515570143093666082e-04
-2.994141642254883482e+04 4.865314589767164499e-04
-2.994122877313474237e+04 3.080202217952149882e-05
-2.994101744734546082e+04 3.591392124671971833e-06
-2.994060241010504978e+04 4.962491973050209704e-07
-2.994028764404523099e+04 5.972605262719850810e-05
-2.993989224181486861e+04 4.347439208036247090e-05
-2.993956722794157031e+04 1.970200251325747399e-04
-2.993947280803228932e+04 3.607919262266725847e-05
-2.993910350416619985e+04 4.718645229657149163e-05
-2.993893961950720768e+04 1.253785642646399953e-04
-2.993881730973549202e+04 2.888807254157123885e-05
-2.993812396549665573e+04 1.152824810276114826e-05
-2.993800799425357036e+04 2.188623103702547242e-05
-2.993783963560572010e+04 9.648627908824463175e-05
-2.993771702927170918e+04 8.106025218370852643e-05
-2.993742694715332618e+04 3.011839631325856272e-04
-2.993719189306024418e+04 5.551808464532483343e-05
-2.993663590433231366e+04 4.825580361582483622e-06
-2.993640577741789821e+04 1.079368643774585775e-05
-2.993598790654013283e+04 1.310166018791903341e-04
-2.993592404433238335e+04 1.365175689111172862e-05
-2.993560048582911622e+04 1.869290143794465415e-06
-2.993516143984675364e+04 1.841351857543209873e-06
-2.993476751315297224e+04 2.822076773423047187e-05
-2.993447922330239453e+04 5.456020514668394149e-05
-2.993437294022939750e+04 1.594730396724091509e-06
-2.993396976060097222e+04 4.021994865065226383e-05
-2.993381368960337568e+04 5.408946910852881326e-05
-2.993345189452225532e+04 9.403877174907349773e-05
-2.993313287338082228e+04 6.172384349637553499e-06
-2.993271832230236032e+04 2.532719388197245109e-06
-2.993267180701028337e+04 1.952964203995216318e-06
-2.993225902165411389e+04 2.586289508448868205e-08
-2.993210088940708738e+04 5.241562997469403059e-06
-2.993171867999651658e+04 3.430414275979655033e-06
-2.993154679621585819e+04 1.908758987671038294e-05
-2.993086135526344515e+04 1.687639741295558598e-07
-2.993081328271552775e+04 2.168110670987004039e-05
-2.993032490760069049e+04 4.368420917129540913e-06
-2.993011381087010886e+04 6.143448867083042603e-05
-2.992995751746961469e+04 8.229038501165002986e-05
-2.992941124100744491e+04 6.015542995993804410e-05
-2.992923466788498627e+04 2.605823806278635915e-05
-2.992891884149137695e+04 5.025073507997429259e-07
-2.992871602398945106e+04 1.271907982492131434e-06
-2.992835782703613950e+04 4.332096927694179039e-06
-2.992796160402975875e+04 1.135963972144791995e-06
-2.992784398737892843e+04 2.242633222465669438e-06
-2.992748144608161965e+04 2.788913814278070774e-07
-2.992720573095262444e+04 7.089533376787219028e-08
-2.992674367694246757e+04 1.298498277904869643e-05
-2.992655380431753292e+04 7.346254566376262383e-05
-2.992614925668467185e+04 1.431584236560940024e-08
-2.992605656216719944e+04 2.315267137138535570e-07
-2.992586127481858784e+04 9.969810366435580620e-05
-2.992564022868864049e+04 3.626116214301788573e-06
-2.992500023683638574e+04 1.175197029614042972e-05
-2.992455063363927911e+04 8.517428733101940746e-07
-2.992443436260427188e+04 6.357272003102325897e-07
-2.992425611504382687e+04 4.193356374048661287e-07
-2.992377745277428403e+04 3.356762671631212338e-06
-2.992369640808155236e+04 1.976843790789477689e-07
-2.992320239215152105e+04 9.352400792168377375e-06
-2.992291171262395801e+04 3.970063068229892297e-05
-2.992272746931169968e+04 3.008660187495273915e-06
-2.992248000166090787e+04 1.692572511233740037e-05
-2.992209622906595541e+04 2.709789557991436142e-05
-2.992166187546572837e+04 6.764791573482206370e-07
-2.992130792971876508e+04 3.985437210927313118e-06
-2.992105223956545524e+04 1.511354456787452446e-06
-2.992036290653188553e+04 2.001581683060027714e-06
-2.992024981219807523e+04 2.468384626642525396e-07
-2.991995545417236644e+04 2.127383484728411033e-06
-2.991980376817893193e+04 1.176641097996280141e-06
-2.991938116377817641e+04 1.003251948509214145e-06
-2.991917829985904609e+04 3.097327831673181284e-05
-2.991890824670060829e+04 1.047289961495624409e-06
-2.991839533719692554e+04 8.512714679368913373e-07
-2.991791733937656318e+04 1.878180981025979307e-07
-2.991760539688456265e+04 1.627268724278619963e-06
-2.991739954564017535e+04 2.266307600923323245e-07
-2.991693571888245060e+04 1.613539308247760590e-07
-2.991658388445126911e+04 3.379930969061917717e-06
-2.991645007939054994e+04 1.021514658286035723e-06
-2.991613153237734514e+04 1.299168247373679913e-06
-2.991585919555271175e+04 8.425250984023944037e-07
-2.991564779459689089e+04 8.369342887437460220e-06
-2.991520777361432920e+04 1.417958521422666443e-09
-2.991468431898213385e+04 1.055665711082191401e-07
-2.991432163375016898e+04 5.959165468409196682e-07
-2.991391019709595275e+04 3.951768285138993396e-08
-2.991355429869726140e+04 6.351311214618141024e-07
-2.991328309197059934e+04 3.348163713978130944e-08
-2.991297248046218010e+04 1.697011812608213790e-06
-2.991233368102579698e+04 6.071566316752247017e-07
-2.991208115827812799e+04 2.645162964033533196e-06
-2.991194111376902583e+04 8.202282982096904707e-07
-2.991153939533969969e+04 5.548573186765564514e-10
-2.991096514316244065e+04 8.620011858245936946e-09
-2.991062766578291485e+04 5.730641110232001740e-08
-2.991050286714259710e+04 1.579140866073841271e-07
-2.991012468569283010e+04 1.142693604401944180e-07
-2.990974729618811034e+04 8.013228481885608228e-08
-2.990930241291934726e+04 2.163654940575149931e-06
-2.990892596091437372e+04 3.980448067611127833e-07
-2.990844780415260539e+04 3.967573325740931736e-08
-2.990832670363770376e+04 5.822879274260853318e-08
-2.990807718518964975e+04 2.043364062734226599e-10
-2.990736727318098201e+04 8.363592127163809274e-08
-2.990697780504307229e+04 1.116355207419759938e-06
-2.990665683834296578e+04 1.361746040923888544e-07
-2.990605676304850931e+04 1.402425134341931130e-07
-2.990588233549947836e+04 3.777102049139250028e-07
-2.990534223277214551e+04 2.008490478056768657e-11
-2.990519027807785824e+04 4.389227996381358465e-08
-2.990463648303782611e+04 7.050619098191961770e-11
-2.990433084466930814e+04 4.912413774739234332e-08
-2.990419756461239012e+04 7.256108139844911826e-07
-2.990359754582178357e+04 2.204011362156834997e-07
-2.990331293947442100e+04 1.025156517480409189e-08
-2.990276084631273261e+04 6.150992602560483567e-08
-2.990252558428178600e+04 1.875825729056293718e-08
-2.990189622140333449e+04 4.002477096592367844e-08
-2.990151638663217091e+04 3.117820115759317334e-07
-2.990121615093567743e+04 2.579352275092359856e-08
-2.990071055276054904e+04 4.987855305765029252e-08
-2.990032719159398039e+04 5.889085007208000198e-08
-2.989980246289808929e+04 7.049171787397296179e-08
-2.989916107921179355e+04 4.129597783452682073e-08
-2.989894311855437627e+04 1.115418089118376105e-07
-2.989852139620367234e+04 8.190941055375169516e-10
-2.989833169653027289e+04 1.186496266266680652e-08
-2.989799621442560601e+04 2.495413967257064739e-08
-2.989763077507097114e+04 9.283761966874046094e-09
-2.989670241554297172e+04 1.598561051171796787e-08
-2.989637892095097413e+04 6.330192891062484263e-08
-2.989599765472142099e+04 1.124065262671403575e-08
-2.989559717272558191e+04 5.048396865331384531e-10
-2.989494779318825022e+04 3.364251950232458060e-09
-2.989420214319608203e+04 1.152680448816075428e-08
-2.989403855594895140e+04 2.760313329383046369e-08
-2.989337271723872982e+04 1.169072217932709325e-09
-2.989287763589699534e+04 2.576961947846038293e-10
-2.989271677386465308e+04 5.485912913472613884e-09
-2.989241264083741044e+04 1.124717790366613167e-09
-2.989158756087516304e+04 1.047960411738028036e-08
-2.989070396873544451e+04 3.277859002133199313e-09
-2.989009930895786965e+04 4.788142159057285496e-09
-2.988919562195197068e+04 9.306414062876982523e-11
-2.988907944033616150e+04 6.901094700005081834e-09
-2.988848794083376924e+04 1.711950073663079200e-10
-2.988793182566918040e+04 4.543556235048506443e-10
-2.988758473201672314e+04 3.503083400123400885e-11
-2.988674696506081455e+04 4.602944186951122051e-10
-2.988645708107450992e+04 2.474302798629023087e-09
-2.988591052430615309e+04 1.077716347774139691e-10
-2.988530728525031736e+04 2.399859588241386779e-09
-2.988457880380695133e+04 1.709050336190328567e-09
-2.988415625490188177e+04 2.442496791432661170e-10
-2.988349117672880675e+04 3.604664767019488848e-10
-2.988300411703001009e+04 3.778480678673623533e-10
-2.988264240477757630e+04 3.600748279455980150e-12
-2.988217503996494270e+04 3.933080037523543463e-10
-2.988109503332769236e+04 9.590203841502342773e-10
-2.988056171371945311e+04 2.400941368496843757e-10
-2.987985094669523824e+04 1.712106479043067232e-12
-2.987910151857039091e+04 2.153645208067257980e-10
-2.987814057353921089e+04 1.010437396710061349e-10
-2.987772316970064276e+04 6.700500278506082788e-11
-2.987740983966669592e+04 3.340883986314936219e-12
-2.987686928686761166e+04 4.224137700697648751e-11
-2.987657924329021989e+04 2.266841913960764712e-10
-2.987508516826342748e+04 1.016852118832187851e-10
-2.987407390704578575e+04 3.805764541713929869e-11
-2.987375597554571505e+04 2.137608133397607397e-13
-2.987282606688381566e+04 7.340124361648729492e-13
-2.987045463613755783e+04 1.982823688249824973e-13
-2.986958539933606517e+04 2.776599838084570730e-11
-2.986869674543784640e+04 1.813789493847549635e-11
-2.986833459331521226e+04 4.283937796060169451e-14
-2.986641588300528019e+04 9.803298974510761295e-13
-2.986589440137806741e+04 4.063370012737901985e-14
-2.986530555895152429e+04 4.020845332889623141e-12
-2.986433961418172476e+04 1.417679166324042840e-12
-2.986222674901257778e+04 9.894472373581595380e-13
-2.986086078622248533e+04 2.184043722046242017e-12
-2.985976837371108195e+04 2.028072062830810388e-13
-2.985933629853390812e+04 1.052800164228714633e-16
-2.985780151167528675e+04 3.511224448789372202e-13
-2.985650153655058966e+04 2.936952766380331921e-13
-2.985503155144667835e+04 3.381096051837276353e-14
-2.985177289376531917e+04 5.162890172389933352e-17
-2.985128475894620715e+04 1.164196911065259020e-14
-2.984972124407758747e+04 3.104027476382140053e-14
-2.984927082824038371e+04 2.249151170469771382e-14
-2.984626735036652462e+04 9.626427352911782037e-15
-2.984531508169402514e+04 1.889105755389246814e-19
-2.984096774144920346e+04 8.865388486476197486e-17
-2.984059133416725672e+04 2.656852720031717139e-17
-2.983936732268225023e+04 1.993199994240639067e-15
-2.983902377153790439e+04 3.927726345550369315e-16
-2.983501202775770071e+04 9.892089332463014833e-18
-2.983431551761088485e+04 9.631150168561562393e-18
-2.982881473265695240e+04 6.109712893129871340e-18
-2.982812934804243923e+04 8.492163413266218412e-19
-2.982777511786419200e+04 2.654563364790470801e-17
-2.982719662863192571e+04 3.292638540494426395e-18
-2.982278821777447229e+04 6.040132314207830894e-20
-2.982214073898083006e+04 4.088655052033859813e-19
-2.981657028427932164e+04 4.017877086656378599e-19
-2.981546133180620745e+04 5.176621605355150780e-20
-2.981180958299303893e+04 4.949142537719986453e-22
-2.981133207097749619e+04 1.038352248526126128e-21
-2.980897485024365233e+04 9.102717749681718336e-22
-2.980844705275508386e+04 1.820168210719440633e-21
-2.980329226210264460e+04 2.909416933939364155e-21
-2.980232135026658943e+04 2.340995013270847569e-22
-2.979432613462863083e+04 4.197403457324597918e-24
-2.979381746527187715e+04 2.961589004463939142e-24
-2.978876800122486748e+04 3.690271956930683602e-24
-2.978801853971731907e+04 5.390735506813337413e-24
-2.977656311933571124e+04 0.000000000000000000e+00
-2.977616506533952997e+04 0.000000000000000000e+00
-2.977264800034122891e+04 0.000000000000000000e+00
-2.977212638715556386e+04 0.000000000000000000e+00
-2.975521379145498577e+04 0.000000000000000000e+00
-2.975497983681741971e+04 0.000000000000000000e+00
-2.975318789562521124e+04 0.000000000000000000e+00
-2.975291572958010147e+04 0.000000000000000000e+00
-2.973370822039934501e+04 0.000000000000000000e+00
-2.973344099874211679e+04 0.000000000000000000e+00
-2.970704974522832345e+04 0.000000000000000000e+00
-2.970686391997128158e+04 0.000000000000000000e+00
2.994663762307771322e+04 0.000000000000000000e+00
2.994671306956249464e+04 0.000000000000000000e+00
2.994792449634493460e+04 0.000000000000000000e+00
2.995059335639655546e+04 0.000000000000000000e+00
2.995183347685178524e+04 0.000000000000000000e+00
2.995240040497588780e+04 0.000000000000000000e+00
2.995250450800192630e+04 0.000000000000000000e+00
2.995429608849496799e+04 0.000000000000000000e+00
2.995521732958042412e+04 0.000000000000000000e+00
2.995587075397001900e+04 5.612867684029910205e-24
2.995668076078031663e+04 3.515174195422451388e-24
2.995734720313696380e+04 2.121545311999188184e-24
2.995789928973718270e+04 1.174361838027157638e-22
2.995904426339513157e+04 2.658395562317692582e-23
2.996020010962620654e+04 1.851752375584084932e-21
2.996075554376963555e+04 5.354299512311718305e-24
2.996135663895081234e+04 2.644728854862871619e-21
2.996235675560475647e+04 2.228963185998662190e-20
2.996265372170264163e+04 6.960128931249837250e-23
2.996300244818766078e+04 1.599408057628586022e-22
2.996384405127498030e+04 2.036331167074293071e-22
2.996405818029190050e+04 2.194820026335139987e-19
2.996519043948671970e+04 2.135303645144117112e-20
2.996569678342869520e+04 2.628080117059000913e-19
2.996646135401726497e+04 3.360889428367362712e-18
2.996699858827922071e+04 4.239491481153316278e-19
2.996777945769279177e+04 9.848330764243815239e-19
2.996814739622270281e+04 4.289306083951026785e-18
2.996898889900823269e+04 4.838122978650160330e-17
2.996940928326293579e+04 6.547779383243674062e-19
2.997021388402054799e+04 3.105551939464469391e-17
2.997078190471496055e+04 5.833345640651711286e-17
2.997146474885043426e+04 5.675566894972345901e-16
2.997211296761682388e+04 1.752766650489412567e-20
2.997268622499414050e+04 4.000068412621461825e-16
2.997343206459290741e+04 5.206162935031676354e-16
2.997388613804639317e+04 5.941058361825296975e-15
2.997473620957899038e+04 5.529631350328842923e-18
2.997500220302765592e+04 3.068479668276306951e-16
2.997569437381418174e+04 8.110400370667289691e-15
2.997611178968432068e+04 7.104868998390405054e-15
2.997637139542644945e+04 4.427572272625968883e-14
2.997704747506838976e+04 6.598890411755666893e-15
2.997750715482435407e+04 2.141765402201724327e-15
2.997802452061695658e+04 2.542141014076405184e-14
2.997877888745602468e+04 2.977707014846591474e-13
2.997900935020985344e+04 1.088131629960516288e-13
2.997989892872511700e+04 2.732106071172219306e-13
2.998021597352536264e+04 5.072472914773410704e-14
2.998091779107355978e+04 3.603310978035486760e-13
2.998152462781902068e+04 4.072420098600333245e-13
2.998176256223968448e+04 1.453542492469374273e-12
2.998229068409014508e+04 1.999129319612491688e-12
2.998270848489482887e+04 2.539712192087424063e-12
2.998300010318627756e+04 1.326353538440850914e-14
2.998361271576801300e+04 8.669896531538438355e-14
2.998427397269614812e+04 1.486371589629731951e-12
2.998451838528662120e+04 7.795981414797509979e-12
2.998542168596504780e+04 2.463633888216183856e-11
2.998555632097516718e+04 2.569726464080834314e-13
2.998597065992158605e+04 9.017432522997292462e-12
2.998643526428192490e+04 1.159777596270111392e-11
2.998673789753498932e+04 2.587038450700995750e-13
2.998713041049840103e+04 1.657580128504655569e-12
2.998775036836935760e+04 2.470234709727062750e-11
2.998807055882616623e+04 5.889230491956278654e-12
2.998851035279701318e+04 7.585391808592524892e-11
2.998882002914469558e+04 4.348541460211845400e-11
2.998902868367863994e+04 1.405307947096678672e-12
2.998944127075412325e+04 8.866084633018173451e-11
2.998948839402946032e+04 1.785766027984494587e-10
2.999031966338182247e+04 4.665646203337077624e-11
2.999057407824755865e+04 1.068688959615062948e-10
2.999065342186255657e+04 5.244421410437825395e-12
2.999093447738863688e+04 4.242958763271899037e-11
2.999149565574447479e+04 4.508795662353144900e-13
2.999175838241916790e+04 4.521790261776769178e-14
2.999228157763987110e+04 2.697280567363192080e-11
2.999258747304357166e+04 2.104010139525019441e-12
2.999291769692681555e+04 1.374738675215070331e-11
2.999323344873134556e+04 2.007798242589244943e-10
2.999357478528322099e+04 4.567105735814952593e-12
2.999380530426159385e+04 1.313847793437128432e-10
2.999428124050939732e+04 2.418320013935204554e-12
2.999433455898070315e+04 1.310463736134558048e-11
2.999472092495324978e+04 1.277286425326947365e-10
2.999537647615411333e+04 2.361869815422930789e-11
2.999551149703142437e+04 1.086357526375227282e-11
2.999576573455873950e+04 1.000995452629041949e-10
2.999608754858657994e+04 8.044488100460038335e-12
2.999634791417756787e+04 6.107742591503561135e-11
2.999662948141507513e+04 1.262966951764071009e-10
2.999703323686194199e+04 3.183293852046123023e-10
2.999716895465882408e+04 7.631247979549628473e-10
2.999774515526918549e+04 7.293801834847470207e-11
2.999792442277954251e+04 1.252749209464466767e-09
2.999834219295171351e+04 5.721565887850110933e-12
2.999869289145424045e+04 1.906111818205530910e-10
2.999882945814372215e+04 8.287159838117219737e-10
2.999925252319157880e+04 6.745938730701859131e-10
2.999937979239215565e+04 3.206673445721792419e-09
2.999989774037388270e+04 8.811697859813445813e-10
3.000002808091340557e+04 1.747328630807288678e-09
3.000022857153679433e+04 2.972519711357214699e-11
3.000085478424455505e+04 1.276745700996681123e-09
3.000094231684975603e+04 1.717583664106239897e-09
3.000119035318184979e+04 2.246556679541557212e-10
3.000155073275804534e+04 9.502738078442855175e-10
3.000185928574792342e+04 6.092920304434571284e-10
3.000206785512944771e+04 6.200277047052156709e-10
3.000266947811761929e+04 2.105667145716442871e-09
3.000282926065929496e+04 3.307148720955344582e-10
3.000320366279025984e+04 1.102619392866554383e-10
3.000344499543917482e+04 6.809878244809781029e-11
3.000351854610439477e+04 1.681286595431030347e-10
3.000382991336171835e+04 4.538411476240319977e-11
3.000432350899928497e+04 1.958074228973226577e-11
3.000486242414420485e+04 3.429533835783248293e-09
3.000499648322583744e+04 7.367814621053455787e-10
3.000533528471795216e+04 4.650556127306692319e-10
3.000548240704319323e+04 2.444131545855903294e-09
3.000559237042104360e+04 1.396947315082111688e-09
3.000596586590427614e+04 2.803877593529125300e-10
3.000615183700247144e+04 2.594557401802333271e-09
3.000656966473312059e+04 2.243463872095444635e-09
3.000683569343029376e+04 6.512799078018299082e-11
3.000702616596770531e+04 7.473628749085005463e-09
3.000732805749366889e+04 1.547132841928004260e-13
3.000776315610757229e+04 1.812838135278315446e-09
3.000777748930359667e+04 6.773999051769671736e-10
3.000801015514114260e+04 4.030877402760372470e-09
3.000857851650873272e+04 1.984359198743186858e-09
3.000891815304566626e+04 2.702809681428589119e-10
3.000896237540885704e+04 1.038106825816401112e-08
3.000911058354272609e+04 4.444777321292730355e-09
3.000977983932807183e+04 3.727479019658131772e-11
3.001002987872262383e+04 1.077858731386872115e-08
3.001017046840272087e+04 2.790320946343800305e-09
3.001091139826623476e+04 9.271477863717866143e-10
3.001120038403040598e+04 2.812509321970158941e-10
3.001134296370353695e+04 8.773417058028479963e-10
3.001147123128528983e+04 5.850344930902908711e-10
3.001225093407868917e+04 1.490918328603295136e-08
3.001240181563863007e+04 8.594234056569513149e-09
3.001258718080555991e+04 7.438772346467378444e-10
3.001281964050978058e+04 2.543330058846374217e-08
3.001305415820831331e+04 1.225681805379586232e-10
3.001344093415803582e+04 1.806982438779235283e-09
3.001373219357270864e+04 4.270395357405658610e-10
3.001391074085899527e+04 4.537616940716174404e-11
3.001409935411615879e+04 4.404180652564223359e-11
3.001458661932683026e+04 2.331550321496571619e-09
3.001495545957226932e+04 2.175152270033382053e-08
3.001535610950090631e+04 1.919143093830728595e-10
3.001546232518178658e+04 8.341226534229859822e-09
3.001614029488308734e+04 4.239121436039713112e-09
3.001622241263161777e+04 3.395526087640487231e-08
3.001654614552599742e+04 1.702878469843024824e-10
3.001685130858351113e+04 2.453443123632320882e-09
3.001750901062148114e+04 6.549597485800343638e-10
3.001758918407614328e+04 2.434173124284966720e-08
3.001779887945001610e+04 2.955932978911299811e-09
3.001821363080104493e+04 1.419223762335922673e-08
3.001862468843233000e+04 1.674885564522214698e-07
3.001873742793072233e+04 1.750650454383612992e-07
3.001882090887794038e+04 1.203556131438072635e-07
3.001907940234846319e+04 5.975141848997691476e-09
3.001965781133846394e+04 8.576953377418753122e-09
3.001970133739360972e+04 9.383888844355071338e-09
3.002002487930975258e+04 3.707470662129822431e-11
3.002027270207393303e+04 7.242255758831079047e-08
3.002047005908959181e+04 1.639777871980213022e-09
3.002071547354991344e+04 7.872614879583652282e-09
3.002106527594835643e+04 2.245041976951433777e-09
3.002151580850444589e+04 2.839671932333396780e-09
3.002179684915168036e+04 1.909690132399480112e-08
3.002206759249091192e+04 1.345342388272480777e-09
3.002239474323819013e+04 5.466950646075058834e-09
3.002273213586927523e+04 2.453519187806175167e-08
3.002318618370050899e+04 3.960142040835983143e-08
3.002351076098364501e+04 6.665110371714209963e-09
3.002373914360514755e+04 1.164717368913366491e-08
3.002404840024938312e+04 3.991310086422014783e-10
3.002426890524536066e+04 5.801345156168281997e-08
3.002446414244954576e+04 5.459724396253024107e-08
3.002465697854042810e+04 1.263211808120774074e-07
3.002490083002352549e+04 1.995249094289272100e-07
3.002518040622331682e+04 1.075860120430729342e-07
3.002534368424310378e+04 1.063754907137878242e-08
3.002545441354869035e+04 2.223983690777349788e-08
3.002573178837514570e+04 1.061650702556381042e-07
3.002626396101888895e+04 5.165478426509141383e-08
3.002646567177074030e+04 7.525891221983899485e-08
3.002673275158141405e+04 2.409330958474945518e-08
3.002702756526428857e+04 8.347293907772134060e-09
3.002713949025114198e+04 3.499535363832032334e-08
3.002719742542139284e+04 6.391765753744299087e-08
3.002793972286011558e+04 1.230484159680872707e-07
3.002807038703866783e+04 5.777322174409454183e-09
3.002826245809480679e+04 8.843444334556189264e-09
3.002854475788150012e+04 5.925911005721112992e-08
3.002893790060266110e+04 1.157571053805488754e-09
3.002908164653915446e+04 4.594923652258113174e-08
3.002932050727174283e+04 1.312159263669458560e-09
3.002982012148651847e+04 7.554898338705415695e-10
3.002998452894694492e+04 8.632368996885043918e-09
3.003013813495659997e+04 1.587988647858320650e-07
3.003024639255742295e+04 1.013274064874270501e-08
3.003041414193157834e+04 1.738951683428799995e-08
3.003065605146082817e+04 7.205947527556095332e-08
3.003096383930070806e+04 6.673537352396232558e-11
3.003111141442960434e+04 2.447031093573949469e-08
3.003134705692940042e+04 3.809599451891959165e-08
3.003155736922666620e+04 2.579725223728776707e-08
3.003186632537401601e+04 1.274048750660969933e-08
3.003221523318823529e+04 2.789687344176392059e-07
3.003247275279008318e+04 6.044440204544171379e-08
3.003266069957342552e+04 1.255743406168477792e-08
3.003302724278132882e+04 8.533861537702071798e-08
3.003327145567828484e+04 3.833097552002873069e-09
3.003346335386263308e+04 2.177366266531969013e-07
3.003388543939295414e+04 8.765483624757082001e-09
3.003398001782919891e+04 1.937305174080018453e-07
3.003416350973103181e+04 1.458740466685662663e-08
3.003466544108899689e+04 1.278113044715001454e-07
3.003488202077753522e+04 1.783472010154618883e-07
3.003542636176778251e+04 1.795945313808885418e-08
3.003553017240736517e+04 8.315226776093507379e-09
3.003580999414554753e+04 1.955747288042195828e-07
3.003593419075133716e+04 1.225225530121176437e-09
3.003652822892494441e+04 5.247146806377455231e-09
3.003655302256444338e+04 6.994350551864394392e-11
3.003690421360823166e+04 6.653274578792839345e-09
3.003716048389445496e+04 2.676255803151606446e-09
3.003756096766443443e+04 8.215754095809701489e-09
3.003760582165419692e+04 3.616146075000526664e-08
3.003774699803197291e+04 1.416545274360655496e-08
3.003800863372543245e+04 9.147967190372616631e-09
3.003825026911817258e+04 1.028426843275926476e-08
3.003830710464563163e+04 9.147407236915233249e-10
3.003880621728844199e+04 2.113431526911453386e-08
3.003911058218890685e+04 1.015389091805611077e-07
3.003916218248877340e+04 2.666438431696925109e-08
3.003951122759073041e+04 1.212201205457032607e-07
3.003968947889690025e+04 1.568725763827322360e-07
3.004031858261409434e+04 2.194767873237489052e-08
3.004055096497718841e+04 6.446845757900487782e-08
3.004072345572468839e+04 1.092442851852138540e-09
3.004099868427887122e+04 7.153483221116234189e-09
3.004143915439106422e+04 2.409371742616759378e-08
3.004147646072498537e+04 2.371334276290970315e-08
3.004161040944399065e+04 2.044927751750437008e-08
3.004186127338459119e+04 1.174323577598596410e-09
3.004211701791004816e+04 3.312436636802758039e-09
3.004215884747371092e+04 2.329454781800618264e-08
3.004243455133250973e+04 5.331255735425616125e-08
3.004289880568300941e+04 1.327749056017631007e-09
3.004313965336118781e+04 1.558499868990987372e-08
3.004344121409357467e+04 1.179493583407725890e-09
3.004367894741252167e+04 6.279012672395139427e-09
3.004378046033990540e+04 2.701400285299901906e-09
3.004411319715100763e+04 5.732136716115694061e-08
3.004432238853066156e+04 8.654154257031521281e-11
3.004491183420950620e+04 3.317888663114691762e-09
3.004510322379697391e+04 1.656405196107414380e-09
3.004549527632597528e+04 2.778043325945613002e-10
3.004557678134728849e+04 5.037537789188382234e-11
3.004562624927374782e+04 5.506632193058572769e-09
3.004591430424875580e+04 1.750117891892025374e-09
3.004656357260068398e+04 2.295857702895471416e-11
3.004685769590338896e+04 9.846435922009238034e-10
3.004698949954929049e+04 1.774516552531643884e-10
3.004720040925933063e+04 1.047488986932343744e-09
3.004735258609092853e+04 1.729717146537251826e-08
3.004748222601133239e+04 1.054542782172411091e-10
3.004802150012303537e+04 2.750224397214047216e-09
3.004830526339772769e+04 4.280213554336089035e-11
3.004834717806158005e+04 1.646184113106974240e-09
3.004858952030093860e+04 3.389325918216848658e-11
3.004866038652433417e+04 1.230464730617264959e-10
3.004898380516083489e+04 7.011069369447002413e-10
3.004914459646694013e+04 1.847697999996603775e-10
3.004970813054290556e+04 6.305187830854101071e-10
3.005011122604490083e+04 9.451237296309684755e-10
3.005025549691409469e+04 3.062561803941064827e-13
3.005049208601021382e+04 6.228629538557506815e-11
3.005064687574386699e+04 7.369758461141037504e-09
3.005076272267970853e+04 1.918766594859613608e-09
3.005106529940173641e+04 2.962776368496601863e-09
3.005135574537333014e+04 5.242933520721218129e-09
3.005170470934557670e+04 2.617073894793424589e-10
3.005204243784513164e+04 7.704081123264865085e-10
3.005229965984959563e+04 2.822034493539718381e-11
3.005263470551824503e+04 3.511691246676223053e-10
3.005272364628385913e+04 9.541065848289373574e-11
3.005279533408094358e+04 1.234892376237041538e-11
3.005309767931409806e+04 1.468776096708709519e-09
3.005339789359398128e+04 3.681413052045466227e-10
3.005381911711954672e+04 8.194526929231001415e-10
3.005403814073694957e+04 6.893068977239622056e-10
3.005415798999687104e+04 3.287300721825127506e-10
3.005436470049172203e+04 8.740023353518322169e-10
3.005450776102242889e+04 7.187453541123642849e-11
3.005508109383274495e+04 3.134625876950205978e-09
3.005520725990176288e+04 9.623258176611568128e-11
3.005577811159849807e+04 3.173115972871897815e-09
3.005581620374437989e+04 6.550960823989845117e-11
3.005611142478510010e+04 7.339958519701582267e-11
3.005627616062882953e+04 6.378791908368933507e-10
3.005682555403188962e+04 1.653217111401557928e-10
3.005714376687480035e+04 1.675855201593048128e-10
3.005734340832805174e+04 7.181100202125720800e-10
3.005740909031394040e+04 5.869603834816570113e-10
3.005809536589723211e+04 2.322335641267545702e-10
3.005834629888426934e+04 8.224711210618031342e-10
3.005852447929247137e+04 6.249042712206578975e-10
3.005887487252334904e+04 2.562881100365175098e-09
3.005903716241792790e+04 1.922064906150421611e-10
3.005936501108508310e+04 1.974084215176090240e-10
3.005966420334076247e+04 6.494072987430786917e-11
3.005981739678273516e+04 1.114581847040627859e-10
3.006017699597545288e+04 5.988036555933034234e-11
3.006053780444889344e+04 4.051355944343815288e-10
3.006090713384748597e+04 5.264304008927787588e-10
3.006105239913567493e+04 2.281160792107585387e-10
3.006132926871585732e+04 6.062965156736608030e-10
3.006153488014605682e+04 6.314265143346744856e-10
3.006166668391181156e+04 2.377828379973945639e-10
3.006227537006100101e+04 1.987798548739625267e-11
3.006241504936508863e+04 1.022805004922932293e-09
3.006265216537937886e+04 8.778778883812233420e-10
3.006273511678819705e+04 1.963472335848487341e-09
3.006305840699392138e+04 9.811542952429450563e-12
3.006323818757031040e+04 1.203085455570274183e-09
3.006389477388393789e+04 1.920334711117791669e-11
3.006413283728114038e+04 2.229446444363587436e-11
3.006441287319262483e+04 2.185915869810219416e-14
3.006451806835827665e+04 4.393070043922644353e-11
3.006489221334085596e+04 6.396434585487773321e-11
3.006527394889344941e+04 1.776994766508773261e-10
3.006570062051138666e+04 6.524843153730670850e-11
3.006574910943762734e+04 3.617104058027704563e-12
3.006596927351924023e+04 3.075397974902364460e-12
3.006640346416096145e+04 2.596251550210281080e-11
3.006672440382601053e+04 6.066185136000504996e-10
3.006702771976357326e+04 6.589259083174684127e-10
3.006735497925817617e+04 1.818404371799906781e-10
3.006768837464206081e+04 3.146196724546372956e-10
3.006774170148791382e+04 2.848022769626824938e-11
3.006815803718675670e+04 3.763746871951231786e-12
3.006835728074368308e+04 7.954864882966421666e-11
3.006880436838862079e+04 1.115368357856663291e-10
3.006896303615931538e+04 1.144733110835460061e-11
3.006946747986344417e+04 3.228105323127698284e-12
3.006962871696761067e+04 1.284456732114133344e-11
3.007008594753281795e+04 4.349721635373027016e-11
3.007033824160357835e+04 3.064294276428004973e-11
3.007052840007725172e+04 1.196966328494672932e-10
3.007103510594432737e+04 2.110163692250879451e-10
3.007120185604047583e+04 2.926343217124982843e-10
3.007131784088060158e+04 3.535657805141685868e-11
3.007166671735535783e+04 2.121278960022319358e-10
3.007201244335531737e+04 1.242120134557878142e-12
3.007251477075679577e+04 9.302537128822496868e-11
3.007261712524504401e+04 7.254492895128278199e-11
3.007294145398828186e+04 1.645479996509469443e-12
3.007335041120779715e+04 1.369589125219292854e-11
3.007362916072712687e+04 4.959980156804025223e-11
3.007390513970101165e+04 4.686652835547417596e-12
3.007415941498133543e+04 6.071894763068674517e-14
3.007433744260762614e+04 1.500745011553804324e-12
3.007454481127568579e+04 4.966034112251703832e-11
3.007468642786897908e+04 1.993731999821639030e-11
3.007544862447771447e+04 2.058511097569796090e-10
3.007581747419825842e+04 2.545858063306780100e-13
3.007590346754397251e+04 1.494817240197761343e-11
3.007621425473224735e+04 2.623783064713617577e-11
3.007657138258652776e+04 2.910983698969653466e-11
3.007673527518632909e+04 2.455535760753641824e-12
3.007719366630712466e+04 3.426090524301785625e-11
3.007758940917943983e+04 6.950355571024927175e-12
3.007787527779383890e+04 2.960687482678787637e-12
3.007798988200971871e+04 6.448476496574731924e-12
3.007829829895974399e+04 1.267642589202875447e-11
3.007873844928779363e+04 1.840055829063709249e-11
3.007911078968665606e+04 2.746404829988295931e-11
3.007928607980535162e+04 2.174592465803648350e-11
3.008009744514689373e+04 1.983047357801246947e-11
3.008018177217509219e+04 4.584819624913135001e-11
3.008047456831414456e+04 6.595731904368957256e-12
3.008053550308022022e+04 4.453601907319054621e-12
3.008093730313609922e+04 3.388597589005615876e-12
3.008114991734330397e+04 1.217443902814805697e-12
3.008169870153611555e+04 4.837261719383691952e-13
3.008216968283366077e+04 1.235058291803198333e-12
3.008242866481126111e+04 8.457136987833897762e-12
3.008273167674711294e+04 2.100467400340880675e-11
3.008302936633443824e+04 3.078494775193321552e-11
3.008343849015272644e+04 1.686828238145854418e-13
3.008371605559058662e+04 8.397157911312617918e-12
3.008394255983646144e+04 1.031080698355975468e-11
3.008430082868170211e+04 8.446956360692462265e-15
3.008459918403552729e+04 8.185250518885520326e-15
3.008481366333979531e+04 1.962020581989055925e-13
3.008517743530236839e+04 1.717813987638412406e-12
3.008584825440239729e+04 5.937534604376764158e-13
3.008601089723463883e+04 2.296860697464572808e-11
3.008648093007414718e+04 1.241326195051921242e-11
3.008680316937393218e+04 1.851498368268601890e-12
3.008709112669245951e+04 2.224694223247088667e-12
3.008749117155846398e+04 4.642339917317499269e-14
3.008794097420053004e+04 2.461037508944863894e-14
3.008833932350399846e+04 2.734731560431380518e-12
3.008851528383301775e+04 2.453371208529596844e-12
3.008880990022788683e+04 3.221397419389660535e-12
3.008947045132231870e+04 9.658351580206439200e-12
3.008973944871655476e+04 4.906601144367386090e-13
3.008993387577119211e+04 5.385266021045490074e-13
3.009034674784801246e+04 5.322233829456661953e-13
3.009090736820860911e+04 2.393417191921592390e-13
3.009106744004042412e+04 2.494974365756496490e-12
3.009140467929560327e+04 4.657014185318520766e-14
3.009187726263908189e+04 1.011977314867858180e-12
3.009211836701929860e+04 3.978816749388043812e-12
3.009216890977921503e+04 1.172750909158112371e-13
3.009305537092961822e+04 7.512802331681021269e-13
3.009342619474244930e+04 1.647214377262742627e-13
3.009371502358942234e+04 1.321083085371658656e-13
3.009435994673339519e+04 1.122693487711866612e-12
3.009455435079255403e+04 1.704887175777447795e-12
3.009477947012594450e+04 8.079143624352961010e-16
3.009526157678386880e+04 5.741960945459455224e-15
3.009569008628137817e+04 4.703365783436131093e-13
3.009612552606021927e+04 5.583437830987062938e-14
3.009636140500937108e+04 4.785941372819900424e-15
3.009681629520134811e+04 3.971971811192345817e-13
3.009704673151193856e+04 7.123398438937693902e-14
3.009758856682300029e+04 3.304505656249004333e-13
3.009787971840582759e+04 4.379477289275484806e-13
3.009839100296370816e+04 7.829183075436626017e-15
3.009887011884561070e+04 1.018867520779828129e-13
3.009921782309570699e+04 3.048583344833637635e-15
3.009966990707252262e+04 1.979331366929928852e-13
3.010019983566357041e+04 8.690455763318855276e-14
3.010055050457586185e+04 1.441692887283080760e-13
3.010127577022356854e+04 3.006091969043141564e-14
3.010150943564004046e+04 2.116666645007239091e-14
3.010164953950266499e+04 2.276071470349897338e-14
3.010216898411752481e+04 4.995885791195997522e-15
3.010248601437820616e+04 7.233231816355873954e-14
3.010266256796249581e+04 8.970054965273666517e-14
3.010364577985633514e+04 1.356290996687093050e-14
3.010412044426275315e+04 2.935261354087340990e-14
3.010436865257897080e+04 6.678726999140848223e-14
3.010484650947666159e+04 1.265072071986630510e-15
3.010541469338822935e+04 4.828330739431016216e-14
3.010613519096092568e+04 1.266088866064272202e-14
3.010636742300909100e+04 9.816173280823045914e-15
3.010721630518597158e+04 1.537750558202050203e-15
3.010759320557202591e+04 5.338915176616860344e-14
3.010776919934918260e+04 1.036599703327621760e-15
3.010793102084367638e+04 6.012455609728529182e-15
3.010878868355621307e+04 1.844550142137206439e-14
3.010955225753703780e+04 1.794789938976655686e-14
3.011021726443360603e+04 2.842976869235278310e-15
3.011119801102132260e+04 2.246380223830674624e-15
3.011153479495409556e+04 1.089172762406808274e-14
3.011198191640033110e+04 3.830538382395407313e-15
3.011255237992114417e+04 9.212039554368720944e-16
3.011283492299973659e+04 1.538508243039618673e-16
3.011375139492250673e+04 8.432273330634928351e-15
3.011396806521118560e+04 3.105795867373636370e-15
3.011429751716782994e+04 3.197512306472671959e-17
3.011503009608361026e+04 7.086326754071867781e-16
3.011572805376073666e+04 9.094299160389423194e-16
3.011630414145870600e+04 1.293467748429192658e-15
3.011671508735777024e+04 1.861740784030540249e-16
3.011741639175589080e+04 2.447028256104584797e-16
3.011790383595835374e+04 1.840718983139073177e-16
3.011818492930590219e+04 1.874764070054691899e-15
3.011935263656408279e+04 3.007494880182836851e-16
3.011984214932204486e+04 9.036799542106071380e-17
3.012086982539120436e+04 2.176853632501086889e-17
3.012111536351554605e+04 9.274825233675893424e-19
3.012231790772501336e+04 1.926199302449924144e-16
3.012264086626945573e+04 1.908693700243087965e-16
3.012276883305417869e+04 1.256447919930369154e-17
3.012377961331920233e+04 3.384083905977477197e-16
3.012387832646071911e+04 1.862358256654553427e-18
3.012554156436816629e+04 1.000999501569029166e-17
3.012647591743835801e+04 6.913653072683369931e-18
3.012688370158961334e+04 8.518409777809273458e-17
3.012780337744705321e+04 7.129122402265109545e-17
3.013009551191924766e+04 1.407970172710529305e-18
3.013088626271442263e+04 5.860081615645204014e-19
3.013163443844671201e+04 3.747787870693004414e-17
3.013232103020373324e+04 1.146131657222898391e-17
3.013398824619990773e+04 1.143763731550925041e-17
3.013501697476718618e+04 1.349547248908603782e-20
3.013543504089538328e+04 4.373574063120619948e-20
3.013647685288150024e+04 1.742879174908900945e-19
3.013829793588019675e+04 7.339659729019586844e-19
3.013956962965689672e+04 8.518462149593502901e-19
3.014088856620132719e+04 1.268773224381040007e-18
3.014105084941042514e+04 3.787065113446382989e-19
3.014266718662942003e+04 3.124564267895362759e-20
3.014409458749969053e+04 1.086310577046068636e-22
3.014547680973975730e+04 1.123228653952696445e-19
3.014897945485110176e+04 4.043636751689799107e-20
3.014919399615238581e+04 5.629628943055251619e-20
3.015054846307416665e+04 1.129249269160458153e-20
3.015131203999957506e+04 2.253733459611535818e-20
3.015417772110769874e+04 5.991123943680359155e-21
3.015521367806965645e+04 1.591788446659423338e-21
3.015991215721982371e+04 1.396799600905659946e-24
3.015997045472122409e+04 1.100444472081908843e-21
3.016090135048286174e+04 4.149757337952985708e-22
3.016152417980209793e+04 4.673078077325011005e-22
3.016545807100825186e+04 1.050363650625305907e-22
3.016619792247503210e+04 1.184320968676562913e-23
3.017150947737931710e+04 1.626697632935920286e-23
3.017242448458212675e+04 2.081521617860432943e-23
3.017287250022403896e+04 0.000000000000000000e+00
3.017369076509775914e+04 0.000000000000000000e+00
3.017773935540550156e+04 0.000000000000000000e+00
3.017837939016237215e+04 0.000000000000000000e+00
3.018368340253073256e+04 0.000000000000000000e+00
3.018472484816726865e+04 0.000000000000000000e+00
3.018920332240207790e+04 0.000000000000000000e+00
3.018959092312499706e+04 0.000000000000000000e+00
3.019171447131902460e+04 0.000000000000000000e+00
3.019217841725646940e+04 0.000000000000000000e+00
3.019694752736398004e+04 0.000000000000000000e+00
3.019787009662021592e+04 0.000000000000000000e+00
3.020624080759737990e+04 0.000000000000000000e+00
3.020673113147571712e+04 0.000000000000000000e+00
3.021146459903188952e+04 0.000000000000000000e+00
3.021218368032496801e+04 0.000000000000000000e+00
3.022402774035785842e+04 0.000000000000000000e+00
3.022440594316685747e+04 0.000000000000000000e+00
3.022759849035256048e+04 0.000000000000000000e+00
3.022809723562581712e+04 0.000000000000000000e+00
3.024507681210583905e+04 0.000000000000000000e+00
3.024533437838232203e+04 0.000000000000000000e+00
3.024737245722891021e+04 0.000000000000000000e+00
3.024765265162879223e+04 0.000000000000000000e+00
3.026651637929786011e+04 0.000000000000000000e+00
3.026677556290734719e+04 0.000000000000000000e+00
3.029318300439065570e+04 0.000000000000000000e+00
3.029336283770376394e+04 0.000000000000000000e+00
