-3.000054932242585346e+04 1.292494960910969670e-14
-3.000051415588937743e+04 6.334412810932147829e-15
-2.999907280907328823e+04 2.554084352413006657e-13
-2.999903158828633605e+04 9.890081410700380334e-12
-2.999814976832090179e+04 2.028402369129920463e-10
-2.999808237197778362e+04 7.903480357191954162e-14
-2.999772605684637529e+04 3.815410219852929260e-10
-2.999743634742828363e+04 3.079668660521064852e-09
-2.999717198527179789e+04 1.027883261435853211e-09
-2.999697756576944812e+04 7.939452115350571687e-10
-2.999687375438466188e+04 7.439997540764165325e-09
-2.999660762266657912e+04 5.394338055158444468e-08
-2.999633852666559324e+04 9.553637783491754091e-09
-2.999609195786562850e+04 1.475697734615760605e-07
-2.999586072639895428e+04 1.524629842109121584e-07
-2.999568334899476031e+04 2.628043801167904949e-07
-2.999548800163267151e+04 5.890783186918182274e-08
-2.999544002228839236e+04 2.196890449270672940e-07
-2.999516008147215689e+04 1.171567936831229250e-07
-2.999508673040977010e+04 1.997681642994429074e-08
-2.999480998715923124e+04 1.044809587821402452e-06
-2.999445340732797195e+04 6.999486769328666661e-08
-2.999442964465065597e+04 1.090830991512174436e-06
-2.999364250290732889e+04 2.884876669811088742e-08
-2.999272734317041250e+04 5.760107394416067100e-10
-2.999241683990269667e+04 2.590319513130928553e-10
-2.999232023740141449e+04 2.244504913526276026e-10
-2.999200222977694284e+04 7.026220450074246024e-11
-2.999167634603357146e+04 9.900364149151212192e-09
-2.999163714121688463e+04 9.737253611337491708e-10
-2.999132705335216815e+04 3.487267179397704200e-11
-2.999102249471432879e+04 1.256901462423118633e-11
-2.999071614577418222e+04 5.873429080235427069e-10
-2.999062006661697524e+04 1.128671738461732548e-08
-2.999042005722073736e+04 2.457490910989527629e-08
-2.999018490783153175e+04 6.057946198125632064e-06
-2.999014720114702141e+04 3.068227700762358141e-09
-2.998989797114845351e+04 1.063265346371310786e-06
-2.998970460459977403e+04 8.081209781669557130e-07
-2.998963127856495703e+04 6.617544657745174120e-06
-2.998955107619833143e+04 2.412202671241747453e-06
-2.998942107071376086e+04 4.081505354331064156e-07
-2.998937244742675102e+04 3.285906420801238613e-05
-2.998909981145534039e+04 1.089816001801258323e-05
-2.998900138468973819e+04 1.744945648088185613e-07
-2.998855772764035646e+04 2.030300511583172565e-06
-2.998835069057276996e+04 2.053760994511070346e-06
-2.998783820586699221e+04 1.346126492765678904e-06
-2.998736679910123348e+04 1.069140886807170374e-07
-2.998707007646945931e+04 9.494532995308015322e-07
-2.998638021828936326e+04 4.728963211461675006e-07
-2.998619511354396673e+04 2.618021580755518767e-06
-2.998546262926073541e+04 3.992328030393944029e-07
-2.998518438861800678e+04 4.547689944903710823e-07
-2.998500558092058418e+04 2.747063468801108732e-05
-2.998459131707146662e+04 9.801142452490667025e-07
-2.998409994543421999e+04 4.823501696381619548e-06
-2.998402711436354730e+04 5.164258661778208507e-05
-2.998370204524082510e+04 6.606553788587640395e-07
-2.998319801380463832e+04 3.770331714301038703e-04
-2.998312002111577385e+04 5.073045268935962786e-05
-2.998270775988640162e+04 1.143421201246948082e-06
-2.998252362057450955e+04 3.655054605424825861e-04
-2.998229129188357183e+04 2.212151132954464620e-06
-2.998215966631059928e+04 9.542446744823923825e-06
-2.998205730752278760e+04 6.857282236786421720e-06
-2.998200980429061383e+04 4.327852425112254948e-05
-2.998167264376965977e+04 3.037895442500835192e-05
-2.998165759588060973e+04 4.067529305829308613e-05
-2.998141347785656035e+04 1.593751321243504326e-05
-2.998123988946669851e+04 1.283594330851684783e-05
-2.998107920619365541e+04 3.339200318723486744e-05
-2.998086399636837450e+04 1.065715040937308689e-05
-2.998062673226142942e+04 1.678812934393292936e-05
-2.998038079413265950e+04 1.335734030332499657e-05
-2.998017382309904133e+04 1.070998965919955442e-06
-2.998000881100790502e+04 9.333156502773389183e-06
-2.997998154715440614e+04 3.008372756809075927e-05
-2.997979173670977980e+04 1.785776123827133956e-10
-2.997951674355668365e+04 1.249644843080531492e-05
-2.997924042656198435e+04 1.697652754294738662e-06
-2.997900959905128548e+04 4.242898240569763186e-05
-2.997894110207636186e+04 1.096708869363493145e-03
-2.997887320355521297e+04 6.351014762594944915e-05
-2.997866441487217162e+04 4.739219062065588740e-08
-2.997830832234457921e+04 1.246899359449126621e-05
-2.997802048439983264e+04 2.291407991255213557e-05
-2.997795903824603374e+04 1.386329283951578343e-03
-2.997778428901129155e+04 1.835270547962925710e-05
-2.997773633925201648e+04 2.638641798471846724e-06
-2.997727089839005203e+04 1.538880818956905340e-04
-2.997712098027386673e+04 2.469845927181412836e-04
-2.997706057055433484e+04 3.665326566904989099e-03
-2.997670958343460006e+04 2.516689289402120402e-06
-2.997658561458560143e+04 1.054861969972832857e-06
-2.997647851899863599e+04 2.832242366483283874e-06
-2.997628513120056959e+04 1.468835228701060138e-04
-2.997612656710783631e+04 5.419330886118905168e-06
-2.997575612461063793e+04 3.808205775484790128e-08
-2.997560839371326438e+04 1.203359911432170548e-06
-2.997543770667561694e+04 9.371377488780682571e-07
-2.997530318375086790e+04 7.058795350744882089e-08
-2.997512563177390621e+04 5.964025044734335671e-05
-2.997501690658764346e+04 5.929621714015485996e-04
-2.997497673873784515e+04 1.703096875227811877e-02
-2.997475833625685482e+04 6.825528560663628257e-07
-2.997458196874687565e+04 2.484829989957953859e-05
-2.997440782421400945e+04 9.006518711566971966e-07
-2.997424082278201604e+04 1.812359586119876090e-04
-2.997407580700505423e+04 5.713890969224730591e-05
-2.997396014577726964e+04 1.144062787688752275e-04
-2.997390802658587927e+04 4.633809700058386105e-02
-2.997387641399820495e+04 1.429029719096822597e-05
-2.997375112309278484e+04 5.123493531339889934e-05
-2.997362852307458525e+04 2.195521917049103321e-07
-2.997349524217136786e+04 7.686847776383757931e-06
-2.997333320406084385e+04 4.273728676467738726e-05
-2.997317540173796442e+04 3.350560736744561472e-06
-2.997312819727011447e+04 1.729693021725720088e-05
-2.997292013182334631e+04 1.491922493879540581e-04
-2.997286028343638100e+04 2.662208398614322041e-02
-2.997268176822911119e+04 4.114937206253418549e-05
-2.997256226685129877e+04 4.503894292838883716e-05
-2.997243264414720397e+04 2.240335358408386088e-07
-2.997225126518011530e+04 6.960022163553195088e-09
-2.997204207513406072e+04 2.104218193054454492e-08
-2.997186709704084569e+04 7.174793827561265265e-06
-2.997181410013788627e+04 3.313486486066584262e-05
-2.997162728557853916e+04 1.764277765091024608e-06
-2.997142175391122146e+04 1.446638737635435925e-06
-2.997131024548325513e+04 5.110545822689089272e-06
-2.997114779404393266e+04 1.225208622494003884e-05
-2.997091332932245496e+04 5.703595324214861227e-04
-2.997083314797125422e+04 2.124534014244465875e-04
-2.997064446463400236e+04 2.510066906071989677e-06
-2.997040418048373976e+04 3.513206954494171422e-06
-2.997026702732189733e+04 2.314945785100761029e-05
-2.997004221733184750e+04 2.184143119379449837e-03
-2.996998086578849689e+04 3.037325832015541627e-01
-2.996997166597766045e+04 5.301367748893782705e-01
-2.996991576738010917e+04 7.229478032360050414e-05
-2.996956649266797467e+04 4.415143533862966834e-07
-2.996929179137900792e+04 5.907780870778879682e-06
-2.996916443766696466e+04 2.230972044535106761e-05
-2.996915060774192534e+04 4.169399164021429282e-06
-2.996904513262800901e+04 3.749465103593531704e-08
-2.996889605425242189e+04 1.722234496667381922e-04
-2.996881347686433219e+04 3.094097768056311388e-07
-2.996859744399733609e+04 4.058312089872827518e-06
-2.996843540126795779e+04 7.054938942266295824e-05
-2.996837493277850081e+04 1.340251618864960891e-05
-2.996806019234292398e+04 6.227192223023722556e-06
-2.996788267677081603e+04 7.037479867387963838e-06
-2.996784131274129322e+04 8.726593006481659710e-05
-2.996782283582352829e+04 2.949067221362467513e-03
-2.996774614058995940e+04 2.293031540864584871e-05
-2.996763696752756732e+04 5.246237846138473072e-06
-2.996725788419927267e+04 3.954303168123497764e-07
-2.996716550289056977e+04 6.339455542685078466e-06
-2.996705439082029989e+04 1.324851892905362537e-07
-2.996690793121278330e+04 5.401341162013537027e-08
-2.996676908184817512e+04 5.527507245965786881e-03
-2.996660042146224805e+04 7.882434797209639840e-05
-2.996649568940320387e+04 5.036704342927936734e-06
-2.996618934457956857e+04 1.857658450542989784e-08
-2.996616102646648505e+04 2.541483173442938515e-08
-2.996605793161038309e+04 9.942693550724408632e-07
-2.996591964868627474e+04 2.770996077670508192e-07
-2.996572665105041233e+04 2.775070086548692182e-04
-2.996563003973788364e+04 6.463281606891983502e-07
-2.996542724782190999e+04 8.253603517505981963e-08
-2.996524404929731463e+04 5.012802610874899735e-08
-2.996521693939846955e+04 3.900937032224001406e-08
-2.996503542015337007e+04 7.855257102638838198e-07
-2.996497334846046579e+04 1.455283834668641245e-02
-2.996477379888230280e+04 1.143526414760944707e-05
-2.996467839243445997e+04 4.578701468624825417e-06
-2.996460934351030301e+04 2.798220907988046761e-07
-2.996441710718596369e+04 6.076229638664160114e-07
-2.996434592592463378e+04 6.667643141189324589e-06
-2.996397070323837761e+04 7.536499456462635320e-05
-2.996388910012416454e+04 3.206955784400396248e-02
-2.996378984186578236e+04 1.161766959274912947e-06
-2.996370909064169246e+04 5.228177098825100633e-06
-2.996363156828474894e+04 3.295611500882247121e-07
-2.996346501863620142e+04 2.037237542481919581e-06
-2.996331003542969847e+04 7.056050319071690879e-08
-2.996310007312266316e+04 1.366073776589311409e-07
-2.996293713700698208e+04 1.076652694227454102e-06
-2.996288619282953005e+04 8.768729915165138342e-05
-2.996279814469429766e+04 1.547498306067221713e-03
-2.996261333422361349e+04 3.083619192565117679e-07
-2.996246344677586239e+04 4.014120330822546158e-06
-2.996241965514992626e+04 3.628583752620908961e-08
-2.996210159188232501e+04 6.989222564462549489e-06
-2.996199819169143666e+04 6.662445302409264460e-06
-2.996181634851323179e+04 1.543064067032425094e-07
-2.996171162742741944e+04 2.799743299131802164e-04
-2.996153865907442378e+04 1.516864341551867709e-07
-2.996135251446089751e+04 4.504915846759045647e-06
-2.996122982301579759e+04 8.021216513087684466e-06
-2.996104961487109540e+04 1.855713047070272686e-06
-2.996072021121301441e+04 2.087628986338357092e-06
-2.996064030999516399e+04 1.024399314905499221e-04
-2.996060696783384628e+04 4.480281355547006435e-05
-2.996045270343904485e+04 1.030699193982088561e-07
-2.996039084165396707e+04 1.370051959886690105e-06
-2.995997297980824442e+04 6.657109884203525958e-06
-2.995996773537862100e+04 1.077224005633975815e-03
-2.995989491002864088e+04 2.858075069556065576e-06
-2.995966840133431469e+04 4.494891703116558531e-06
-2.995956058951084196e+04 7.478200355607249978e-05
-2.995951080296553846e+04 3.089807912257759062e-08
-2.995928391493354502e+04 3.786774649391177096e-08
-2.995908756974268181e+04 2.982973318674825274e-06
-2.995890904085989314e+04 1.699244107286051268e-05
-2.995886841040691434e+04 2.734661265797151859e-03
-2.995871999877442795e+04 9.455169592958647681e-06
-2.995866622091584577e+04 5.145182135235882140e-06
-2.995850667539852293e+04 2.529355533308117798e-06
-2.995834573407134303e+04 1.070485871408543740e-06
-2.995822226271374166e+04 8.635177197889715155e-08
-2.995808636107516213e+04 7.539906822375680482e-07
-2.995796836423291461e+04 9.486142078783699733e-07
-2.995778802155213270e+04 2.402062320660830152e-05
-2.995775773395962096e+04 2.186946981262766947e-04
-2.995756069846180617e+04 1.757981368657388946e-09
-2.995748665326065748e+04 1.223231812849098845e-06
-2.995734966284579423e+04 7.918730004144814706e-09
-2.995715408051470877e+04 8.648203518249745817e-08
-2.995679130142872236e+04 7.617366629695562152e-07
-2.995665487102279803e+04 6.118046115276265778e-05
-2.995663785717968130e+04 3.923168343164308997e-05
-2.995653443517099731e+04 3.289383800029226400e-08
-2.995643561495930771e+04 5.020250692799728798e-07
-2.995640943845458605e+04 4.550724363201433466e-10
-2.995599068819483000e+04 6.662775866865732618e-08
-2.995596663334842378e+04 3.527146346628011509e-10
-2.995568935838471225e+04 9.967985977211676877e-07
-2.995556547867457994e+04 2.374803315271706958e-05
-2.995549941488333207e+04 3.228377354216496297e-05
-2.995534413287350981e+04 4.811706922727948575e-08
-2.995525711570143903e+04 5.613434481934919546e-07
-2.995498152420331462e+04 3.896035276511774171e-09
-2.995494586444405286e+04 8.443472691169700420e-08
-2.995469990918574331e+04 5.022862384766333721e-07
-2.995462994239536056e+04 3.045808983126194990e-06
-2.995440708735673616e+04 1.538068040593634404e-05
-2.995437235862555463e+04 3.021025581685487569e-07
-2.995429847791907741e+04 5.192932573438297380e-06
-2.995420743692284668e+04 9.103711460035797133e-07
-2.995392413449480591e+04 1.049137690363867402e-07
-2.995385724580009992e+04 5.293074438762702862e-05
-2.995380483466791702e+04 2.811910972061959176e-04
-2.995367306958985500e+04 6.021224311612803603e-06
-2.995340164859635843e+04 1.110888378266190701e-06
-2.995326363450806093e+04 7.430172419445505695e-07
-2.995323461708893956e+04 4.358464002052219275e-09
-2.995306576872550795e+04 1.225641000062801600e-06
-2.995289339707787076e+04 1.141936716275775100e-06
-2.995275559774387511e+04 6.063099979854500018e-06
-2.995266290360370840e+04 4.542976681485440781e-04
-2.995258109490109928e+04 1.438234791042333374e-08
-2.995233639585375204e+04 7.216587823633473761e-07
-2.995216113809955277e+04 1.711084148908464335e-07
-2.995211750972726077e+04 4.834699545626454073e-10
-2.995206931302081648e+04 3.251284150660795496e-07
-2.995180199225994875e+04 1.037768045619797523e-07
-2.995152646545529933e+04 4.647142904846329802e-05
-2.995144424787442767e+04 1.397028079099680095e-05
-2.995140454261293780e+04 5.651917538431165954e-06
-2.995113453624788963e+04 4.731524691955352608e-07
-2.995105879836171880e+04 3.251817584086873163e-06
-2.995097567440347484e+04 1.196655102664505755e-07
-2.995084612534331609e+04 1.413537637806986971e-07
-2.995049749642835013e+04 9.895747359959651062e-09
-2.995041541071483516e+04 3.698650099486648686e-09
-2.995032820582431305e+04 3.681597877314988220e-07
-2.995012779458779914e+04 1.654706946294087574e-07
-2.995000345946136804e+04 2.474992744613094263e-06
-2.994995903056051611e+04 1.289259028365177198e-06
-2.994987050234670460e+04 1.477736357107123320e-05
-2.994984764021836236e+04 1.346652907095181806e-05
-2.994981209052691702e+04 2.516688391555637927e-05
-2.994932405053522598e+04 1.064083116375153761e-08
-2.994915238736560423e+04 2.124613888755498834e-08
-2.994912989228303559e+04 1.588394263344218306e-09
-2.994906900373425015e+04 6.595240020893170343e-08
-2.994897004917530285e+04 7.692705565191079377e-08
-2.994893420979417351e+04 2.972056243368866625e-07
-2.994874119953523768e+04 5.035228311731391329e-06
-2.994858304849151682e+04 4.138415690589917795e-05
-2.994838404261193500e+04 4.490352618907305474e-07
-2.994819778149336344e+04 8.410473827311976545e-08
-2.994801716727963867e+04 2.430286816578537562e-07
-2.994785949973095194e+04 1.153854237450152261e-06
-2.994770175897255103e+04 1.708245332956808809e-08
-2.994760035258526477e+04 7.412378831567619052e-08
-2.994751175595378663e+04 6.262664512854376948e-09
-2.994739215679807603e+04 2.363696433029696976e-06
-2.994733896656566503e+04 1.196908821842761244e-05
-2.994713001735712896e+04 1.992492556556828028e-08
-2.994676072571191980e+04 2.819005092688364551e-08
-2.994666892236372951e+04 2.569635797081052556e-08
-2.994660623223145012e+04 5.437994608681536465e-07
-2.994651238048376399e+04 4.000935319463502886e-07
-2.994642349922626454e+04 8.142118023861173304e-07
-2.994627251653723579e+04 1.769696318230006776e-07
-2.994609557875025348e+04 7.479250698908949148e-07
-2.994584216138435295e+04 1.947851924725222681e-08
-2.994572797173008439e+04 1.147159765795402985e-07
-2.994553137285912817e+04 1.945137638450411008e-07
-2.994543577728813761e+04 1.818464263908721111e-08
-2.994540794227281731e+04 1.511764687126032270e-08
-2.994530300405680100e+04 2.424127840290370295e-07
-2.994515354600668434e+04 6.448963055247135126e-07
-2.994487048704393601e+04 3.431764689475872780e-07
-2.994479581920870987e+04 3.077268284278209555e-06
-2.994473476191908412e+04 7.853493031454240568e-07
-2.994453507168466240e+04 3.221959377776837047e-07
-2.994431329678350448e+04 7.855285770431705363e-08
-2.994422518101180685e+04 4.134758753122127703e-08
-2.994407695488594982e+04 1.088785376184657847e-07
-2.994397215273300026e+04 9.272582169933027523e-09
-2.994379644761395321e+04 1.074075359644087019e-09
-2.994376139418850289e+04 2.376700980433232883e-08
-2.994355855307211823e+04 1.209090260073073062e-09
-2.994347280396592032e+04 1.004969176206630624e-06
-2.994325877385558488e+04 2.278530747415157180e-09
-2.994305078603815491e+04 1.224863917122215200e-06
-2.994298035731632990e+04 1.006618156555385532e-07
-2.994282534041487452e+04 8.872117263914802607e-08
-2.994262069056347173e+04 3.841556850015925653e-08
-2.994251825096868197e+04 4.068194396688854435e-08
-2.994235266768448855e+04 6.091740805100546146e-10
-2.994211773268621982e+04 1.825508832085813375e-08
-2.994206523073800781e+04 1.663091202704736697e-08
-2.994176238031254979e+04 3.268523666342578458e-07
-2.994161325941839095e+04 4.063693143261194951e-07
-2.994152144680090350e+04 1.013992637091904795e-06
-2.994140967202132015e+04 3.639799237951514838e-07
-2.994120212022140913e+04 5.931885546368666879e-09
-2.994112176194042695e+04 5.348649746224665436e-08
-2.994093855654361323e+04 1.500944658842100570e-08
-2.994088906473432144e+04 4.729500034623600091e-08
-2.994061142197188747e+04 1.930007352066531829e-07
-2.994046308018777563e+04 1.596224582680604493e-08
-2.994043715608491402e+04 3.343555375934409850e-09
-2.994012603783726081e+04 1.058187597273455395e-07
-2.993997518145143113e+04 2.372571505179164226e-06
-2.993985875297387247e+04 1.482733661516410242e-07
-2.993970046050629026e+04 5.726442180861159661e-09
-2.993962879253325809e+04 1.476997053851959935e-09
-2.993945989722203376e+04 6.924484750115209222e-09
-2.993937828841925511e+04 1.547373588540453530e-09
-2.993910239415290926e+04 1.414934249499012917e-08
-2.993884764083960908e+04 6.922329908406654752e-08
-2.993870703606567986e+04 5.630944238671293850e-08
-2.993853069814283663e+04 8.082905562377720733e-08
-2.993846945402639176e+04 1.708496304253486434e-06
-2.993827011003717416e+04 3.072798756906086920e-08
-2.993820057716717201e+04 4.500482760609144700e-08
-2.993805974425729437e+04 3.617231207457238109e-07
-2.993778104826925846e+04 1.757907608431281504e-08
-2.993767926230850208e+04 2.062614717080174808e-08
-2.993735919760697652e+04 1.281063846778436440e-08
-2.993713171965106085e+04 5.016451985128342648e-08
-2.993695432880325825e+04 4.033867810058658328e-08
-2.993682884875926175e+04 5.763406499869738641e-07
-2.993674312779818501e+04 2.603095806648933265e-07
-2.993649899832806477e+04 1.146111053723676373e-09
-2.993640235839117668e+04 1.632101222465221195e-07
-2.993633280601089064e+04 2.440713519028637326e-08
-2.993622098530262883e+04 1.236251583001717089e-07
-2.993590771758373376e+04 1.198471563264533117e-08
-2.993546258086508533e+04 2.142419388563074886e-08
-2.993540722094536613e+04 1.761000773122075490e-09
-2.993528059603975271e+04 6.603703478722174748e-09
-2.993511626213713316e+04 1.199645694792615391e-07
-2.993501964213326937e+04 8.116256179743063757e-08
-2.993485572931407296e+04 7.847560633419422639e-09
-2.993462871651505338e+04 6.611568187815923965e-08
-2.993434459931204401e+04 5.611377815881864199e-08
-2.993421498586076996e+04 3.438826707367233075e-08
-2.993388477779206733e+04 2.785877825973712544e-12
-2.993377573857469179e+04 6.222365549339414512e-09
-2.993367521166790175e+04 1.372841621969855527e-09
-2.993360869893045674e+04 3.665800447638326183e-09
-2.993345299118464391e+04 5.012743251275774723e-09
-2.993303654782438025e+04 2.002968549813942797e-08
-2.993270113557233344e+04 3.196339785894549677e-08
-2.993248445241646186e+04 1.243074743233025240e-09
-2.993236658639732195e+04 1.054618108044675397e-09
-2.993228961587767844e+04 9.748252390766669264e-09
-2.993223878862964921e+04 9.821143868333564352e-09
-2.993214112590964214e+04 2.127920468911562719e-09
-2.993168325783252294e+04 4.263119633297776642e-09
-2.993147019151377754e+04 1.206051911463376819e-09
-2.993108826489579587e+04 7.392663138753177496e-11
-2.993079392400778670e+04 1.137821337149173179e-10
-2.993072612849449797e+04 2.368029766149158420e-08
-2.993065949629161696e+04 6.960063146059169519e-09
-2.993025017787122852e+04 2.242921215274138491e-09
-2.993012918901245212e+04 4.878164233697311078e-10
-2.992987664084749122e+04 5.475425724479209428e-09
-2.992948328027460229e+04 3.600876043410613128e-09
-2.992944105192210191e+04 1.613654555038085184e-10
-2.992937217853817856e+04 2.027183300671113801e-09
-2.992912550676969477e+04 7.626581039519665342e-09
-2.992880898843488831e+04 3.346008860964486801e-09
-2.992850863489691255e+04 2.657194186711629351e-09
-2.992822445621776569e+04 7.881800924694924522e-10
-2.992794323077717854e+04 2.439421085372774334e-09
-2.992776716799317364e+04 6.471714759126829682e-09
-2.992760240620981131e+04 4.969359500644739453e-09
-2.992738898427836102e+04 1.044056732372688718e-09
-2.992735235538269990e+04 9.184156525921137353e-11
-2.992716179028944316e+04 1.174462023203774981e-11
-2.992645123025790235e+04 7.303958724435570584e-13
-2.992624082331576210e+04 2.795665724460454701e-10
-2.992617353385493698e+04 4.220359132632911490e-09
-2.992590079118445283e+04 1.469400640442705275e-09
-2.992572054866945473e+04 1.398071496956741495e-09
-2.992549043227169386e+04 4.168527866674862668e-10
-2.992530748042065898e+04 1.308970672071875486e-10
-2.992488377772657623e+04 1.700227554123317174e-10
-2.992449976837966824e+04 1.158401114929917696e-09
-2.992434996046368906e+04 4.546864879293480830e-13
-2.992407049880971317e+04 2.189503799518644121e-10
-2.992383411270100987e+04 8.424086639424499363e-10
-2.992351972962991204e+04 1.230389959914334441e-10
-2.992319121633184113e+04 5.011058244657876859e-11
-2.992298279778155847e+04 7.177325503478965248e-11
-2.992290001636551824e+04 2.396760043372463309e-10
-2.992253007994319705e+04 8.560507065114966316e-11
-2.992231203241954427e+04 8.924867042796442736e-12
-2.992192676562615452e+04 2.646849678920050401e-10
-2.992168310432590079e+04 4.424682223844562936e-12
-2.992147281869161816e+04 1.673426500397069624e-11
-2.992136615330680434e+04 1.737083229999148860e-11
-2.992106408358116460e+04 2.037562720163492338e-11
-2.992066300404390859e+04 3.537309374591009313e-12
-2.992048017585460912e+04 3.753690277671732885e-12
-2.992015842299353972e+04 6.292637525449733170e-11
-2.991989748955876712e+04 3.476784565546378830e-11
-2.991960300984277637e+04 1.592222519150777625e-11
-2.991930445809265075e+04 1.428137885999184180e-11
-2.991914760207023573e+04 2.135790199518884134e-11
-2.991850804848247571e+04 1.460008782818699260e-11
-2.991834112571062724e+04 9.838200837431045835e-13
-2.991787775379488085e+04 1.895218838711677236e-12
-2.991760907299420796e+04 2.732418335165017556e-11
-2.991718044441884194e+04 3.337118417112143489e-16
-2.991662921088625808e+04 1.280099457366847527e-11
-2.991660922922124519e+04 3.773723274777846340e-12
-2.991638856893736011e+04 2.227917481789371461e-13
-2.991598787538143006e+04 5.008980399147625222e-14
-2.991583941461911309e+04 1.463986109943116915e-11
-2.991521058365652061e+04 4.980515606923867810e-13
-2.991495915958938349e+04 2.124115781937308661e-13
-2.991475033042124778e+04 1.054886730394271047e-12
-2.991422284031623713e+04 8.734044254165853060e-12
-2.991414328412538816e+04 2.025288894026862676e-13
-2.991393057492301159e+04 2.238968401632708557e-13
-2.991306351045730844e+04 1.761717875675680216e-12
-2.991269083860688261e+04 2.623996486709495355e-12
-2.991238674071437345e+04 9.356050873613203030e-13
-2.991165599920804380e+04 1.878006470516137512e-13
-2.991153575526575878e+04 1.008378676431490931e-14
-2.991097354139375602e+04 1.804254937854132342e-13
-2.991073241964360932e+04 3.003952553817358653e-13
-2.991030740384681485e+04 3.117276830348776054e-14
-2.991008512837853414e+04 2.731658249761418164e-13
-2.990966479328874993e+04 1.926017017001193774e-14
-2.990936113314472459e+04 1.732917699244422044e-13
-2.990914606032391748e+04 2.356325010160478032e-13
-2.990865595073599252e+04 4.267144093433308719e-14
-2.990799148883803718e+04 6.512161403063022335e-14
-2.990740743548589307e+04 1.325733188890338125e-15
-2.990721216028255367e+04 1.039115311706596654e-16
-2.990705025308967379e+04 5.765128940780056013e-14
-2.990611214224207288e+04 5.310144479036615376e-15
-2.990588829287789486e+04 1.597604670532646174e-14
-2.990541252085726592e+04 6.916006213717426246e-18
-2.990499514469667338e+04 9.890422881345654329e-17
-2.990442169222103257e+04 1.237275668264600180e-16
-2.990366474254965215e+04 1.987087375409532436e-14
-2.990351801519413493e+04 7.531111872616887370e-15
-2.990316943427949809e+04 6.626887280113612917e-15
-2.990244828689490896e+04 6.752449033158743702e-16
-2.990209942623473398e+04 5.718757998353544174e-15
-2.990120702306348903e+04 2.306263501050265043e-16
-2.990088634470662873e+04 2.525296359863206883e-15
-2.990013883087590148e+04 2.097345315512944090e-16
-2.989901073368633661e+04 5.745704655140854677e-16
-2.989845241704208092e+04 2.592814348826568123e-17
-2.989811696385122923e+04 4.903273278078775438e-17
-2.989792133797419228e+04 1.138950358922189238e-15
-2.989701476379263113e+04 2.365039019862895233e-16
-2.989677728503565959e+04 1.697982313333155911e-17
-2.989659158927660246e+04 4.598656508970031822e-17
-2.989636435317952055e+04 1.693238271322467863e-17
-2.989584598751699741e+04 4.869863838457660364e-17
-2.989520305871301389e+04 1.576349621662405569e-19
-2.989421488903382851e+04 2.747788586099729883e-17
-2.989384231464551340e+04 3.738497166504607416e-19
-2.989339911748354280e+04 3.824237309799941379e-18
-2.989238987852665014e+04 1.554885748018172528e-17
-2.989100978264189325e+04 6.077599660893106391e-19
-2.989031599502065365e+04 1.108092816954905729e-17
-2.988969104079497265e+04 5.336943226121056908e-18
-2.988931869476338761e+04 1.581120684849780400e-18
-2.988838946869786378e+04 8.076862465616342039e-19
-2.988761871748207341e+04 8.850888893374097811e-20
-2.988622541046025435e+04 1.014252062413039275e-20
-2.988568868415660836e+04 1.078052619009535582e-18
-2.988426867498087813e+04 6.168518593850109095e-20
-2.988253439814342710e+04 8.117637300129965765e-21
-2.988184245092282072e+04 1.011896672530342878e-21
-2.988175249039473783e+04 1.026422063815212070e-19
-2.988089567778397395e+04 1.933445210539183208e-20
-2.988032445867400747e+04 1.129201783018484234e-21
-2.987866568504933821e+04 4.580845548175040430e-23
-2.987799414280120982e+04 1.149358668859020598e-21
-2.987742324108137473e+04 8.624323998243881402e-24
-2.987620958158825306e+04 1.731168646175105010e-21
-2.987536339843719907e+04 1.017039106089995955e-21
-2.987366439417180663e+04 1.956892835143785145e-22
-2.987232096177653511e+04 7.197200772231224993e-22
-2.987140060277470184e+04 1.703292332641143903e-23
-2.986650464002236185e+04 0.000000000000000000e+00
-2.986629485296313578e+04 0.000000000000000000e+00
-2.986486793524812310e+04 0.000000000000000000e+00
-2.986404261806450086e+04 3.702286755531365748e-24
-2.986374873217356799e+04 0.000000000000000000e+00
-2.986332428144901496e+04 0.000000000000000000e+00
-2.986187859224051135e+04 1.011181007369102523e-24
-2.986078799514410275e+04 0.000000000000000000e+00
-2.985380054503990323e+04 0.000000000000000000e+00
-2.985282895714962797e+04 0.000000000000000000e+00
-2.985096236527909423e+04 0.000000000000000000e+00
-2.985030630717448366e+04 0.000000000000000000e+00
-2.984079538720275377e+04 0.000000000000000000e+00
-2.984010808888452448e+04 0.000000000000000000e+00
-2.983458107535538875e+04 0.000000000000000000e+00
-2.983419901949987616e+04 0.000000000000000000e+00
-2.982567385507907602e+04 0.000000000000000000e+00
-2.982521903271838164e+04 0.000000000000000000e+00
-2.980646460875812409e+04 0.000000000000000000e+00
-2.980619762486064428e+04 0.000000000000000000e+00
2.999970491703259177e+04 8.522520671526644342e-20
2.999973892110680754e+04 7.663146082784421986e-22
3.000122606147843908e+04 3.173751231446369000e-17
3.000126898984183208e+04 2.936479123995209180e-17
3.000228370377405372e+04 1.296069863754143548e-17
3.000233952148635217e+04 4.170515714664610023e-15
3.000303064765356248e+04 2.609991751541854155e-14
3.000311850855343073e+04 9.505399321958123478e-15
3.000351597228160608e+04 1.052270674690505738e-13
3.000369293027385356e+04 1.555407254868010675e-13
3.000393501696757812e+04 5.394057091451562109e-15
3.000415264308031328e+04 4.315102228918967104e-13
3.000423068959398370e+04 3.568112125976048846e-15
3.000435588011779328e+04 3.423868025074544807e-13
3.000448379967290748e+04 6.209707176239626162e-14
3.000469223951123786e+04 5.433958023198860737e-13
3.000484986650721839e+04 3.847774007828188273e-13
3.000497633148713430e+04 2.643341592268118286e-12
3.000528707672858582e+04 4.898531721081972914e-12
3.000548730814402734e+04 7.196819130779579071e-14
3.000561667184236285e+04 4.634305121336738451e-12
3.000596104490496873e+04 2.073567315135066319e-12
3.000603291972196166e+04 6.796081075872654565e-14
3.000650142764013435e+04 6.266218230565200193e-14
3.000736873138049486e+04 2.501411507258582411e-15
3.000825828446396554e+04 1.660623030823479435e-14
3.000836189552624273e+04 5.599649278856266976e-16
3.000847486946661957e+04 2.187555245723484354e-14
3.000912742470169178e+04 3.231525298122574876e-16
3.000922357354885025e+04 8.837537491927114307e-17
3.000947475095455957e+04 8.671873621765676972e-15
3.000956124169133909e+04 4.493635700910251976e-16
3.000977122919990143e+04 6.155961569341926691e-14
3.000986679197378544e+04 1.520748603818623194e-11
3.001000607464501445e+04 3.096585422355177809e-14
3.001022285755166013e+04 5.003882160638613518e-13
3.001042716334240686e+04 4.672252274860404092e-12
3.001044852488513789e+04 8.383106811159393055e-12
3.001055249617075606e+04 1.342608146901829926e-15
3.001063396176218157e+04 2.336007102716924443e-11
3.001073987724958351e+04 6.578653464818263355e-11
3.001087166327087471e+04 6.487950626480260137e-11
3.001112628732874873e+04 3.602864801342964441e-11
3.001114296668879615e+04 4.651673484787359836e-12
3.001140487949755698e+04 8.488979921075420178e-12
3.001157412558016586e+04 2.400818364211374224e-14
3.001173796197063712e+04 9.181881287813122582e-14
3.001228884582274623e+04 1.472254119785822651e-12
3.001271655199466477e+04 7.427958005208620096e-14
3.001303966727544321e+04 2.516535260808151287e-13
3.001371087796357460e+04 3.977262562363115275e-16
3.001389603837654431e+04 8.269797079820946846e-15
3.001463138089065251e+04 1.129552601111262682e-13
3.001489584140563238e+04 7.891581940112382274e-13
3.001503220281819813e+04 7.803067844284519465e-11
3.001549889588279984e+04 2.117896678126720177e-14
3.001597718594290927e+04 4.977327973651211531e-12
3.001602664489932067e+04 5.320549953116663990e-11
3.001639327058009439e+04 1.451665064568895176e-13
3.001687413392428061e+04 3.533166780159081140e-10
3.001695642490726095e+04 5.933816709644074899e-11
3.001741184642222652e+04 6.185030025103304241e-12
3.001757975164923118e+04 1.131956539696550427e-09
3.001780340329092724e+04 1.742208213269753804e-11
3.001808318808807962e+04 8.930505634441708406e-11
3.001819741976905425e+04 1.038780255265189670e-12
3.001826623911757270e+04 7.645782861150758842e-11
3.001845616997377510e+04 1.257557347118156596e-13
3.001855222307944859e+04 1.021031872323221919e-10
3.001875933849099965e+04 4.041281186118001038e-11
3.001892321644181357e+04 1.015829246944378419e-10
3.001912203569377380e+04 1.274002204146803027e-11
3.001926572747642422e+04 1.413422703229286568e-11
3.001958472570766753e+04 1.461114635060097724e-10
3.001979845876339823e+04 1.274799894528486180e-13
3.001992093072049829e+04 5.270599411904464535e-12
3.002005436500248470e+04 5.469709686968554891e-09
3.002019324708498607e+04 5.949958772375546963e-11
3.002035994855000899e+04 2.945710961360496876e-11
3.002068793766176168e+04 3.833785766597021073e-11
3.002087243339764245e+04 1.929359376618605114e-13
3.002110560390559112e+04 3.536153481556219790e-09
3.002117765451885134e+04 6.770370411287885189e-11
3.002126919482013545e+04 4.706776089314370860e-11
3.002152995366174946e+04 1.428630934129969833e-13
3.002186634330566449e+04 2.292598861672270628e-10
3.002210532152057203e+04 1.049247037982129621e-08
3.002215731452087493e+04 2.789235989344534535e-11
3.002232360270747085e+04 4.735696935164349351e-11
3.002251038072173833e+04 9.025562776771617461e-12
3.002287591334148237e+04 1.048274813714939876e-10
3.002302446694654282e+04 1.678791427602691940e-09
3.002317791635241883e+04 2.294680675743201481e-14
3.002338780566442802e+04 4.408905798089211210e-12
3.002357101432786658e+04 2.158864370360403219e-13
3.002374571857427509e+04 6.607193450984447007e-11
3.002384363845076223e+04 3.371976032843525140e-10
3.002419364345914073e+04 3.632156276950013686e-12
3.002437733867756106e+04 1.748391752504023081e-11
3.002453486955595872e+04 8.259756266947122603e-10
3.002481360449690328e+04 5.490137889262203547e-12
3.002490979715909634e+04 2.628291104464391237e-11
3.002505953954016513e+04 9.702912364137797756e-08
3.002514296914310034e+04 1.161485752626986222e-10
3.002521937705199525e+04 6.327685530753213132e-12
3.002541207119019600e+04 1.557919741912040568e-12
3.002563654393021352e+04 3.275244134507243229e-11
3.002598864734007657e+04 1.272349963837354499e-11
3.002603680946279565e+04 2.549966349267332020e-10
3.002613884204060741e+04 1.617249262289928991e-08
3.002623680485204022e+04 2.872959632235351740e-12
3.002627529320930626e+04 9.178426024408898094e-12
3.002634869353959584e+04 1.968301735244604290e-11
3.002658389620111848e+04 1.198967270748419820e-12
3.002664665630559466e+04 7.902932440416452971e-13
3.002681858834579180e+04 4.452706829413769612e-12
3.002694120927169934e+04 2.177737580216238588e-13
3.002716058029560736e+04 4.109613561099879210e-11
3.002719691587166744e+04 1.898735035354080358e-09
3.002726116646220180e+04 6.784580761346872372e-11
3.002753458909641631e+04 2.353542688460897616e-17
3.002761562511268858e+04 4.305991934186355885e-11
3.002763475045842279e+04 2.048156656040026954e-13
3.002788498612914191e+04 1.948015256525072189e-12
3.002811403095209971e+04 2.182093268638503567e-10
3.002822306152508099e+04 4.837740959308248728e-09
3.002823578315539271e+04 8.193235849268287623e-12
3.002844461769019472e+04 7.355270625703358519e-11
3.002869882930467429e+04 5.469018365767264585e-13
3.002885425066655807e+04 5.802725391130170993e-13
3.002906763392877474e+04 1.646358382349567766e-10
3.002919140623523708e+04 2.329533541188902114e-09
3.002930192835321577e+04 1.660666936415154509e-10
3.002948644056031844e+04 6.758061875912670875e-13
3.002972731204682350e+04 5.237054997212267892e-12
3.002985038623588844e+04 1.871040675683673771e-13
3.002996833891869755e+04 3.720834239156120632e-12
3.003005993596781263e+04 2.051305959538090576e-09
3.003006933705230040e+04 8.323239015842430929e-11
3.003014397885157814e+04 3.933658885372552803e-11
3.003034551199443013e+04 9.672706549133794796e-13
3.003076507060584117e+04 1.639164637218893560e-11
3.003089343401878068e+04 1.044439682206400173e-10
3.003098041167433621e+04 3.800458064034908619e-10
3.003106255595267794e+04 4.407832320868412917e-12
3.003114949291371522e+04 1.808720280259862121e-08
3.003129689110559048e+04 1.359999115240750074e-13
3.003147329416637513e+04 3.134407163782361128e-12
3.003169318869420385e+04 2.899246816540180802e-10
3.003183443286796683e+04 6.052982457955655962e-11
3.003190576549987964e+04 8.188032209479510273e-12
3.003211488471495613e+04 2.486554857706995202e-11
3.003223167001311595e+04 1.939361066147474933e-08
3.003240627345179382e+04 1.472965124317259386e-13
3.003248369899127647e+04 5.839226481618732508e-14
3.003266757874791801e+04 1.666246912622143768e-12
3.003284094809591625e+04 1.064986682178147328e-12
3.003298891589542836e+04 9.675909847200942410e-13
3.003305556793041978e+04 4.818678376395883129e-12
3.003325254008305637e+04 3.372167528516730575e-14
3.003329815825635160e+04 2.097512008880236286e-09
3.003347488853778850e+04 1.129570276106104799e-13
3.003361379995951938e+04 4.589437356084497810e-12
3.003374886169905221e+04 1.172190315935511361e-12
3.003395284257453386e+04 1.100749582372125712e-14
3.003413898911230353e+04 7.263092219429735842e-12
3.003419462365863001e+04 4.224510672989313486e-12
3.003435364475888127e+04 1.966501943742864669e-10
3.003447607659038113e+04 4.705075459833359321e-13
3.003463984735529084e+04 1.703862491215710371e-11
3.003486043296847492e+04 2.301489486047327388e-13
3.003500464057490899e+04 2.315047702004080658e-14
3.003506255468908421e+04 9.116701011518719811e-08
3.003507301354891388e+04 2.201093552222033815e-10
3.003526230420429420e+04 1.601983895614705199e-13
3.003534580593162536e+04 4.393826380529313100e-10
3.003556334668279305e+04 2.202307422705112216e-11
3.003563551961001212e+04 1.237337025041473693e-13
3.003584064781016423e+04 1.538601033316777521e-12
3.003594585155964887e+04 4.140955208816180849e-12
3.003615497931647042e+04 8.006534784112223625e-09
3.003628290027006369e+04 9.551100832465758288e-14
3.003632481209230173e+04 4.624953368553377516e-11
3.003646437689425875e+04 3.586495690190144479e-12
3.003661644647165667e+04 8.300593992292344595e-14
3.003684307120238736e+04 4.836848775466045627e-13
3.003692643323886659e+04 5.821209956193809190e-14
3.003709398129805413e+04 1.522925593597756671e-14
3.003722651351038439e+04 6.884643777897814052e-11
3.003725962948725282e+04 1.728497829008474759e-10
3.003735896487188438e+04 4.669730980686034979e-13
3.003761274382842021e+04 1.895065103582568277e-13
3.003770410020313648e+04 8.730260990267857728e-16
3.003782361518566540e+04 5.215323342621987064e-14
3.003805462797935979e+04 4.481848696523140720e-11
3.003816629046193339e+04 3.936177561144780911e-11
3.003834933476529841e+04 1.730472814730519393e-09
3.003841889326302771e+04 1.704457691039458047e-12
3.003863324834322339e+04 2.189961889511991450e-13
3.003881718880257176e+04 5.514119660873644717e-13
3.003891812349188331e+04 8.760995110484076367e-12
3.003910745217932708e+04 4.995792457695515554e-12
3.003943710089536398e+04 5.806120949640321705e-10
3.003950787319124356e+04 6.573137366804100317e-12
3.003961567624614690e+04 1.146289959033543996e-11
3.003974360425871055e+04 2.271724811995565660e-14
3.003980957041285728e+04 8.616517027438744553e-13
3.004006754719051605e+04 1.849835352431784039e-10
3.004016068708238890e+04 6.010757059393012328e-13
3.004030613329783955e+04 1.950448383409869260e-13
3.004049848832515272e+04 5.122021575398885151e-13
3.004053042825479861e+04 4.594217496890865930e-12
3.004065948541512989e+04 2.993040980105290487e-15
3.004092624273108595e+04 2.027038162199609556e-13
3.004110577288601417e+04 5.840267569358302043e-11
3.004117403006437962e+04 3.643565199210105156e-09
3.004128906101087341e+04 3.629609317359396835e-12
3.004142495670326389e+04 8.909627010904489581e-14
3.004154917309472512e+04 1.280619808721579662e-12
3.004167747849236184e+04 3.562389164545546520e-13
3.004188202692173581e+04 3.874427574072124419e-16
3.004193316452865110e+04 1.542255933534567215e-14
3.004213944485084357e+04 1.141981371475441503e-12
3.004221404103427631e+04 9.915107770626512403e-12
3.004228935060882213e+04 8.490347473969466516e-10
3.004240491847176963e+04 8.539385202545836635e-12
3.004256931856042502e+04 5.757280983638149028e-12
3.004263735608522256e+04 3.656848266319852537e-12
3.004284126097561602e+04 1.354490099921739812e-17
3.004308196964460512e+04 5.592241591601547720e-13
3.004338250576895371e+04 1.896737691793794123e-12
3.004340911744817276e+04 1.857475233921640051e-11
3.004352473793010358e+04 1.788120551870643533e-13
3.004360847577983077e+04 1.752801310785453220e-13
3.004374637032152896e+04 9.461070533739618105e-14
3.004379072737526440e+04 1.107358571033287576e-14
3.004418309168998167e+04 1.363831503968807407e-17
3.004436247940592875e+04 1.722617725173052186e-13
3.004450811304868330e+04 4.376577806982586838e-12
3.004455673500989360e+04 2.478711528477519114e-12
3.004460394849577642e+04 8.689128543326991044e-14
3.004480226937689440e+04 1.271096057668079538e-13
3.004497525649373347e+04 8.336425365533413883e-13
3.004508743138566933e+04 5.421545389430943679e-10
3.004519189371406537e+04 2.967173943273730211e-14
3.004548909612339776e+04 1.217672535982241263e-13
3.004550154953288438e+04 4.866726375471365854e-12
3.004567223197613203e+04 2.067254291879742329e-11
3.004581324377982310e+04 5.229640257493383693e-16
3.004590961749399867e+04 5.597223034314626561e-17
3.004599614537190791e+04 1.060004156717363410e-12
3.004622307084020940e+04 8.113092705140172895e-10
3.004628847856081120e+04 2.198870489145902918e-11
3.004636156667465548e+04 1.840128798476744266e-11
3.004648853142043663e+04 2.281106823823049969e-12
3.004678307583821152e+04 3.857374710994157726e-13
3.004689565240508091e+04 6.466781625854376829e-15
3.004701575430847879e+04 3.636239943747754416e-14
3.004715296278927053e+04 9.979480809400046584e-17
3.004730917603704438e+04 5.753947023399122214e-13
3.004738093182071316e+04 6.001201484911215050e-11
3.004743506035758037e+04 8.085271677153779696e-13
3.004758140435606037e+04 5.500212654009395458e-14
3.004785445191072358e+04 6.230016314739540048e-13
3.004792536341084269e+04 3.503583816757045926e-12
3.004802799498768582e+04 3.800170716764510021e-16
3.004814688838289658e+04 1.436678878939961273e-12
3.004840742471636986e+04 3.135805357744240172e-13
3.004853769046472735e+04 6.616672125479902415e-12
3.004873572590297408e+04 5.552180416259576721e-15
3.004880260549777086e+04 1.377784907397173965e-13
3.004901619674464382e+04 1.018880861718083509e-13
3.004903396352860000e+04 1.322490595301065422e-13
3.004933459896083878e+04 6.441297367444232722e-13
3.004938158635175932e+04 5.105233588086433749e-15
3.004971033722821448e+04 1.803774914366105685e-13
3.004972672206072093e+04 4.546924483148099745e-12
3.004978017317678314e+04 1.696163424425710647e-13
3.005006225694973182e+04 3.326123558601703664e-14
3.005012481052587100e+04 4.800424857586016074e-13
3.005019373115757844e+04 5.599530619678589629e-12
3.005022284574042351e+04 7.763462769425153160e-13
3.005032824415570576e+04 2.827269495274263889e-12
3.005039699240147820e+04 3.587723256410338991e-14
3.005089714977419135e+04 4.163399906200842512e-14
3.005092342640565403e+04 1.681570937651271512e-11
3.005104949577264779e+04 9.893631821879918907e-16
3.005110794913515565e+04 1.311961465664401705e-14
3.005122783346429787e+04 3.427047196305309262e-13
3.005130508266114703e+04 6.563156582884701066e-12
3.005138878733595266e+04 5.854376767369552984e-12
3.005147455428466128e+04 3.609337920277505583e-12
3.005184978301453521e+04 1.058785578734662956e-12
3.005204198010159962e+04 4.314873728212510601e-13
3.005211474974707380e+04 2.437471084675427347e-12
3.005225531716158730e+04 2.800462357932802739e-12
3.005248261383855424e+04 6.457916524227636840e-14
3.005252343058479528e+04 2.140983437788490786e-11
3.005269535185530185e+04 4.974889329155141023e-11
3.005272010114021396e+04 4.654159901780836227e-13
3.005283388723412281e+04 4.771425305750844072e-13
3.005306971588290617e+04 1.580012693449465088e-13
3.005340027397400263e+04 6.245203964469149494e-14
3.005348800901062714e+04 1.139028355407932312e-13
3.005354061802041178e+04 3.643004416383852208e-14
3.005367238660851217e+04 2.972491796027332447e-12
3.005371573963160336e+04 5.650355092200450155e-13
3.005388110856772619e+04 6.106434160318529685e-13
3.005395525172220368e+04 3.814929960472050811e-11
3.005435077053379428e+04 1.801907454875878306e-13
3.005453903098743831e+04 3.621761836181904591e-14
3.005464909635848744e+04 1.888605620281229441e-14
3.005470816019479025e+04 1.128549373757561912e-13
3.005480750845462535e+04 1.431782263386024186e-14
3.005493770689083249e+04 1.778717549353653213e-16
3.005499708678568641e+04 3.771511841636079460e-15
3.005525385013282357e+04 9.227793952431848862e-13
3.005535430209874539e+04 2.486316708466670726e-14
3.005546374654959072e+04 1.903630728706710277e-12
3.005549031961099899e+04 1.354125595748568453e-11
3.005583770865372571e+04 3.681551432739873369e-14
3.005600950371722502e+04 5.481157390020169540e-14
3.005606170911884692e+04 1.609307901767469728e-13
3.005618332892601393e+04 4.903921526374990810e-14
3.005638320711138294e+04 2.467194946047315857e-14
3.005644105800383841e+04 1.109842331647343321e-14
3.005658774375986832e+04 4.729229401460882237e-13
3.005671351259381117e+04 7.240038144858503145e-15
3.005692256837428431e+04 1.984568613340139945e-12
3.005701056757067636e+04 9.866050851492316661e-12
3.005712321602549855e+04 1.122164635243441381e-12
3.005731387457283199e+04 1.305573503248454598e-13
3.005755775173408620e+04 1.783798660130367705e-14
3.005760603550710584e+04 6.242464418500666100e-14
3.005783198795739008e+04 3.767652094435012154e-14
3.005797067940287525e+04 2.922208612964523945e-13
3.005823750090119574e+04 2.445186411190578357e-14
3.005836269642538173e+04 3.661776305041358830e-13
3.005851144157324961e+04 7.483254777619175701e-12
3.005860625724578858e+04 5.506760382979986326e-13
3.005872089051634248e+04 1.318490568425429852e-12
3.005898293278365963e+04 1.245155631438081815e-14
3.005905647642463009e+04 6.161564030588201456e-15
3.005921508919087137e+04 9.769589164601222223e-14
3.005929277848829224e+04 5.635486365271676217e-14
3.005956316579759005e+04 1.305830575491286849e-15
3.005965830837036992e+04 6.849029816002279354e-15
3.005983412110586869e+04 6.589938910620908424e-16
3.006002787160024309e+04 1.573652640011230848e-12
3.006008199353757664e+04 2.466095005654669377e-12
3.006028047714567583e+04 1.419629892265007029e-14
3.006048459819406344e+04 2.459261311982555022e-14
3.006056052130252283e+04 5.401293875571627964e-13
3.006071277903454757e+04 3.736190262996278385e-13
3.006082650059989828e+04 1.459829573459568725e-14
3.006098928042246553e+04 8.717777926414540696e-14
3.006138910342688541e+04 2.398166778046944349e-15
3.006153593945033572e+04 3.909514244991644467e-14
3.006158887517606490e+04 1.695381262460533138e-13
3.006164725715504392e+04 5.809846303347243361e-14
3.006188833189563957e+04 5.423873724336554999e-14
3.006195111148794604e+04 1.209299789890694985e-13
3.006207800204065643e+04 7.383665461738812675e-13
3.006238030144641016e+04 2.255922622205943223e-13
3.006245645512048213e+04 1.860750226905466766e-15
3.006280846484223730e+04 1.394911506535451852e-13
3.006309692519098826e+04 9.928315601175503149e-14
3.006315821889389190e+04 2.002761860753309831e-14
3.006328333215916791e+04 5.837151668499534784e-15
3.006347173389072486e+04 2.720761942322931358e-14
3.006369398872263264e+04 1.242830118712675737e-14
3.006378580604314266e+04 9.642140602739410387e-14
3.006385008434618067e+04 2.349237508688339302e-14
3.006395915085071465e+04 4.330275627699361784e-14
3.006427212830829740e+04 2.282415227020049522e-16
3.006464713162053886e+04 4.907674792638699780e-13
3.006471393730155614e+04 7.455684229818258162e-14
3.006489064318679812e+04 1.584856166364554733e-14
3.006502641342269271e+04 4.141027192843560396e-14
3.006513325212068594e+04 1.369031120317723391e-14
3.006537395347325946e+04 9.170806196102301684e-15
3.006551964560882698e+04 7.433012042058135034e-15
3.006582204541316241e+04 7.870491033325721253e-14
3.006593208962149583e+04 3.870697335216787547e-14
3.006621328743764025e+04 1.025356203737291622e-14
3.006638791329832384e+04 8.328303983180370495e-14
3.006648125840054490e+04 1.447245250062801156e-13
3.006650530699333467e+04 1.134415442454744235e-13
3.006671595934149809e+04 2.341196700021087103e-15
3.006706873776599969e+04 9.954996677969258301e-14
3.006748710673959795e+04 1.639470551337678901e-18
3.006771310458723747e+04 5.652971186891801865e-15
3.006777704961227937e+04 6.640690893680384872e-15
3.006786615744719165e+04 2.485062689292176511e-15
3.006787417616325183e+04 1.182632351364261829e-13
3.006802877587800685e+04 1.922438161367129151e-15
3.006847461889003171e+04 1.124531560905541791e-13
3.006873249640049471e+04 2.201833982231800110e-15
3.006903879096956371e+04 5.707037624434924749e-14
3.006931080983188076e+04 4.933061183147161488e-16
3.006939488501965752e+04 1.207466591357419010e-14
3.006951576227899204e+04 1.210973814060200320e-14
3.006994910733069628e+04 1.599281893397236865e-15
3.007011122360095396e+04 5.746461248517805173e-17
3.007029705732987713e+04 3.109770325494563707e-14
3.007065234698889981e+04 8.227647694479790323e-15
3.007069808534030744e+04 2.355888689292461294e-14
3.007078875895513193e+04 7.192728717762451128e-15
3.007099399368879313e+04 5.715124213482082225e-15
3.007134184133433155e+04 5.015174282609920496e-18
3.007166065158606943e+04 1.434200842376252287e-16
3.007195709677326158e+04 2.476007719380441160e-16
3.007222389746089539e+04 3.327964262666721381e-16
3.007232059499940078e+04 1.565727259768753476e-14
3.007250641983696551e+04 1.291707787296203893e-16
3.007272066520519729e+04 1.552299065425297762e-15
3.007282684194507965e+04 5.989022899563476038e-16
3.007305281774579271e+04 9.586741323056311638e-18
3.007380173908540746e+04 4.481410141924941065e-16
3.007388332253188491e+04 1.234266962299020321e-15
3.007393672126994716e+04 2.272378492118841278e-15
3.007422927805363361e+04 6.129341815115254539e-16
3.007443142758473186e+04 3.048552010912404253e-16
3.007467257764362148e+04 5.248477388932699057e-18
3.007490430735702466e+04 1.656288660743662069e-16
3.007526597230644620e+04 1.209565484586078840e-15
3.007560267059642865e+04 3.294604320860787707e-16
3.007583303337344478e+04 3.481524162147112007e-16
3.007605999741244887e+04 9.113048980313949843e-18
3.007627550634265936e+04 7.769613683067590112e-19
3.007666722303742063e+04 1.649118068374085805e-16
3.007693935401798080e+04 9.580698038690570983e-16
3.007716031037258290e+04 3.673295462584367918e-20
3.007722481297076592e+04 2.157406497468824824e-20
3.007763730085476709e+04 4.203867977074256978e-16
3.007794849999484723e+04 1.713715655900385794e-17
3.007820754267031953e+04 5.332559407735748051e-17
3.007852241630749995e+04 2.222824774685478951e-17
3.007877844853000715e+04 3.386990714201086572e-18
3.007886618848772559e+04 2.448171703684632073e-18
3.007903896247154989e+04 4.457225923424380500e-16
3.007951053105575920e+04 2.714500986297748844e-19
3.007966035328462021e+04 1.732724744347788208e-16
3.007997072946447588e+04 2.460514950637151383e-17
3.008027397609981563e+04 5.372010085251406823e-17
3.008053755076462403e+04 6.989394062383097540e-17
3.008086015111704182e+04 3.919354067006302350e-18
3.008101432754497364e+04 9.083683592942203661e-18
3.008166594091876323e+04 7.242982390760132633e-17
3.008175651646003826e+04 8.803577575739688550e-17
3.008230331560595369e+04 6.508309746620623330e-20
3.008248391948132848e+04 2.081195251415349503e-17
3.008296223226119037e+04 1.110749421117658200e-18
3.008354886744741452e+04 2.289287108223342727e-17
3.008360174008448303e+04 1.425375210280477179e-18
3.008375581219668311e+04 9.492318375956657190e-18
3.008415974641502180e+04 6.473798555154459289e-19
3.008426749750802992e+04 1.392456915792741943e-18
3.008501173860466952e+04 6.315558970062022708e-18
3.008519253557952470e+04 3.630373711261678663e-19
3.008541895648671562e+04 2.446827185003290353e-18
3.008585300945758718e+04 7.946349107524656278e-18
3.008607740921315417e+04 8.429007078963423239e-20
3.008616354243665046e+04 5.131511839500215781e-19
3.008706387492939393e+04 1.817464824658153646e-19
3.008741830397223748e+04 1.794172933209166789e-21
3.008772190492235313e+04 9.193740599767817343e-19
3.008852864195177972e+04 1.805276497932181081e-24
3.008865265033275864e+04 8.559754217086335928e-19
3.008916255485194415e+04 3.564396944640836474e-20
3.008941951979178339e+04 1.834442851293800540e-19
3.008987605675447412e+04 7.718167814149812736e-19
3.009004229292162199e+04 5.766226156468087902e-20
3.009047712393504116e+04 7.594066214904072110e-21
3.009080551831330376e+04 5.779694936583520199e-21
3.009103136266927322e+04 3.740265913468111177e-21
3.009148640780942151e+04 2.104024051604968164e-19
3.009222583369381027e+04 1.716859042185921585e-19
3.009279201168558939e+04 6.596222362114760280e-20
3.009295761750324164e+04 9.056147487141302113e-20
3.009310248283963301e+04 4.583874235381093033e-20
3.009403574541819762e+04 1.744060016517027321e-21
3.009436582171289410e+04 6.456912433746911824e-21
3.009468992288057780e+04 4.385068517759573456e-20
3.009516518864108002e+04 2.937783333634200753e-21
3.009571979609340633e+04 7.643369558256443366e-21
3.009645722339580971e+04 3.301344835088260413e-21
3.009659814227931201e+04 2.670186570485174424e-20
3.009692637782475504e+04 1.024056502947966647e-21
3.009767702001535872e+04 2.189070895097072498e-21
3.009802128640517549e+04 4.332841097282295990e-21
3.009899239641672102e+04 1.781863594578606495e-21
3.009924419098432190e+04 7.575814864649804389e-24
3.010003857391518977e+04 1.266113847153732565e-21
3.010127831864648397e+04 5.935522079004974994e-23
3.010181604571024218e+04 1.422400645856046313e-23
3.010199815671009128e+04 7.666219520742698650e-24
3.010217862778343260e+04 4.926382183448399914e-23
3.010316115509038355e+04 1.018770752407749359e-22
3.010337954322875885e+04 1.998692061527934021e-22
3.010357969548166147e+04 5.989701419729876857e-23
3.010381075475179387e+04 3.186988372591750420e-22
3.010427159007052251e+04 1.018789574979451431e-22
3.010501983169128289e+04 9.094342482406084211e-24
3.010591218498060334e+04 5.515807416998808550e-23
3.010633702586577783e+04 9.302094778898068516e-24
3.010674238214365323e+04 5.497524329156867451e-24
3.010777415757644849e+04 1.673564199007404216e-24
3.010923164580460798e+04 0.000000000000000000e+00
3.010977003037055329e+04 2.796335756356618389e-23
3.011043366403653999e+04 0.000000000000000000e+00
3.011081674593746357e+04 0.000000000000000000e+00
3.011174768625777870e+04 0.000000000000000000e+00
3.011246868856493165e+04 0.000000000000000000e+00
3.011397441718378832e+04 0.000000000000000000e+00
3.011443288214525819e+04 0.000000000000000000e+00
3.011593077666007957e+04 0.000000000000000000e+00
3.011760232744017412e+04 0.000000000000000000e+00
3.011825878737762469e+04 0.000000000000000000e+00
3.011835009304744381e+04 0.000000000000000000e+00
3.011923163176423986e+04 0.000000000000000000e+00
3.011990551006045280e+04 0.000000000000000000e+00
3.012161333233279947e+04 0.000000000000000000e+00
3.012212975282406842e+04 0.000000000000000000e+00
3.012267828490815373e+04 0.000000000000000000e+00
3.012388624660908317e+04 0.000000000000000000e+00
3.012482408905367993e+04 0.000000000000000000e+00
3.012648253324781763e+04 0.000000000000000000e+00
3.012778035401909437e+04 0.000000000000000000e+00
3.012876876972685932e+04 0.000000000000000000e+00
3.013376643566047642e+04 0.000000000000000000e+00
3.013397281954467326e+04 0.000000000000000000e+00
3.013531163480184841e+04 0.000000000000000000e+00
3.013603307976428550e+04 0.000000000000000000e+00
3.013636659579625848e+04 0.000000000000000000e+00
3.013687611478525650e+04 0.000000000000000000e+00
3.013825706446603726e+04 0.000000000000000000e+00
3.013936220511355350e+04 0.000000000000000000e+00
3.014631260823400589e+04 0.000000000000000000e+00
3.014728068132939006e+04 0.000000000000000000e+00
3.014921705885755000e+04 0.000000000000000000e+00
3.014986539664721931e+04 0.000000000000000000e+00
3.015929667366427748e+04 0.000000000000000000e+00
3.015997232590938074e+04 0.000000000000000000e+00
3.016565175453378833e+04 0.000000000000000000e+00
3.016602526946772196e+04 0.000000000000000000e+00
3.017441717820501071e+04 0.000000000000000000e+00
3.017486359618648203e+04 0.000000000000000000e+00
3.019363023137864002e+04 0.000000000000000000e+00
3.019389195790244776e+04 0.000000000000000000e+00
