-2.999998978421885477e+04 1.539554114759546902e-14
-2.999995526498388426e+04 2.197058245026372024e-14
-2.999855937457850087e+04 4.868262468404657696e-15
-2.999851716775611567e+04 1.992752069231041219e-11
-2.999761876667639444e+04 5.430918196669443852e-10
-2.999756591387257504e+04 4.441712318580587826e-11
-2.999712568794604886e+04 9.870983611226513551e-10
-2.999691923860054521e+04 7.409477261723271298e-09
-2.999667103088594740e+04 1.313677371583165610e-09
-2.999640192151459996e+04 2.220439440350390216e-08
-2.999633188537726528e+04 5.013087533626225092e-11
-2.999616109337939270e+04 9.246165312731836563e-08
-2.999592236668075202e+04 6.655724739113989546e-10
-2.999571152038795117e+04 2.972811895305831299e-07
-2.999550289670748680e+04 4.248901770020141998e-08
-2.999544140280338979e+04 2.792756429374710956e-07
-2.999518924345112464e+04 5.312938137597569349e-09
-2.999506234785568813e+04 3.185676776825169793e-09
-2.999487318090260669e+04 5.137643238673362486e-07
-2.999467095657124446e+04 2.480114012533114384e-08
-2.999453081833282340e+04 9.897368911220639249e-07
-2.999416807318391147e+04 6.329736392913160195e-07
-2.999411261317161188e+04 4.658547225344625520e-08
-2.999330699412005197e+04 4.755718408399205278e-09
-2.999238248886726433e+04 4.952513896585876847e-09
-2.999180738789109091e+04 5.500843908915266205e-10
-2.999174892482586438e+04 1.951080079725779279e-10
-2.999139210910542170e+04 2.318170947408426558e-09
-2.999131958229668089e+04 6.080917588471222519e-09
-2.999105913940804749e+04 3.159243722532950692e-12
-2.999078249880827570e+04 1.243962879003994742e-10
-2.999050408102541769e+04 2.570283830430831791e-11
-2.999030821735560676e+04 1.710014860909497192e-09
-2.999022155307761204e+04 2.838522673689598114e-09
-2.999016530377839081e+04 5.521319028953836991e-06
-2.998996992885672807e+04 1.257191545843602136e-07
-2.998973449145820268e+04 2.746065916900575991e-09
-2.998958351715460594e+04 1.552509411863739512e-06
-2.998952625925107714e+04 2.951190950354937090e-06
-2.998935627568147174e+04 1.649610878997188299e-05
-2.998926573736733917e+04 4.032295667206919112e-06
-2.998917822225971031e+04 5.136210368774373161e-06
-2.998912043224487206e+04 1.400889182601687504e-05
-2.998884293929584965e+04 4.679258538619382232e-06
-2.998874525763208294e+04 9.767629252781448564e-07
-2.998830107337731533e+04 2.016457506291344074e-06
-2.998808697039434264e+04 1.880457846983901415e-06
-2.998757370640410591e+04 1.170315801457601399e-07
-2.998714254941665058e+04 1.138796973568789299e-08
-2.998679607156502971e+04 1.910555686885544939e-06
-2.998619575218949103e+04 4.157883561038597504e-07
-2.998591481957062933e+04 1.827930524085130072e-06
-2.998530824376194141e+04 2.814824580670141425e-08
-2.998500301805180789e+04 2.479424287639807057e-05
-2.998490642266327268e+04 3.521021770068455007e-07
-2.998445413442014615e+04 9.105140125025757895e-07
-2.998401986950019273e+04 4.696605466699977889e-05
-2.998388722276287444e+04 1.487441391403916509e-08
-2.998352912561393532e+04 6.104347711942955305e-07
-2.998315921539401097e+04 3.502178060223392025e-04
-2.998301294753112597e+04 1.682209661398274006e-05
-2.998251442524614322e+04 1.492710082516856857e-05
-2.998244528602876744e+04 3.618678713124445952e-04
-2.998216420157657922e+04 2.758601975233058796e-06
-2.998192210432394495e+04 4.193909089167391357e-05
-2.998175214697777847e+04 1.767980772702125702e-07
-2.998168633032864454e+04 2.675616820771021100e-05
-2.998156230625114767e+04 5.743840861059379399e-06
-2.998142540626634946e+04 4.577333432119266149e-05
-2.998119824230367522e+04 1.661976111904846785e-05
-2.998100635565928678e+04 1.185853003052878396e-05
-2.998089287256477837e+04 9.700168074971563910e-08
-2.998078496102300778e+04 2.986974519345068294e-05
-2.998037701491747066e+04 1.581794922096524150e-05
-2.998024378650313520e+04 4.601015000690459611e-06
-2.998007423633598955e+04 4.210589823595506519e-06
-2.997998009900193574e+04 1.229991090115705115e-05
-2.997986062581040096e+04 1.318107661919746867e-05
-2.997955471700871203e+04 1.338920386342097601e-06
-2.997946018400132380e+04 7.843205899161965450e-06
-2.997914958110329462e+04 5.100219900677194027e-06
-2.997893644088826477e+04 1.131841403956076022e-03
-2.997885780383024758e+04 1.891558636459924096e-05
-2.997872377482390948e+04 1.493306305044120995e-05
-2.997859452043914280e+04 8.904691825467623115e-07
-2.997812928088855915e+04 1.146722051697395106e-05
-2.997797806018570918e+04 3.001497702806245923e-04
-2.997793124867151710e+04 9.244037833304140622e-04
-2.997770125485772951e+04 9.444176719851314100e-10
-2.997761339619435603e+04 2.275192283110049975e-05
-2.997707644386863103e+04 1.370654898791379877e-03
-2.997703694965070827e+04 1.473378799137120857e-03
-2.997698787478989470e+04 9.670531331149235426e-04
-2.997669294646982235e+04 1.806872457607647194e-06
-2.997658830165960899e+04 1.457514301570752946e-06
-2.997627540021202731e+04 3.922029415996734048e-05
-2.997621825680666007e+04 1.746380135665007779e-04
-2.997591218137368560e+04 1.591864276375026552e-06
-2.997571553253659658e+04 1.921702525615690207e-07
-2.997551843948716123e+04 1.777041035108180274e-06
-2.997545066074300121e+04 2.216830864655149164e-07
-2.997515988458699212e+04 2.995442409353959548e-06
-2.997497535821542988e+04 1.627326725960319409e-02
-2.997493904398083032e+04 2.531028741614494478e-04
-2.997484674616684788e+04 9.096575437286611571e-05
-2.997467912040604642e+04 6.532200327729961059e-07
-2.997441110104276231e+04 2.949577029046919797e-05
-2.997421825737645850e+04 1.260185468687985433e-08
-2.997401910958632652e+04 4.112542331395067810e-04
-2.997394506799545343e+04 4.363247515879759703e-04
-2.997390473442407165e+04 4.218940911615268879e-02
-2.997376246260164771e+04 6.604331188250658728e-06
-2.997369049255263235e+04 2.977221004513719993e-05
-2.997361456733342493e+04 4.558059133525305473e-08
-2.997344563814012872e+04 9.089102981104899579e-06
-2.997336265570482647e+04 9.291230682814116119e-09
-2.997307564943765829e+04 1.839969548404969983e-04
-2.997298928336980680e+04 1.270479760020309359e-05
-2.997287693585548186e+04 1.422887318767667060e-03
-2.997285303212705912e+04 2.475887675951733355e-02
-2.997282095569818193e+04 7.078381280077882020e-04
-2.997249795053813796e+04 3.345160783723358414e-06
-2.997237205767159685e+04 2.836419923648692158e-06
-2.997223520903061217e+04 7.106329931853482351e-07
-2.997211292565878466e+04 2.367571916588261506e-09
-2.997203831745832213e+04 1.461526712349987048e-06
-2.997183631531381252e+04 2.350553006025617482e-05
-2.997159720918671519e+04 6.472402880644987141e-06
-2.997151317982084583e+04 1.126202765569222494e-05
-2.997125168687936093e+04 1.033323469533107742e-06
-2.997109215522468730e+04 1.250074845010933947e-06
-2.997097401883526618e+04 1.887342022670622632e-05
-2.997087752417925003e+04 5.535322919610894451e-04
-2.997080271137672753e+04 7.518956279933827563e-05
-2.997055747566451828e+04 2.144130196489280396e-08
-2.997051472890008517e+04 1.046983545379719509e-05
-2.997010557707617045e+04 1.162415129030253194e-05
-2.997003252763876662e+04 1.917031017918798420e-03
-2.996997409576052814e+04 8.352336256488057664e-01
-2.996994167348440169e+04 8.530099242373070587e-03
-2.996979105794424322e+04 1.369391173479943508e-06
-2.996948405900941361e+04 1.670276737857505471e-07
-2.996927379744026257e+04 1.293668486373656756e-06
-2.996913453049100644e+04 2.143599708403548163e-05
-2.996902545634389389e+04 3.168574737867721920e-06
-2.996889519000474320e+04 1.262906704354827773e-04
-2.996889194279158983e+04 3.290688800031193393e-05
-2.996880998201698822e+04 7.788798038034789867e-08
-2.996847908303618169e+04 4.568838246074404669e-07
-2.996838292283233750e+04 2.548802776030072514e-05
-2.996833762899828434e+04 3.363101609046700239e-05
-2.996810968001684523e+04 7.011785153697681738e-06
-2.996798120194956937e+04 1.919658388731075144e-07
-2.996782092714097234e+04 2.531773083607004749e-03
-2.996768517783718198e+04 2.626340040714760933e-05
-2.996760596464420087e+04 1.479779013210463081e-05
-2.996748730686002455e+04 4.038382645966757448e-06
-2.996719800228729946e+04 7.067877532826014749e-09
-2.996703187442954368e+04 5.760972097400577431e-06
-2.996701955450073365e+04 6.165231523930155219e-07
-2.996692122025031131e+04 7.636916722527686686e-08
-2.996676158843548183e+04 5.199818387159353336e-03
-2.996650540177257790e+04 1.714212135194616736e-06
-2.996640345250885366e+04 5.533045002957184274e-06
-2.996615321581995886e+04 1.072016007451307950e-07
-2.996603735867722207e+04 4.776856705964675658e-08
-2.996594301466898833e+04 4.267205451992116948e-06
-2.996581506911095858e+04 1.652631549675948611e-05
-2.996571006075812693e+04 2.928608125147086566e-04
-2.996555332429608825e+04 8.292227082698651597e-08
-2.996542892408543048e+04 1.430663577339240770e-10
-2.996529976328075645e+04 4.279484329162000368e-08
-2.996498342302378660e+04 4.743892783403667472e-05
-2.996497231931803617e+04 1.377135429948381923e-02
-2.996483292576546228e+04 3.615849498216331210e-07
-2.996472225941936995e+04 1.571407494510408689e-05
-2.996472140377801406e+04 2.288682981689225830e-06
-2.996452217222909894e+04 2.942142910199008142e-07
-2.996438260484419152e+04 1.184361526878930476e-10
-2.996410138249690863e+04 2.318875057989189879e-05
-2.996388886864578672e+04 2.956486221079214147e-02
-2.996386478427641487e+04 1.255308609658472804e-04
-2.996375182545930875e+04 1.880199641347791605e-06
-2.996366988180475164e+04 6.931211422189681966e-06
-2.996352984196232137e+04 8.085766062529323247e-07
-2.996342640389695225e+04 2.371440173069575978e-08
-2.996338051428099061e+04 9.586487162410497378e-11
-2.996320198806214103e+04 3.781806190936643055e-08
-2.996292947618924882e+04 2.985587566585318878e-07
-2.996284220548673693e+04 2.672373541010893551e-04
-2.996279705207247389e+04 1.557385392705877905e-03
-2.996259581758097920e+04 1.799420435898491885e-06
-2.996241455153644347e+04 1.055451236948444842e-06
-2.996229656487386092e+04 1.448043887246091241e-06
-2.996210686248390994e+04 7.972471368686992649e-07
-2.996197784030428375e+04 1.522690823313429238e-05
-2.996184586357355147e+04 1.065245650519024001e-07
-2.996171230624138479e+04 2.871299338889622644e-04
-2.996152668117702706e+04 1.046961362625145589e-07
-2.996126593334604331e+04 2.024730592359805067e-06
-2.996117118478610064e+04 7.756586143366673588e-06
-2.996098875402826161e+04 1.447259342711302481e-06
-2.996067923311892446e+04 7.517847453884798885e-07
-2.996063286484147102e+04 1.158256099132361639e-04
-2.996061733889668176e+04 5.986253191389285649e-07
-2.996053620837847848e+04 1.792320178040912653e-06
-2.996034024382340067e+04 1.377283698774235418e-06
-2.995996739903608250e+04 1.019968346886877299e-03
-2.995989365960728173e+04 2.702159692721282217e-10
-2.995979729043093903e+04 3.858551055265537107e-07
-2.995960502744909172e+04 2.173488213630196687e-06
-2.995958576390210146e+04 1.743640117854538787e-05
-2.995955522455904429e+04 6.014814328123010235e-05
-2.995938611545150707e+04 1.095336058940220014e-09
-2.995896845743404265e+04 1.269812045671933945e-05
-2.995891974885316449e+04 3.219925983285775909e-05
-2.995886950334336143e+04 2.567822197669104162e-03
-2.995862959003672950e+04 1.843025701029070994e-07
-2.995859072667835790e+04 6.284444665398434186e-06
-2.995849439290438022e+04 8.268543267635827236e-07
-2.995826284462200420e+04 4.518885048157429991e-07
-2.995821851790805886e+04 9.101285922452356644e-07
-2.995818820887314359e+04 3.203090939137669339e-08
-2.995793978979274107e+04 1.480552282316954196e-06
-2.995776431775527453e+04 1.940297791084042518e-04
-2.995765194190532566e+04 9.570305742612854958e-09
-2.995751105010825268e+04 4.427248678235571209e-07
-2.995745346679367140e+04 8.324610804985034844e-07
-2.995740105416548249e+04 2.401342842975567743e-08
-2.995704084341847556e+04 7.737145486862450950e-08
-2.995676756599861255e+04 6.882469593438155624e-07
-2.995666055404796498e+04 3.856425441330710782e-06
-2.995665262135689773e+04 1.017491608533573310e-04
-2.995648708168684607e+04 1.689829247718790101e-07
-2.995635120227769949e+04 1.359127282461112911e-12
-2.995633747354247680e+04 1.412947931597170743e-07
-2.995598269353956493e+04 7.721870030562798490e-08
-2.995585218700208497e+04 4.929627143037973563e-09
-2.995559619671514884e+04 6.137483020871087757e-06
-2.995555288550355544e+04 2.198918234433492932e-05
-2.995549140097728741e+04 1.671690721604877884e-05
-2.995540195875243808e+04 6.724720539436511584e-08
-2.995516061767519568e+04 1.253780844252516865e-07
-2.995496662031071173e+04 3.395694262465067956e-08
-2.995494764011351799e+04 9.005904967352626011e-08
-2.995463734563545586e+04 2.176937459858355400e-08
-2.995458805255303741e+04 4.294078257153414083e-06
-2.995447047392460081e+04 1.569481248133412053e-06
-2.995439914777923332e+04 1.681450496707461643e-05
-2.995429690323438263e+04 3.875178824866141797e-08
-2.995420408846696955e+04 2.354452505027459165e-06
-2.995398714009578907e+04 5.748125096784657071e-07
-2.995382283795074181e+04 2.896009682919427667e-04
-2.995373620021897295e+04 1.538382697737277234e-05
-2.995360960710554355e+04 1.848871449249555891e-06
-2.995338053915949058e+04 9.763307160727409775e-07
-2.995327954262704952e+04 6.191916317117864172e-07
-2.995321495924453120e+04 7.762703133665145239e-09
-2.995307058875965231e+04 4.019927879335296358e-07
-2.995287698726365488e+04 4.182761573990645950e-06
-2.995272988692900617e+04 2.474195192158883867e-05
-2.995267053679408491e+04 3.842855301295693637e-04
-2.995255888996270369e+04 4.247128816056858155e-11
-2.995236667110744384e+04 7.814574298911978029e-08
-2.995217357908135818e+04 1.144951358581353594e-07
-2.995216411683332990e+04 2.899683374281038166e-08
-2.995200922650193024e+04 8.986955046814411726e-08
-2.995175308498593586e+04 2.031827085065370248e-08
-2.995157625192327396e+04 5.401989823576838060e-06
-2.995152112809769824e+04 5.426759444542869984e-05
-2.995136114007942888e+04 3.732352940356771982e-06
-2.995108363034837748e+04 2.393852375484122314e-06
-2.995105804430855278e+04 7.197149315557715867e-07
-2.995087916442183268e+04 1.294388733231767797e-07
-2.995081864941185631e+04 9.121643332084980383e-08
-2.995068409745864119e+04 1.606953260460859463e-08
-2.995053823971722159e+04 3.246006062084046057e-12
-2.995035004127823413e+04 2.564221972702966223e-07
-2.995013460520994340e+04 6.040236393101321373e-08
-2.995005644469250910e+04 3.174449369064261307e-07
-2.994999522392251674e+04 2.301882960797005018e-06
-2.994989729801509020e+04 1.060659249968753179e-05
-2.994983700454207428e+04 3.500147799731520375e-05
-2.994978647196160819e+04 5.239927813255470005e-07
-2.994931271607417148e+04 1.952600643301062526e-08
-2.994924866107542402e+04 4.520147483968328670e-11
-2.994916227973838977e+04 2.996539560549573400e-10
-2.994904688548636113e+04 6.171519023159832403e-08
-2.994895753992727623e+04 3.199982100176695823e-08
-2.994889721694920081e+04 6.446416691623452993e-07
-2.994874471305712359e+04 4.285654919893827230e-06
-2.994860887709775488e+04 3.631874141970652678e-05
-2.994842451623745728e+04 5.309986328259956044e-07
-2.994822442442957981e+04 2.644255005487866190e-08
-2.994800455711731774e+04 4.652872308822822398e-07
-2.994788931766409223e+04 7.782432457869210089e-07
-2.994769530685124482e+04 2.714949025050286085e-09
-2.994761562859804690e+04 9.863080541281188194e-08
-2.994759040833120889e+04 5.566440796716632857e-08
-2.994743710107638253e+04 7.419119735117501631e-07
-2.994737925433941928e+04 1.164667625211858679e-05
-2.994719865980124814e+04 6.286732213458380913e-09
-2.994684188905743213e+04 5.918422244981335302e-08
-2.994671022321576675e+04 9.618158672634903063e-08
-2.994664395901302851e+04 3.771114687409761617e-07
-2.994656004100191058e+04 1.109731621747336483e-08
-2.994646208028826368e+04 1.101228292799598539e-06
-2.994628600862358144e+04 6.860885824847897146e-08
-2.994613848385307574e+04 5.960442840963950077e-07
-2.994589706594324161e+04 1.063759528322593348e-09
-2.994577833072620706e+04 1.149909961802737037e-07
-2.994556257842272316e+04 5.514456005012357219e-08
-2.994550666851963979e+04 1.724521386939051256e-07
-2.994542526435758919e+04 1.848447470468768694e-09
-2.994535497685256269e+04 2.118250296358476010e-07
-2.994518888268125011e+04 5.463449370821977938e-07
-2.994486818634837982e+04 5.010454384214879604e-07
-2.994484805073968528e+04 2.695347878063681721e-06
-2.994478688822671029e+04 5.979002886779980063e-07
-2.994456752154062997e+04 1.875625352017076126e-07
-2.994437186640018626e+04 1.673272218185501486e-08
-2.994431355721683940e+04 1.059177750902303835e-07
-2.994413440405591609e+04 8.963793001436648203e-08
-2.994399195401577163e+04 7.589731262922308170e-09
-2.994383701530106919e+04 8.676547852609035484e-13
-2.994380162223981824e+04 3.129545349399874571e-08
-2.994362981508188022e+04 2.843599717406793305e-09
-2.994353488357398601e+04 9.119292699806408365e-07
-2.994330144120279147e+04 3.562607199121957770e-08
-2.994310467862673613e+04 1.073998350964386985e-06
-2.994301712384735947e+04 2.279362857251042537e-08
-2.994289665163052996e+04 7.914286823185656209e-08
-2.994267851479879027e+04 4.567582262005775132e-08
-2.994256217939746421e+04 2.265632598077601737e-08
-2.994242050651051977e+04 1.984945987358610709e-10
-2.994217010400514846e+04 9.804772173242575913e-09
-2.994211852304172498e+04 7.122686264498526042e-09
-2.994179605934742358e+04 5.114752399752327197e-07
-2.994169530925734944e+04 6.568506405369846377e-08
-2.994157003256646567e+04 1.178369778057576295e-06
-2.994145047293301104e+04 1.258759942955320053e-07
-2.994123860029451680e+04 1.128420242750839121e-08
-2.994118585504346265e+04 4.037712896930129221e-08
-2.994103191910942769e+04 1.425620295204338278e-09
-2.994092660230934416e+04 4.984955174266844834e-08
-2.994073632096284564e+04 1.374447953262060415e-07
-2.994052696907162681e+04 4.883134681471048937e-09
-2.994045145940762814e+04 1.038326748759966214e-12
-2.994011912003322868e+04 6.679472896875579333e-07
-2.994005289587037987e+04 1.559123661260463683e-06
-2.993992168574372045e+04 8.954881290972146822e-08
-2.993980307286204334e+04 4.021977367444884201e-08
-2.993968542758591502e+04 1.560110230596732326e-09
-2.993959265933874485e+04 1.839349888235738554e-08
-2.993937061828814694e+04 5.928928483225743795e-10
-2.993917026334778348e+04 8.849405311923547657e-09
-2.993894399346698992e+04 7.484654009782044107e-08
-2.993879759242073123e+04 7.252824232098740070e-08
-2.993860005538699261e+04 1.939519159906792792e-09
-2.993854908344096475e+04 1.522159093351368495e-06
-2.993833482548544271e+04 3.303358301784895549e-08
-2.993816896792726038e+04 3.122436467378426576e-07
-2.993815395421145149e+04 3.056209433171387432e-08
-2.993787939370394452e+04 2.374026474662089806e-08
-2.993774828163967686e+04 2.569243729631572909e-08
-2.993742156471298222e+04 1.577203170798815834e-08
-2.993724273323084708e+04 3.045836493996299395e-08
-2.993704823377043795e+04 1.592413434013441188e-08
-2.993693910425089416e+04 4.816636726767828377e-07
-2.993681285252159432e+04 2.378795233360749862e-07
-2.993654135139042410e+04 1.374105269339475669e-07
-2.993646092975725333e+04 2.940514629254508725e-08
-2.993635954506609050e+04 1.512127442477567565e-08
-2.993625770222567007e+04 1.090962679869727580e-07
-2.993603178951518566e+04 8.023784122980541775e-09
-2.993556675302453368e+04 1.027239327568828224e-08
-2.993547726874806176e+04 3.515899688608062850e-10
-2.993534760902614653e+04 3.530537123418672955e-08
-2.993520975891814305e+04 7.202331646488802837e-08
-2.993509096627092731e+04 7.120460553528856353e-08
-2.993491726193866270e+04 2.164145268225538808e-09
-2.993473207840771283e+04 4.197126549028896183e-08
-2.993443657107200852e+04 8.291804892753967398e-08
-2.993422137064611525e+04 1.174609501653783714e-08
-2.993395918997078115e+04 2.313358500689839240e-11
-2.993384973228054514e+04 2.489281652693733950e-09
-2.993376789165409718e+04 3.411582789528419928e-09
-2.993368992884202453e+04 9.026286880421423520e-10
-2.993348339848294563e+04 4.742621665768576293e-09
-2.993315507728779630e+04 7.231177987862362828e-09
-2.993283859226128334e+04 3.251100563604785699e-08
-2.993261107202821950e+04 2.175533350874576889e-09
-2.993242194486112567e+04 2.419620268845374698e-09
-2.993236656288796439e+04 1.368481947576757702e-08
-2.993231528832464392e+04 7.774974525883937124e-12
-2.993207501589975800e+04 6.012116948648891073e-11
-2.993178290972836112e+04 7.263678890119845342e-09
-2.993152808728664604e+04 8.395253949778452654e-10
-2.993119135309342164e+04 2.901737856501083840e-10
-2.993088592977337248e+04 4.615993122649427803e-09
-2.993085861569645931e+04 1.715575296870801112e-08
-2.993071481612719435e+04 1.574818318544423623e-09
-2.993031455732017639e+04 2.213503613888542570e-09
-2.993021842075208406e+04 1.326130503698925470e-09
-2.992997625055394019e+04 5.831838393778574747e-09
-2.992961651471147343e+04 1.489317310889576907e-09
-2.992951515755524815e+04 2.863440168298237522e-09
-2.992931045005700435e+04 1.901907459131786223e-09
-2.992917689251480260e+04 5.243748584550175891e-09
-2.992887858170119580e+04 3.128715175407547379e-09
-2.992864635045840987e+04 1.747113732861778617e-09
-2.992836794120415652e+04 1.831503111473584658e-10
-2.992799869557124111e+04 4.432231567533075551e-09
-2.992782697546336567e+04 3.939330426449157168e-09
-2.992760880884279322e+04 4.272727224919502023e-09
-2.992745778571599294e+04 3.047520578178051400e-10
-2.992743998585271038e+04 1.789502486858582081e-11
-2.992712256858339606e+04 2.551415973398475892e-11
-2.992656613188035772e+04 4.717102401542550818e-12
-2.992629954904682018e+04 1.187207884005451660e-09
-2.992627112347324874e+04 1.477781658700873754e-09
-2.992605334494448471e+04 1.807863245876501754e-09
-2.992581577074152665e+04 1.260578691355534950e-09
-2.992568542255163629e+04 4.688456617770028393e-10
-2.992532300108334675e+04 1.153595595788813881e-10
-2.992486728057501750e+04 1.116209214295157237e-10
-2.992457678320741252e+04 7.977972356530870762e-10
-2.992433316506498159e+04 1.526876423031599543e-12
-2.992403671220725664e+04 2.980685436578784839e-10
-2.992387587558073574e+04 5.427149975986426955e-10
-2.992367518639714763e+04 1.883411319744491146e-10
-2.992329673858712704e+04 2.527836169810386930e-11
-2.992306970849791105e+04 6.221671246315411040e-11
-2.992273271092509822e+04 1.559837811351316553e-10
-2.992268812438054738e+04 3.038939747348833379e-11
-2.992252918062996832e+04 2.015675966385607339e-11
-2.992201051367801483e+04 1.308850020760692062e-10
-2.992164884564796739e+04 2.795067094847751494e-11
-2.992154448278368000e+04 2.769712692296658668e-12
-2.992143959507003092e+04 9.912725854602844436e-13
-2.992122477449627695e+04 3.917723044684006961e-11
-2.992081289390300662e+04 1.432317671401525764e-11
-2.992055974777218580e+04 9.791949021694170194e-12
-2.992026906507043168e+04 3.995731066096747170e-11
-2.992000508962863387e+04 2.548373029738328226e-11
-2.991950995192377013e+04 1.754096829350944488e-11
-2.991941508395742858e+04 1.754681389205248367e-11
-2.991913808659918504e+04 1.792196704403273283e-14
-2.991856559344026755e+04 1.488101322924106856e-11
-2.991842873467147365e+04 1.823684281566066608e-12
-2.991776172985814264e+04 1.016942716499595024e-11
-2.991773322229320183e+04 1.124841931884346218e-11
-2.991701555596477920e+04 2.183307526473237851e-12
-2.991699878701420675e+04 5.232290030043907993e-12
-2.991655514338190915e+04 6.946832561050612415e-12
-2.991648445352699127e+04 6.873029028757462773e-13
-2.991604064111167099e+04 2.807378254239007308e-12
-2.991585316730511113e+04 8.159458184436910018e-12
-2.991537711486012995e+04 6.141457533768285695e-13
-2.991526322195801549e+04 4.113660699101014176e-13
-2.991475802860299154e+04 5.488791090113686291e-14
-2.991436510649611955e+04 3.955418741216475439e-12
-2.991423600882011669e+04 3.482542735390223126e-12
-2.991380082382312685e+04 1.489293591727071209e-13
-2.991329896914637357e+04 1.660194265425145768e-12
-2.991274072579786298e+04 1.696715506913311100e-12
-2.991212894811826118e+04 2.859490536537458402e-13
-2.991186717127619340e+04 1.089167084278606462e-14
-2.991153988124434181e+04 3.483138176476917424e-14
-2.991101318130375876e+04 3.064718977470369250e-13
-2.991078120560940806e+04 1.275928025106372395e-13
-2.991036632064686273e+04 1.090556862499813860e-13
-2.990996695485164310e+04 2.365093503787580935e-13
-2.990972824442359342e+04 8.718482432990014735e-15
-2.990949045372896580e+04 2.392475628055165863e-13
-2.990914201219208917e+04 7.519775058602114012e-16
-2.990876611368194790e+04 9.878788927453977776e-18
-2.990813262294834203e+04 4.936448479616467596e-14
-2.990750090351857580e+04 3.133482314801794127e-14
-2.990743795833044715e+04 4.988655274861897428e-15
-2.990726790110389629e+04 2.553848623825617766e-15
-2.990616994861471903e+04 1.499024257983714906e-14
-2.990582233430986889e+04 2.169860700645671205e-15
-2.990523431886209073e+04 3.657098121896829406e-16
-2.990470610106612003e+04 5.504285638862776094e-16
-2.990449426421846874e+04 1.547548612138178469e-16
-2.990415727152552063e+04 1.893381180246700113e-14
-2.990389070053189062e+04 1.309539651546414248e-14
-2.990293766047241661e+04 4.808246043791362449e-16
-2.990230380954133216e+04 8.819744757804221591e-16
-2.990218297322003491e+04 2.477161871784629241e-15
-2.990145609631041953e+04 1.530372447109924858e-15
-2.990109132503867659e+04 7.905703923999580149e-16
-2.990034773675954057e+04 9.117185264179348011e-17
-2.989944722676669699e+04 7.542303068775401072e-16
-2.989883810416452616e+04 1.486642713299144808e-18
-2.989828572873855956e+04 1.056522457952273096e-15
-2.989756029551568645e+04 8.224261973297433348e-17
-2.989735187617612974e+04 3.662981979464231017e-17
-2.989677401160784939e+04 1.884710222855061593e-17
-2.989642059364540182e+04 3.242005346495626631e-19
-2.989617992473906997e+04 7.478989982275181679e-18
-2.989566070802912509e+04 1.936987326552895343e-17
-2.989519162327469530e+04 7.836765684082168708e-18
-2.989447978226107080e+04 1.734524942079888788e-17
-2.989407307463387770e+04 7.392007136733373258e-18
-2.989329570928770408e+04 3.507229829279724243e-18
-2.989224257791489799e+04 1.056644983076333705e-17
-2.989119218673682917e+04 3.240536071369737007e-22
-2.989092355002005570e+04 8.109959013991713848e-18
-2.989018710000416468e+04 3.895557845770821302e-18
-2.988957914806538975e+04 1.789897201888492548e-18
-2.988801037385882591e+04 4.503705440167187355e-19
-2.988744068591354153e+04 1.900794603443423252e-19
-2.988667247670107463e+04 1.869974949509525565e-19
-2.988599211485630440e+04 5.328785288239275282e-19
-2.988472991522109078e+04 7.946332520454048271e-20
-2.988289518022951597e+04 4.321942088168629268e-22
-2.988224340989684424e+04 9.809457074740108703e-20
-2.988187621881877203e+04 5.073285219035590583e-21
-2.988042881825868972e+04 9.730687250569167122e-22
-2.988023132507235641e+04 9.266824676236357195e-22
-2.987921142850816614e+04 8.396215063918928435e-23
-2.987806225989219092e+04 1.437837370161859347e-21
-2.987689495375885235e+04 2.148621216454970380e-24
-2.987620453860146154e+04 5.327719503312487068e-24
-2.987594708927354077e+04 1.465481172774706770e-21
-2.987438597442121318e+04 3.356780822356936084e-22
-2.987299067953088525e+04 5.374915754893416203e-22
-2.987181356193339525e+04 6.606907399686828324e-24
-2.986733548628620338e+04 0.000000000000000000e+00
-2.986710857893605498e+04 0.000000000000000000e+00
-2.986562665862551148e+04 0.000000000000000000e+00
-2.986452653199791166e+04 4.053660259677433150e-24
-2.986366753819892256e+04 0.000000000000000000e+00
-2.986331501156320519e+04 0.000000000000000000e+00
-2.986185503818903453e+04 0.000000000000000000e+00
-2.986085325502909836e+04 0.000000000000000000e+00
-2.985481942219716439e+04 0.000000000000000000e+00
-2.985382452113217005e+04 0.000000000000000000e+00
-2.985193567821686156e+04 0.000000000000000000e+00
-2.985125272111394224e+04 0.000000000000000000e+00
-2.984190260548171136e+04 0.000000000000000000e+00
-2.984120168538938742e+04 0.000000000000000000e+00
-2.983564520629899926e+04 0.000000000000000000e+00
-2.983525942705878333e+04 0.000000000000000000e+00
-2.982686824940290171e+04 0.000000000000000000e+00
-2.982640561255246212e+04 0.000000000000000000e+00
-2.980776515798248874e+04 0.000000000000000000e+00
-2.980749488373021813e+04 0.000000000000000000e+00
3.000025773160317840e+04 1.400902213659690861e-19
3.000029086683897549e+04 2.282808857038273478e-20
3.000172209771720372e+04 3.634002784584387203e-17
3.000176358004026042e+04 8.173967922342833373e-17
3.000274514908773926e+04 2.619537509782686267e-17
3.000279832190818706e+04 7.827748837976934313e-15
3.000348697217849985e+04 5.109808257979438435e-14
3.000356138244401518e+04 2.759444605392379895e-14
3.000400086868985454e+04 2.415572221245623138e-13
3.000412014345623174e+04 1.246109552206220265e-13
3.000435794625529525e+04 1.643157711553522003e-14
3.000453189416048554e+04 6.641293559633398624e-14
3.000461456669853578e+04 6.513252647857957900e-13
3.000477297825162532e+04 4.472562650871768185e-13
3.000486563462409322e+04 3.510059000491419193e-15
3.000504043191087112e+04 1.941511651930877462e-12
3.000512674496295585e+04 6.962723120397099066e-15
3.000532729445474251e+04 3.494145350889264144e-12
3.000562860607159746e+04 3.747139997987792814e-12
3.000581801426213860e+04 1.440982390527625334e-13
3.000594174603988722e+04 2.517202174229084896e-12
3.000626463709609379e+04 8.585760987260898885e-13
3.000653901050727291e+04 4.167179652395010330e-14
3.000695801159927942e+04 3.716992383149449109e-15
3.000771693096316812e+04 1.886596367652197569e-14
3.000866378930879000e+04 2.302611677321217625e-14
3.000889617707072830e+04 5.079784227816981971e-16
3.000893849963700632e+04 3.459815828902273074e-15
3.000964284265775859e+04 2.811961884197417153e-16
3.000974248602873922e+04 2.777233023890093429e-16
3.000983045360852702e+04 2.618455837349829828e-14
3.000988169446167376e+04 1.272382370347864942e-11
3.001011181035824848e+04 2.023040148826296108e-14
3.001026751720324683e+04 2.423723072416007576e-13
3.001046567892677922e+04 8.302745655276767690e-14
3.001052030344784725e+04 4.171652683883387675e-12
3.001065136548888404e+04 5.745879746058498927e-12
3.001078235416151438e+04 5.810883218104616899e-11
3.001084573209624068e+04 6.190753926977320672e-14
3.001096067582966498e+04 7.847486485180939002e-11
3.001097499104237068e+04 2.032465509901786575e-13
3.001119388791560050e+04 2.684335625659879607e-11
3.001140404573256819e+04 8.327044190716463360e-13
3.001144277306557342e+04 1.167097993563672476e-11
3.001170702512817297e+04 2.671954975293360113e-12
3.001183519096262899e+04 5.112886534424903018e-13
3.001200230406812989e+04 6.845217985967991871e-13
3.001256107329719089e+04 9.411668548275198765e-13
3.001293471124295684e+04 4.046093351293172532e-14
3.001331943870284522e+04 4.917524775096536115e-14
3.001389160785493732e+04 1.150584348508455335e-16
3.001417822498683381e+04 2.211985383078433679e-14
3.001478393058516303e+04 1.907156413460111196e-13
3.001503206302419858e+04 7.894503917490388484e-11
3.001517420520805899e+04 2.541947728307281132e-13
3.001563584383273337e+04 3.383988435233115454e-14
3.001602849125575449e+04 5.778529905123978260e-11
3.001619045867266323e+04 1.968635831343417082e-12
3.001656413423814593e+04 5.845079072839233383e-14
3.001690795123717544e+04 3.135637071273548485e-10
3.001706738421509363e+04 2.414167915065052433e-11
3.001757805748661485e+04 4.058361454934390156e-11
3.001764841686168438e+04 1.005683713697778548e-09
3.001794144330824565e+04 1.002456803713549653e-11
3.001821598095880836e+04 1.378722454289867562e-10
3.001840876262568781e+04 4.970759915481572382e-13
3.001857046006856035e+04 5.975213716138972275e-11
3.001866978764565283e+04 3.260646942543275538e-11
3.001881006721961239e+04 2.195379573538460512e-11
3.001898745185517691e+04 5.130125294950027408e-11
3.001914402859054098e+04 6.223692343840154740e-11
3.001922004481133627e+04 4.208307385344491052e-11
3.001944360085012886e+04 1.045471370622223241e-11
3.001983905486882213e+04 1.186883672727186305e-10
3.001988135592754406e+04 1.186136656140538318e-11
3.002004878825435298e+04 2.152894410280945274e-09
3.002005792894904516e+04 2.651150386776592721e-09
3.002033998859344138e+04 3.350488579640500543e-11
3.002057716432032976e+04 2.295189494463544604e-12
3.002072567027742116e+04 4.228550359358158813e-11
3.002102247240704673e+04 1.417888928668591248e-11
3.002111039288110624e+04 2.940337511640983310e-09
3.002125227975504458e+04 1.283068344223965764e-11
3.002144592685509997e+04 4.131341843181681701e-11
3.002161401152222606e+04 7.334851272336861848e-13
3.002207725344918799e+04 1.734709711053207353e-09
3.002210662376856999e+04 5.565645221923430581e-09
3.002215383345359805e+04 2.572490157469699965e-09
3.002242352884407956e+04 1.054317487013266873e-11
3.002264922199654757e+04 1.484981280156217351e-11
3.002302221332010231e+04 1.218748916801324936e-09
3.002309213854669724e+04 5.210366706729255371e-10
3.002325884011816743e+04 1.490195685934045426e-11
3.002346482416788785e+04 6.844459493456139654e-13
3.002353591819184294e+04 4.386490509680262476e-13
3.002386774747783056e+04 2.830532073942630414e-10
3.002400581984207020e+04 3.272561674251029738e-11
3.002432056749356707e+04 3.447333222597354408e-12
3.002450112007349526e+04 3.609076533161757721e-11
3.002461618394988545e+04 7.851984993329909967e-10
3.002468163764941710e+04 1.200414505603313698e-12
3.002505831565528933e+04 9.031030522697004921e-08
3.002513138428065213e+04 5.504371510999551284e-13
3.002526515461799136e+04 5.482845316960808387e-11
3.002535388713320935e+04 3.389678620474767666e-12
3.002557903397495465e+04 3.598871712275297549e-13
3.002578727638124838e+04 1.710432541058386020e-11
3.002602823947057914e+04 2.434864358031548413e-14
3.002613700428605080e+04 1.634868320240720935e-08
3.002622471596151445e+04 5.424340337590330305e-11
3.002636112924835106e+04 3.321440249263885364e-12
3.002643723926077291e+04 9.291615984924572406e-13
3.002660003147614043e+04 5.248315508185919720e-12
3.002660799513697930e+04 5.378509287697220641e-13
3.002691134320557103e+04 5.843383733741370283e-12
3.002699976981585496e+04 2.335527351235861079e-12
3.002716324809270009e+04 7.211026274040650316e-11
3.002720130811747367e+04 1.561245418607650332e-09
3.002733704425107135e+04 2.611102272367079417e-11
3.002740473828380709e+04 7.279549221643120505e-12
3.002760768673968050e+04 1.353669612674732297e-11
3.002783791037558694e+04 4.256882914825356262e-13
3.002788006752544970e+04 4.113770332107296428e-11
3.002793119558771286e+04 5.148140410923101078e-13
3.002822628690481361e+04 4.031350827664339236e-09
3.002828121761989314e+04 2.621070469810474778e-10
3.002843934365590758e+04 1.935988952271695399e-11
3.002867520416690240e+04 2.169609862447602231e-11
3.002872100428240446e+04 1.504338477617493614e-11
3.002902486619887713e+04 4.763903454833050216e-13
3.002920449422566526e+04 2.335568372398002808e-09
3.002927148980477068e+04 1.016710183728351199e-10
3.002936189512498458e+04 5.908716256228604082e-11
3.002954454051483117e+04 6.760753217565121010e-12
3.002977437393910805e+04 1.515737364601877704e-12
3.002999879446594059e+04 4.174478454201510960e-12
3.003005948415349121e+04 1.995600205616383972e-09
3.003009750841814457e+04 9.926764174529181143e-12
3.003013695525447838e+04 3.463130541357026464e-11
3.003020049246263807e+04 2.012069664048127783e-11
3.003042318209872974e+04 5.332832116003538443e-12
3.003080494429844111e+04 5.662964812729820386e-13
3.003094542174779781e+04 1.407474277985183904e-10
3.003102130565487460e+04 2.477747416241352544e-10
3.003114463170810268e+04 1.087719320719746967e-08
3.003115542397164245e+04 4.523136819448614282e-09
3.003133206692339809e+04 1.595153192888460544e-13
3.003160598553758609e+04 7.833290904729253440e-12
3.003175281345365147e+04 1.324418393434813651e-10
3.003180537625244688e+04 2.216884690796589929e-10
3.003203625497216126e+04 2.354418795937294033e-12
3.003210855335403903e+04 5.144734630261784930e-11
3.003223115957883419e+04 1.787491391695726569e-08
3.003229580558343514e+04 2.024243704098631529e-11
3.003250802618668604e+04 1.081571541186379154e-12
3.003281617826227375e+04 1.181636678327172153e-12
3.003289582049145611e+04 4.462673229823220026e-13
3.003303900108765811e+04 3.850538133589742462e-13
3.003316970689709706e+04 4.090839983878509936e-12
3.003330094053298671e+04 2.078737495776939221e-09
3.003339832850220773e+04 1.302491359787191727e-12
3.003347812377806258e+04 4.014112754695772359e-14
3.003373593839161913e+04 7.758609847027289001e-15
3.003388284578336970e+04 3.449656989096246781e-13
3.003406675983677997e+04 3.270746246392873195e-15
3.003417338855894923e+04 1.981168913877029368e-14
3.003428728057556509e+04 3.886201698809956248e-11
3.003437487882716232e+04 1.121936524201105354e-10
3.003456187388457329e+04 4.947369259295467501e-13
3.003476102350508518e+04 7.216756741499462461e-13
3.003484272403676368e+04 2.485934870114416279e-11
3.003501994958438809e+04 1.251793877874471083e-12
3.003506092970450845e+04 8.457098216762707673e-08
3.003526446862308876e+04 2.408796248534637682e-12
3.003536835095837523e+04 3.956023188921023642e-10
3.003547234463740460e+04 2.768328058634739844e-15
3.003552093711598718e+04 3.259926466868526306e-13
3.003578084494684299e+04 2.230998616466121508e-12
3.003588930717574112e+04 1.134435441053387524e-12
3.003615099056480904e+04 6.693400318490830318e-09
3.003615975580426311e+04 1.571626382557937638e-09
3.003635598558290076e+04 5.313400790558750658e-11
3.003640022394444168e+04 1.928473949441711267e-12
3.003654936825030381e+04 3.569098128596545293e-12
3.003673751399048706e+04 1.674982592719902634e-13
3.003681007518216938e+04 9.140320589558219041e-14
3.003692914257506345e+04 8.265569672924428254e-16
3.003706864002724251e+04 2.010896061780455431e-15
3.003724261847803427e+04 1.411831186215244621e-10
3.003726945673155569e+04 1.404890034999344823e-11
3.003730197203002899e+04 7.619477657325079354e-12
3.003767238481762251e+04 2.443991888082629136e-13
3.003775630772682780e+04 3.492050730097260674e-14
3.003793889613872670e+04 4.326430180650945418e-13
3.003807278695720015e+04 1.142357341181811915e-11
3.003817315804706595e+04 7.264001632286145660e-11
3.003834592293836977e+04 1.367878824387026982e-09
3.003835950718469394e+04 8.829558935330130027e-11
3.003868007038809810e+04 5.304189989204218681e-13
3.003889778954596113e+04 2.807435313574411308e-13
3.003897339353113057e+04 1.249477367818447793e-11
3.003917005372046697e+04 4.608107072272744494e-12
3.003943539404523108e+04 5.637783205637646913e-10
3.003951699498909147e+04 3.500068018538267225e-13
3.003959193650232191e+04 4.765399048211091595e-13
3.003970661651710179e+04 7.393183689512061421e-12
3.003984367284749533e+04 9.869977443766018298e-14
3.004006527987664595e+04 1.475587651826862343e-10
3.004025671158773548e+04 3.937904583941539722e-13
3.004040492178310888e+04 3.036161764114515260e-13
3.004051281209695662e+04 4.816160494293297346e-12
3.004055647365626282e+04 1.011752641581492172e-14
3.004059074606564536e+04 1.097551799650029023e-12
3.004082792131814131e+04 3.334886206294547186e-14
3.004116796107250047e+04 3.192598653633595466e-09
3.004122396158041738e+04 4.733298196505492347e-11
3.004128285986243282e+04 6.571955794727175351e-12
3.004150063455908821e+04 2.044287230296285703e-14
3.004156242997232766e+04 3.594418643073980657e-13
3.004170884184940587e+04 1.941075810279481609e-13
3.004190418535567005e+04 3.824611548650655626e-14
3.004196320899420243e+04 5.614078413806913801e-13
3.004208905004574262e+04 2.782897567488968706e-13
3.004225486152710073e+04 8.981305657536759357e-11
3.004228535543629914e+04 7.587489005655843838e-10
3.004251280140619929e+04 6.896674242333518392e-12
3.004261398129984082e+04 6.468280437193640484e-12
3.004270898976024182e+04 2.057405904691018268e-13
3.004276504628072871e+04 1.065369816946640410e-14
3.004318788045596011e+04 3.955995130807398820e-13
3.004339664437397369e+04 1.116091446060603842e-11
3.004341694126207585e+04 1.595702059570430339e-12
3.004351231684102822e+04 1.375816614663799723e-13
3.004364269166499798e+04 2.689541946502830300e-13
3.004380031984479137e+04 3.347052174148671160e-14
3.004390038022989393e+04 2.497396839629774178e-14
3.004419991990126437e+04 7.644862461795274160e-16
3.004444581364016631e+04 1.551232437794327955e-13
3.004451200369205617e+04 8.532273985882213884e-12
3.004460146402889586e+04 2.802036456814443046e-13
3.004464322353039097e+04 2.283749578150149640e-13
3.004477981077827644e+04 4.513056833649969779e-13
3.004507852142491902e+04 1.234836951231808063e-10
3.004508463724649846e+04 3.704099030178912632e-10
3.004518769371905000e+04 1.975147380294318715e-14
3.004552685952465981e+04 3.662686054648013244e-12
3.004555561933948047e+04 1.245642105264643043e-12
3.004565817409074589e+04 1.607962262809004506e-11
3.004572915109846144e+04 1.021749419154467521e-12
3.004590648079373932e+04 6.173223342595753855e-14
3.004601483846794508e+04 9.471728054546938072e-13
3.004621631192784844e+04 7.461922230706996256e-10
3.004624679957950502e+04 2.803553865719750767e-12
3.004643322651726339e+04 1.135187136890073222e-11
3.004656327819418584e+04 5.358829823105929060e-13
3.004677537864487022e+04 7.707579431436034692e-13
3.004688900862714218e+04 2.011388081978694841e-14
3.004702717434367514e+04 1.174210954485088507e-14
3.004717711247492116e+04 5.946212343004263411e-14
3.004732777713130054e+04 1.028503347129117642e-11
3.004737578934577323e+04 5.060921312178637502e-11
3.004744336570060841e+04 9.597423354517443381e-13
3.004762982701506917e+04 1.851417575366139972e-13
3.004781333575931785e+04 1.456791273589806371e-13
3.004791474672033291e+04 2.883328853443155593e-12
3.004800139320575909e+04 5.117641152067096582e-14
3.004818773018338106e+04 1.298979528073229535e-12
3.004844688614708139e+04 4.013594769472362422e-13
3.004852067382861060e+04 5.762513836335565213e-12
3.004862091728960149e+04 2.074362344157651583e-14
3.004885023904987975e+04 8.957383064887691470e-14
3.004902187340905948e+04 1.830676038460317428e-13
3.004908212511667807e+04 1.021656840010439368e-13
3.004936516210922127e+04 4.633837200701584639e-13
3.004946890755741333e+04 1.199293688936113720e-13
3.004954029282986085e+04 6.192031429995913403e-16
3.004965214899140847e+04 1.002360933059044570e-13
3.004970744972849207e+04 2.850071136370205824e-12
3.005005706716582790e+04 1.362143208535800694e-14
3.005012188097316903e+04 1.729251988982892615e-13
3.005014463558811258e+04 7.093917662988220932e-13
3.005018479846015907e+04 4.844362708138141446e-12
3.005029027020661306e+04 2.301045273680580556e-12
3.005044348762808659e+04 2.050986052398420606e-13
3.005088257136610628e+04 3.379441189977668736e-12
3.005089622965961462e+04 1.054621679764067131e-11
3.005096425339514099e+04 1.882402086525389014e-13
3.005113119036607168e+04 2.259933367510558793e-14
3.005125585237253108e+04 3.755084530519655641e-13
3.005128997385155162e+04 6.838655257451370537e-12
3.005140671448272042e+04 5.382443001817428038e-12
3.005145997037794587e+04 1.309413565690554982e-12
3.005179335892390372e+04 8.431244460788615698e-13
3.005203527321545698e+04 3.615001628370010429e-13
3.005210418733894403e+04 3.051200157905724431e-12
3.005224495719560218e+04 1.425605870320039350e-12
3.005247789380452377e+04 4.308994217216312846e-13
3.005250385743496736e+04 2.190464713327980644e-11
3.005266422247296941e+04 3.919871329567689055e-11
3.005267531245565624e+04 1.223374397815049448e-12
3.005278125074096897e+04 4.096637339887148108e-13
3.005300020927695732e+04 1.093917809595279167e-13
3.005333023355869591e+04 9.086845275107534790e-14
3.005342638392296067e+04 2.360705552083730631e-14
3.005350665960011611e+04 1.212480681844218793e-13
3.005361553921371524e+04 1.676459190427312126e-15
3.005367438768382999e+04 4.468579029770776877e-12
3.005387117731435865e+04 6.176417545946851853e-14
3.005391161107844891e+04 3.342721811235596630e-11
3.005429409568629490e+04 1.044868140649889591e-13
3.005449375250101002e+04 3.777187880340207523e-14
3.005460219812499781e+04 1.160261810633380792e-14
3.005463114044004033e+04 8.398671207970825002e-14
3.005478453130031994e+04 1.415478756529912052e-14
3.005490161057056685e+04 5.315428265876661115e-15
3.005496329976879497e+04 4.060206490530572316e-18
3.005520318580573439e+04 1.468931562967452745e-12
3.005536711814326918e+04 4.298395431374771395e-14
3.005539832676367951e+04 4.484921405514474313e-13
3.005545360131859343e+04 1.220667823402426263e-11
3.005581378035166563e+04 3.411716550752314536e-15
3.005588512516773699e+04 1.253637358828051117e-14
3.005601820631466035e+04 1.792872989189657584e-13
3.005617956939327996e+04 5.594443294246810245e-15
3.005632711769325397e+04 3.137957594242243262e-14
3.005639638181461851e+04 3.323001679463761004e-15
3.005652505076424859e+04 3.116346840654775713e-13
3.005662109266911284e+04 1.490170860634146031e-14
3.005689454733574894e+04 1.820672288594375969e-12
3.005694336320798902e+04 8.384460667033148857e-12
3.005709021847702388e+04 1.134571932559409325e-12
3.005726191576635028e+04 5.715348125980222561e-14
3.005748128654628817e+04 8.834883273981077971e-15
3.005756015896866302e+04 6.589999461102321071e-14
3.005776606473629727e+04 2.559434582616586130e-14
3.005790990615476767e+04 2.384893882986295795e-13
3.005819479172820138e+04 1.052026536784919451e-14
3.005831020411649661e+04 8.293294112813327622e-13
3.005846006803956334e+04 6.239445547802116379e-12
3.005853573875964503e+04 8.741204759452209488e-13
3.005868876169282521e+04 4.736995229189674831e-13
3.005891167332109035e+04 7.408601933338649636e-15
3.005901917089608469e+04 1.279010051269154767e-16
3.005913160538620650e+04 6.161665481858892328e-14
3.005923302161894026e+04 7.409851269043784525e-14
3.005945030291890362e+04 4.725549061232312568e-15
3.005960043455692721e+04 8.847724335011989242e-15
3.005981585503197857e+04 5.787005358726838634e-15
3.005995810921619341e+04 3.011563140726946617e-12
3.006008243851410589e+04 3.431867257074453631e-13
3.006021555442132376e+04 1.067038203579683479e-14
3.006037961347739474e+04 5.183711764605316139e-14
3.006048604934448667e+04 6.754242990635737107e-13
3.006059433942922988e+04 1.478749331807501913e-13
3.006083340913823486e+04 3.631715920886353108e-14
3.006092614551131192e+04 7.047500125294921222e-14
3.006127797165908123e+04 8.032056609244817560e-15
3.006145079663343859e+04 3.799674978304476686e-14
3.006153244601472761e+04 2.026657004772870004e-13
3.006157148324294394e+04 1.280381613870972862e-14
3.006182053104266379e+04 2.588228299583708479e-14
3.006195502692620357e+04 6.014840124160677965e-13
3.006201717833687144e+04 4.742754495598050109e-14
3.006229063927643438e+04 2.302120203857632824e-13
3.006237343474141016e+04 1.130954608142662739e-14
3.006274577064024561e+04 1.254613977838889583e-13
3.006299235979550213e+04 8.317947288173049473e-14
3.006307742419186616e+04 1.505749008077070926e-14
3.006317527102313397e+04 1.804754604017515502e-14
3.006338232617675385e+04 3.740707300676972512e-14
3.006365771709469118e+04 5.739524166605057762e-14
3.006372924405884623e+04 8.806885726443956435e-16
3.006382111027710198e+04 1.722358886057150971e-14
3.006391588165523353e+04 3.577832994333611262e-14
3.006414536888826115e+04 7.901944367522656453e-15
3.006455705801207660e+04 4.775090645948814665e-13
3.006464024899385186e+04 1.829750626967972334e-14
3.006482167256319735e+04 1.186083263767402608e-15
3.006494689666859995e+04 4.205072081810493614e-14
3.006504980146266098e+04 1.085108272615612369e-14
3.006532579435641674e+04 1.482898505437136196e-14
3.006542017672071597e+04 1.597744543941744609e-14
3.006569025452454298e+04 5.981567596116733118e-14
3.006595098675808913e+04 3.111917109143267254e-14
3.006614112468856547e+04 4.791789666410971377e-15
3.006628675040691815e+04 1.449674482471768972e-13
3.006640363748463278e+04 2.038035272982600434e-14
3.006644068043119114e+04 1.173243713562793730e-13
3.006667922464102594e+04 2.987537803611064465e-15
3.006695997565548896e+04 9.911129704837579692e-14
3.006733765206489261e+04 2.802786402990532436e-15
3.006758703798036004e+04 1.817485343583822630e-16
3.006769095164774626e+04 1.830316402499249228e-14
3.006775989390183895e+04 8.346745480215576181e-14
3.006785564010522648e+04 2.363337440320721191e-15
3.006809528253681492e+04 1.312787439375163636e-15
3.006838201566224961e+04 9.764305336915719234e-14
3.006866645086678909e+04 7.608628433303353184e-18
3.006893772574470859e+04 5.057275374319997220e-14
3.006921793266799068e+04 7.303905336630387590e-16
3.006927233979464654e+04 3.090133147867252428e-15
3.006945622415562684e+04 1.516924948578921610e-14
3.006987859767153714e+04 1.558381376709596715e-15
3.007002768375450250e+04 1.885720470174943037e-15
3.007019620232397938e+04 2.162429537543312645e-14
3.007051526098855902e+04 6.821433524406754755e-15
3.007062389815382630e+04 2.134462531202458859e-14
3.007083648376360725e+04 8.294296991068697922e-15
3.007096068240385284e+04 8.228490940246666895e-16
3.007126071891968240e+04 5.019818503964794066e-17
3.007153916706576274e+04 2.591052860298252181e-17
3.007180936874953477e+04 7.465760899146673713e-18
3.007214530013212425e+04 1.301861539364496550e-15
3.007226865209010430e+04 1.087439867853015216e-14
3.007249999532481888e+04 1.520280255211706333e-16
3.007266443294794590e+04 1.312503976346568016e-15
3.007272982648329344e+04 4.483238514512828422e-16
3.007309727203338480e+04 2.548596346535912616e-18
3.007367440925234769e+04 6.517277552485019843e-16
3.007380031568091363e+04 4.659213207574568898e-16
3.007389712607769252e+04 1.759649682397768128e-15
3.007407286386141277e+04 5.504302794835972560e-16
3.007433266188507696e+04 2.457486850128873640e-16
3.007446221590041750e+04 2.840560783530720541e-17
3.007487291959185677e+04 2.740586291045778510e-16
3.007528623984408478e+04 6.248606960164542125e-16
3.007552981013104363e+04 4.093225115948579448e-16
3.007582178832524005e+04 3.760052754350545537e-16
3.007609331942914650e+04 3.723271311438645624e-19
3.007626256561792979e+04 1.782265562387613612e-18
3.007649811190775654e+04 3.041089324949005273e-16
3.007684100429289902e+04 4.108382175652122829e-16
3.007708724768532193e+04 1.059276442426303371e-17
3.007738632143305222e+04 8.941353795617932782e-17
3.007748421089279509e+04 3.219796780941748328e-16
3.007771972056752566e+04 1.502627640683053030e-18
3.007812011300125232e+04 1.156816963731034241e-16
3.007860408000841926e+04 1.204674755532231446e-17
3.007869371551574295e+04 1.995340680129300626e-18
3.007875915505392913e+04 6.406088865796979800e-17
3.007888626077636582e+04 2.769040942366319980e-16
3.007936225234490848e+04 6.913509149979782280e-19
3.007957203928422314e+04 1.590370514044755857e-16
3.007985226171324757e+04 2.769019191952067397e-17
3.008017261461949965e+04 2.397807703027704621e-17
3.008060507063922705e+04 6.350514853374659574e-17
3.008076223819196093e+04 1.176156341489885418e-17
3.008101321039570030e+04 3.095399546723197447e-19
3.008159439126736834e+04 7.390918463241051578e-17
3.008168261850675117e+04 4.623673176201262074e-17
3.008235876424025992e+04 1.029497363140803913e-17
3.008242284831586949e+04 3.261733943916867064e-20
3.008319549786826246e+04 2.939700312927505686e-19
3.008323411754369590e+04 1.361274552134955331e-18
3.008352735941543142e+04 2.008664374490750890e-17
3.008367490690212435e+04 3.522613985272168873e-18
3.008409658072744060e+04 2.133402938488734260e-19
3.008426280352562389e+04 3.583194406690372177e-19
3.008481087053854571e+04 9.176951143658620334e-18
3.008492109342930416e+04 1.226120729473295315e-19
3.008538800991154494e+04 4.860481551387864653e-19
3.008578920480857414e+04 3.487160272927102802e-18
3.008590206869317262e+04 1.143684204304851803e-18
3.008630023368772163e+04 4.159051192075833088e-20
3.008682150893085418e+04 3.160008153744478246e-19
3.008735050348567165e+04 9.646701393131918618e-21
3.008799550138706400e+04 8.301033509064350753e-19
3.008833392539152555e+04 6.646409400249277035e-22
3.008863591210953382e+04 4.559254040585625926e-19
3.008916674932864407e+04 2.393661573391062680e-19
3.008938780736762419e+04 4.638617334232739528e-19
3.008975321155575512e+04 3.350648914927387970e-22
3.009017223434386688e+04 3.494747288975944703e-20
3.009039362495100067e+04 1.125061692369804640e-20
3.009066428857916617e+04 2.613275354579332565e-20
3.009106244618010169e+04 5.316267413254466043e-21
3.009138050599990311e+04 3.098517837464433847e-19
3.009208575394476793e+04 6.886950924576596285e-20
3.009268609847737753e+04 6.227225471165540930e-20
3.009276891886941667e+04 2.827267557320519432e-20
3.009285407117296927e+04 4.434856322526183086e-20
3.009406795896862604e+04 5.580023861362637566e-21
3.009433710854846504e+04 9.475334079696985226e-21
3.009485343628140981e+04 2.740348072426834872e-20
3.009544049801077563e+04 4.520565248293413789e-22
3.009567923413611061e+04 1.315574499610768387e-21
3.009597488460564273e+04 1.290531414259960983e-22
3.009621636147751269e+04 2.636945371966662891e-20
3.009713168372870859e+04 1.071379583102265808e-21
3.009781463949180034e+04 3.652835310641482226e-21
3.009795952606439459e+04 1.905243287991206497e-22
3.009871651413768268e+04 4.324334972251816996e-22
3.009904516617894114e+04 6.983579703727877918e-22
3.009981660574393391e+04 4.930763539937429381e-22
3.010083317354050087e+04 9.086153273418032968e-23
3.010143186610099292e+04 8.807592598691691257e-24
3.010182461996138591e+04 4.653557236452339552e-23
3.010257078175510469e+04 1.529981348341745478e-22
3.010282497959039392e+04 2.919171446880079625e-22
3.010333094970704769e+04 2.758113066229800667e-22
3.010382499213167466e+04 2.450749397405872967e-23
3.010399015563484500e+04 1.019874791314099058e-23
3.010448785574690555e+04 0.000000000000000000e+00
3.010498162114815204e+04 0.000000000000000000e+00
3.010561104725721088e+04 4.109760812756225493e-23
3.010611501250907531e+04 6.415077655180363479e-24
3.010687384223478148e+04 0.000000000000000000e+00
3.010789035968427197e+04 4.119496262784139368e-24
3.010902948033372013e+04 8.240192623725283391e-24
3.010917837972956113e+04 1.693178313748201590e-23
3.010993156675580030e+04 0.000000000000000000e+00
3.011060815169650596e+04 0.000000000000000000e+00
3.011207423611537160e+04 0.000000000000000000e+00
3.011265390364192717e+04 0.000000000000000000e+00
3.011354035275257775e+04 0.000000000000000000e+00
3.011408278789428005e+04 0.000000000000000000e+00
3.011546636727792793e+04 0.000000000000000000e+00
3.011720393705934475e+04 0.000000000000000000e+00
3.011785359576040719e+04 0.000000000000000000e+00
3.011832451155515446e+04 0.000000000000000000e+00
3.011970970634653349e+04 0.000000000000000000e+00
3.011996578075644356e+04 0.000000000000000000e+00
3.012106257579625162e+04 0.000000000000000000e+00
3.012207085897286743e+04 0.000000000000000000e+00
3.012318149484538299e+04 0.000000000000000000e+00
3.012394897902814046e+04 0.000000000000000000e+00
3.012415187789154879e+04 0.000000000000000000e+00
3.012574704156129519e+04 0.000000000000000000e+00
3.012711727889291433e+04 0.000000000000000000e+00
3.012835666842637147e+04 0.000000000000000000e+00
3.013290290537460169e+04 0.000000000000000000e+00
3.013316356604489192e+04 0.000000000000000000e+00
3.013457661930966424e+04 0.000000000000000000e+00
3.013560362160567820e+04 0.000000000000000000e+00
3.013650552733099175e+04 0.000000000000000000e+00
3.013684210295151206e+04 0.000000000000000000e+00
3.013823518126692943e+04 0.000000000000000000e+00
3.013925198799087229e+04 0.000000000000000000e+00
3.014529234686461496e+04 0.000000000000000000e+00
3.014628285037409660e+04 0.000000000000000000e+00
3.014824117630031833e+04 0.000000000000000000e+00
3.014891561562462448e+04 0.000000000000000000e+00
3.015818829951705266e+04 0.000000000000000000e+00
3.015887743738357676e+04 0.000000000000000000e+00
3.016458372128822521e+04 0.000000000000000000e+00
3.016496095421439895e+04 0.000000000000000000e+00
3.017322162039801333e+04 0.000000000000000000e+00
3.017367579301988008e+04 0.000000000000000000e+00
3.019232845491610715e+04 0.000000000000000000e+00
3.019259345499142364e+04 0.000000000000000000e+00
