-3.005029165847362310e+04 0.000000000000000000e+00
-3.004831161016552142e+04 0.000000000000000000e+00
-3.004752981728230225e+04 6.465671429107218235e-24
-3.004743945467730373e+04 4.690894481164157194e-23
-3.004599453682722742e+04 0.000000000000000000e+00
-3.004406385554275766e+04 6.442220683017849749e-24
-3.004282849054419421e+04 1.973752941110872396e-20
-3.004257955144033986e+04 4.131305286536273941e-21
-3.004203522188853094e+04 9.572380700717059489e-20
-3.004135175864010307e+04 1.260561777192410586e-20
-3.004051555831563383e+04 2.790478621842343906e-19
-3.003933651629284577e+04 1.148704753559567368e-18
-3.003822307940434621e+04 2.701050191264684838e-17
-3.003804202154299855e+04 2.158223091001382015e-19
-3.003708885513555288e+04 1.318633230473440800e-18
-3.003591057944906788e+04 5.774177598942442541e-16
-3.003519984715864121e+04 1.480831537673470090e-18
-3.003476236079731825e+04 8.049411639710529344e-16
-3.003369727053971656e+04 6.351993378357462500e-15
-3.003329515148534119e+04 2.192731621336566282e-16
-3.003283942195736017e+04 5.616493727905907490e-17
-3.003217967143876740e+04 6.419680694270307068e-14
-3.003186822004388523e+04 1.573989320954794136e-14
-3.003100975609718444e+04 1.498101089363947514e-14
-3.003029033534344489e+04 4.163379023458582118e-14
-3.002978677101996436e+04 1.427539760127295278e-12
-3.002886248332517425e+04 2.232561908328817587e-13
-3.002850807085409542e+04 1.538169957670372886e-13
-3.002761251681566137e+04 6.076948518449409133e-12
-3.002724551328393136e+04 1.920184624626892114e-11
-3.002634855340752983e+04 3.048751954554307288e-14
-3.002599351341850343e+04 9.559582468449520540e-12
-3.002504536612825905e+04 1.526053223356873452e-10
-3.002472684357103935e+04 1.887742920662811106e-10
-3.002376651629582921e+04 2.351937795479911564e-11
-3.002345945916601704e+04 6.186567406638947634e-11
-3.002253363401254683e+04 3.107290344687055360e-09
-3.002219647158442967e+04 6.709706519442422355e-10
-3.002134914222110092e+04 2.272018822847565918e-11
-3.002099403554015953e+04 3.124787021456451835e-10
-3.002038604676981413e+04 8.928483365531338394e-09
-3.001993475336907431e+04 2.364008108855131704e-08
-3.001975629610569013e+04 4.704975856303962826e-10
-3.001904240340433171e+04 1.447510630279092200e-08
-3.001874784246564377e+04 2.396064916992521522e-10
-3.001795818174363012e+04 1.687143579138007544e-09
-3.001765104849110139e+04 1.630735223060396823e-07
-3.001682656443790256e+04 2.875020488556909308e-12
-3.001655101412065778e+04 3.701585637764047485e-07
-3.001576850644295700e+04 1.491309597362630951e-09
-3.001540777569836791e+04 7.233557652926210369e-11
-3.001495852152809675e+04 3.811847253881821403e-07
-3.001448788653998417e+04 1.585901920725027125e-07
-3.001408171689348092e+04 1.830968174023611133e-06
-3.001387293401655916e+04 6.269856146897165914e-07
-3.001309115230354655e+04 1.252754521892424152e-06
-3.001279158066094533e+04 3.150979125110030180e-07
-3.001225978614538690e+04 2.510532345522805627e-07
-3.001156864019323984e+04 1.492331553464544095e-06
-3.001146048200227960e+04 1.081172023504869295e-06
-3.001108564267709153e+04 8.875148719883354744e-06
-3.001049508868874909e+04 8.967028859638722608e-06
-3.001018822177248876e+04 2.434167646021715465e-06
-3.000983683250859394e+04 1.051260221283025399e-05
-3.000958532339278827e+04 6.522760062442181490e-06
-3.000948107259715107e+04 2.126429705795279623e-08
-3.000896492454663894e+04 5.722644513822023786e-08
-3.000865096291840018e+04 5.361289632798974523e-07
-3.000821088499555117e+04 2.991844509642905292e-08
-3.000796950358218965e+04 2.747238089916473163e-07
-3.000756835879339997e+04 1.084095743562765980e-05
-3.000705401767497460e+04 8.315024852479961854e-06
-3.000702037646084500e+04 2.811515356191265659e-07
-3.000693307471336448e+04 5.366675753782969553e-06
-3.000665670964492529e+04 4.359097298068973763e-08
-3.000606920879819882e+04 1.932391150589710560e-05
-3.000574076437649637e+04 1.518443903748603848e-08
-3.000501450663918149e+04 7.483210083004613836e-09
-3.000490291364623408e+04 2.602689016766964668e-06
-3.000476231354184347e+04 9.505663367480444860e-08
-3.000437162245389482e+04 6.774925949776198050e-07
-3.000409512060807174e+04 1.667354740221319937e-05
-3.000354299157300193e+04 4.881090991196978808e-05
-3.000349643524509520e+04 2.412315963067424162e-05
-3.000319648938157115e+04 3.578015893337094799e-06
-3.000284674803348025e+04 6.740633575403531393e-06
-3.000251861448296040e+04 1.745405816810736077e-06
-3.000230744224098453e+04 1.257050926867014570e-04
-3.000206245328141813e+04 3.410172459450479016e-05
-3.000175676265098446e+04 2.262369075497753959e-05
-3.000125095248376238e+04 8.149352247378462742e-07
-3.000099401132664934e+04 4.582614575452791800e-05
-3.000056856499957212e+04 2.058786198987350689e-04
-3.000028866327822470e+04 2.240245776871579316e-05
-2.999990519834538281e+04 1.024185244429779714e-04
-2.999971675542414596e+04 8.916072208439453615e-05
-2.999958646365394088e+04 2.652094262907495776e-07
-2.999939927520467245e+04 1.611845651425888073e-05
-2.999897187241507345e+04 5.519039920402709666e-04
-2.999890021163473284e+04 1.222411035877873659e-04
-2.999833821346289915e+04 2.191118830130569957e-07
-2.999787691451219871e+04 1.003703143664774462e-05
-2.999778108382173014e+04 3.061790489580047751e-05
-2.999744916170474607e+04 2.977156301194413372e-06
-2.999726459975894977e+04 4.736373143466001876e-05
-2.999693518818751545e+04 4.879845638886584321e-05
-2.999655719135676190e+04 1.407561387214029277e-04
-2.999630250067940506e+04 1.279720813505737253e-05
-2.999604652208620246e+04 2.475839577929107697e-05
-2.999565547245656853e+04 4.326973100487651766e-06
-2.999539653491303397e+04 3.571667859407396188e-07
-2.999530694045628479e+04 1.043396266526643755e-04
-2.999468892465100362e+04 1.606828119953310446e-04
-2.999438419758931923e+04 4.556085961886837407e-04
-2.999426096213996061e+04 4.740289514490424488e-06
-2.999411662047474601e+04 2.780143645457342416e-04
-2.999365719925880330e+04 8.736031292791326779e-04
-2.999357694914548847e+04 2.433158049414431480e-05
-2.999329026958067698e+04 1.432037250817213059e-05
-2.999321149705783682e+04 3.642030229695598031e-04
-2.999253419297678192e+04 8.880065958775009826e-04
-2.999238744368124753e+04 3.154381973507958321e-04
-2.999214265897865698e+04 3.214522494955366011e-04
-2.999196188506550970e+04 6.996179194283610081e-05
-2.999168919432154871e+04 6.629686181197801315e-05
-2.999136065083594076e+04 1.996821050590162183e-04
-2.999104568565930094e+04 7.472847922792817546e-04
-2.999072124972619713e+04 4.952542528803093426e-04
-2.999023151971286643e+04 3.528866229440006459e-04
-2.999021063816432070e+04 4.526468923449679534e-04
-2.998974540336651626e+04 9.247881372728516716e-06
-2.998941372107010466e+04 3.741742326452736773e-05
-2.998917189511542892e+04 1.281776820127117132e-06
-2.998894258557059220e+04 1.034758555922461584e-05
-2.998851331367051171e+04 5.982805657675988921e-05
-2.998834877077522833e+04 5.943903205630989397e-04
-2.998787924795368235e+04 2.371287670776747649e-03
-2.998745384814585850e+04 1.596127764007689010e-04
-2.998722726107103517e+04 2.738340973480900189e-04
-2.998693977736945089e+04 4.975181590002319965e-03
-2.998687886630106732e+04 6.718217083723995199e-05
-2.998671391156591199e+04 7.743871434098492873e-04
-2.998623445769339014e+04 7.264158870519103902e-05
-2.998598060179203094e+04 2.545119347976075005e-06
-2.998563117942568351e+04 2.157734185976755540e-06
-2.998548484553493108e+04 1.243936131621509221e-03
-2.998502522469337418e+04 1.777373576343448287e-03
-2.998462393640865048e+04 8.876947963354662801e-05
-2.998429131295057232e+04 1.497575388175209545e-03
-2.998409492512383804e+04 5.317750190279700871e-05
-2.998380074358511047e+04 1.407187668678505426e-03
-2.998332985471080974e+04 3.256620287933025405e-04
-2.998303844357956405e+04 2.368759034965319064e-03
-2.998266875981415433e+04 2.968996002706841050e-03
-2.998244764949536329e+04 8.199691184555727526e-04
-2.998206855657766937e+04 4.332668024619477053e-03
-2.998186084713065793e+04 1.526808141064535211e-02
-2.998135132248665104e+04 2.533256645464809862e-03
-2.998120767379133395e+04 3.881417367488509528e-03
-2.998118747864266334e+04 1.210640200092207019e-02
-2.998084277776053932e+04 3.183915999585489737e-03
-2.998051209259847383e+04 7.420836350321990266e-03
-2.998027283538335541e+04 7.813014957003131325e-03
-2.998012517992270296e+04 2.329406716006965101e-03
-2.998005901577963959e+04 8.260813495653758260e-05
-2.997949306946036813e+04 8.002773743107566068e-04
-2.997914300868814826e+04 2.910558236556277218e-04
-2.997892986901791301e+04 6.063897130823426017e-05
-2.997877551806674819e+04 9.891699991063315506e-04
-2.997842648622281558e+04 6.585439225141171392e-05
-2.997800112805759636e+04 2.891281636175808533e-03
-2.997748128140746121e+04 1.004428169265049788e-08
-2.997742391687717463e+04 1.948129932994474914e-03
-2.997711595063226196e+04 4.499740216660855392e-03
-2.997667631726884065e+04 4.235665875567432796e-04
-2.997639518535252137e+04 7.454661759501557579e-03
-2.997618569902384479e+04 5.476179846248992178e-03
-2.997585658044975571e+04 2.680887782068292619e-02
-2.997567972063867637e+04 1.935970579904131295e-01
-2.997556896744885307e+04 6.934055593131463816e-03
-2.997537251595430280e+04 3.257242640808535872e-02
-2.997504321765666828e+04 2.059347261220872190e-03
-2.997496816527663032e+04 6.811354198461065873e-04
-2.997480103288130340e+04 8.388270524836644385e-03
-2.997438145839530625e+04 1.018266451025011485e-03
-2.997409347362855624e+04 3.540246780223930967e-02
-2.997395252936864927e+04 3.836181845014793195e-04
-2.997378580277847141e+04 7.851710631224532088e-04
-2.997356733846578936e+04 2.817286599332841503e-04
-2.997307324320139742e+04 1.226357531023849860e-02
-2.997281805585375332e+04 1.717602461006989783e-04
-2.997251700608545434e+04 2.731631963286140080e-03
-2.997239588108799580e+04 9.580131983731922721e-03
-2.997203006749743508e+04 1.201229127588728483e-03
-2.997173378811654402e+04 1.351811669400132185e-03
-2.997149896931009425e+04 2.314970141537998460e-04
-2.997132109862928337e+04 1.080021846666268364e-03
-2.997109883993533367e+04 1.113438574476503492e-03
-2.997086362241931056e+04 5.564084670552602740e-05
-2.997046901424740281e+04 1.157816488178666642e-03
-2.997015204689533857e+04 1.318372571598900624e-02
-2.997010236771468772e+04 2.046252011298562920e-03
-2.996995194713153978e+04 2.303048187085569506e-02
-2.996974872268301988e+04 4.669700175662646474e-03
-2.996964454755801489e+04 1.239186317905393610e-03
-2.996942399515701618e+04 8.082609561669288484e-03
-2.996921840765439265e+04 1.739926198637294815e-05
-2.996894361094240594e+04 3.057293292192262563e-03
-2.996883135102091910e+04 3.033674116953286731e-02
-2.996852232294150235e+04 1.363914847622504402e-02
-2.996823885379866260e+04 4.925235920033569498e-02
-2.996788395548116387e+04 2.502149086649997634e-02
-2.996774271648202921e+04 1.999477610259493138e-02
-2.996752870295050889e+04 4.398854202400912655e-03
-2.996728573255151787e+04 1.990308044543455043e-02
-2.996696456164083429e+04 1.016826774000470848e-02
-2.996666962833690195e+04 5.140414986160445066e-02
-2.996640003071645333e+04 1.249346263912005938e-04
-2.996613008075903781e+04 1.326963321272740847e-03
-2.996575589619085076e+04 3.017529724960199642e-03
-2.996574858448770465e+04 5.039691523548371112e-03
-2.996521810964383621e+04 6.425129832984091335e-03
-2.996506728075069987e+04 1.964028614504037974e-03
-2.996481601023940675e+04 2.376630428865620856e-02
-2.996460741633483121e+04 3.561888888631425942e-02
-2.996439367854682496e+04 3.083384043251509980e-05
-2.996393410300684627e+04 1.299319810606918780e-03
-2.996379057491702770e+04 5.740668540152686888e-04
-2.996357882343321398e+04 5.929371232577209348e-03
-2.996336974787216241e+04 8.350706333613037644e-04
-2.996314756406508968e+04 2.732775965430467649e-02
-2.996292571738118204e+04 2.392634152796814864e-02
-2.996283347372213393e+04 2.080142082253248054e-07
-2.996260213475614728e+04 5.208342501295354322e-04
-2.996228727086497383e+04 3.964382987483824200e-02
-2.996220522861228164e+04 9.565883311579098311e-03
-2.996192239644121219e+04 1.603140759959944877e-03
-2.996160720224442775e+04 1.056495436643614726e-04
-2.996134538115672694e+04 9.461119860984285208e-04
-2.996131222487844570e+04 1.321406108569241501e-03
-2.996105860170185406e+04 9.822384355410857852e-06
-2.996062362577266686e+04 5.220012582614184764e-03
-2.996033289155773309e+04 5.046419075474708853e-03
-2.996016655320722930e+04 1.912623553413242417e-02
-2.995978346841629900e+04 1.658106376683339751e-04
-2.995957333362364079e+04 1.079895609178473847e-07
-2.995952338845999111e+04 3.364909360598947153e-05
-2.995907964300409003e+04 4.675483730182925678e-05
-2.995896414023922989e+04 1.150237481133093570e-03
-2.995880984328402701e+04 3.381176606270528632e-03
-2.995857312151006045e+04 2.745121500112581120e-04
-2.995847911334640958e+04 5.858443728462529735e-04
-2.995803714556432533e+04 5.262867674772996306e-05
-2.995760238762573499e+04 2.925923799118946775e-03
-2.995742476268549945e+04 1.086635143499372399e-03
-2.995724680567058022e+04 5.184827501975387614e-04
-2.995698364976899393e+04 3.014115957561248776e-05
-2.995688458777382039e+04 1.109139863956252277e-04
-2.995678437612763082e+04 2.115739188614742475e-03
-2.995644251953364073e+04 2.143627422691539973e-04
-2.995601958014830598e+04 3.223904513227645154e-04
-2.995544201257106397e+04 2.138972284617326274e-05
-2.995542496325097090e+04 2.170633047074724264e-03
-2.995523393826365646e+04 3.319013811302748071e-04
-2.995516944640834845e+04 2.843053066439799525e-04
-2.995485194002544449e+04 5.379436829584680274e-04
-2.995462307444809630e+04 7.199270712681733091e-05
-2.995400316556832331e+04 1.224820692080454305e-03
-2.995386005939936877e+04 3.241118704402455174e-04
-2.995373116535444933e+04 5.870755920495689291e-03
-2.995356284446701466e+04 2.650701161968852925e-04
-2.995337549756621229e+04 6.963383552909986714e-06
-2.995304510047901931e+04 1.701489095917359815e-03
-2.995287134714363128e+04 1.574569247232622234e-03
-2.995245444720423984e+04 1.580279243518310089e-04
-2.995234495778391283e+04 5.487532974660296688e-05
-2.995231603576637281e+04 3.845489771788362932e-04
-2.995197304480444654e+04 5.041023619002474873e-04
-2.995184781184590247e+04 4.093872648970223494e-06
-2.995140892998852723e+04 1.255176434466017164e-05
-2.995093555480385839e+04 2.207491888239661033e-04
-2.995071421587777877e+04 2.890411186638545125e-06
-2.995058975735675631e+04 1.134474455237166331e-04
-2.995034997109920732e+04 3.511827517513652183e-04
-2.995018457728788417e+04 1.051747744031491330e-05
-2.995010654107081791e+04 3.100350280785049272e-03
-2.994984916510270341e+04 1.437552136742915095e-03
-2.994965141653269529e+04 2.082469947232041814e-04
-2.994906672605759377e+04 4.244349875690820763e-04
-2.994880001486127003e+04 2.406187415883379987e-04
-2.994854280136301895e+04 1.932569263008701761e-04
-2.994833626051243482e+04 2.055068332767706575e-04
-2.994823343776588808e+04 2.219717277446583718e-06
-2.994807600564182212e+04 7.687725558850201212e-05
-2.994799512614569539e+04 2.314204168808211811e-04
-2.994739227487347671e+04 8.451181862561816765e-06
-2.994730592278621771e+04 8.511736422092431318e-04
-2.994713388691062937e+04 2.297937837990185480e-05
-2.994676543557927653e+04 4.159429728709301203e-04
-2.994647820230195066e+04 1.265969661475920514e-03
-2.994622765344276195e+04 3.091898108129980923e-04
-2.994614231775327789e+04 9.440156205945216070e-04
-2.994593655536941151e+04 8.862693090940254072e-04
-2.994562369280998610e+04 2.535876525156172730e-03
-2.994527311992353498e+04 6.259178903157011317e-05
-2.994507112020057684e+04 6.731141718273124450e-07
-2.994500810478793210e+04 1.730491844423802695e-05
-2.994451085009556846e+04 2.162364798277636895e-06
-2.994420970063312416e+04 2.192105378697436141e-05
-2.994398594306983432e+04 6.213688767684415583e-05
-2.994353795086844912e+04 4.867810421586330403e-06
-2.994334194410351847e+04 2.077412790475286028e-04
-2.994324365930083150e+04 6.450921979998571745e-04
-2.994277058419577588e+04 5.733093559817211879e-05
-2.994265265400415228e+04 2.028813371051022669e-04
-2.994243377033832076e+04 7.099296353367893489e-04
-2.994219862118948367e+04 1.061748151437916885e-06
-2.994184717109342819e+04 1.590617022886158525e-05
-2.994159891275846894e+04 3.936519464168984458e-07
-2.994152851941834160e+04 8.908893090034657875e-05
-2.994118898846834782e+04 5.411924150524738132e-06
-2.994083818312789299e+04 1.375551644995459363e-04
-2.994071094231459574e+04 9.936264406719466297e-06
-2.994024446169310613e+04 7.071924676484564324e-05
-2.993997667295072097e+04 3.791552400903810159e-07
-2.993984747320549650e+04 2.471067632127592562e-05
-2.993947227747116631e+04 8.268329687006689428e-05
-2.993927889698024228e+04 4.379226483048477356e-06
-2.993912779028428486e+04 1.899682684376026529e-04
-2.993884673750130241e+04 2.540786114657643904e-04
-2.993872161272168523e+04 3.622823516167292323e-07
-2.993839351670216638e+04 1.148896429775818801e-04
-2.993816726597508750e+04 7.320464987564171997e-06
-2.993753124605070479e+04 1.066505067038264942e-05
-2.993734844623848039e+04 3.927465941038467256e-06
-2.993718236252329734e+04 8.790204689466627754e-05
-2.993682883545232107e+04 1.717614493694317386e-06
-2.993678143103811453e+04 9.288689067892670176e-06
-2.993662003616610309e+04 6.743847154344187894e-06
-2.993631673008892903e+04 2.638083492287187828e-06
-2.993578955930219672e+04 3.735660553180941343e-05
-2.993571899618086536e+04 7.448410719875878127e-05
-2.993502733887925569e+04 3.228105519170360206e-05
-2.993489540281403242e+04 7.021841565079297014e-05
-2.993468066949245258e+04 3.642696986016791952e-07
-2.993455808480515770e+04 2.586878116584821599e-06
-2.993414055195764740e+04 1.261249281361142398e-05
-2.993398625099939818e+04 5.380314628016506224e-06
-2.993351771083097992e+04 2.693313105654493579e-06
-2.993308712922183258e+04 1.687533526720959762e-05
-2.993301685392541185e+04 1.017799142431050790e-05
-2.993292637914833540e+04 3.051003599870930839e-06
-2.993282212633798918e+04 5.448734442127600670e-06
-2.993237534152873195e+04 4.332675265283282962e-06
-2.993185263230808050e+04 2.245096891421768446e-05
-2.993173478006204823e+04 3.806146541579418524e-08
-2.993155271253471074e+04 9.504233980843903933e-05
-2.993112268320353178e+04 8.912926620764871849e-06
-2.993093129798677910e+04 6.302325271760242896e-05
-2.993060500560091896e+04 4.528659157036692105e-06
-2.993044681296212002e+04 1.777044560895378366e-06
-2.993020033071265425e+04 2.726443417732210122e-06
-2.992970240846067827e+04 1.145937883173464724e-06
-2.992931136331601010e+04 3.541949349020585968e-06
-2.992882812800681131e+04 3.551274720069950288e-07
-2.992876526146614196e+04 6.408041367635381564e-06
-2.992860811844457930e+04 1.797179541413102342e-06
-2.992842635838922433e+04 1.425276034062935380e-05
-2.992814554857461553e+04 6.363340383988916066e-05
-2.992788270956935958e+04 3.029310573976413921e-06
-2.992764080589349396e+04 7.302978969351487976e-05
-2.992714837407392770e+04 2.535819397309477346e-06
-2.992675709029079735e+04 6.485432144476761297e-06
-2.992665020584152444e+04 3.501818535015724934e-07
-2.992649140611065377e+04 2.058809161606550471e-07
-2.992609818011032621e+04 7.008914132919855069e-07
-2.992559488687102566e+04 3.658318887517079935e-06
-2.992550416973924803e+04 6.439193859667200196e-06
-2.992516087858333412e+04 1.496848529423070932e-08
-2.992478301117772571e+04 4.443156725214049836e-05
-2.992470790544219926e+04 1.665389235000619552e-05
-2.992454657323530046e+04 4.071110999119757708e-07
-2.992404874390977420e+04 7.685809938806684969e-06
-2.992384091741910743e+04 1.666016167464226088e-05
-2.992369750319757077e+04 1.490196238470556410e-08
-2.992308560767808740e+04 3.509856686549221993e-08
-2.992270814538608101e+04 2.963597148364031698e-08
-2.992258114738210861e+04 1.462859717211849813e-06
-2.992216595218929069e+04 2.137910507662077371e-06
-2.992207245737238918e+04 2.322354584501356253e-06
-2.992161302266128405e+04 6.901445767773607690e-08
-2.992143024870531008e+04 2.954660327252493698e-05
-2.992094771399343881e+04 1.197006427056281586e-06
-2.992063078806082194e+04 7.203124559490997633e-07
-2.992032556459375701e+04 1.915534573325115828e-07
-2.992019615666555546e+04 2.004446336664827031e-06
-2.992000210632046947e+04 1.809673399953575954e-07
-2.991949419950487209e+04 3.014608656371905024e-07
-2.991893025162097547e+04 2.726823755899304658e-08
-2.991870885554619235e+04 6.405928824640432610e-06
-2.991844934848516277e+04 4.859790011758051199e-07
-2.991824756348226583e+04 1.754408854560045502e-06
-2.991791075043687670e+04 4.099756512448905352e-06
-2.991773294235224239e+04 1.510927423914133058e-06
-2.991745913439411015e+04 2.815506504986250079e-08
-2.991687374277658455e+04 4.491333633341993596e-08
-2.991680007862139246e+04 1.890293402937958732e-07
-2.991622941736970824e+04 1.407495420951217133e-06
-2.991603296526534541e+04 4.142563121272884526e-08
-2.991574104544103466e+04 3.288828843568627880e-09
-2.991502986169578071e+04 3.164011071955727327e-06
-2.991477173238219621e+04 4.285091322378138288e-09
-2.991440878210688970e+04 3.614663553361591927e-08
-2.991431196283835015e+04 1.169176154637099288e-06
-2.991419722342906243e+04 2.847565444599228405e-10
-2.991348223526537186e+04 3.403129505072843945e-07
-2.991317854626005283e+04 4.066478134688656244e-07
-2.991310076148046210e+04 9.016520945572832019e-08
-2.991259285092816936e+04 1.689238677068390601e-08
-2.991220865314736875e+04 6.459965447030929305e-07
-2.991192622665688759e+04 7.007756144636633775e-07
-2.991172312787580449e+04 6.195971188918152522e-07
-2.991121410704145819e+04 5.064075740221724975e-08
-2.991082438570003433e+04 1.627941637259996194e-07
-2.991055697822304501e+04 1.344650687974761609e-11
-2.991011339207738638e+04 2.235987590780928133e-08
-2.990971433628571322e+04 1.269694150375196475e-06
-2.990958439733216801e+04 9.316908867280578108e-08
-2.990880395291447348e+04 1.881084055772064654e-07
-2.990872874256470459e+04 1.053444962998074402e-08
-2.990800940285534671e+04 1.520982419389937962e-08
-2.990789050825614686e+04 1.754173750481475684e-08
-2.990775255322321755e+04 5.362662214229505879e-10
-2.990715058857616532e+04 9.385755416202209256e-07
-2.990690668489793097e+04 3.346435532553698475e-09
-2.990642011638990516e+04 1.702430890447584449e-09
-2.990616483386977416e+04 1.947281892849933355e-10
-2.990587648649454786e+04 4.084097985324377480e-08
-2.990543332703620035e+04 2.084846887176364986e-07
-2.990492771157114475e+04 8.356320150692723225e-09
-2.990454324283176538e+04 1.514538716811050256e-07
-2.990415508512919041e+04 1.097000473700035870e-07
-2.990370821445510228e+04 1.767554318231722660e-08
-2.990333567996630882e+04 5.537459394149001050e-09
-2.990299948255436902e+04 1.459132020080667539e-07
-2.990224200851832575e+04 1.157499251861345175e-08
-2.990213322497951594e+04 1.219736771311863425e-07
-2.990164976267124075e+04 7.215519695093774885e-09
-2.990133612134076611e+04 6.873942277333602959e-11
-2.990110331454879997e+04 1.395125180220747988e-08
-2.990095375679944846e+04 8.925811174998438878e-09
-2.990007457363258436e+04 5.377683212046289339e-08
-2.989954278379784955e+04 2.771268179182101268e-08
-2.989931393355398905e+04 2.156338503942678023e-10
-2.989874829885880899e+04 7.650786156824389585e-09
-2.989826597798451621e+04 2.876176264210480690e-08
-2.989766608121919489e+04 2.256583538358645496e-09
-2.989731537265835505e+04 9.759233710088752963e-09
-2.989666344590749213e+04 3.756378968936299883e-09
-2.989620739269003388e+04 1.056949063808086366e-08
-2.989613506493018576e+04 3.228457064361261771e-09
-2.989587990192724828e+04 6.378660320016390329e-10
-2.989509108372024275e+04 5.007542333884374909e-09
-2.989447211594658802e+04 1.156092383903089088e-09
-2.989380349625186864e+04 8.573527843907649769e-09
-2.989287781246206941e+04 3.168918901068539832e-09
-2.989241719454286067e+04 1.412319666560590424e-10
-2.989202906756377342e+04 1.730363617164625663e-09
-2.989141676289647876e+04 2.081440180930770277e-09
-2.989137099906296498e+04 1.595030407912738287e-10
-2.989036142784617550e+04 5.965364303618215272e-10
-2.989013784094309449e+04 2.179218507027373741e-11
-2.988988090960156842e+04 1.027508932944800421e-11
-2.988910154548931678e+04 3.281880648494963532e-09
-2.988852349292275176e+04 5.551875678423372711e-10
-2.988787028435161483e+04 1.201705996117964816e-09
-2.988755848532359232e+04 1.458728629426246987e-10
-2.988685576541133196e+04 5.559927763302635021e-10
-2.988634061349678450e+04 4.896974786056537258e-11
-2.988604508043874375e+04 1.157968947452089401e-12
-2.988501189101999262e+04 1.054493801102906088e-09
-2.988456814349483830e+04 2.176905010522079292e-12
-2.988346069087659271e+04 2.303095585518346441e-10
-2.988311613493663754e+04 7.888625505883105122e-11
-2.988211399333678855e+04 1.857786428494602911e-10
-2.988195437231727556e+04 7.471373284481779847e-11
-2.988157254401738828e+04 4.400181222326398515e-13
-2.988066331619807897e+04 1.770534029371257998e-10
-2.988035249659622787e+04 2.425490270920629395e-11
-2.987904898496723763e+04 1.026832429256706931e-10
-2.987816253947151199e+04 2.842314330152781782e-11
-2.987768874398457774e+04 7.246333197732805894e-13
-2.987669468598287494e+04 5.456081248587747256e-13
-2.987475215175437916e+04 2.494536501892594684e-13
-2.987381218140564670e+04 3.657536857666058191e-11
-2.987325674079567762e+04 5.805389298855853879e-12
-2.987223016895822730e+04 1.255987813252496747e-13
-2.987090550766556771e+04 2.157970916231349103e-13
-2.986958205431123133e+04 2.202729235896287593e-13
-2.986946308166514063e+04 5.172420255680046944e-12
-2.986829853828139312e+04 7.858386657073035106e-13
-2.986663973759350483e+04 4.603306848975512679e-13
-2.986555522014619783e+04 1.720676553329668055e-12
-2.986422890850672411e+04 1.183158494812534720e-13
-2.986373562526680689e+04 1.475627936066317138e-13
-2.986236764020564442e+04 5.611439734936062025e-13
-2.986096468174762776e+04 1.266214509515323024e-13
-2.985963161616486104e+04 5.036382963698958791e-15
-2.985645598886152948e+04 1.253046261605723613e-15
-2.985634166565026317e+04 6.631118534424888676e-15
-2.985490791711030397e+04 4.670749884402590390e-14
-2.985394091599938110e+04 1.038745034605892383e-14
-2.985153182824881515e+04 5.836643360468610498e-15
-2.985048330620634079e+04 2.530642535486567508e-16
-2.984592777425599343e+04 2.552814553090360506e-17
-2.984584956735465312e+04 4.735548933329052581e-16
-2.984492587294827899e+04 1.961523143370712124e-15
-2.984413518953674429e+04 1.088371366289701790e-16
-2.984064711660917237e+04 1.523732873786000032e-21
-2.983990823210714007e+04 1.933304770001270061e-17
-2.983472643601411983e+04 1.392485400145893033e-17
-2.983382863333992645e+04 2.071750906514096690e-17
-2.983323043579006844e+04 4.241267795323505872e-22
-2.983235621598798389e+04 1.276082715286486362e-18
-2.982874862989778558e+04 2.223711975282547953e-19
-2.982811612938265534e+04 4.208120691879986167e-19
-2.982295873410626518e+04 4.527669364263661546e-19
-2.982190695721030716e+04 5.146193034231510752e-21
-2.981738164793432952e+04 5.173310893502239181e-22
-2.981706967822583101e+04 1.982706730084653398e-21
-2.981502766539122968e+04 1.121211878436964834e-21
-2.981462458836882433e+04 9.452488164367255146e-22
-2.981012543120130795e+04 2.159315048547654794e-21
-2.980917469533064650e+04 7.155092178497128009e-22
-2.980114999637684377e+04 4.856219165741330931e-24
-2.980065008129883790e+04 1.384348387299402802e-24
-2.979606303882607244e+04 1.110305369829399502e-24
-2.979531029258625858e+04 7.080162254755038502e-24
-2.978385405416868889e+04 0.000000000000000000e+00
-2.978347224282330353e+04 0.000000000000000000e+00
-2.978040038833662766e+04 0.000000000000000000e+00
-2.977987876961314396e+04 0.000000000000000000e+00
-2.976344702839752790e+04 0.000000000000000000e+00
-2.976316506619540451e+04 0.000000000000000000e+00
-2.976108937031944879e+04 0.000000000000000000e+00
-2.976079539293363996e+04 0.000000000000000000e+00
-2.974259518239207682e+04 0.000000000000000000e+00
-2.974232257240956096e+04 0.000000000000000000e+00
-2.971662888091176865e+04 0.000000000000000000e+00
-2.971644115551620416e+04 0.000000000000000000e+00
2.995277040940776715e+04 0.000000000000000000e+00
2.995285058539595411e+04 0.000000000000000000e+00
2.995335067145592620e+04 0.000000000000000000e+00
2.995591846791056014e+04 0.000000000000000000e+00
2.995701214078691919e+04 0.000000000000000000e+00
2.995805224679778257e+04 0.000000000000000000e+00
2.995809439406388992e+04 0.000000000000000000e+00
2.995922252651715462e+04 0.000000000000000000e+00
2.996016088769853013e+04 1.150709750801003541e-24
2.996100152914601858e+04 1.136918325452702482e-24
2.996190772874534377e+04 6.798533064691717248e-23
2.996226576126548389e+04 0.000000000000000000e+00
2.996301752633109209e+04 2.768641375213277628e-23
2.996412294637667219e+04 9.554035778557803522e-22
2.996525619048342196e+04 3.597833085683431384e-21
2.996545704632493653e+04 1.486662580753422548e-22
2.996636211984180045e+04 6.317122715551303980e-21
2.996732510271214778e+04 3.975702209136248165e-20
2.996760205307361321e+04 5.286611358213839629e-21
2.996794541104167365e+04 1.245699756052055470e-19
2.996860997853868685e+04 1.357568312647982021e-20
2.996890629722315862e+04 4.732416402988565139e-20
2.997000723585426749e+04 2.157508522078243014e-18
2.997026374131502234e+04 2.299936678505251851e-19
2.997118327334662536e+04 2.045970829515808141e-18
2.997164537741381719e+04 3.748263627837808239e-18
2.997240358688976266e+04 2.668798212950227928e-17
2.997282072722556040e+04 1.507127998869301659e-19
2.997358730340114198e+04 7.340001282139777633e-17
2.997401773580658119e+04 2.828673364411248486e-17
2.997476424227017924e+04 2.884475204461384470e-16
2.997531576885474351e+04 1.349385177479347951e-17
2.997595535003746772e+04 1.147149839886661142e-15
2.997660521132356371e+04 3.350682689468184841e-16
2.997712983744825397e+04 3.131147127560562165e-15
2.997787126295932831e+04 1.912683927343169259e-16
2.997828673123512635e+04 9.618435493617143576e-15
2.997912151984979937e+04 8.686916290572378772e-16
2.997939319006765800e+04 4.074906294682091875e-14
2.998016463118162574e+04 3.483931678139743427e-17
2.998044811504126483e+04 3.528787275734583719e-15
2.998082834825686587e+04 5.862529772323781915e-14
2.998134067066948774e+04 3.608741450874496094e-14
2.998178604015963356e+04 3.353548619585441608e-13
2.998224418200365108e+04 7.779059908966912659e-14
2.998298050318818059e+04 1.053685196865198153e-15
2.998320783569780906e+04 9.120625578485064799e-14
2.998407859676812222e+04 2.550913084883406637e-12
2.998431478268749561e+04 1.007517230817474078e-13
2.998504396116815406e+04 2.168707923801047715e-12
2.998556311971514515e+04 5.927134016301103025e-13
2.998583308199394014e+04 3.145033621736992558e-14
2.998640320293896730e+04 2.277815304125894293e-12
2.998670728285941732e+04 3.706675919160355074e-12
2.998705691274318451e+04 3.425587099427290203e-12
2.998763332273816923e+04 2.467122982875990301e-11
2.998820923145571578e+04 2.831860224713281590e-13
2.998849660092069462e+04 9.694551211452394352e-12
2.998932110556452608e+04 1.940686463723986444e-12
2.998943184692386058e+04 6.612020070430262491e-12
2.998986202283109014e+04 1.402778210879911259e-11
2.999031433563093378e+04 4.988293775899313126e-11
2.999062313928151343e+04 7.471796063877294775e-11
2.999098060707264449e+04 8.372347033657391949e-11
2.999160976185718755e+04 1.214959530213389370e-10
2.999184396004403970e+04 8.934805596401981084e-11
2.999228281997753584e+04 3.990596037160128889e-11
2.999256534424905112e+04 3.149569814835485502e-11
2.999279311428322762e+04 6.238443624260496387e-12
2.999309190090766424e+04 4.494097686152101198e-13
2.999323195855712402e+04 2.973148914042937297e-12
2.999397734182720524e+04 1.902000459405515347e-12
2.999419520713243037e+04 5.567017169830275366e-11
2.999429767452423039e+04 2.194405981166194246e-14
2.999456631488073981e+04 6.821845950955059244e-11
2.999507520990670673e+04 1.985582502858006614e-11
2.999539381850088103e+04 1.103091809820967780e-10
2.999587945135835980e+04 6.633194282161106506e-11
2.999611778940706063e+04 4.027089929116114136e-11
2.999635870509739470e+04 2.033347837278131801e-12
2.999680661526955737e+04 2.511830264895995975e-11
2.999697345783965284e+04 5.464132696029054852e-12
2.999720561342255314e+04 3.881772169753582400e-13
2.999765293155047402e+04 1.298812671106472616e-11
2.999785118335614607e+04 2.425494523640554473e-10
2.999816289976967528e+04 5.977130099300506758e-10
2.999869903581961626e+04 4.566906855181124702e-12
2.999881278420521267e+04 1.700871511703107698e-10
2.999912008440206409e+04 4.140711260038372797e-10
2.999934297480797977e+04 3.496583819220782105e-10
2.999966865727851109e+04 5.303696494962378995e-10
2.999991531723697335e+04 1.087878301402045544e-09
3.000029993355425540e+04 9.375249647738607894e-10
3.000067415181810793e+04 1.513500644235600198e-09
3.000090082575153065e+04 1.739967523260275831e-10
3.000111078295903280e+04 1.746355670067332399e-09
3.000141338938550689e+04 1.257609980886693855e-09
3.000173428110134773e+04 1.469027077397612583e-14
3.000188015549897682e+04 1.201191182948271621e-09
3.000228029866803990e+04 5.257094778716936456e-10
3.000253767620969666e+04 1.377105423402054978e-09
3.000291849649442884e+04 2.012636214755525098e-09
3.000316491654862330e+04 2.596299170706275402e-11
3.000372421470865447e+04 4.636684562935496494e-10
3.000396337538038279e+04 1.590817351537739629e-11
3.000412594988691853e+04 5.890538766449649107e-10
3.000447425534579088e+04 3.904538946462385423e-10
3.000474876655672415e+04 4.177310322336782026e-10
3.000505677697360079e+04 1.419356053534461776e-10
3.000543321753069176e+04 4.207312072632710868e-11
3.000575731156590700e+04 9.685860418722070667e-13
3.000603002534647021e+04 1.346693505159930801e-10
3.000630533665066105e+04 1.056789352102532052e-09
3.000631488126732802e+04 1.462928651920132099e-09
3.000651075347796359e+04 2.157358660758095222e-09
3.000668053350329501e+04 2.545713148644362296e-09
3.000713926172010542e+04 1.745900558932520526e-10
3.000745445545270559e+04 3.968901512519366864e-09
3.000762332259790128e+04 3.533988381307858663e-12
3.000785232497715697e+04 2.523031368273675121e-09
3.000811382558345213e+04 3.243699494767821260e-10
3.000833409568593561e+04 3.782902786996510873e-10
3.000863704471178426e+04 9.332698115128912190e-10
3.000874357884141500e+04 6.220844635330226077e-11
3.000931783673962855e+04 9.591465599957715779e-10
3.000952336921967435e+04 2.216509919695413576e-10
3.000972331319476871e+04 1.038879515266699371e-08
3.001010527927984003e+04 7.217928466680263352e-09
3.001046574694688752e+04 5.186727711163991467e-09
3.001079572124337210e+04 4.610220152628557760e-09
3.001110721025711246e+04 1.351972159254377268e-09
3.001125690909989862e+04 1.672517439070827709e-09
3.001148655996943853e+04 1.487653467838684051e-09
3.001196533657826149e+04 1.682549000030190528e-10
3.001212714827618038e+04 3.441870516878184041e-09
3.001236088064873547e+04 5.200811326053850809e-09
3.001294143732685552e+04 1.818563900222661074e-09
3.001318715143031659e+04 1.234706218317937286e-08
3.001339113393156367e+04 1.229368713316549758e-08
3.001353067331840430e+04 4.273163514493276808e-09
3.001382340703187947e+04 1.901610583164516136e-12
3.001400500922825449e+04 5.973382481680665350e-09
3.001438147314071102e+04 4.569813482860029239e-09
3.001452182557773267e+04 7.700710510940847400e-10
3.001486830059126078e+04 2.247501888306277372e-10
3.001527450571022928e+04 1.204843402275088306e-09
3.001558890805995179e+04 2.829830161738683011e-09
3.001589140240985944e+04 3.693132569762130791e-11
3.001627210895076496e+04 7.511463131577910005e-09
3.001632374108757358e+04 6.993567983987818265e-09
3.001680841361831699e+04 3.459433554306337145e-08
3.001728738185360999e+04 2.531636694983953955e-10
3.001755900475907038e+04 4.714423026924167351e-10
3.001778898626002774e+04 1.225698726138910433e-08
3.001803844855165153e+04 1.234123342206657792e-09
3.001852288272338774e+04 1.618530039450971654e-08
3.001884197511797902e+04 1.086676937769461743e-07
3.001914994004690016e+04 4.784563400126272054e-08
3.001919840632478372e+04 2.629149377174081918e-07
3.001930432229673534e+04 5.373885096371157442e-09
3.001967638377645926e+04 4.706522838495182931e-10
3.001997410344371019e+04 4.292588140136847982e-10
3.002035436181997284e+04 3.015902367862425822e-08
3.002039910702201814e+04 7.997921622217923724e-08
3.002073129161090401e+04 7.927817567224709535e-10
3.002092645931810694e+04 4.031758138025093186e-09
3.002129121399178257e+04 3.547897607530802203e-09
3.002144907008047448e+04 5.091268845807089286e-10
3.002195942828774423e+04 8.379576310448802124e-11
3.002210451511840802e+04 9.693225271007495086e-09
3.002254836837251787e+04 3.666531507257801618e-09
3.002288249746093061e+04 4.166852362335620670e-09
3.002319099789406391e+04 2.078843153323657776e-08
3.002322823888829225e+04 2.657344702918247392e-09
3.002382468988525216e+04 9.440313695038103314e-10
3.002409595394895950e+04 9.847356489471926323e-09
3.002446694045460754e+04 1.125822911075999770e-07
3.002456565294502434e+04 1.673441679892057232e-08
3.002479806063850629e+04 5.282833342953796657e-09
3.002497587518694490e+04 7.286385016638581354e-08
3.002521954564273619e+04 5.170329412879198587e-08
3.002562671270986175e+04 2.486648375167526471e-07
3.002568205313211729e+04 4.294450719168840333e-09
3.002577165931239506e+04 8.260117917073819185e-08
3.002606970988995818e+04 5.224697425860256636e-09
3.002637451047601644e+04 1.100405440494056412e-08
3.002660595532965817e+04 2.303624842333894901e-08
3.002684054201704203e+04 7.231116039291848325e-08
3.002691948810510803e+04 4.107227121152508684e-08
3.002748496483802592e+04 1.491495003977412031e-07
3.002760116162176564e+04 1.465374224153557018e-09
3.002803293378130911e+04 1.682013829174576698e-08
3.002814540203042270e+04 2.255038873985444940e-09
3.002848109675542582e+04 4.348266167819910507e-08
3.002870343441469959e+04 5.083589819969128631e-08
3.002911238232454707e+04 7.749179224578051938e-09
3.002932743315620246e+04 3.733825323258093988e-09
3.002955152380504296e+04 4.144358286941753608e-09
3.002986060530948453e+04 3.241090021288990532e-08
3.003012308362818294e+04 4.556583060069678055e-10
3.003027413299167893e+04 1.121238308473881691e-07
3.003063393833057853e+04 4.953495063991569376e-09
3.003067123755037755e+04 2.002178274447640711e-09
3.003078224791367029e+04 1.691874182441585829e-08
3.003090379065715751e+04 2.630436892538790541e-08
3.003115346485692498e+04 2.800896114895585744e-11
3.003149995813873829e+04 1.761953782321688177e-08
3.003159350936086412e+04 2.369387354789457206e-07
3.003184826095618700e+04 1.764195549686276611e-08
3.003203155832756966e+04 5.259383644137651569e-08
3.003228091856225365e+04 2.898782098494034385e-11
3.003258138098645213e+04 1.311105588490448027e-08
3.003269663503009724e+04 2.478070925246188354e-07
3.003303311323643356e+04 7.141281517549704375e-08
3.003337084065745512e+04 8.175291063496514173e-08
3.003343688962075612e+04 3.414527439244422836e-08
3.003398198088090430e+04 2.575823093483668296e-07
3.003422008219610143e+04 3.419645312644676194e-09
3.003446084689908093e+04 2.013617508912652673e-09
3.003463143948877405e+04 8.033587367479173696e-08
3.003488351719704588e+04 1.212108308045872847e-09
3.003531516815535360e+04 5.936908312063341038e-08
3.003539430400627680e+04 7.402488982558417760e-08
3.003573325948777710e+04 2.020057192750299193e-08
3.003583459929415403e+04 7.375735122098379478e-08
3.003614683336366943e+04 3.050701097156395584e-08
3.003643374804457562e+04 1.537522183704358153e-10
3.003666428831740268e+04 2.179282057393141562e-09
3.003712122597521738e+04 1.576356708305614554e-09
3.003718614699274258e+04 1.968201107219144066e-10
3.003748360492430220e+04 1.506970677413660658e-11
3.003754943869344788e+04 4.267362176652305539e-12
3.003786964225511110e+04 3.155988746224806074e-08
3.003815828194091227e+04 9.094761373058272588e-08
3.003826805686738953e+04 1.360245052573017680e-09
3.003839432452719484e+04 4.790072270374335378e-09
3.003850476217431424e+04 1.455222471984391470e-08
3.003876570343081039e+04 6.914401275875306157e-11
3.003910041086556521e+04 5.817725562173767867e-08
3.003926180783645032e+04 1.595060409801315077e-07
3.003954459686927294e+04 8.977925806646669750e-08
3.003993878853116621e+04 2.357369417139676856e-09
3.004012279290110018e+04 5.997573327361148414e-09
3.004042450608104991e+04 6.224714835886888985e-08
3.004067357046153847e+04 1.329416733538850671e-10
3.004077412827714943e+04 2.326303170194845679e-09
3.004125704834310091e+04 1.587984745443673452e-08
3.004139826405694839e+04 1.957846130034946875e-08
3.004179526958853239e+04 1.632368793118391532e-11
3.004187716315638318e+04 5.244322605936187988e-09
3.004196764286102552e+04 5.339237211798487562e-09
3.004225331259840459e+04 4.928231340253577328e-08
3.004248533308169863e+04 3.288117663425370150e-09
3.004282449041543077e+04 5.095435418644898454e-09
3.004294958798997686e+04 4.781095679256639409e-10
3.004327733735833317e+04 2.224047527381077469e-09
3.004352254195973728e+04 5.885860631455935459e-08
3.004353775939216575e+04 1.232022716709330529e-09
3.004382920461798858e+04 5.108691814735041213e-09
3.004425801872372540e+04 3.196768140823242303e-10
3.004441509375712485e+04 1.803022783241413338e-09
3.004504113827452238e+04 1.215105345862417679e-09
3.004513910070619386e+04 3.989492121641136031e-10
3.004525444026266632e+04 1.328667965826605160e-09
3.004532965486533431e+04 2.564334020971854599e-09
3.004566105575803886e+04 7.495643887492673017e-10
3.004584321030994397e+04 4.129982934930862136e-11
3.004633894109648099e+04 3.495309268161486196e-10
3.004664695063304680e+04 7.871960926234668459e-09
3.004686873101200399e+04 1.285712617004980820e-09
3.004695027620628389e+04 1.850353725317692439e-09
3.004727051922777900e+04 5.535221162574639581e-11
3.004740679012062174e+04 5.166037264757476223e-09
3.004757824025608716e+04 2.297535639812949105e-10
3.004805536455801484e+04 5.496572812812890237e-13
3.004819079062344463e+04 1.971598973460062027e-09
3.004829499987691088e+04 1.757824474632697754e-10
3.004859256821484814e+04 1.123264088943130618e-11
3.004863307379406979e+04 2.481933008408899064e-10
3.004914647536134362e+04 5.853827543216343168e-10
3.004969604464921576e+04 1.442813868951122966e-09
3.004985162271032459e+04 1.788485539269170708e-09
3.004992935350650441e+04 1.775072288901999233e-09
3.005019140594354758e+04 2.372612590254102127e-10
3.005028948948095058e+04 3.093747796798667115e-10
3.005037392223698771e+04 7.891791984178126322e-09
3.005068098922809804e+04 1.656040574639862910e-09
3.005096785217324214e+04 4.931651964339083508e-10
3.005146540704255676e+04 7.076026086830345399e-10
3.005163639327156488e+04 1.721493090065863302e-12
3.005195250146575927e+04 2.823462442734316239e-11
3.005204587924568477e+04 6.465753231195198692e-10
3.005221179878112889e+04 2.172496009224579650e-10
3.005240967550755522e+04 2.101966290194853712e-09
3.005254222695835415e+04 2.292759833816472761e-10
3.005300009592622155e+04 7.123738526760463833e-11
3.005321630102272684e+04 6.805717295566188992e-12
3.005340342054922075e+04 8.705440515647652844e-10
3.005363329945837177e+04 8.428997248955328803e-12
3.005399709443788015e+04 8.247850224275647325e-10
3.005409963003323355e+04 4.720044854723955545e-10
3.005429183884507802e+04 1.892048430621544889e-09
3.005440045880251637e+04 2.914851772324126209e-10
3.005485035382376736e+04 4.369213855337071611e-10
3.005518734270536879e+04 2.671942386252153807e-11
3.005534872648160308e+04 4.234701498445871692e-10
3.005538042203645091e+04 3.476174588761453139e-10
3.005584519973311762e+04 6.974053421962259415e-10
3.005625089255624698e+04 1.763722852698364968e-09
3.005648136321085622e+04 3.161255109647478611e-10
3.005681707064219154e+04 3.321307846203360948e-11
3.005707019401223079e+04 5.266665556690620244e-11
3.005717021370692964e+04 1.223644274621286982e-09
3.005750681292819354e+04 7.422760286906658804e-10
3.005774331843910841e+04 3.828028656392163215e-11
3.005793964086712003e+04 9.687104903332954384e-10
3.005824048591037717e+04 2.758407784735126374e-10
3.005851266335391119e+04 1.527540771886262978e-12
3.005876904443352396e+04 6.489431913102607578e-13
3.005903944176364894e+04 1.241328785309184793e-11
3.005939084904897391e+04 1.237988777214822294e-11
3.005957943388170679e+04 1.001245838258540284e-09
3.005976806644027965e+04 6.570029600367342466e-11
3.006015847202118675e+04 7.900177463612284362e-11
3.006037794786843006e+04 1.744555741745891945e-11
3.006058795322527294e+04 2.587474998188924459e-11
3.006090108142323515e+04 8.911291444359310845e-10
3.006113411342696782e+04 1.634619825581379636e-10
3.006126695491900318e+04 2.717615017695529526e-09
3.006156044609720266e+04 8.130398136189233673e-13
3.006175386303820051e+04 2.557246979071153021e-10
3.006199410226380860e+04 1.286495284151784432e-09
3.006222157907736619e+04 7.685779777357655086e-11
3.006281764604942146e+04 1.065211238325655871e-11
3.006309658255648537e+04 6.129862346776697132e-15
3.006318760918683620e+04 2.982012964513311069e-11
3.006349033055267500e+04 4.713126589093750637e-11
3.006359336422065826e+04 3.587398873199981799e-11
3.006382843199156923e+04 6.079611661142875396e-11
3.006393841981518563e+04 1.939183403597041914e-12
3.006459918697291505e+04 3.603394116209745112e-11
3.006472672997482368e+04 7.217552021357337017e-11
3.006542398385305933e+04 8.719328995584601925e-10
3.006551833487533077e+04 1.225812911621180494e-10
3.006569016189365357e+04 1.050762178064429622e-12
3.006578727280144813e+04 2.515265375584844005e-10
3.006626310243994885e+04 5.667068186596169803e-11
3.006639822629607806e+04 2.425291367903375296e-10
3.006691084430251431e+04 1.820918702900132726e-11
3.006708677217777949e+04 1.270494376100871204e-11
3.006729519656233242e+04 4.233092138606817129e-11
3.006744145916659181e+04 3.981327668562099408e-11
3.006765619891310052e+04 1.843532139468955161e-12
3.006795436225555386e+04 1.259921151257658737e-11
3.006852721361778822e+04 1.622525513448329158e-11
3.006866069237592455e+04 1.251841941689398094e-11
3.006879791533373646e+04 1.267613618959852770e-10
3.006916286585544003e+04 6.304081039760055471e-11
3.006947642874934172e+04 3.772501630324125422e-10
3.006982027204661790e+04 1.225175476089887974e-11
3.006989103153038741e+04 1.658899684691901456e-10
3.007013925189689326e+04 5.928547725083666852e-11
3.007068146561890171e+04 6.394100560775565822e-11
3.007106458195703817e+04 4.289020435306503701e-11
3.007153747479608865e+04 5.118885054067765213e-11
3.007161888982395612e+04 3.473916457019163645e-13
3.007166180252484264e+04 9.764695804147280212e-12
3.007194738802668144e+04 3.818614895360093048e-13
3.007218643887181679e+04 7.562469681789466964e-12
3.007251506818797498e+04 2.057881622939729617e-12
3.007272366179014716e+04 6.737500391933226328e-11
3.007315109848718566e+04 7.827840059512275660e-12
3.007356448856920542e+04 1.189479400768229907e-10
3.007372414277842472e+04 6.340250739616536065e-11
3.007379477047135151e+04 4.369894953732980582e-12
3.007425879279318178e+04 2.508194550454012377e-11
3.007476872663251561e+04 2.614207865492509400e-11
3.007490409927812289e+04 1.202683305500593561e-11
3.007516856820971225e+04 9.853176059396194760e-14
3.007554791624391146e+04 3.586462708887627138e-12
3.007561471918647294e+04 8.902780540927598224e-13
3.007581122723178487e+04 2.318866536101176004e-12
3.007636772172807105e+04 1.070843413711239703e-11
3.007644843461900382e+04 4.374368138073398253e-11
3.007670589565515911e+04 6.404663304227825307e-13
3.007736508575685002e+04 1.903745522421654120e-15
3.007758490898233867e+04 5.909515169100955250e-11
3.007773575466957845e+04 1.116014880115607616e-12
3.007820969270732530e+04 2.859821037084368095e-11
3.007833738815123070e+04 1.128391611711495456e-12
3.007876155235917031e+04 8.771587710177875344e-14
3.007888123130788881e+04 2.811720459525221352e-13
3.007942120976953447e+04 6.344352242148943664e-13
3.007957048392127035e+04 9.309205129782209897e-13
3.008000819624160067e+04 6.490509211982399332e-12
3.008021262637164182e+04 1.655747905134576399e-11
3.008043166535005730e+04 2.888102775529437364e-12
3.008083822552046695e+04 3.941966640256398781e-11
3.008146260634630380e+04 8.989999296525468896e-13
3.008166605580642135e+04 2.882960747338535974e-12
3.008182332122212028e+04 1.499788241339590000e-13
3.008212958027502464e+04 1.054561422564129767e-13
3.008244774920240889e+04 9.271784361525807036e-15
3.008268616689349074e+04 3.775150882743631336e-12
3.008289335095169372e+04 1.719798307538176117e-12
3.008346242807485760e+04 7.659677253745383705e-12
3.008355250712553971e+04 1.160461292151310761e-11
3.008406122664056602e+04 1.240958083094971647e-11
3.008423006356494079e+04 5.364924692337399886e-13
3.008472018618303628e+04 2.620882354342798362e-13
3.008525148706851542e+04 1.008378320567440842e-12
3.008556490482978552e+04 4.425702024054542629e-13
3.008594397835055133e+04 4.788151458050250139e-13
3.008602518042919837e+04 8.295355103922938290e-12
3.008607228447214220e+04 2.184898390757498229e-12
3.008694639351296428e+04 4.704057786328942460e-12
3.008712364947561582e+04 8.278976910890357181e-13
3.008730774826301786e+04 2.227284819109784446e-14
3.008779199422123565e+04 2.907318707238560335e-13
3.008819738668718855e+04 2.155738064745635777e-12
3.008854644221796480e+04 2.081766333299456317e-12
3.008862371246923794e+04 5.233056653796146708e-13
3.008911043008874549e+04 2.342372286456343184e-12
3.008949932505991819e+04 9.414365331068917251e-13
3.008967615318491517e+04 5.392929986457497687e-14
3.009019915063323424e+04 5.299216122786657235e-13
3.009063095371001327e+04 4.991017149012966777e-13
3.009078643776256285e+04 6.802604112601979358e-13
3.009153476632915044e+04 9.035441386370746308e-13
3.009168020099889691e+04 1.222718920890353106e-12
3.009217382466311392e+04 4.751484922506851841e-14
3.009240582886494303e+04 1.123472719965774618e-13
3.009261085580578583e+04 2.278097390705840108e-13
3.009309774604307313e+04 4.202214626224146394e-13
3.009359882924733029e+04 4.382268044279748270e-16
3.009404980099494787e+04 4.085007997642626476e-18
3.009417213169914248e+04 4.144001773300154471e-13
3.009441102086162209e+04 3.285426152707871424e-13
3.009485062338771968e+04 9.556568461430867859e-14
3.009540018992360638e+04 3.432206450381023427e-15
3.009583682558874352e+04 2.647558182332519655e-13
3.009611099406027643e+04 1.149657932531325728e-13
3.009657915333417259e+04 1.479613804445747801e-13
3.009724443784741743e+04 4.087158274230694730e-14
3.009729829618456642e+04 3.226984193058297396e-14
3.009808978310588282e+04 1.039432901077870867e-14
3.009831875406140171e+04 1.259981420892436318e-13
3.009846716889095114e+04 4.431424122522129303e-15
3.009909362062876608e+04 5.608074882390517723e-14
3.009926242582941995e+04 8.745224039699506119e-15
3.009944333430315965e+04 4.356203682283888511e-14
3.010016427497305631e+04 7.348335794109046566e-17
3.010078389962424990e+04 1.170245765474313750e-13
3.010122620889429163e+04 7.898069724218918268e-15
3.010163570393332338e+04 1.023839384714798502e-14
3.010198625812561295e+04 1.122765559072342086e-14
3.010263869506297124e+04 9.458210887684535620e-15
3.010300871230154371e+04 2.363586729467782381e-14
3.010379080777236959e+04 3.960398753286347329e-14
3.010414914767546361e+04 3.849798345590949768e-15
3.010434193998092815e+04 1.917991040127963832e-16
3.010448918523965767e+04 7.306458290309602186e-16
3.010532073426768693e+04 3.611429603079119738e-14
3.010578786128341017e+04 9.158058014747978584e-15
3.010647020278776472e+04 7.887199163084183962e-19
3.010736073842363476e+04 4.576967181770536392e-15
3.010791446869069114e+04 1.314288331552820596e-14
3.010861285384769872e+04 4.058951978129508592e-16
3.010887991337788117e+04 3.566103473758306316e-19
3.010916025555303349e+04 2.391887133924120756e-15
3.010991590827591790e+04 7.176924086333392586e-15
3.011025616841260489e+04 7.818633525889059414e-16
3.011049266396391249e+04 5.031877558486345801e-16
3.011122374473160744e+04 3.140682771046770972e-15
3.011181018778818179e+04 5.416669581395439716e-16
3.011244062412345738e+04 4.524487342631663616e-16
3.011258653134242559e+04 4.103976716621665214e-17
3.011344501525383021e+04 1.072875442803656449e-15
3.011422523939292660e+04 8.434407964261031485e-16
3.011443289079944589e+04 3.359853806498815172e-16
3.011527450123400195e+04 8.120807108903029395e-16
3.011591948472938020e+04 1.989127758636871590e-17
3.011674433945562487e+04 6.242680529065326792e-18
3.011753785488619542e+04 2.449505399831394200e-19
3.011816549695602953e+04 1.309374006299917770e-16
3.011840005568488414e+04 6.513742231585043532e-17
3.011865407094239708e+04 5.146358638966828544e-19
3.011968441569084098e+04 4.316333059560491483e-16
3.012024715395230669e+04 4.073929663389719436e-18
3.012155229474352018e+04 2.079580574532349062e-18
3.012243226260113079e+04 3.116929083708435418e-18
3.012284071035768648e+04 8.644581969287013891e-17
3.012387959145647983e+04 3.600256579231699104e-17
3.012580775763753627e+04 2.965154653130901480e-20
3.012656228878899492e+04 3.861070590935169673e-18
3.012705925752993062e+04 3.632112238477371824e-17
3.012829951055963829e+04 1.315598348875302317e-17
3.012957260966655667e+04 6.383605967161871229e-18
3.013108350293703916e+04 5.789206633359205816e-19
3.013130224779348646e+04 6.403311764794492578e-21
3.013247492432890795e+04 5.826889676684040613e-22
3.013390109259773817e+04 1.114367427788747881e-18
3.013483988749419950e+04 1.092469702981032449e-18
3.013602406294250250e+04 1.152511675681686325e-18
3.013698445482834359e+04 1.431676706176985257e-21
3.013797975913571281e+04 1.329206004306042779e-22
3.013965871809324744e+04 4.077670960493758288e-20
3.014081686712249939e+04 9.912205434577076462e-20
3.014399415902130568e+04 9.199680801929629922e-20
3.014428374628201709e+04 1.732174021881317934e-22
3.014536390024343200e+04 7.540350936010991751e-22
3.014658487139438148e+04 2.140905374471231919e-20
3.014891750244455397e+04 6.536622129115971211e-21
3.014999158572901433e+04 9.403824709287815759e-22
3.015449950916893431e+04 8.998668490322929715e-22
3.015487438503586236e+04 1.204697402541899762e-22
3.015536105783542371e+04 5.915110868378460980e-22
3.015648120237225885e+04 2.320320998249349028e-22
3.015979471997941073e+04 8.718325244846265542e-23
3.016056743472343442e+04 2.402952530747195591e-24
3.016555236795976089e+04 7.913322839845437724e-24
3.016635434839113805e+04 2.766068290878096570e-23
3.016767287085932185e+04 0.000000000000000000e+00
3.016846901956889269e+04 0.000000000000000000e+00
3.017174985709316024e+04 0.000000000000000000e+00
3.017237324190894287e+04 0.000000000000000000e+00
3.017727818768403085e+04 0.000000000000000000e+00
3.017826334168164612e+04 0.000000000000000000e+00
3.018347729062297367e+04 0.000000000000000000e+00
3.018365795735331267e+04 0.000000000000000000e+00
3.018570582530709726e+04 0.000000000000000000e+00
3.018604248048554655e+04 0.000000000000000000e+00
3.019010116570643731e+04 0.000000000000000000e+00
3.019100080804486788e+04 0.000000000000000000e+00
3.019936848097057737e+04 0.000000000000000000e+00
3.019985101194085291e+04 0.000000000000000000e+00
3.020415537674236111e+04 0.000000000000000000e+00
3.020487646855463390e+04 0.000000000000000000e+00
3.021668287545504427e+04 0.000000000000000000e+00
3.021704404546201113e+04 0.000000000000000000e+00
3.021983693966548526e+04 0.000000000000000000e+00
3.022033297506181407e+04 0.000000000000000000e+00
3.023680117735653766e+04 0.000000000000000000e+00
3.023709589088529174e+04 0.000000000000000000e+00
3.023945496664780148e+04 0.000000000000000000e+00
3.023975075217966150e+04 0.000000000000000000e+00
3.025761281958170366e+04 0.000000000000000000e+00
3.025787752669283873e+04 0.000000000000000000e+00
3.028358685399493334e+04 0.000000000000000000e+00
3.028376874452994525e+04 0.000000000000000000e+00
