-3.001080570848305797e+04 6.489874999084166972e-21
-3.001069828376763689e+04 6.905789974719210618e-18
-3.001048073939339520e+04 1.256077519845315158e-19
-3.000939525722043254e+04 3.777773956154468800e-17
-3.000888601318628207e+04 3.113830693216086936e-16
-3.000845191902911029e+04 5.768794945869020519e-16
-3.000836985123914565e+04 1.336432911181353801e-20
-3.000801379289618853e+04 5.255504045642268822e-15
-3.000746091983537553e+04 3.241239620275012153e-16
-3.000689507827954731e+04 1.407004840900063383e-13
-3.000628127993724411e+04 4.353807615690987385e-13
-3.000565898614228718e+04 2.276289693601993551e-13
-3.000503001438614956e+04 1.844691951266283992e-11
-3.000448060111184532e+04 7.830589402081037904e-13
-3.000439284156723079e+04 3.789255311453990444e-11
-3.000376030850199095e+04 7.346777739059566317e-11
-3.000319617581781858e+04 3.196022996925103639e-11
-3.000312235014627004e+04 1.619425780388134112e-09
-3.000249086136713959e+04 3.489510763556222079e-10
-3.000234762263186349e+04 1.315357871724645695e-10
-3.000185021135365605e+04 1.768907272834436819e-08
-3.000170860816322602e+04 6.430897588853812554e-12
-3.000122163641453517e+04 3.189635378337774619e-08
-3.000102190081232766e+04 3.900722035806023624e-09
-3.000058704384541488e+04 1.013689443017999382e-07
-3.000031421276459878e+04 1.437749979835356077e-11
-2.999994694440271269e+04 4.061379145930170433e-07
-2.999959065624086725e+04 7.782380769711009812e-08
-2.999930655000924889e+04 5.693373914902667994e-07
-2.999887549582721476e+04 3.435587313445328116e-08
-2.999866340042338561e+04 1.514320964719016067e-06
-2.999817725885758773e+04 1.144580928751432018e-06
-2.999801514563672754e+04 3.386731421904901456e-06
-2.999749588749757822e+04 5.084652166856185470e-07
-2.999735855994262602e+04 3.883499585743167269e-07
-2.999684223580557591e+04 7.917180810071313013e-07
-2.999668645562744496e+04 4.437456481651301075e-07
-2.999623845564513977e+04 7.702952211358143059e-07
-2.999601421008253601e+04 6.817180121049492788e-09
-2.999567504185037251e+04 2.073218177873124192e-06
-2.999531817668212898e+04 2.281029311019009246e-07
-2.999482296693396347e+04 3.130258023480751127e-06
-2.999459267709902997e+04 2.912160927380979405e-07
-2.999396964541411580e+04 7.322810041096082925e-08
-2.999364955101086889e+04 2.054552416114703892e-06
-2.999325752629761701e+04 1.902127463009863866e-06
-2.999264803608868897e+04 4.596915674696702264e-06
-2.999237631558257999e+04 9.549136942320436951e-06
-2.999195833446221150e+04 1.056022925406841645e-04
-2.999140610041548280e+04 5.569975945020713850e-05
-2.999116261542286884e+04 5.047063110657246470e-06
-2.999086088420378292e+04 2.572086726462368849e-06
-2.999058552854751906e+04 4.176929938914413138e-05
-2.999046775601186891e+04 1.103787096808004499e-05
-2.999034112921163251e+04 4.326917541254737050e-05
-2.998987809346429276e+04 3.404826044170235352e-05
-2.998949658819472461e+04 1.794433512259120285e-07
-2.998910835713513370e+04 9.674328137820681499e-06
-2.998855734295494040e+04 2.501691365942198401e-06
-2.998840863684176293e+04 9.206534783472574438e-06
-2.998806330659666128e+04 6.623675875047055693e-06
-2.998780966900078420e+04 1.016364529907822061e-06
-2.998728229586516682e+04 2.021622376878234368e-06
-2.998692495766934007e+04 1.384677399836876900e-10
-2.998663212223139635e+04 9.486407302031903505e-09
-2.998632969133793085e+04 1.200681392887349011e-06
-2.998610162947186836e+04 2.584921789920346114e-05
-2.998559864556906177e+04 1.854177207010273979e-05
-2.998538904414567514e+04 5.096402914630514947e-05
-2.998516148907652314e+04 1.789285803547707699e-04
-2.998505482517427663e+04 1.242727917098351033e-07
-2.998489501384708274e+04 6.285116654910828410e-05
-2.998458640033230404e+04 7.032718476954794566e-08
-2.998454963270882945e+04 9.043386939143087996e-04
-2.998421967165854949e+04 1.827796355819058739e-06
-2.998403238713206520e+04 9.883794741827065054e-04
-2.998374010715591430e+04 5.161181037911438457e-04
-2.998370433062197480e+04 1.529453418768032683e-04
-2.998338378009242660e+04 4.785762583895771704e-05
-2.998318546520828386e+04 2.998285187867468816e-04
-2.998293083628502427e+04 1.524761204450099719e-04
-2.998274663534618230e+04 1.761894671660596106e-05
-2.998246424189506070e+04 1.065297542152563392e-04
-2.998221025567866673e+04 6.822061607892506377e-06
-2.998196607108661919e+04 2.237322200807505786e-05
-2.998188023560702277e+04 1.982132939025551803e-05
-2.998167855067954224e+04 6.525986192790146807e-06
-2.998151535382530710e+04 1.725603267144981692e-06
-2.998128858951528309e+04 7.663857312939759081e-07
-2.998122350666737475e+04 2.620392972621167015e-07
-2.998100235253481515e+04 8.760805805771149818e-11
-2.998098535151077886e+04 3.476327577196960875e-09
-2.998072012623606861e+04 1.494723279531146108e-06
-2.998034073581487610e+04 6.682488490810611312e-07
-2.998020224187569693e+04 1.001275465146318050e-06
-2.998005148224073491e+04 7.158603247724576457e-04
-2.997996764433455974e+04 1.541692811241099738e-05
-2.997984068473588559e+04 1.804985292172102788e-06
-2.997961713104701630e+04 3.822927300691120692e-09
-2.997926182289817734e+04 1.164402974516891746e-05
-2.997915184736595620e+04 8.353069252108923440e-04
-2.997905843832913888e+04 7.977954295259704969e-06
-2.997893033375031882e+04 2.610356176047447002e-04
-2.997880323736685386e+04 7.583875044592784014e-05
-2.997854701337208826e+04 5.986460092169455099e-03
-2.997846796745476968e+04 3.033821597896548157e-03
-2.997817270038622519e+04 1.065685174418332404e-05
-2.997810345550969214e+04 1.301866292409100453e-03
-2.997795541551442147e+04 1.113391855765671250e-03
-2.997767629098609177e+04 2.179509107607158528e-04
-2.997762465054142376e+04 9.658455428509024740e-04
-2.997737171432450123e+04 1.371790223519746233e-04
-2.997723407937858428e+04 1.010531722687689048e-03
-2.997699626453812380e+04 2.339682032496446878e-04
-2.997682706040564881e+04 5.866876777158467823e-04
-2.997662170305331165e+04 6.506272106587350881e-05
-2.997649851086990020e+04 4.752912445847790523e-04
-2.997625654350837431e+04 4.920916604859913544e-05
-2.997594364115242934e+04 1.561816392832308996e-04
-2.997584228677045030e+04 7.574647096763105563e-06
-2.997555953113780924e+04 3.000504533346098231e-06
-2.997554907281693158e+04 7.061991352511207541e-06
-2.997523560012948656e+04 6.390626410432651027e-06
-2.997515033269651758e+04 7.136291691486389914e-05
-2.997505266789367670e+04 3.942513550069201046e-03
-2.997501294478032287e+04 4.419116342012713305e-02
-2.997483750296858489e+04 5.831893477624610531e-06
-2.997431694860536300e+04 5.121324448004801146e-06
-2.997414852935507952e+04 2.895218603298427892e-03
-2.997398491729113812e+04 1.100689225762238876e-01
-2.997393059953320699e+04 1.914654813457829750e-03
-2.997384935073008091e+04 3.304452878482339756e-04
-2.997343858134307447e+04 8.627790038301396636e-06
-2.997311923667233350e+04 2.714566478400029514e-03
-2.997303825089185557e+04 1.587469406957760579e-02
-2.997293160760835599e+04 2.781585503174606303e-04
-2.997275204623812897e+04 5.689496177502017913e-07
-2.997244570667180960e+04 4.811661174081674648e-05
-2.997233813616453335e+04 3.966542627572105487e-05
-2.997227974305464522e+04 1.309387718451123644e-03
-2.997216639449083232e+04 5.294574506473380865e-05
-2.997182003103925672e+04 2.221060799882748089e-06
-2.997179526420253751e+04 3.358474026540622746e-03
-2.997167420521712120e+04 2.598344185261177537e-04
-2.997158251543404549e+04 3.778106406281499371e-04
-2.997143610574783088e+04 5.297593504635294886e-04
-2.997131080595040476e+04 1.573695294734116191e-03
-2.997109995980393433e+04 3.263813057640884644e-04
-2.997090108287272960e+04 2.578961860823400398e-05
-2.997073974446246211e+04 9.903210439492250716e-04
-2.997043280814698301e+04 4.520175917342205346e-05
-2.997035055270880912e+04 2.055045994270923569e-05
-2.997012874173471573e+04 6.693039826896730361e-03
-2.997002865817189377e+04 1.004445147977637599e-02
-2.997000058214682940e+04 6.064795564643304937e-01
-2.996975141479525701e+04 2.217454050063652493e-05
-2.996946981557507388e+04 1.230708814183318009e-05
-2.996935634538073282e+04 2.285743190301134950e-05
-2.996916778829563918e+04 2.477801130788809107e-04
-2.996892897520122642e+04 1.281030160425515271e-04
-2.996891917061463027e+04 2.127527898095703100e-04
-2.996853535616081354e+04 9.056158184518539741e-05
-2.996833418713500578e+04 4.604400737692786660e-05
-2.996826706826401278e+04 5.974532037927780771e-04
-2.996789455161370279e+04 1.967001916950107329e-02
-2.996785158501210026e+04 7.143982178454588890e-03
-2.996765621377705611e+04 8.773816031786108396e-05
-2.996745114142174862e+04 2.430651555129224617e-06
-2.996723514661730951e+04 2.702400451020306048e-04
-2.996704023857276115e+04 4.010843234977985637e-06
-2.996690223810621319e+04 1.028903153518519881e-02
-2.996675250594995669e+04 2.380188428715339786e-05
-2.996644955428063258e+04 4.818942311264927762e-06
-2.996616845134608593e+04 4.593960762138556787e-05
-2.996600205624593582e+04 1.257284592921011085e-07
-2.996590363379376504e+04 6.227960589669552225e-07
-2.996575236118462635e+04 9.488311487575824135e-06
-2.996560144512505576e+04 1.791060456249542567e-04
-2.996526993898840374e+04 8.332573883441734500e-04
-2.996517407732910578e+04 3.457964075538972541e-04
-2.996498780344579791e+04 3.313704687561309231e-02
-2.996487977993517052e+04 1.378682011719670127e-05
-2.996471573371165141e+04 1.202826061400902530e-04
-2.996458893084742522e+04 2.231874235280383132e-04
-2.996438688194829956e+04 3.253687609361332695e-05
-2.996428549420414492e+04 3.885339771828855036e-06
-2.996412039771466152e+04 5.509848021221204119e-06
-2.996399695772427003e+04 8.181540404164842602e-04
-2.996387251153439138e+04 7.459623158232804585e-02
-2.996372549005779729e+04 3.043406788581603831e-05
-2.996361339310204858e+04 6.428809647493424772e-05
-2.996335043935309295e+04 1.321779407139875949e-05
-2.996329244770833247e+04 8.445603564169656345e-06
-2.996304905641359801e+04 5.140561522826546116e-05
-2.996288475120890507e+04 2.679523569076482437e-05
-2.996279563484822938e+04 3.675483154281004914e-08
-2.996276003664706150e+04 5.910222472383765177e-06
-2.996272456376989430e+04 1.741199321905836605e-05
-2.996258913370603477e+04 2.772849210547264628e-05
-2.996221674786417861e+04 5.470149544183131577e-06
-2.996190861665301054e+04 2.120045392501485428e-07
-2.996174319261525670e+04 3.358233625678403183e-07
-2.996166673736708981e+04 5.511078815995226667e-05
-2.996159024208620031e+04 5.170167212120875127e-06
-2.996149328145622349e+04 4.882236769430202635e-07
-2.996128167713668881e+04 7.163543741407543404e-06
-2.996114400443794148e+04 2.026660166270856885e-05
-2.996100489754345472e+04 2.588887282108073387e-07
-2.996075776618176678e+04 4.164622416391317265e-06
-2.996062796197459829e+04 1.232950504581470375e-03
-2.996043005826084118e+04 9.545206764057793985e-06
-2.996032825963108917e+04 2.094625461007468457e-05
-2.996011445075705342e+04 8.330173518054509788e-05
-2.995995073560793026e+04 2.636707666416067582e-03
-2.995987009577747449e+04 2.204894470674271078e-05
-2.995972123179766277e+04 1.399815144956999434e-05
-2.995965347309963545e+04 3.987048612971075686e-06
-2.995956552449565788e+04 1.231443184973569641e-07
-2.995917472377743252e+04 1.857505769345679565e-07
-2.995906744083344165e+04 5.314214835242575394e-08
-2.995882745347133095e+04 1.079070342684638377e-03
-2.995875851254470035e+04 2.658888733872416706e-03
-2.995869580683116510e+04 8.848801301541281417e-05
-2.995853571676461797e+04 4.962189972537596044e-05
-2.995847863015345138e+04 6.801660275046548642e-05
-2.995825280684455356e+04 8.754321853963583570e-06
-2.995801573609868501e+04 1.262907733638325670e-04
-2.995790397590625435e+04 8.002834652760881329e-05
-2.995774585487806689e+04 9.686121974372777785e-05
-2.995761092962409384e+04 1.265858645889120747e-03
-2.995752938584307049e+04 4.345140697964745293e-04
-2.995729301763619515e+04 2.361382743714780330e-05
-2.995700213595887180e+04 9.216065184445365336e-06
-2.995686706732683888e+04 6.921602212050493451e-07
-2.995673203700403974e+04 2.056760851005536544e-06
-2.995659900959885999e+04 7.954058309495676761e-07
-2.995656930959138481e+04 1.922469165207810716e-06
-2.995640733424364953e+04 2.154756580300210223e-05
-2.995623851144897344e+04 3.103955285901921799e-07
-2.995604137725047985e+04 6.290204796027245203e-06
-2.995584941275724123e+04 2.925983865526019468e-07
-2.995570166030324253e+04 2.887670060074738510e-07
-2.995544108394655268e+04 1.489600038646371465e-05
-2.995534975813125857e+04 1.103293795094862896e-04
-2.995520377745926817e+04 1.275061648230678413e-04
-2.995517902948865594e+04 2.748143979497531895e-04
-2.995505442030953418e+04 9.496854193979074199e-06
-2.995485903678105387e+04 3.234110928945973514e-06
-2.995481389386509181e+04 1.016595705289395795e-05
-2.995439082096855418e+04 2.544563436051658090e-06
-2.995426935805983157e+04 5.460530424229833652e-08
-2.995423895393688872e+04 2.388954400205781136e-07
-2.995418348051993962e+04 1.364082845507309863e-07
-2.995409641315337285e+04 1.426007753122321433e-05
-2.995384581404607889e+04 6.041196478764054212e-06
-2.995357798326997727e+04 1.076544894221032316e-03
-2.995338982468020549e+04 5.126506345677850568e-05
-2.995329392531947451e+04 4.989178690126825407e-06
-2.995323442901347153e+04 7.177212359267936974e-06
-2.995317546076550934e+04 2.656577858730939506e-06
-2.995297238896690396e+04 1.648145309382168600e-09
-2.995272766232900540e+04 7.129611126024423576e-06
-2.995252758001617985e+04 2.724348816425974093e-05
-2.995241346284728570e+04 3.941667268805544924e-05
-2.995236690779101264e+04 2.867508015875255812e-04
-2.995224922067556327e+04 1.469761054391789017e-03
-2.995191604419594296e+04 1.720770527561059745e-05
-2.995179965582647492e+04 1.837437247466855854e-06
-2.995175173575539520e+04 2.981512819441838323e-05
-2.995141072145875660e+04 1.774184026039926597e-05
-2.995117562885165535e+04 1.359574007225813605e-06
-2.995097542852761035e+04 5.675799832297998731e-05
-2.995088773780206975e+04 2.464143782919356692e-07
-2.995083276774518890e+04 2.152010350346773129e-06
-2.995069309259950751e+04 5.210998765873268630e-08
-2.995058682655715893e+04 2.342837564477794488e-05
-2.995045986066935802e+04 1.054180326297347865e-05
-2.995031131966983594e+04 5.252170366750656431e-06
-2.995006379739754266e+04 6.893114699842245491e-07
-2.994969789254225907e+04 3.898171600783982044e-06
-2.994962970605781084e+04 1.458551728060523379e-06
-2.994955932707020474e+04 1.346184753398264238e-04
-2.994950984769884599e+04 2.701248820020145055e-04
-2.994936877366420595e+04 4.838669787411838482e-05
-2.994924725360707453e+04 8.245781012496564643e-06
-2.994911808238450249e+04 4.892901000699508409e-07
-2.994900995493125811e+04 1.652642802153273615e-09
-2.994894757618850053e+04 4.759257303981658060e-07
-2.994856778002649298e+04 7.991380938286220752e-10
-2.994828765988807208e+04 2.461765684958160190e-08
-2.994824956106337413e+04 9.050250480938482145e-07
-2.994812561278523208e+04 2.835975022622539590e-05
-2.994790314446725097e+04 1.311024191148196653e-04
-2.994777692260970798e+04 7.107511901730487484e-05
-2.994760670992126688e+04 2.519865404854300148e-06
-2.994747618559580951e+04 4.965992253145271372e-06
-2.994723829093735912e+04 1.253911693163409103e-06
-2.994705002178429277e+04 1.071356454144548564e-09
-2.994689555030087649e+04 7.305725814643446919e-06
-2.994688062225890098e+04 9.165670919213659020e-07
-2.994669139995599107e+04 7.895892539252869415e-07
-2.994645520996748019e+04 1.041022354945036409e-06
-2.994639840746953996e+04 2.381220150342955126e-05
-2.994625528180683978e+04 5.710540700405255420e-05
-2.994591236178335748e+04 3.925837673381465559e-07
-2.994583710710564992e+04 1.738118765566188555e-07
-2.994575857303367957e+04 1.079891261092265802e-06
-2.994546459121444423e+04 5.746266800470503293e-06
-2.994534092099629561e+04 1.414345545657402107e-05
-2.994530429487818401e+04 1.098468025268447291e-06
-2.994525087007726688e+04 3.957677190973810781e-06
-2.994487315835883055e+04 4.312522540233204081e-06
-2.994471631446209358e+04 3.336951753497324158e-06
-2.994457146969134919e+04 4.460971459148721840e-08
-2.994434985701052210e+04 1.186065354198588423e-06
-2.994425592058818802e+04 1.524245348466648787e-07
-2.994410922645368919e+04 7.539207320096559892e-07
-2.994394830443826504e+04 4.708794418723082804e-06
-2.994386018500847058e+04 1.247954252703486241e-07
-2.994371419624050759e+04 5.408779079498353123e-07
-2.994352224101675165e+04 2.073717966193576989e-06
-2.994345121692824614e+04 1.022002177411290481e-06
-2.994324149767384733e+04 1.245027872645264917e-07
-2.994315763962484198e+04 1.402239521681321029e-05
-2.994298059244936303e+04 1.395086662421019522e-06
-2.994283128428161945e+04 3.657692288395871217e-08
-2.994265839413766662e+04 9.422780548977715702e-07
-2.994240272653445936e+04 9.765429389878123625e-07
-2.994231997199433681e+04 9.238213004029487409e-08
-2.994211214259278859e+04 2.309114882760751283e-08
-2.994189071591788888e+04 2.269933352223498889e-06
-2.994178082515534697e+04 1.254531989102496188e-06
-2.994149704045147882e+04 4.474952272092769605e-06
-2.994147602207200907e+04 1.983025930278283512e-06
-2.994127626784168388e+04 5.264664652652474841e-07
-2.994112372398847947e+04 1.330797494431819773e-06
-2.994097331808548188e+04 2.976536338899528662e-07
-2.994085213176635807e+04 1.506251766541580193e-06
-2.994057955017038694e+04 1.338763785040125880e-06
-2.994028096330552580e+04 4.345097238513038913e-07
-2.994025248951895264e+04 4.119260703558057133e-07
-2.993982982455130332e+04 5.054760982243213225e-06
-2.993982436787111146e+04 2.278955296720953102e-06
-2.993973007785058871e+04 4.686419801473249456e-07
-2.993960642269434175e+04 1.021408602782162873e-06
-2.993937985015127924e+04 9.923306038205283958e-07
-2.993920116556904759e+04 4.887332567726783985e-07
-2.993916513444800148e+04 4.313846447435871161e-10
-2.993893465151950659e+04 1.027078888853019219e-07
-2.993874669148812609e+04 5.126921873819711083e-07
-2.993859819952357429e+04 3.938457261629766602e-07
-2.993845113892777954e+04 9.333785240343222813e-08
-2.993816809890613877e+04 7.470811654369686508e-06
-2.993797836975820246e+04 4.282500980877826652e-06
-2.993789698779392347e+04 4.941404301197550776e-09
-2.993782832875977329e+04 1.447144501897097725e-06
-2.993768441534327212e+04 1.825691312683156563e-07
-2.993745459882999785e+04 5.331761798008022067e-09
-2.993732389662469359e+04 2.136706380356082837e-13
-2.993705937150407044e+04 8.032849031494825498e-07
-2.993669235810913960e+04 1.938372089705453739e-06
-2.993657224768555170e+04 2.147869267679722609e-08
-2.993642260329479177e+04 6.462374047025205252e-08
-2.993641365943716301e+04 2.737256913638802086e-07
-2.993624879884563416e+04 9.706432623636640348e-06
-2.993577834167434776e+04 2.408987076112263147e-08
-2.993558691022013227e+04 2.468504993902141164e-08
-2.993549642048974783e+04 1.003121143830397156e-08
-2.993538635647008050e+04 1.245711242999245537e-08
-2.993510829616602859e+04 9.761298181542819175e-09
-2.993492543571947317e+04 9.609822201883068320e-08
-2.993478569825633167e+04 2.435082448337126370e-07
-2.993463799098622258e+04 4.823252680812765728e-06
-2.993442358395138581e+04 2.265385939333759222e-06
-2.993413647271290756e+04 8.979383080318850555e-09
-2.993400196532693371e+04 2.466941388339584871e-07
-2.993375477735910317e+04 1.750171137936652305e-08
-2.993371156595338471e+04 8.154373855925781271e-08
-2.993343318829866985e+04 1.012597349896764614e-08
-2.993323766467607857e+04 1.919239848292329669e-08
-2.993303525058305240e+04 1.400323187489308595e-06
-2.993293234314124857e+04 9.305366746428004377e-08
-2.993271466362835417e+04 4.882305112531378865e-07
-2.993249289080699964e+04 1.525225462731260281e-07
-2.993245154186142099e+04 1.204663534178038434e-06
-2.993230868671798453e+04 1.455223238925942719e-07
-2.993198883118750018e+04 1.354059913932727143e-08
-2.993194879105946529e+04 9.361602668883954934e-12
-2.993152326699727200e+04 1.420981841352281499e-10
-2.993139951243501491e+04 1.753895847490722872e-08
-2.993130398070915180e+04 1.305699294488785370e-07
-2.993088052411518220e+04 6.802626375598532704e-07
-2.993068188989468763e+04 3.023846526534896501e-07
-2.993041070589252558e+04 2.206274495890852446e-08
-2.993038916433252598e+04 4.600867159290198281e-08
-2.993008805533752457e+04 3.520651424692017369e-09
-2.992978472503378725e+04 4.860798649428217512e-08
-2.992949086551887376e+04 1.687083627256627342e-09
-2.992917147765990740e+04 9.876445474263464357e-08
-2.992913403010126785e+04 9.771734056016212159e-08
-2.992900282731526386e+04 7.000981023486779226e-09
-2.992881083182708608e+04 1.914293971734541866e-08
-2.992850993377267514e+04 7.121500485898668307e-10
-2.992840668801503125e+04 1.639744878991465992e-07
-2.992815681884287915e+04 5.239858658338095761e-08
-2.992780853585443765e+04 3.193807825912778302e-08
-2.992755695152543558e+04 4.805332752693375594e-10
-2.992736259392262946e+04 3.581034170051715078e-09
-2.992725735966321008e+04 1.866066485131248815e-08
-2.992700216808076584e+04 8.352760067009178479e-09
-2.992690074535953318e+04 6.469852260834022972e-08
-2.992651247683678230e+04 1.131079621676633797e-08
-2.992614052527167951e+04 6.722227863035292686e-08
-2.992604729385197061e+04 5.309902282565256340e-08
-2.992574271839632638e+04 1.493983946115412959e-08
-2.992568548818851559e+04 3.467555222110638056e-10
-2.992537992103474971e+04 2.285022110023856173e-10
-2.992525196515193602e+04 2.470950648469480361e-08
-2.992475588713091565e+04 2.581123762734798976e-09
-2.992449463763205858e+04 4.028938999932991379e-08
-2.992440331312975832e+04 8.079234156356234607e-09
-2.992413412171718301e+04 4.138120427891732583e-08
-2.992407552435210164e+04 1.741790411155801775e-08
-2.992367575904333353e+04 5.874069535930666966e-09
-2.992334151202070279e+04 2.240590760266557703e-13
-2.992328208598178026e+04 6.313649807392085014e-09
-2.992287020122439935e+04 1.784655319427010744e-08
-2.992250821038744471e+04 5.912871787512105814e-10
-2.992241786637508631e+04 3.172069086213627633e-08
-2.992210593459573283e+04 2.099829797446521526e-08
-2.992194180892727309e+04 2.243929260228887686e-10
-2.992161867348877786e+04 3.868839377109138155e-10
-2.992136239900661167e+04 1.016744993416259698e-09
-2.992112408243659956e+04 4.909304670220257222e-10
-2.992078017797022767e+04 6.752687742519800634e-09
-2.992065915277947715e+04 3.619904988546574986e-09
-2.992022551426126302e+04 1.850926051882087604e-08
-2.992007140819286724e+04 5.947561233950913821e-10
-2.991975379303955197e+04 5.282722305882352074e-10
-2.991951122770158690e+04 1.105924622177290743e-10
-2.991905860528616904e+04 1.276424933850981386e-09
-2.991902104417994269e+04 3.483750838871840322e-09
-2.991860895080609407e+04 1.838353716816226275e-09
-2.991827052998283762e+04 1.901654108350461084e-09
-2.991803523427666005e+04 1.442212680862295332e-09
-2.991759561472096539e+04 3.854444992881540096e-10
-2.991740942773969073e+04 2.961266381712054752e-10
-2.991710806874703121e+04 5.077096051251469420e-10
-2.991687187448491022e+04 1.554019337848521251e-10
-2.991658847716626042e+04 8.567329787941433785e-10
-2.991658061309617187e+04 1.719319034596989702e-09
-2.991592125560598652e+04 1.946098292244388239e-10
-2.991586011541453991e+04 9.429217891154536933e-12
-2.991501326710978901e+04 1.988453864813518718e-11
-2.991481988643007935e+04 1.085750211663847207e-10
-2.991461786582868808e+04 4.005148693502492300e-11
-2.991451218531584891e+04 6.887355366220351156e-10
-2.991391519304631947e+04 2.674100375851220771e-10
-2.991367607275133196e+04 2.146089919466611394e-12
-2.991339582744502331e+04 8.687673764905079440e-11
-2.991285532556263570e+04 4.018991732215683376e-11
-2.991245634685478944e+04 9.522376832810899561e-11
-2.991237985947119523e+04 1.396628434669060893e-11
-2.991177058774892430e+04 3.417520091421484411e-11
-2.991174016999128071e+04 2.138937914739546856e-10
-2.991146755096361085e+04 3.015275452413212852e-12
-2.991091099798124560e+04 2.473999896499863294e-12
-2.991028449464488222e+04 9.171496258660023094e-11
-2.991017770103078874e+04 1.928767559130787419e-11
-2.990948361730127363e+04 1.403451098591808403e-11
-2.990917192900808004e+04 1.196290031167968210e-10
-2.990896854076555610e+04 6.295726849997373533e-12
-2.990835278337171258e+04 8.041704062760274396e-13
-2.990783262113242017e+04 5.465901549655260414e-12
-2.990741948488609341e+04 4.588270144162259385e-11
-2.990683085181307251e+04 1.270740690835473835e-12
-2.990625139781461621e+04 1.004759386299777190e-12
-2.990595425547898776e+04 1.327410155798441805e-11
-2.990574729634150572e+04 5.810563836848611710e-16
-2.990527007383488308e+04 2.432647195179874002e-14
-2.990505207724013235e+04 1.665964394160002626e-11
-2.990439543627991952e+04 6.708502708301961346e-13
-2.990389408131343589e+04 4.273228523470439968e-12
-2.990338840140665343e+04 2.831333758447070225e-12
-2.990324571853084854e+04 1.213813212072438188e-12
-2.990233759050288427e+04 2.007777890348452021e-13
-2.990173486176697043e+04 8.238474227056718908e-13
-2.990145072139120748e+04 5.610537078472316647e-14
-2.990084589526290074e+04 2.365079578310408328e-13
-2.990063575584317005e+04 7.390936718146904688e-13
-2.989958684032027668e+04 4.370780447936220560e-13
-2.989915312877374890e+04 8.786599406852566217e-15
-2.989857746972851965e+04 2.770224851133207305e-13
-2.989820517425140861e+04 6.415622195776500943e-16
-2.989711788822223753e+04 3.617406277053884415e-13
-2.989689985499525210e+04 2.119906103428638064e-14
-2.989567022776339218e+04 5.284997985529788786e-15
-2.989542188614386032e+04 2.968079220219470772e-14
-2.989510564193880782e+04 1.342395570215872940e-14
-2.989421659986676605e+04 5.339235970389422267e-14
-2.989349546795052811e+04 3.833966721537534136e-15
-2.989269382277047043e+04 7.942985009236134377e-15
-2.989244003942425479e+04 3.601941752295006676e-14
-2.989144464998404146e+04 4.097440050191827077e-15
-2.989112379361635976e+04 6.361229760168608242e-15
-2.989071581771376441e+04 2.369019894806304480e-16
-2.989015575469422402e+04 3.641893143652221604e-15
-2.988944598530396252e+04 8.458028645334568677e-15
-2.988865199070865128e+04 1.356375357904707152e-15
-2.988614243888882265e+04 7.126235816632642193e-18
-2.988502715057906244e+04 5.127782485292736753e-18
-2.988403461106729446e+04 1.033730556536820393e-15
-2.988384214260305816e+04 1.780119977621061714e-17
-2.988218744386513936e+04 2.916613373620061110e-17
-2.988197602814202764e+04 3.052540607758190787e-19
-2.988123573851821129e+04 2.292652456252479570e-18
-2.988053892630050177e+04 5.523622712210731994e-17
-2.987876626523863524e+04 2.860276428997025172e-20
-2.987725749826535684e+04 1.230608185209926443e-17
-2.987622615069746462e+04 1.211628228717272264e-17
-2.987576339289767202e+04 9.103576680999333508e-18
-2.987358349762588114e+04 2.741526489358739952e-19
-2.987186615727163735e+04 1.034449421459518801e-19
-2.987079988292230337e+04 1.039969274302280046e-19
-2.986777780578870443e+04 1.921986244375646338e-19
-2.986700900796354836e+04 7.071455051794444553e-20
-2.986679882166799507e+04 1.146160618978722367e-23
-2.986532116410824165e+04 1.820282844389110163e-20
-2.986124995200998455e+04 3.314158992394346917e-21
-2.986042806430286510e+04 9.103427988022336886e-22
-2.985758962018679449e+04 1.402194948109238158e-21
-2.985702397871029098e+04 3.191759468396045358e-23
-2.985361292189476444e+04 0.000000000000000000e+00
-2.985291470511736770e+04 5.146507686985955565e-24
-2.984923688659112304e+04 1.034855616886570779e-23
-2.984855176967232910e+04 0.000000000000000000e+00
-2.984655723856968689e+04 0.000000000000000000e+00
-2.984609661101126403e+04 3.030089445329235653e-24
-2.983609892555137048e+04 0.000000000000000000e+00
-2.983547785238674987e+04 0.000000000000000000e+00
-2.983387810265741427e+04 0.000000000000000000e+00
-2.983344805506860939e+04 0.000000000000000000e+00
-2.982164485267283453e+04 0.000000000000000000e+00
-2.982111282876623955e+04 0.000000000000000000e+00
-2.981629651695644134e+04 0.000000000000000000e+00
-2.981594867327277098e+04 0.000000000000000000e+00
-2.980507956602826744e+04 0.000000000000000000e+00
-2.980471390652041737e+04 0.000000000000000000e+00
-2.978410991871106671e+04 0.000000000000000000e+00
-2.978388210598021396e+04 0.000000000000000000e+00
2.998963290179631076e+04 0.000000000000000000e+00
2.998967776533959841e+04 3.870176630566937108e-23
2.999121962681470177e+04 3.983809779561886386e-23
2.999173193538349369e+04 6.563198864176017474e-21
2.999198295616936593e+04 1.154937414533534635e-22
2.999255379039894251e+04 3.281978566061066242e-20
2.999310215415361017e+04 1.455567649715683341e-19
2.999336206117332767e+04 1.287965253431864613e-19
2.999367067639249217e+04 1.485690148262185992e-21
2.999395928644678861e+04 1.860654725063755291e-18
2.999446859154176855e+04 1.153322789085313236e-19
2.999502029757597484e+04 3.786287917447505813e-17
2.999560078227510894e+04 9.879385928140932703e-17
2.999618941835933947e+04 5.065070902296017402e-17
2.999678152817994487e+04 2.847516702833946883e-15
2.999737176148263825e+04 3.058296270980248716e-15
2.999753486743905523e+04 4.929166924909041721e-16
2.999797181195438679e+04 1.363710597504217603e-14
2.999835902790289038e+04 2.108487375987369223e-15
2.999858485952347110e+04 1.166749754997024544e-13
2.999883672975426816e+04 6.820543142847165868e-15
2.999918423225594597e+04 6.133336402108652655e-16
2.999938220918417574e+04 1.192561981204748014e-15
2.999977961804290680e+04 1.190292555723831777e-12
3.000004751658631358e+04 1.307886738391163616e-14
3.000037947200533745e+04 1.835147689167925532e-13
3.000069411712210785e+04 1.395996515185681031e-13
3.000098127798525456e+04 6.814025861238727110e-12
3.000135190173275623e+04 8.257293334279684705e-14
3.000158401482426780e+04 5.872243621153570671e-13
3.000199545764957657e+04 1.879952798287943212e-12
3.000218877824176161e+04 2.260310871120421255e-11
3.000263478467917594e+04 2.673295371317036973e-12
3.000279209832648121e+04 7.531049185120835334e-12
3.000326741298564957e+04 1.651514839081101683e-12
3.000339508586871671e+04 5.086483343732489119e-12
3.000386496077261836e+04 3.079870583522473891e-11
3.000398630579622113e+04 1.441538999942298016e-11
3.000439534360272955e+04 1.124089104315055878e-11
3.000462225205257710e+04 6.637982120501773622e-13
3.000518813060307730e+04 9.857623676443678130e-15
3.000536423366416784e+04 1.896479630453577846e-13
3.000588392158911302e+04 4.251953066914108301e-13
3.000639319182610052e+04 3.833982869874504208e-13
3.000658065224419624e+04 8.698885888894711082e-13
3.000713982114254031e+04 2.027378643198799813e-11
3.000765238866965592e+04 2.696017862243767512e-12
3.000783428259594803e+04 2.187897535146901570e-12
3.000834992643775695e+04 4.110079803071811797e-10
3.000885859785225330e+04 6.400398304661771371e-10
3.000906061593103368e+04 1.703947874161522622e-10
3.000936236936805290e+04 1.708437538322355958e-14
3.000959649173513753e+04 1.560536638880342108e-11
3.000989492463291026e+04 3.297150073120840311e-13
3.001000010205151921e+04 4.429372428100179155e-11
3.001030522649881459e+04 1.219473854848843689e-10
3.001072152674703830e+04 5.906289792381382371e-12
3.001102359526972577e+04 3.271741391650634496e-11
3.001169411476729147e+04 2.780873814288188207e-13
3.001188832352328973e+04 1.014084311056956913e-13
3.001225471639144598e+04 1.130321967435120584e-12
3.001246102582350795e+04 9.437766796773543855e-14
3.001287458815569698e+04 4.752335573145210846e-13
3.001337224265360055e+04 2.120432956859453966e-13
3.001370026225972470e+04 3.861624638163482568e-12
3.001393973333329996e+04 3.839007726179878345e-12
3.001411378958066052e+04 3.106373268542623931e-12
3.001471677341497343e+04 9.460840883707426986e-11
3.001492699921027815e+04 4.579709567050689460e-11
3.001495206663368299e+04 1.982555564920469099e-11
3.001520877948319685e+04 3.058871869971546291e-10
3.001530621058525867e+04 4.562959977796378737e-12
3.001562648659716433e+04 3.488928523661723731e-10
3.001578380683627984e+04 2.025242430089199225e-09
3.001608612259559595e+04 7.664757265755070601e-11
3.001626314882647421e+04 2.581039737444324263e-09
3.001642372197848817e+04 4.290963892898341375e-12
3.001668719369904284e+04 1.542271060512387163e-09
3.001692019967875603e+04 6.281155135103480905e-10
3.001721474074032449e+04 8.441287827840396201e-10
3.001739841287152376e+04 3.494786267719259684e-10
3.001771580467745298e+04 6.314112737091602392e-10
3.001791495379335174e+04 4.350022165697879943e-10
3.001820657936222779e+04 2.932746661287587574e-11
3.001833450309854015e+04 1.643124401277286667e-10
3.001856984202417152e+04 1.576205564381160615e-10
3.001889263067613138e+04 3.682836086333336235e-11
3.001908889016340981e+04 1.963572306201801423e-11
3.001915448669639954e+04 2.669772319426341490e-11
3.001928609363870419e+04 1.013126302324002736e-12
3.001942335559730418e+04 1.862863782876455312e-11
3.001981324535798922e+04 9.125475031070967588e-11
3.001994050940775924e+04 8.736000687788552998e-11
3.002005486308095351e+04 3.178643361741333985e-08
3.002025338585989812e+04 2.235695308192529879e-11
3.002029646080077873e+04 7.734463823310568346e-13
3.002062676407870094e+04 1.374898487168987101e-11
3.002067584763809282e+04 8.063577283680157063e-11
3.002077819563639787e+04 1.270726480598042639e-10
3.002097986312263674e+04 3.236693150161834008e-08
3.002112308758571817e+04 3.292035047020542078e-10
3.002135649841290797e+04 7.525600252718350385e-11
3.002144966494531764e+04 1.235142610374557702e-09
3.002162826245989345e+04 2.003137954963601015e-09
3.002165772816047320e+04 1.433483104777446285e-08
3.002187597425369313e+04 6.696752814434125626e-09
3.002209543296966513e+04 4.127725205890154948e-11
3.002213110971797505e+04 2.413442677858503673e-09
3.002243578902300578e+04 4.411947074959503872e-09
3.002255438810477790e+04 1.287317979749957315e-09
3.002269950713400249e+04 4.230258468257207210e-10
3.002287339068483197e+04 1.851652456148995838e-09
3.002321980715749669e+04 1.509122555646530740e-09
3.002332825202681488e+04 2.379698271277008355e-13
3.002347448926699144e+04 8.017102588855782682e-10
3.002369786061327250e+04 3.779766589423244571e-10
3.002402548985003159e+04 4.423631862462682268e-11
3.002419785273756861e+04 3.488239407906517126e-10
3.002450020567675165e+04 1.162063585440737348e-13
3.002462730149404160e+04 1.419305472270133767e-11
3.002469198027719540e+04 1.664105642182903912e-10
3.002498687845082895e+04 2.014546179242970693e-09
3.002508652125892331e+04 1.915562538680200309e-07
3.002509957173185103e+04 7.555145200812913642e-10
3.002531851075609666e+04 2.943912369802697268e-11
3.002560548169515096e+04 1.245861904162720427e-11
3.002592753389673453e+04 4.170682073184488383e-11
3.002606220346318878e+04 5.354154384723638291e-10
3.002613155382346667e+04 1.135599344715360167e-08
3.002617424966962062e+04 1.107545984262929102e-09
3.002627701145975880e+04 2.221990106419156746e-11
3.002651033493196883e+04 3.777745381631756871e-12
3.002704135886080257e+04 8.222217262215523407e-09
3.002707620425567802e+04 6.396472402999768711e-09
3.002712159896853700e+04 1.356172096305231499e-08
3.002730897074586755e+04 1.558300163064143910e-11
3.002762963401531670e+04 1.242622428383919158e-10
3.002789374207548462e+04 2.902969818962943380e-08
3.002799323148998519e+04 2.729681864037822852e-10
3.002807235611326178e+04 7.057868712939527539e-10
3.002823231936443699e+04 4.123771794433593945e-11
3.002847264208858542e+04 4.171154910891329677e-10
3.002847816573554155e+04 1.462394452560775737e-09
3.002857427988835479e+04 2.027425203721581186e-10
3.002876271146086219e+04 2.131768314576146463e-09
3.002888923354702638e+04 9.124682208899822169e-10
3.002902204440989954e+04 3.465183449392150240e-11
3.002908761216138373e+04 1.770180170602399569e-09
3.002932199234180371e+04 2.960142476344670944e-10
3.002953577923665216e+04 2.247469276308121279e-09
3.002974325552648952e+04 1.410509151482081589e-10
3.002983572226305478e+04 4.437127385462046540e-10
3.003009668092498396e+04 2.555911242050261715e-09
3.003016515116549999e+04 5.724673516477999867e-11
3.003017262310420847e+04 1.208153784222371246e-09
3.003039216882684559e+04 1.458953284192548126e-10
3.003068748895246608e+04 5.688658311090657281e-10
3.003088722807972954e+04 3.069392919044507613e-09
3.003106542727700798e+04 1.187176358144853965e-11
3.003117864142971666e+04 4.638621470589837005e-08
3.003118743684275614e+04 7.622630418506108320e-08
3.003170472467272339e+04 2.529206379625672959e-10
3.003180662821066289e+04 2.035725577535776331e-11
3.003191730330166320e+04 4.112999315447297722e-10
3.003223838825753410e+04 4.448446727198107810e-08
3.003237286998875425e+04 3.708449503690310530e-11
3.003252678714489957e+04 5.095485535739045384e-11
3.003262096964841840e+04 7.660415416977618891e-13
3.003295068021464613e+04 2.837630786120320635e-10
3.003309543569811285e+04 1.643101160352287902e-11
3.003323957341654386e+04 6.065504948671828887e-09
3.003347471506510556e+04 8.856108718667102793e-11
3.003376621203156537e+04 4.222387180519304284e-11
3.003405333657712254e+04 3.618895860257415864e-09
3.003417692483275823e+04 2.713049180562624183e-09
3.003421126378050030e+04 9.415815760525342399e-10
3.003435344570954840e+04 4.715424278658289784e-11
3.003459139189994676e+04 3.517972637696350979e-10
3.003491143567902691e+04 1.989506623842917682e-09
3.003498929273876274e+04 2.577621796803905006e-09
3.003510999921457187e+04 2.022288843174378326e-07
3.003531046263031385e+04 4.191818155582990545e-11
3.003549958825219073e+04 5.342862158959376649e-11
3.003563400103267122e+04 1.877079088146653680e-10
3.003578244479668865e+04 3.585085873772261786e-13
3.003585884668371727e+04 3.148452341353534091e-12
3.003611201316190636e+04 6.988893790888629145e-10
3.003621379694133793e+04 8.589651931736825882e-10
3.003623883986047440e+04 3.952339674798138071e-09
3.003657843053528995e+04 1.863209362448615009e-11
3.003659609675742468e+04 4.397195822798625748e-11
3.003678105866825717e+04 1.598991361788463381e-13
3.003702597962970685e+04 1.959853011482915974e-10
3.003721116740700018e+04 1.327385207188322281e-10
3.003732956873295188e+04 2.951599958896514024e-09
3.003734596347775732e+04 7.520223298003318896e-09
3.003738528117346141e+04 8.251452311801394470e-10
3.003753812876007578e+04 7.570823061303831400e-11
3.003768466863443246e+04 1.456577483663891670e-10
3.003808677131978766e+04 1.699914195806250047e-10
3.003829523866202726e+04 1.936570530642504834e-10
3.003843423215737494e+04 4.451700499536391319e-09
3.003847278320263285e+04 6.708338368537490492e-09
3.003859422421410272e+04 5.905446855770217925e-12
3.003869839717835930e+04 4.454758397261775474e-11
3.003897193337146746e+04 1.068738826834178170e-12
3.003905062823284607e+04 7.085610127245663499e-13
3.003921823292608315e+04 1.170507892112895571e-11
3.003950168619808755e+04 6.789279919401458111e-10
3.003955398215757305e+04 1.793551617060184081e-10
3.003970780337428005e+04 3.614300918019036066e-12
3.003986505362535536e+04 9.245482099659270958e-12
3.004014144062961350e+04 2.766300804801593719e-09
3.004025956414185566e+04 5.939500289029944507e-12
3.004031770257860990e+04 1.688436289916183240e-11
3.004046596688849240e+04 1.680808425261468928e-12
3.004051718552744569e+04 1.081864394996362535e-10
3.004067723056095565e+04 1.068820001309743851e-12
3.004103508843832242e+04 3.156670144379911931e-11
3.004105681278548582e+04 7.445659374812048454e-11
3.004131021031481578e+04 1.893129302345434893e-08
3.004141435225786336e+04 3.960474947233358991e-10
3.004151085466613586e+04 1.651952947387568594e-10
3.004168469309473221e+04 7.717440322620489989e-11
3.004179020947909157e+04 2.733883172933581938e-12
3.004191194455104414e+04 1.935008016180675517e-11
3.004218443784512056e+04 1.357893659004940401e-13
3.004234168645112368e+04 5.396087264122790953e-12
3.004246531383994443e+04 1.675111268517506554e-12
3.004251248664637387e+04 3.144526453405740192e-10
3.004278352701450422e+04 7.431978588648153343e-12
3.004294108879655323e+04 1.332861969352339920e-11
3.004320061379106846e+04 5.088336319208496158e-12
3.004325273467797160e+04 2.921631255613783867e-12
3.004345283867607213e+04 4.188334151298739961e-12
3.004356062567324625e+04 8.036507154318581967e-13
3.004364987633841520e+04 5.606801877684419688e-11
3.004372357231398200e+04 9.007100051358398394e-11
3.004400377254264095e+04 2.062966724444899862e-11
3.004413933173393161e+04 6.549533896246962908e-12
3.004433990253798765e+04 1.818567230448003374e-12
3.004458409491405837e+04 4.035612544738442095e-14
3.004470841123361242e+04 7.707964686090582873e-12
3.004485246548482974e+04 1.270570206296661001e-10
3.004501077902862744e+04 3.777317302455173396e-11
3.004513613926900507e+04 5.087971558090823879e-11
3.004519972174797658e+04 2.100068898025459988e-10
3.004523266757154124e+04 1.424786357156776455e-09
3.004540618025538060e+04 1.082163577705654822e-11
3.004581200033399728e+04 4.912770470221842435e-13
3.004591890885281100e+04 2.228142089451276887e-12
3.004597194571826913e+04 2.386752711690657543e-12
3.004602115861830680e+04 2.761703834368694654e-11
3.004611391467251815e+04 2.923187116540056878e-12
3.004633008850811166e+04 1.507882913782021602e-12
3.004651438969059382e+04 3.353461174881857599e-09
3.004684907731018393e+04 4.198913138747272245e-11
3.004687328747994252e+04 1.969215980899677163e-13
3.004693628184956833e+04 9.220256659186845656e-11
3.004708343366000918e+04 1.889677130256198314e-11
3.004718853634872721e+04 4.341558238121459869e-11
3.004753226562981945e+04 7.518140874915423016e-12
3.004768124298792463e+04 5.485482703662150020e-12
3.004776621798609631e+04 4.145932673956749870e-13
3.004778824297714891e+04 3.050475413228965355e-12
3.004794127847056370e+04 2.143783439413736009e-11
3.004822905556863043e+04 5.395975173406923081e-12
3.004837541820164915e+04 1.113027959269470381e-11
3.004838859695323845e+04 8.108956941394302571e-12
3.004882462097785174e+04 2.766547673243933800e-11
3.004908054924962562e+04 3.189648378777041292e-12
3.004911959583020871e+04 1.747785344013398769e-12
3.004923516089629993e+04 4.867543353417934795e-14
3.004935378252909504e+04 6.576390504106746054e-12
3.004949863787273353e+04 1.651627061858664134e-13
3.004961585228182230e+04 5.752795939538728752e-12
3.004985249892787397e+04 1.135989064894140263e-11
3.004990765084288796e+04 6.441998496937199151e-12
3.005022066035103853e+04 2.937174674348315415e-11
3.005044777190545938e+04 1.414837080593659581e-10
3.005050087582549168e+04 4.458989684874915576e-11
3.005056251120683373e+04 2.942970123426578642e-11
3.005069472707607201e+04 3.951201470422772422e-11
3.005075985912444230e+04 2.854869915704489092e-12
3.005088514769349422e+04 3.503956635724442237e-17
3.005114229024979795e+04 4.988988480796467797e-12
3.005124127690737441e+04 2.772626704688688503e-12
3.005125913648731148e+04 1.315753285272655654e-12
3.005163906486505221e+04 3.686116624199841899e-11
3.005183765231941288e+04 2.058551850862102172e-10
3.005197942805398998e+04 1.873069500700693801e-12
3.005202695361104634e+04 9.523290234482892281e-12
3.005220858106598462e+04 2.935967211432402559e-11
3.005242041755322498e+04 2.027276695412580253e-12
3.005253185956027664e+04 6.934039888270513836e-13
3.005274928257900683e+04 5.250672435255483854e-12
3.005296318166345009e+04 9.884710248334113921e-12
3.005311751055553759e+04 6.571014217226320084e-12
3.005322112395623481e+04 6.369082636795675567e-11
3.005329352863342501e+04 1.619124245790917728e-11
3.005352905267406823e+04 1.616995464938364910e-11
3.005371949432269321e+04 2.682633389523058593e-10
3.005383310962452379e+04 3.564494569162278109e-11
3.005393248674811912e+04 2.338693827983998918e-11
3.005426420808992771e+04 4.976055507216243048e-15
3.005435357774845761e+04 1.341299333399138135e-13
3.005443035024658820e+04 8.465970222438098860e-14
3.005468277573306113e+04 3.014969149823831674e-13
3.005486693366357576e+04 6.240973611444676954e-13
3.005492504084337997e+04 5.607045808725153227e-12
3.005497239106287088e+04 3.025625970473571563e-13
3.005525991477956632e+04 6.538762623520103242e-11
3.005547196311430525e+04 2.862430019390498229e-11
3.005563832409098904e+04 1.714169665922348271e-12
3.005584463399164451e+04 1.684825619578299464e-11
3.005591221602086807e+04 4.316342809172977585e-16
3.005606419732284121e+04 5.837596984442437093e-11
3.005615314956657312e+04 7.504144997539013954e-11
3.005624605752362550e+04 3.117900769565988342e-12
3.005648331654196954e+04 3.614312462695632716e-14
3.005671120390023134e+04 6.070273794634767117e-12
3.005681814850177761e+04 6.591917324078495067e-12
3.005690939252347744e+04 5.701131035466919459e-12
3.005706093729457643e+04 6.303944105141622856e-12
3.005729747898016285e+04 6.617071872660124017e-13
3.005736614522050513e+04 1.322173191499567534e-13
3.005750564029882662e+04 2.461418337020692533e-12
3.005770385746980537e+04 7.299362164815433374e-12
3.005783316734041728e+04 1.440555878207960618e-12
3.005806096296615215e+04 3.184909885810406316e-11
3.005827988484600428e+04 3.144940838487235906e-11
3.005837364993575102e+04 4.917349437942886074e-12
3.005859005760682339e+04 2.198806796514880243e-11
3.005867233819855028e+04 1.925293540723690253e-12
3.005890882745600538e+04 5.330691172490122076e-14
3.005907764942324138e+04 1.927430557757887668e-13
3.005920627525256714e+04 5.274221306862318077e-15
3.005929661267387200e+04 3.415873450227463598e-13
3.005957764446684450e+04 6.208804291290926753e-13
3.005982014810549663e+04 1.222198912121866945e-11
3.005996142264424998e+04 2.236135487298544675e-14
3.006025149179262007e+04 4.222888924838726537e-11
3.006038637547042526e+04 5.004479349201374613e-12
3.006042495982448236e+04 4.801222863163074976e-12
3.006057491312303318e+04 4.664941803671578011e-12
3.006073844377970454e+04 5.784601168441907208e-13
3.006096223702950010e+04 2.542360216647341627e-12
3.006104270544396786e+04 2.582882283700870825e-13
3.006126781320096416e+04 1.451835971378769469e-14
3.006144760840656090e+04 3.190510410381616921e-14
3.006160758009255005e+04 1.859322039573613016e-13
3.006171546876199864e+04 3.275266568013092718e-13
3.006194061429678914e+04 1.783394901342634312e-11
3.006216061211085616e+04 2.210785493353514861e-12
3.006224095473316993e+04 6.266689968513292665e-12
3.006237031114214915e+04 2.981093759507616300e-12
3.006246527318358130e+04 3.027805282771155361e-12
3.006277955929733434e+04 9.861594942353883703e-15
3.006291909786981341e+04 5.572466428122755057e-14
3.006302575217748381e+04 2.664590085637764519e-12
3.006345444840213167e+04 3.903282674847103241e-14
3.006364029140060666e+04 2.110002493379902766e-16
3.006370925370588520e+04 2.909119107607317022e-15
3.006374801050089809e+04 1.039916948031564074e-13
3.006382657494441810e+04 6.964117234436029344e-12
3.006436891533734524e+04 2.351597435280483708e-12
3.006455600058963682e+04 3.272008974136581893e-12
3.006467648843705683e+04 9.868736692292345518e-13
3.006477053915254874e+04 4.894641127243122249e-13
3.006512016332053099e+04 1.870613036538178001e-13
3.006520192217251315e+04 6.660799725348627189e-14
3.006536494787451375e+04 8.886181936598543491e-14
3.006546946680878682e+04 1.599907787930696994e-14
3.006579326357082027e+04 7.984545048056293290e-13
3.006603532945607367e+04 6.050459226807620421e-14
3.006616119336973134e+04 1.520699247147680051e-12
3.006641351373003272e+04 9.886633847697302769e-16
3.006650823512186253e+04 1.664230377270121342e-12
3.006669302023070486e+04 2.047747245271834898e-14
3.006691163663384214e+04 4.403499177532829455e-13
3.006705262674139522e+04 2.085399169496886441e-12
3.006727917832899766e+04 1.708772364226172441e-16
3.006741174337660777e+04 1.266023106934793493e-17
3.006764255892709116e+04 4.974942993220813541e-13
3.006775779040902125e+04 9.430879685032375304e-14
3.006784089713833600e+04 2.855099339222889956e-14
3.006814085380188408e+04 1.188103179026954409e-15
3.006821519497800546e+04 5.153687825413204642e-14
3.006859411458734030e+04 1.878850435154255598e-12
3.006875951090752642e+04 1.345916625353884522e-12
3.006884282249313401e+04 2.794434386042997331e-13
3.006925493856034518e+04 7.887857175662553607e-14
3.006942066570088718e+04 1.274082829728966198e-14
3.006971764929239725e+04 1.572259060917397787e-14
3.006980083059431854e+04 8.104424068893814861e-14
3.007005972754510731e+04 9.515345011339533546e-15
3.007034369996673558e+04 1.486041453445051171e-12
3.007068333067999265e+04 9.360593373330013757e-13
3.007099950948655896e+04 1.864480913326137720e-13
3.007102127727098559e+04 1.861891200382392582e-15
3.007118562515925441e+04 3.053301297214950139e-15
3.007136290529757389e+04 2.990632131036778051e-15
3.007165879956292702e+04 9.192063277796015637e-16
3.007182540721139958e+04 2.337664023887271792e-13
3.007203281170215269e+04 1.762869153825021743e-13
3.007235102523108071e+04 3.930463211130159757e-13
3.007255976735946024e+04 4.936650999311968438e-13
3.007277147262407016e+04 6.959201948490158333e-14
3.007288323965126983e+04 3.882044740170963870e-14
3.007318465321016265e+04 1.681739668624666075e-16
3.007327034101129175e+04 7.125710884620776385e-17
3.007359921868865786e+04 4.221613513264537306e-15
3.007401012118528524e+04 3.020680218246105576e-13
3.007411533874921952e+04 2.046570774858161371e-14
3.007435307651647963e+04 2.175508692349378538e-13
3.007445636928291060e+04 2.021931050793566371e-15
3.007477090081120332e+04 5.473967620126181375e-16
3.007493715926279401e+04 4.326857984099709330e-14
3.007543839788429614e+04 9.005451540058412929e-16
3.007570976901517133e+04 2.989074323068338670e-14
3.007578483522667011e+04 1.568731032485163227e-14
3.007601392889014460e+04 8.617656696607957248e-14
3.007609026939165778e+04 1.721160560098841554e-15
3.007643190433687414e+04 6.716622701109692230e-14
3.007686556783084234e+04 5.516763017410804269e-15
3.007696769248549754e+04 2.614525044860082908e-16
3.007730928026514448e+04 1.522494191911750613e-15
3.007761985772206026e+04 1.943075833470653923e-16
3.007776001354221080e+04 2.406458622077137493e-14
3.007798555614744691e+04 1.146576502600257146e-14
3.007825809366110479e+04 2.425570279301291829e-18
3.007860189029000685e+04 2.118530532580915076e-15
3.007882139596009802e+04 2.218486558137770566e-14
3.007906223276722085e+04 3.536628362587551669e-15
3.007935782477872999e+04 1.104243905579375598e-15
3.007954932061736690e+04 9.345124720351915038e-18
3.007987210757584398e+04 6.700990792323195273e-15
3.008006335464052609e+04 5.544889091648448294e-17
3.008045275940046486e+04 3.646024063907700679e-15
3.008068023919980624e+04 2.479748697040107455e-15
3.008110242577796089e+04 3.028518233213443907e-15
3.008115927686645227e+04 1.026029959024085222e-15
3.008157621938471857e+04 7.979448766970065674e-16
3.008186427854325302e+04 7.011976555279545908e-16
3.008223280224559858e+04 7.924009576707624946e-16
3.008256963603796976e+04 7.454522588409806907e-15
3.008285131902709327e+04 1.262645462567483348e-16
3.008305334606237375e+04 1.295412376680053880e-16
3.008346754217939451e+04 1.151684099258690853e-16
3.008352986589804277e+04 3.059172593999600517e-16
3.008361995556439433e+04 3.505943215465344456e-16
3.008421091911305120e+04 1.768168391749831784e-18
3.008429029619263747e+04 1.236435020473258306e-15
3.008507701823371099e+04 3.140526692814744436e-15
3.008537896093176096e+04 3.237675311750272232e-17
3.008556998919549005e+04 1.578565611371748941e-17
3.008566774892342801e+04 5.127387777185581587e-18
3.008622795029869303e+04 9.549755101372959243e-16
3.008651989588031574e+04 4.737859922706084540e-17
3.008686471770835851e+04 1.218276462116685627e-16
3.008723220723343184e+04 4.946421219704523664e-16
3.008768931892543333e+04 5.386445127049087286e-17
3.008773811493976609e+04 2.609639312081503734e-16
3.008836270669916121e+04 9.623069166335459616e-17
3.008845518439472653e+04 1.590777608294449366e-18
3.008876199157249721e+04 1.701229141105725765e-16
3.008919065076272818e+04 2.193210792170040142e-16
3.008985067625766533e+04 9.049681246010933615e-17
3.009006648119313104e+04 8.994868122805842857e-19
3.009087097458710195e+04 8.862783293380616688e-17
3.009097092312815948e+04 1.599840131217423605e-18
3.009119423841385651e+04 7.144568372050176227e-17
3.009180217790594543e+04 2.592971407834130957e-19
3.009239715518924640e+04 2.290413492333468886e-18
3.009266741239827752e+04 1.421866865043322975e-17
3.009335913899560546e+04 2.997896831192260377e-17
3.009390499577022638e+04 3.953889264528838459e-18
3.009414895302147124e+04 2.612435148102913515e-19
3.009443208350646455e+04 6.400275013751366485e-22
3.009499123775798216e+04 1.500643695319055858e-19
3.009510027969539078e+04 2.564666528618001733e-18
3.009593995730477400e+04 2.560187509401080065e-19
3.009624288746078673e+04 7.631035970538671988e-18
3.009680672922712620e+04 6.453812884071164669e-18
3.009692256370344330e+04 6.347950621667363962e-19
3.009783203808875260e+04 1.434214506359630691e-18
3.009836281275517831e+04 3.365876081313166894e-19
3.009883013967335501e+04 1.840633165385717875e-19
3.009936121423344230e+04 1.297315736840330269e-18
3.009955043159412890e+04 2.956156521768041925e-20
3.010058883324932322e+04 9.608708418135270650e-20
3.010118285853560519e+04 5.614663760914468442e-19
3.010158509377665541e+04 1.162706044675683234e-18
3.010207661229786027e+04 1.164891148794844736e-22
3.010304383388129645e+04 1.024978953886751858e-19
3.010323620927029697e+04 3.032070027122064479e-19
3.010463356671200017e+04 8.671051144942348526e-21
3.010469438276058645e+04 1.559073978112339477e-20
3.010502532053619871e+04 5.817827394185335889e-22
3.010592688648418334e+04 5.253655687431918600e-20
3.010661395940762668e+04 2.612993138506224310e-22
3.010756151893220158e+04 2.950914673881273041e-20
3.010771238567885666e+04 3.952355634523745738e-21
3.010873225710009865e+04 1.969607761987454383e-20
3.010918125690316083e+04 5.257168393945829497e-22
3.010971161327521258e+04 1.428657959495407100e-22
3.011016809604889204e+04 4.443661003783159069e-21
3.011069630194014462e+04 1.161196641336284083e-23
3.011173165480211173e+04 2.217847702627380064e-22
3.011403388924670071e+04 1.834132963695031057e-21
3.011518174336921220e+04 1.069065651202266772e-21
3.011608468680153237e+04 7.992502288620980210e-23
3.011644343634106554e+04 9.911577901961226743e-23
3.011794589138907395e+04 6.907948828280464643e-23
3.011812775139758742e+04 4.279706625770304994e-23
3.011907329697030218e+04 9.276969926774950983e-24
3.011956764808827211e+04 8.855411771559348714e-23
3.012155561968241091e+04 4.114656462994028904e-24
3.012295467343562632e+04 5.221424628870857284e-24
3.012400656435915516e+04 0.000000000000000000e+00
3.012436749370624602e+04 1.086017836891837210e-23
3.012668423156204517e+04 0.000000000000000000e+00
3.012834038415440955e+04 0.000000000000000000e+00
3.012948565751056594e+04 0.000000000000000000e+00
3.013245055888613570e+04 0.000000000000000000e+00
3.013312923301741102e+04 0.000000000000000000e+00
3.013354174468648489e+04 0.000000000000000000e+00
3.013500666234050368e+04 0.000000000000000000e+00
3.013896911682412974e+04 0.000000000000000000e+00
3.013982060794176505e+04 0.000000000000000000e+00
3.014255998020746119e+04 0.000000000000000000e+00
3.014306742644736732e+04 0.000000000000000000e+00
3.014688833503199203e+04 0.000000000000000000e+00
3.014755357919717426e+04 0.000000000000000000e+00
3.015098309369174967e+04 0.000000000000000000e+00
3.015169177051363658e+04 0.000000000000000000e+00
3.015360005276498487e+04 0.000000000000000000e+00
3.015402393437978753e+04 0.000000000000000000e+00
3.016406065586051409e+04 0.000000000000000000e+00
3.016470174181195398e+04 0.000000000000000000e+00
3.016633199848446020e+04 0.000000000000000000e+00
3.016675870691329328e+04 0.000000000000000000e+00
3.017847066576546058e+04 0.000000000000000000e+00
3.017899307896374012e+04 0.000000000000000000e+00
3.018400862187798339e+04 0.000000000000000000e+00
3.018434763400940938e+04 0.000000000000000000e+00
3.019503393970772231e+04 0.000000000000000000e+00
3.019539181870477114e+04 0.000000000000000000e+00
3.021600839637570607e+04 0.000000000000000000e+00
3.021623105556772134e+04 0.000000000000000000e+00
