-3.002459844999475172e+04 1.605597950301080333e-24
-3.002296687350278080e+04 2.841634522395403626e-21
-3.002271727309432026e+04 2.320450010422031741e-20
-3.002248640962619902e+04 3.830518070751742303e-21
-3.002196993528233361e+04 3.899485839234418824e-20
-3.002079457194883435e+04 1.272370518573904384e-20
-3.002019726032864492e+04 7.273459211289677008e-19
-3.001971513470750870e+04 6.274767739996591091e-18
-3.001898852978464856e+04 5.134769018766518542e-17
-3.001814513437976348e+04 6.459588934947050820e-19
-3.001773649334963557e+04 8.580709794546659004e-20
-3.001723492509298740e+04 1.584462672783533201e-15
-3.001633943157737667e+04 8.934343764279029308e-15
-3.001552997695451995e+04 6.508665980734719850e-17
-3.001544471756269922e+04 2.053101555141473811e-15
-3.001457000723381134e+04 3.686306733380627833e-13
-3.001387998000070365e+04 1.067124268054477012e-15
-3.001367329357273047e+04 5.698616600668642908e-13
-3.001282334494861789e+04 2.651677248387018701e-12
-3.001271677353676932e+04 1.444366654022836721e-12
-3.001188192567412989e+04 2.838832514589467929e-11
-3.001186067283203738e+04 9.751204218612642078e-12
-3.001100899823693908e+04 8.790273361680622862e-12
-3.001091525720351638e+04 1.490148204277655120e-12
-3.001010294315862848e+04 7.890412072669793431e-10
-3.000989812566637556e+04 7.168570356787228061e-11
-3.000919847016107451e+04 1.413505920248419150e-11
-3.000884656432759220e+04 2.472533312059670576e-11
-3.000829355536446383e+04 1.236038508139522556e-08
-3.000782001551702342e+04 2.308536797685402737e-10
-3.000738410631851366e+04 1.644730390466727403e-09
-3.000680711657868596e+04 9.717917255644526885e-10
-3.000647098264144734e+04 1.449502510678397372e-07
-3.000579516039331065e+04 8.265089101444561097e-10
-3.000555468704942177e+04 5.403526100042334535e-09
-3.000479007617726529e+04 4.456524146279744433e-08
-3.000463477050714573e+04 1.215761246776580025e-06
-3.000380060241511819e+04 5.079126841643850822e-08
-3.000370716802961033e+04 9.979895117682855692e-08
-3.000285255806116402e+04 3.362514183890396255e-06
-3.000275396213336353e+04 2.348835208095611903e-06
-3.000195862986584325e+04 8.634712336553208609e-06
-3.000178451391585622e+04 2.076871912253765713e-06
-3.000114449513135696e+04 8.127855939809658124e-07
-3.000085159172569547e+04 5.802679604964005011e-08
-3.000052749325421246e+04 3.675656747313782010e-07
-3.000022952917833391e+04 1.016593194020368461e-07
-2.999988129181550175e+04 7.005762421752916855e-07
-2.999961864278947542e+04 6.264664794342508990e-09
-2.999907445129044208e+04 2.719203808122389478e-06
-2.999874487812681764e+04 8.904282116380661427e-08
-2.999826509047575382e+04 1.327341522559854176e-05
-2.999783362368557573e+04 5.731261748169357910e-07
-2.999753461862471886e+04 3.192499659080481325e-06
-2.999707945316347468e+04 1.750876300090277239e-07
-2.999703621997489608e+04 2.711616612520508228e-06
-2.999656708682713361e+04 4.251824087885801137e-06
-2.999644039300579607e+04 1.669265493425583748e-05
-2.999576432453009693e+04 5.183788348138143522e-05
-2.999566737867275515e+04 1.234450720622622833e-05
-2.999495092367662437e+04 1.438117513077191451e-04
-2.999489805482037991e+04 2.906620022377027495e-05
-2.999441014609186095e+04 1.090144816964984950e-04
-2.999412371950378656e+04 1.896519095971298664e-05
-2.999377974418837039e+04 1.051248203959217207e-04
-2.999328108195965979e+04 2.110716453989495671e-06
-2.999300285193399395e+04 4.760333595720862446e-11
-2.999272572290126845e+04 2.137262571762895600e-06
-2.999250813685834873e+04 1.793105477259120188e-06
-2.999217300835519200e+04 1.337508075554926595e-05
-2.999183948352428342e+04 4.620979579407642790e-07
-2.999160279564704251e+04 4.023438538874227579e-05
-2.999142486572695634e+04 7.154623568549276489e-05
-2.999117274756564439e+04 1.928802837843129805e-04
-2.999104662239209574e+04 1.922149455079552550e-04
-2.999059524802427040e+04 3.834793090123436664e-06
-2.999056032455672539e+04 2.912072535932177332e-05
-2.999030874222483908e+04 4.351477422522472219e-10
-2.998997973858882688e+04 5.088121612507553494e-05
-2.998990032236156185e+04 2.311519156114974397e-06
-2.998980882580615435e+04 2.671169743914136399e-05
-2.998961375181311450e+04 4.434716668422925901e-05
-2.998913345881578061e+04 3.652457066543126246e-05
-2.998884277307176308e+04 1.569405158695465414e-05
-2.998854676912692594e+04 9.428482255899359556e-05
-2.998845413005237788e+04 1.342938975555368248e-05
-2.998821526129385893e+04 3.393836515334440983e-05
-2.998795539465349066e+04 2.572727646493363307e-06
-2.998781247246850398e+04 1.044937988812328174e-04
-2.998753229622890649e+04 3.724021687045859895e-07
-2.998732157217163331e+04 2.454358731920726951e-04
-2.998697699962603656e+04 3.507505143076222211e-05
-2.998674453505835481e+04 7.537711378387220752e-04
-2.998666471139279020e+04 4.877391601871074888e-05
-2.998623477544299385e+04 3.014249087272186426e-04
-2.998611736898263189e+04 2.745363392892551846e-06
-2.998584108634123186e+04 1.675892802262933528e-05
-2.998575635999885708e+04 1.310905438226245886e-03
-2.998554431540732185e+04 4.642135960440061391e-05
-2.998534288452345208e+04 6.963976122852278024e-04
-2.998525738024299426e+04 3.529802233160368036e-04
-2.998507574671833936e+04 4.778586791343226764e-04
-2.998472180837911219e+04 1.977693904170879646e-03
-2.998447459730592891e+04 1.030560533789256631e-05
-2.998404479778625318e+04 1.870599418346935677e-04
-2.998400326637772378e+04 2.250015341166128997e-04
-2.998379027072400640e+04 3.161006642031119622e-06
-2.998364688125627799e+04 1.055326243722978606e-04
-2.998315948216972902e+04 1.697656042836207719e-06
-2.998276475898189528e+04 2.602016172900070802e-06
-2.998269305104986051e+04 2.578426955112646071e-07
-2.998263887490578782e+04 4.047616707951508263e-06
-2.998224046565834578e+04 5.986661382773742418e-05
-2.998192505475342841e+04 7.130631636211576924e-05
-2.998189945780381458e+04 8.430030927990346716e-07
-2.998169967166905917e+04 2.260844869918585002e-05
-2.998129012986892485e+04 2.673068507280763892e-05
-2.998118525424562904e+04 2.690686402495920783e-04
-2.998096915603441812e+04 7.894523335535785866e-04
-2.998074763408708895e+04 5.699182377002424380e-05
-2.998050169587989876e+04 8.830728714479168845e-06
-2.998032032124048783e+04 4.825308278136992111e-03
-2.998020499908562851e+04 5.015610036393702902e-05
-2.998007777229833300e+04 8.656101171610585527e-06
-2.998002923995396486e+04 2.240415256642452782e-04
-2.997983913060949635e+04 1.240116318445549535e-03
-2.997964686805293240e+04 5.293981887086762241e-03
-2.997949324175603033e+04 2.005581225424153506e-03
-2.997934258769212829e+04 5.175819015182551303e-03
-2.997889199184007521e+04 2.027394586538222088e-04
-2.997886723959322262e+04 9.564096191848267536e-03
-2.997857010042972252e+04 2.450537018582344025e-03
-2.997839017431748653e+04 9.404959638006576777e-05
-2.997820619532605269e+04 1.202023222572591658e-05
-2.997780606685439125e+04 7.676576060120745193e-05
-2.997757312828333670e+04 1.637786154280090943e-04
-2.997750858183977471e+04 1.722424708526634947e-04
-2.997706564979223185e+04 1.106100920639414582e-03
-2.997684983795735025e+04 1.053561220753839530e-04
-2.997650707246820093e+04 1.981137967170511565e-09
-2.997621603187733854e+04 1.020059102603574101e-03
-2.997595375427789259e+04 2.953051854131488093e-06
-2.997576003840151316e+04 1.673100886827406442e-04
-2.997551811018772423e+04 8.794403442207139132e-05
-2.997517427720404521e+04 3.135400966559474378e-03
-2.997509734540948193e+04 1.064163720687572867e-01
-2.997480198456990547e+04 3.990632579170887932e-04
-2.997462311506843616e+04 4.299839214915940149e-05
-2.997445903558198916e+04 4.760197116784131710e-03
-2.997426304124420130e+04 8.446608053382502479e-02
-2.997405924685826903e+04 5.340219996264307378e-02
-2.997385259461541864e+04 8.224476485874175624e-03
-2.997357793127395053e+04 5.752746984076462179e-05
-2.997344712735671783e+04 5.095299803658195513e-04
-2.997324246141477852e+04 1.454817770906186372e-02
-2.997313883549607635e+04 5.021234904725973246e-03
-2.997282256894669626e+04 9.970544108899122505e-07
-2.997247665114277333e+04 4.089494044028885514e-03
-2.997240333223486596e+04 5.148863064336528343e-03
-2.997214282616887795e+04 1.508339979474647690e-03
-2.997181835767632583e+04 1.001616257836596651e-04
-2.997154666924434423e+04 4.460027508843586385e-07
-2.997149558722004440e+04 6.413643617497355454e-03
-2.997113719029143249e+04 6.239474010218914494e-06
-2.997076460275896170e+04 3.897848367140850146e-04
-2.997047995298164824e+04 8.726225575509387756e-04
-2.997037130514464297e+04 3.172875880255726297e-03
-2.997017504177249793e+04 1.502829309711233819e-05
-2.997002781068156037e+04 3.340952134700297393e-01
-2.996995931422454305e+04 5.547178134202588977e-03
-2.996948154394086305e+04 2.896319604488253353e-04
-2.996934059895644532e+04 6.349779414016607296e-04
-2.996923844655213179e+04 5.909220354438953415e-04
-2.996898023853509221e+04 1.750596680169464250e-04
-2.996895562370045445e+04 1.029420610363005438e-04
-2.996872019716103023e+04 4.403774656677495884e-05
-2.996851975429325830e+04 5.329097855461719779e-04
-2.996836025957868333e+04 1.960864028418993167e-04
-2.996823920138222093e+04 2.439776554368817019e-04
-2.996805750652772986e+04 6.957245632425192172e-02
-2.996796837920343387e+04 2.137860292914661037e-02
-2.996749063537075926e+04 4.786752160592152444e-03
-2.996739000791034050e+04 1.273971648408483146e-04
-2.996721547463912793e+04 7.171918112808222778e-05
-2.996709015451700179e+04 2.553490641298020603e-03
-2.996698002550980527e+04 2.810253864318756293e-03
-2.996691755369846214e+04 1.821701749969243831e-03
-2.996672916886637177e+04 1.283652596512776601e-03
-2.996651061107508576e+04 4.279821326051033671e-04
-2.996638454060024742e+04 4.196111504890341105e-03
-2.996599941463584400e+04 4.817489097465376611e-05
-2.996572824529653735e+04 1.568985043843753886e-03
-2.996563884789113945e+04 5.418561089155365940e-04
-2.996548267250255958e+04 3.085919089937990550e-03
-2.996519133857666748e+04 5.037919597951090196e-04
-2.996515295827103910e+04 4.067465097765487038e-04
-2.996502307151313653e+04 5.144314912366204813e-03
-2.996494922770601988e+04 5.018704346213437306e-02
-2.996478376608999315e+04 1.653374218540114597e-04
-2.996465120194359406e+04 5.102699968535608414e-05
-2.996424801781906353e+04 4.412043341625284851e-04
-2.996409333270735806e+04 8.796145353619374239e-04
-2.996375819592328116e+04 9.766164707214108898e-02
-2.996363312238996878e+04 7.844227161787807601e-03
-2.996355823084136864e+04 2.968597769268348614e-06
-2.996325545020015488e+04 4.098590746878770129e-07
-2.996302156208754968e+04 9.763759734352112378e-05
-2.996298042152478592e+04 3.697729171116570178e-06
-2.996258416904969636e+04 1.965073751756116140e-04
-2.996254438002573443e+04 4.628600504392240967e-05
-2.996241285072645405e+04 7.613249242489658988e-05
-2.996223983619951468e+04 2.192531773400084377e-04
-2.996187969961416820e+04 1.319280866795556921e-04
-2.996161082079463813e+04 5.107856476054393633e-04
-2.996151147293313988e+04 4.745759206103908681e-03
-2.996133961415958402e+04 1.402507258106135905e-04
-2.996126955705201908e+04 8.783011596730642728e-06
-2.996106323271140354e+04 8.644666000510803979e-05
-2.996091788565211027e+04 1.953193367304207191e-06
-2.996063371232706413e+04 3.867597426152401632e-04
-2.996059353089826254e+04 1.855894430363531564e-03
-2.996010009950762833e+04 2.575612990487843144e-05
-2.995996380540172322e+04 1.030725333524357216e-04
-2.995983650761705212e+04 3.395781875675912484e-03
-2.995981122141944797e+04 4.852222381131501253e-04
-2.995969581958052731e+04 1.024387903896229867e-03
-2.995952650080494641e+04 9.107587226209461640e-05
-2.995918114215943933e+04 1.416283608874198624e-05
-2.995908510443636260e+04 3.814155756146518834e-04
-2.995870905035221949e+04 1.963061951602429142e-07
-2.995858270066660043e+04 3.797414676487467603e-06
-2.995847894991466092e+04 1.206946362102807673e-04
-2.995842723388374361e+04 2.772720259162207105e-03
-2.995825620956037528e+04 1.648986304383662715e-04
-2.995822826681560036e+04 1.087603123363732690e-05
-2.995752958610439600e+04 9.991512312141282630e-05
-2.995749905144829245e+04 2.246150119592156308e-04
-2.995741580220148899e+04 1.219302187825683489e-04
-2.995724043780340071e+04 3.667786399927430501e-04
-2.995714777338353815e+04 6.684963984037127754e-04
-2.995708181362756295e+04 2.366225535768120419e-03
-2.995680652191286572e+04 7.261022832751389770e-04
-2.995657250195466258e+04 2.060054072945171271e-05
-2.995640294783495847e+04 1.574098627009588296e-06
-2.995605589080139544e+04 6.788457136193827225e-06
-2.995588617044731654e+04 1.546790506416174635e-06
-2.995576355938442066e+04 1.145369502551659823e-03
-2.995573804921064220e+04 3.076154451811820268e-05
-2.995547411407124673e+04 9.260858940589722225e-05
-2.995517460401917560e+04 3.646666699017406282e-06
-2.995500280998380549e+04 6.436572817823479812e-06
-2.995469739843501156e+04 1.348175807020981359e-04
-2.995463554444077818e+04 9.229646137216341358e-05
-2.995457926967325693e+04 1.206710758330362181e-04
-2.995443784232228063e+04 8.064025570592569126e-04
-2.995440720936577782e+04 2.789058863734392461e-04
-2.995419386884068444e+04 7.591743173257625558e-05
-2.995406178737170558e+04 5.367222296944006138e-05
-2.995367192907652861e+04 2.840546888807976762e-05
-2.995363584341162641e+04 5.938213871796900647e-06
-2.995335048669655589e+04 5.353148726671776304e-06
-2.995320436415577933e+04 1.594879442461798823e-05
-2.995294662070099366e+04 3.862506708764136499e-04
-2.995289650942608205e+04 1.749353895699981185e-04
-2.995283821736938262e+04 1.509014720876610937e-03
-2.995264987826794095e+04 1.753167221938503357e-04
-2.995233514057983848e+04 7.863794394068316793e-07
-2.995203583949604217e+04 4.008852163103715868e-06
-2.995191221913366462e+04 3.227558151847928837e-06
-2.995159254508990125e+04 8.497039296854582758e-05
-2.995151671986633301e+04 2.252071687606195202e-05
-2.995128756432675073e+04 2.068635263418236697e-04
-2.995125450013440786e+04 2.578231950233862355e-03
-2.995110988857958000e+04 2.055452607881964151e-04
-2.995074764736906582e+04 2.890459395738495855e-04
-2.995071989128275163e+04 6.109937758935628891e-06
-2.995054703694107229e+04 4.941947538822051756e-05
-2.995025161187605045e+04 6.930123560541935977e-07
-2.995020932723987062e+04 1.459983333337503873e-06
-2.994979585318695899e+04 1.651047276293949996e-05
-2.994965832240130112e+04 2.588258120992557416e-07
-2.994961928997757786e+04 1.877063064093916947e-06
-2.994943350782279595e+04 2.470153894310027777e-05
-2.994933724481102763e+04 1.589989805975339839e-04
-2.994922079501013650e+04 3.175183472921596620e-05
-2.994872120023320167e+04 1.159442691503499972e-03
-2.994871789838840050e+04 3.481525464082176730e-04
-2.994860589703591177e+04 1.111616846782112776e-05
-2.994840026417157787e+04 2.429704916440007832e-07
-2.994838452735073952e+04 6.506451564107542202e-06
-2.994807412431247212e+04 2.083717054589337837e-04
-2.994793858450279731e+04 5.346537276385341396e-09
-2.994781930448346247e+04 1.456188534272506852e-06
-2.994756033027153899e+04 9.482294883641720638e-06
-2.994719973727799879e+04 8.079172480706042399e-07
-2.994696485274567749e+04 1.555818824209652098e-05
-2.994683052023729033e+04 1.499677588237802117e-05
-2.994672887713533419e+04 4.118120629583445723e-05
-2.994661527515559283e+04 1.512274562522903775e-04
-2.994645389980507389e+04 2.126123948018455295e-04
-2.994635399251782292e+04 1.746542731010280374e-04
-2.994621048406606496e+04 8.908433773974659345e-06
-2.994614477423332573e+04 3.009359986751056499e-05
-2.994584329886421256e+04 8.270538494349292602e-06
-2.994544795705150318e+04 5.706737517014023777e-10
-2.994538808826291279e+04 2.504646728936390490e-06
-2.994528299252487341e+04 1.659918321974362382e-06
-2.994499463173653567e+04 1.783961689564538864e-08
-2.994493091831081256e+04 2.577111446066692493e-06
-2.994468036239571666e+04 3.567407783174959460e-05
-2.994440664917510367e+04 1.005839083956551946e-05
-2.994430910934883286e+04 2.028870121410188869e-04
-2.994411063639125496e+04 1.125759725762020061e-06
-2.994391988640377895e+04 9.464875623543607308e-07
-2.994362063405207664e+04 2.223548497135737483e-06
-2.994328994199221052e+04 9.054636699395162303e-05
-2.994316924133609064e+04 1.276556299370203332e-06
-2.994307319163742795e+04 2.503949807581912283e-06
-2.994294746264625064e+04 7.607082994854434867e-07
-2.994285372181593993e+04 3.616959162561192826e-07
-2.994271060415592365e+04 2.653020196304745347e-05
-2.994251638837118298e+04 1.015590814563005174e-05
-2.994250134849766619e+04 6.738599783985822588e-06
-2.994232018070157210e+04 3.192245653014912883e-06
-2.994207117456504420e+04 8.887125009238118100e-08
-2.994171391334117288e+04 1.739124292442848971e-06
-2.994160728531926725e+04 1.736559150076126286e-08
-2.994137919825937206e+04 1.110218471369754869e-05
-2.994098947904244051e+04 8.698497107515552120e-06
-2.994076122545296676e+04 4.875960437782651791e-08
-2.994061404146221321e+04 1.164669141235264268e-06
-2.994050956601937651e+04 1.118966257101168446e-06
-2.994037415636735750e+04 6.647415497416159860e-06
-2.994033572976222422e+04 2.339464818128693812e-06
-2.994017198891603039e+04 3.176348162066954130e-05
-2.993994603721647945e+04 7.057077459867379764e-06
-2.993979490801804786e+04 3.773566190329238455e-06
-2.993968206467500931e+04 6.442175875831488799e-06
-2.993936867311834067e+04 2.185276622119237105e-09
-2.993892141779292069e+04 8.008547583765883362e-07
-2.993872724510548869e+04 5.078905972210622202e-06
-2.993862554051547340e+04 3.493260534502259898e-06
-2.993837923244985359e+04 1.208319902364702077e-07
-2.993815354111455599e+04 4.221002638491186305e-06
-2.993797739022173482e+04 1.025627863779399415e-06
-2.993780667396705394e+04 1.129591924656977478e-05
-2.993763192387607342e+04 1.724065821448103530e-05
-2.993739257727167569e+04 5.759882633743371897e-06
-2.993731193493599494e+04 2.595098960396718869e-06
-2.993720687317814009e+04 1.922181860482164962e-10
-2.993710460563742163e+04 1.956941490601590120e-06
-2.993690291640924625e+04 2.202182916927711280e-06
-2.993672195280674714e+04 8.881967185976165043e-08
-2.993636067051987993e+04 3.571924892015843470e-06
-2.993620363474038459e+04 3.147049067329799382e-06
-2.993603021243112744e+04 4.125974719648864777e-07
-2.993577199462791395e+04 5.147150302784651472e-06
-2.993546959675291509e+04 1.502970278425748002e-06
-2.993539868311586542e+04 1.392649300909259927e-05
-2.993512609671979953e+04 7.678114659686749051e-06
-2.993490567735955847e+04 4.624618064210406412e-06
-2.993488913540718931e+04 3.702013910359910377e-06
-2.993481422726327582e+04 6.711710374724666529e-06
-2.993468618251605221e+04 7.461873357693087351e-07
-2.993442903431547529e+04 6.058797649783975327e-06
-2.993383164765380570e+04 1.949021866462688158e-06
-2.993363288077292600e+04 2.278798246115631049e-07
-2.993341010369554715e+04 8.485579620533936633e-07
-2.993322157729647370e+04 8.453000155389715659e-06
-2.993287078950018622e+04 1.300618354368904839e-06
-2.993280636890565074e+04 1.738729268868002992e-06
-2.993269209392474295e+04 1.977677650036736072e-05
-2.993249250416292125e+04 9.207442501982385417e-08
-2.993226929013306653e+04 2.588814052771793803e-06
-2.993211494084772494e+04 3.108272028127415590e-07
-2.993196970855039763e+04 2.637249706431449810e-07
-2.993168586198817138e+04 1.082441782712591814e-08
-2.993133453821351941e+04 1.147742693644664290e-06
-2.993109509218332096e+04 3.160668279730751307e-06
-2.993087540724034989e+04 7.010174139312304566e-07
-2.993078482300241740e+04 4.396462136215932456e-06
-2.993055702846522763e+04 7.562695120739079137e-06
-2.993043198734000180e+04 4.072937615339514653e-08
-2.993034278017900579e+04 1.978353777690317790e-06
-2.992999748248062679e+04 1.090237086837082234e-06
-2.992977157207062191e+04 1.069091913609560786e-08
-2.992944178749744970e+04 6.316640968138102256e-11
-2.992937765181915165e+04 4.247427370251172062e-08
-2.992916539668187033e+04 8.713909165162207898e-10
-2.992894642219801244e+04 7.859764621013701816e-07
-2.992880153391488784e+04 1.501724687173401023e-06
-2.992866713715688093e+04 5.164099627110169184e-06
-2.992811062179539658e+04 3.277315756791561849e-07
-2.992779296065997914e+04 1.105553619071469300e-06
-2.992742296012784936e+04 1.931695950044023183e-09
-2.992730067651863646e+04 4.802767983022798422e-09
-2.992716257706583201e+04 1.164778629164948716e-07
-2.992691500734365400e+04 2.280677049072744990e-07
-2.992684101819357238e+04 2.427587269445795069e-07
-2.992667642164111385e+04 1.448575219262418417e-06
-2.992622122197258432e+04 7.167958308599851138e-07
-2.992604070027767011e+04 7.791852803686345177e-07
-2.992586899250552960e+04 1.025995844588593918e-08
-2.992563488858914207e+04 1.015479548223980518e-08
-2.992528732195730117e+04 2.698589553089223691e-08
-2.992511124142484186e+04 5.879733523462649644e-08
-2.992487812251975993e+04 1.278712776327353251e-07
-2.992446901794617588e+04 3.244099616087164113e-07
-2.992435314272467076e+04 1.030206684039149333e-07
-2.992427629481568874e+04 8.214837243810037789e-11
-2.992395226476544485e+04 6.941585029554291124e-07
-2.992348793682500400e+04 1.477156628741681131e-07
-2.992306240588408036e+04 2.873321133457351202e-08
-2.992294485047188209e+04 9.135460332803391930e-08
-2.992279503467226095e+04 5.900052722327790912e-10
-2.992253868507660809e+04 5.550979145698549986e-08
-2.992212500689976878e+04 3.611570219082788881e-08
-2.992205495959817563e+04 3.028273095283224526e-07
-2.992174311105079323e+04 7.464560029603877977e-08
-2.992148451210042913e+04 1.351385436529257784e-07
-2.992128400369781230e+04 8.939811056228649633e-09
-2.992104560969110753e+04 5.644790028629790033e-09
-2.992070874795618874e+04 2.861253406151389493e-08
-2.992069081592897419e+04 2.572476237898640705e-08
-2.992050898990579662e+04 1.798816933583687547e-07
-2.991992719256057171e+04 2.244482088970405078e-08
-2.991981267626263434e+04 1.283706099124241187e-07
-2.991967510154372940e+04 1.212607275826711375e-07
-2.991945768333946762e+04 1.816857180912302255e-08
-2.991905301222255730e+04 5.389400160410327399e-09
-2.991855257519852967e+04 3.314632090696810706e-10
-2.991835477248724419e+04 1.466856134811340301e-07
-2.991814296168318833e+04 3.212458872684275142e-10
-2.991778484820245649e+04 1.261952862840016814e-07
-2.991744873306449517e+04 1.335595873489054510e-08
-2.991709858147357954e+04 5.366373495125783468e-09
-2.991677882039107499e+04 5.014853279767790341e-08
-2.991645078620050481e+04 1.611285939546996351e-08
-2.991621817276997899e+04 6.609658478046777132e-10
-2.991612424446048681e+04 7.187474784854034377e-08
-2.991572716823141673e+04 2.132920774003962823e-08
-2.991534577252134113e+04 1.458036412650062616e-10
-2.991513341596620012e+04 7.365977112774144967e-09
-2.991476876030298445e+04 8.431378414902837676e-09
-2.991466099635248611e+04 1.171266639151812798e-08
-2.991421668138070163e+04 5.947592416882608561e-08
-2.991413493689927054e+04 2.822101953996766453e-12
-2.991358109377168512e+04 5.803671570265616889e-11
-2.991326283739269638e+04 2.616457460580915851e-09
-2.991279626161507258e+04 7.775192670419626256e-09
-2.991238564566247442e+04 1.471470033729500311e-08
-2.991215752252706807e+04 1.794390108310640446e-11
-2.991200756536553308e+04 6.800047805153954802e-09
-2.991164796928808573e+04 1.308718404416047538e-09
-2.991131126903685799e+04 6.643615587102892919e-11
-2.991113478230797409e+04 7.628245719687533929e-10
-2.991080396644911525e+04 1.170250292219539923e-08
-2.991013725023933875e+04 1.902453546701390738e-09
-2.990970941255031721e+04 4.230092572340158051e-10
-2.990930636966368911e+04 4.216412260704091751e-10
-2.990894032261460234e+04 8.553825166475741385e-10
-2.990864510325071024e+04 1.215605110478580425e-10
-2.990851630617864430e+04 1.060433521041432998e-09
-2.990815188103919354e+04 2.402630369536121868e-09
-2.990766919827777383e+04 4.798859874802831650e-10
-2.990716070307098198e+04 4.569391148005430381e-10
-2.990679331696714871e+04 1.039941656117894954e-09
-2.990663652376937898e+04 2.439497658138317443e-13
-2.990585066331285634e+04 5.674407314716225541e-10
-2.990548190498481927e+04 3.696123874392484330e-12
-2.990514219691491235e+04 6.338214996330777263e-11
-2.990486155758599489e+04 3.912699925456305416e-10
-2.990423840074772306e+04 1.112029966915440813e-09
-2.990357239637804014e+04 5.313094702786352622e-11
-2.990322322765614808e+04 6.596996330166029450e-12
-2.990271058331955646e+04 1.334136464732532727e-10
-2.990202000609523020e+04 7.932772257439976439e-11
-2.990162726973136887e+04 9.033571277330979151e-11
-2.990130261387588689e+04 1.789268594335653148e-11
-2.990100835735578949e+04 3.036492079572358363e-10
-2.990083797604676511e+04 1.335281722137414553e-11
-2.990006497797931661e+04 7.715671236404422671e-11
-2.989948087572992154e+04 9.309647241885143284e-11
-2.989890673740246712e+04 5.614418809321343242e-11
-2.989816233915656267e+04 3.419277019885640668e-11
-2.989703602859805324e+04 5.772475555822052977e-11
-2.989660586467246321e+04 3.902477382094294376e-13
-2.989630285104331051e+04 1.802155616369657735e-11
-2.989572818282365552e+04 1.329647749332935470e-11
-2.989493059055691992e+04 1.456926821050420095e-14
-2.989436093850410543e+04 1.207521469690577187e-12
-2.989412472598608656e+04 4.901614657673396297e-12
-2.989396554810340240e+04 8.086247553399528041e-14
-2.989297213390973775e+04 2.543477319258148046e-12
-2.989247123864532841e+04 9.834803389281143612e-12
-2.989179060233739074e+04 3.804677332623741994e-12
-2.989091631668524133e+04 7.127211452836716360e-14
-2.988927149659515999e+04 4.025774017462870231e-13
-2.988806090273009613e+04 2.395018984935682948e-14
-2.988751865091738728e+04 9.104773991899530818e-16
-2.988655719505352681e+04 1.536238032843285367e-12
-2.988630981207920922e+04 1.076356861324047902e-13
-2.988518469685176751e+04 1.368126867640727582e-13
-2.988428217217507699e+04 1.519055297318693999e-13
-2.988310640606197558e+04 3.278561294441119791e-16
-2.988180072069724702e+04 9.097072305531089270e-14
-2.988075805380144448e+04 6.124943812973114784e-15
-2.987960955323715461e+04 3.313994680688945816e-14
-2.987892355835961280e+04 3.355193362627647577e-14
-2.987802440058698267e+04 4.829071762963278361e-16
-2.987655766559648328e+04 3.975982345834878261e-15
-2.987523842361697461e+04 3.502883344551015501e-16
-2.987356027107277259e+04 1.480027608728601899e-15
-2.987165090790326212e+04 5.886643513104142123e-16
-2.987070398248032507e+04 8.869825643415509173e-16
-2.987021321458633975e+04 1.756497918127248106e-17
-2.986775682867682917e+04 1.931643646492948576e-17
-2.986741060246110646e+04 2.826678390455069112e-16
-2.986476678934429219e+04 9.816453640906041081e-18
-2.986397229943763159e+04 3.389999376407915487e-22
-2.986135236797286780e+04 1.872806853904592978e-17
-2.986110479639880941e+04 7.322206272033060592e-18
-2.985708226077803556e+04 7.457646009712223367e-19
-2.985696017814549123e+04 1.207857975618541274e-20
-2.985433139172638403e+04 1.630251735846474958e-20
-2.985371133016572276e+04 1.610473350015395293e-20
-2.985151719170327488e+04 3.719218294919372448e-20
-2.985098760447537643e+04 2.843926390568072676e-19
-2.984528684727793006e+04 1.272566656773268640e-22
-2.984480483046739391e+04 4.025498931028109284e-22
-2.984120524274988202e+04 5.645161282148133891e-22
-2.984021785020678726e+04 8.152671856018510544e-22
-2.984002234932841020e+04 5.936143632561923012e-22
-2.983957281929125384e+04 4.936837528324103731e-23
-2.983208242399522715e+04 0.000000000000000000e+00
-2.983159690269639032e+04 4.840918610372996387e-24
-2.982885354583176377e+04 7.023175836594080918e-24
-2.982817576972003371e+04 0.000000000000000000e+00
-2.981717278445607371e+04 0.000000000000000000e+00
-2.981683274899248136e+04 0.000000000000000000e+00
-2.981511170055507682e+04 0.000000000000000000e+00
-2.981468957757712997e+04 0.000000000000000000e+00
-2.980091658817032294e+04 0.000000000000000000e+00
-2.980048278889311769e+04 0.000000000000000000e+00
-2.979663835859320898e+04 0.000000000000000000e+00
-2.979630437352179433e+04 0.000000000000000000e+00
-2.978283660106627576e+04 0.000000000000000000e+00
-2.978252060635893577e+04 0.000000000000000000e+00
-2.976005096097278147e+04 0.000000000000000000e+00
-2.975984527433752737e+04 0.000000000000000000e+00
2.997762619141609684e+04 0.000000000000000000e+00
2.997775150995749573e+04 0.000000000000000000e+00
2.997792216885903690e+04 0.000000000000000000e+00
2.997963348514998870e+04 0.000000000000000000e+00
2.998019971268233348e+04 6.925815821010202802e-24
2.998082057776722286e+04 9.949722601512109374e-24
2.998103418208892981e+04 6.907597281532089657e-23
2.998139286736490612e+04 9.522704835395096674e-23
2.998211086564930883e+04 7.199000075584206829e-23
2.998285727620213584e+04 2.796510424174761742e-21
2.998368535750448791e+04 2.071477952621680131e-20
2.998450448672186030e+04 3.454418033332168215e-24
2.998490380729745448e+04 1.181796465847139721e-22
2.998535075715020866e+04 5.645363191799953282e-19
2.998620229155068955e+04 1.771566236900622416e-18
2.998673764485852735e+04 1.249177425066178275e-19
2.998706244420037183e+04 2.175046993376402743e-18
2.998780005269723915e+04 2.458240258499486200e-17
2.998800672349116212e+04 4.907277235324076256e-17
2.998856483608118288e+04 5.210729419746037360e-19
2.998880060837472774e+04 2.514872526526935778e-17
2.998939486251305425e+04 2.159223002759162712e-18
2.998964181398742221e+04 1.022781408573081543e-15
2.999033948980255082e+04 2.398864458396113724e-18
2.999050128238756952e+04 2.058525036554300580e-15
2.999132617254217621e+04 2.825056307673165689e-15
2.999137061296229513e+04 6.325800111035468627e-15
2.999221839516057662e+04 3.920320347613307037e-14
2.999231233567393429e+04 5.466294456093650638e-15
2.999309252060300059e+04 7.558817596834706017e-14
2.999325540415241994e+04 1.574231679110707326e-16
2.999397141975423074e+04 5.120779251795269593e-13
2.999420629411334085e+04 2.086229814711062668e-14
2.999485368250669853e+04 8.347048042630649282e-13
2.999515989061662913e+04 9.121489036597149101e-16
2.999573874292146866e+04 3.263591659745340311e-12
2.999610927916100627e+04 1.348863925000680530e-13
2.999662528045061117e+04 1.036646678438191533e-11
2.999705501930978062e+04 1.000851341353440528e-14
2.999750907325580556e+04 4.916059601567806274e-12
2.999799342204119239e+04 9.300484819188619511e-13
2.999838141378097498e+04 8.252172895290803847e-11
2.999891409020781794e+04 4.590789629494817716e-12
2.999921746401721248e+04 5.691445272472541930e-11
2.999977436084273359e+04 3.602227100380229272e-12
2.999992102355531460e+04 1.355535836620027168e-12
3.000037427670418765e+04 8.033157361487164762e-13
3.000047342983026829e+04 5.000808314837367861e-13
3.000099224342900925e+04 7.929676913612017337e-13
3.000119844216045385e+04 2.115709736064354983e-14
3.000184039844716244e+04 8.083702517913715824e-14
3.000198999922335861e+04 5.630368677283245250e-11
3.000269275854392617e+04 8.733230748871702184e-12
3.000278205059800530e+04 1.569924935843811859e-10
3.000332305292087040e+04 7.924378566572159693e-11
3.000346997708880735e+04 1.730180217451199746e-11
3.000378744229493532e+04 3.965415883473237370e-11
3.000399022124692783e+04 1.696054406083876795e-12
3.000458731476325920e+04 3.098307845603424804e-13
3.000471250757150847e+04 7.129969172251408727e-11
3.000550699290370176e+04 6.752444779724165762e-10
3.000553419972605843e+04 1.574428178394135722e-10
3.000612597415255004e+04 8.634469867291244577e-10
3.000626021666852466e+04 3.250444646665072292e-10
3.000667818130497108e+04 1.427562611056432918e-09
3.000717821370793172e+04 2.738859714215529062e-10
3.000743450668544028e+04 3.978890026233404985e-10
3.000795879307164068e+04 5.931934240296178009e-12
3.000808909336925353e+04 3.866366419151587595e-14
3.000837021518430993e+04 5.669946199333072218e-11
3.000870839662152866e+04 4.306034872723978988e-11
3.000896745331225611e+04 2.376187679025388811e-11
3.000916934789306833e+04 2.494242728678429379e-10
3.000948792328793570e+04 1.355506188229363952e-10
3.000963957947435119e+04 1.675185881908856971e-10
3.000981341217547379e+04 2.227818995946167117e-10
3.000999803344318570e+04 1.381867910871630315e-11
3.001042654044941810e+04 7.807849349313638127e-12
3.001047490159455265e+04 8.988587385807778579e-13
3.001086420267460198e+04 3.278183383247057514e-11
3.001091259473512764e+04 5.464170567735618656e-11
3.001130581924979924e+04 7.718215784455686919e-11
3.001176389956822459e+04 1.637003410524649877e-13
3.001194048373180703e+04 3.819941007824541480e-11
3.001206166540379127e+04 4.900207623489599888e-10
3.001227355183131658e+04 9.856130188474279454e-11
3.001240264287320315e+04 1.935809716800669447e-11
3.001271810262827057e+04 7.423722310539899167e-11
3.001290325268822562e+04 5.376429098957544119e-10
3.001312413385958280e+04 9.696366549203592444e-11
3.001340758377649036e+04 2.938745060874502299e-09
3.001354306339852337e+04 8.081420960587610063e-11
3.001386385395342222e+04 1.508611982434219577e-11
3.001406179340833842e+04 7.921444810555416491e-12
3.001431218300996989e+04 6.106187354490212195e-09
3.001440151504902315e+04 8.641724179866323088e-10
3.001471146212378881e+04 2.653587600271900569e-10
3.001477321938770547e+04 7.967596993707336240e-11
3.001489260302029288e+04 1.865946887348504139e-09
3.001525309782457043e+04 2.029721321896371922e-09
3.001543469753228055e+04 1.100540722830539170e-08
3.001552348506039925e+04 3.196894937183819550e-10
3.001577620941643545e+04 5.742696653447733045e-10
3.001596908769897345e+04 1.019923541998714478e-11
3.001622176291858705e+04 3.096877089904169393e-10
3.001636892659076693e+04 1.453461360572071001e-10
3.001680854807772266e+04 1.424722320930812346e-10
3.001701808885645005e+04 2.336786626252433532e-11
3.001732108418658754e+04 4.243829815673517771e-10
3.001756234673270592e+04 3.450431143957067190e-10
3.001802859493272626e+04 4.586316191364408906e-11
3.001820574302726163e+04 1.176010984787076316e-10
3.001843117913491005e+04 1.435308694969897496e-11
3.001856132742031696e+04 2.516310035922565415e-10
3.001895083344627710e+04 1.380275553864715885e-11
3.001912487136588243e+04 5.743159490884337190e-10
3.001925749196508332e+04 2.035063263729602954e-09
3.001947393843272221e+04 1.890531507416397300e-09
3.001978975046494088e+04 3.355822980586693294e-09
3.001993902509698455e+04 7.653641935172959999e-08
3.001997610287097996e+04 1.727765370558760972e-08
3.002003978044188989e+04 1.866403999797299763e-08
3.002022230918553760e+04 2.006583024331879235e-09
3.002048103392050325e+04 3.426469000366877917e-09
3.002055934101015009e+04 4.567437256539039149e-08
3.002073874689579316e+04 3.268967312689669107e-09
3.002085554475365279e+04 4.426304968125992047e-10
3.002096990022182217e+04 5.253138882484152474e-08
3.002132913228646430e+04 1.995625149979164570e-08
3.002142091616257312e+04 1.879344277141574911e-10
3.002175769608007977e+04 3.117324007047152178e-09
3.002188140941124220e+04 1.078979764356869367e-09
3.002195823944456060e+04 2.032383259147590060e-08
3.002204847532274653e+04 2.674617456420907229e-09
3.002253496691045439e+04 4.791148164339980298e-11
3.002273528553235155e+04 4.639967058495601955e-10
3.002289652485419720e+04 3.736638159019458918e-11
3.002323247972064928e+04 4.383971992508378144e-10
3.002348175675881066e+04 2.001134249737210219e-11
3.002384058672870378e+04 1.217586042116134254e-10
3.002397455313023966e+04 7.239846495433333841e-10
3.002425249935641841e+04 7.247500235878488773e-11
3.002463208132245200e+04 2.242984303473945335e-11
3.002479562401102521e+04 1.174926334840374154e-10
3.002509650570884332e+04 7.110972051397171390e-08
3.002511620279216368e+04 1.074263569253248705e-07
3.002540813753475231e+04 1.582342698604924245e-10
3.002567118416701123e+04 6.260872875030086831e-10
3.002573940885811680e+04 4.367001820017490482e-09
3.002601389170596667e+04 1.034924360900236753e-09
3.002627737795545909e+04 1.298329099188402566e-09
3.002647179983893875e+04 5.696941134959856931e-08
3.002661968501364026e+04 2.282925113012683553e-08
3.002675337036694327e+04 2.175845122388306696e-08
3.002705994965182981e+04 4.737870304938507633e-08
3.002716564552122509e+04 4.041741841305613763e-08
3.002732694781543978e+04 1.392544840636259348e-09
3.002777152178149481e+04 1.275427877205744430e-08
3.002788141778756835e+04 1.412209439236273998e-08
3.002810570007211572e+04 2.058451140694955969e-08
3.002832764425810092e+04 1.557118697149859548e-09
3.002867760215103408e+04 4.512623453397881290e-09
3.002893096053410409e+04 1.577966138626430622e-08
3.002900890033191172e+04 6.276306413728692950e-09
3.002943885616040643e+04 9.053496666711362732e-13
3.002972924695892289e+04 1.322712596036770143e-09
3.002998227407268496e+04 6.900105771976168030e-10
3.003007035699053813e+04 1.066554105125299446e-08
3.003017021003385526e+04 7.024179611626564808e-10
3.003019777329587669e+04 8.209058424654364782e-14
3.003085538314496443e+04 1.219096260461637656e-09
3.003099723803132656e+04 1.032988601216926833e-08
3.003114314638915312e+04 1.297478426013017144e-09
3.003125589913251679e+04 3.167136207096701809e-07
3.003145892596913473e+04 3.370751141359212304e-10
3.003157534299062536e+04 1.571254044885727536e-09
3.003161735330559895e+04 2.042681827165844984e-12
3.003200115753054342e+04 1.776927674307246233e-09
3.003216993274153720e+04 1.899542929965667891e-08
3.003222985769889783e+04 1.657887724110868242e-08
3.003225206268738475e+04 2.742057088003889273e-08
3.003284163126840212e+04 1.011042588346852511e-08
3.003288004304188144e+04 2.654459935063335330e-08
3.003304301619687612e+04 9.788116191162602859e-09
3.003321997142275723e+04 8.681093595066096738e-10
3.003334700156451800e+04 2.369494066495329121e-08
3.003340039143062313e+04 1.025478495855543343e-11
3.003360254435066963e+04 5.277681609172442456e-09
3.003380848351080567e+04 1.287779724247362411e-09
3.003399584852910266e+04 2.540911481427954905e-08
3.003438830059977772e+04 4.683957669050221901e-10
3.003453032175355474e+04 1.098250604106831042e-10
3.003470403640379664e+04 1.091836912917834439e-09
3.003475910408335403e+04 4.724467044130382428e-09
3.003498471793092540e+04 8.752863301903997844e-10
3.003508115225768779e+04 4.209790386123301921e-09
3.003522767348447451e+04 2.327125499978378255e-07
3.003533647297577409e+04 8.529822317232152975e-09
3.003554315466888147e+04 5.397692707342870957e-09
3.003570396774387336e+04 5.935977605679932838e-11
3.003599222710907634e+04 1.424694902860583580e-09
3.003638404609469944e+04 2.466382409899014172e-09
3.003646459816324932e+04 1.343297987565663544e-09
3.003665467607720711e+04 6.007781353586665812e-10
3.003671639600950584e+04 3.043336870264944139e-11
3.003700333569103532e+04 7.479894530827247637e-10
3.003722476732941141e+04 4.399776567833969666e-11
3.003754210847286959e+04 4.331182992555460156e-08
3.003766329774773112e+04 3.590189360922911082e-08
3.003769308846384229e+04 3.493792077045087875e-09
3.003787089060557628e+04 5.567609847115824817e-10
3.003797587550617754e+04 6.767610776558330105e-10
3.003849003156186518e+04 3.396125308277344604e-09
3.003853412125309478e+04 4.627667992005401318e-10
3.003872985468581101e+04 2.722979111329490760e-08
3.003883840786327346e+04 3.355442317604870351e-10
3.003915212128736675e+04 1.607438864372247819e-10
3.003920725632029280e+04 7.478908586664956146e-10
3.003944012567175378e+04 1.103317073234402596e-09
3.003960837223727867e+04 4.352034172753348300e-10
3.003967784687439416e+04 1.155742652952652008e-09
3.004027448228706271e+04 4.540979599417408159e-10
3.004031218015188279e+04 3.305174881725760868e-09
3.004036689574326374e+04 1.043129756774414145e-08
3.004050467968481826e+04 1.509470066735782825e-09
3.004067434994400537e+04 1.105635126016715050e-11
3.004079130282209371e+04 1.597257288733264965e-09
3.004096461284149336e+04 8.820111262585011053e-11
3.004127684312242855e+04 1.461405004853998282e-09
3.004154580485117185e+04 8.549012536875440808e-10
3.004171480855600385e+04 3.331077797750737262e-08
3.004173486171843979e+04 1.938790052296951208e-09
3.004181994921544901e+04 1.167369555778532027e-08
3.004192987667451234e+04 7.491750009822623471e-10
3.004213627599997199e+04 8.744215666510487047e-12
3.004261918923292251e+04 2.486835242061983888e-12
3.004275202116436776e+04 6.789338539362707131e-11
3.004293041506453665e+04 1.015906953547741866e-10
3.004304140164639466e+04 9.630139633066675295e-11
3.004312858344601773e+04 9.189413181556998616e-16
3.004315405478245884e+04 9.759169266786932636e-11
3.004353289099001267e+04 1.294886663256370762e-11
3.004373170626790670e+04 7.548355909389789852e-11
3.004393106316683770e+04 2.266966188412371212e-11
3.004437503090601604e+04 1.493450949101150131e-13
3.004438678551081102e+04 5.763643815660084441e-12
3.004440784551886100e+04 2.966198744131678426e-13
3.004447274855697833e+04 2.019364088643483096e-11
3.004486131571435544e+04 8.898126734121899539e-11
3.004510938033325147e+04 4.871702138215827031e-11
3.004518709816971386e+04 1.129666998683739093e-10
3.004550358853829675e+04 6.958830175960523991e-11
3.004557475403676290e+04 3.171443940316598556e-09
3.004567157363779188e+04 1.038488655697733778e-09
3.004577687762611822e+04 3.698653826540337269e-11
3.004589889908714758e+04 6.106432543638885407e-11
3.004599189884742009e+04 3.336157242787292648e-12
3.004618376846369938e+04 6.082787611877667162e-13
3.004652591972264054e+04 5.557952407158883567e-14
3.004671492861897423e+04 4.179828397384274521e-13
3.004685685834300966e+04 2.967653464950567964e-12
3.004702916751481462e+04 5.665002054223237832e-12
3.004722633058058273e+04 1.659206233083236489e-10
3.004729458201453963e+04 4.205260092947255897e-09
3.004736844863594160e+04 2.201089724355772518e-09
3.004774576344502202e+04 1.779238665402305855e-10
3.004788318813483784e+04 1.874106727001700562e-10
3.004822495076865744e+04 6.354879573657993495e-10
3.004832612352274373e+04 2.142977342632211718e-10
3.004879987366114074e+04 1.401917387312513567e-10
3.004887354279378633e+04 1.524929718526816578e-11
3.004889635350029494e+04 5.970415342462284822e-12
3.004897394364424326e+04 2.279748149683204395e-10
3.004909380929360850e+04 1.048253272810846130e-14
3.004949739817241789e+04 5.385149163153438203e-11
3.004956788613383469e+04 2.182945857882338800e-10
3.004970495914834464e+04 4.682473674427195440e-13
3.004994597589175828e+04 9.336696420192547798e-12
3.005022554704065988e+04 3.083114067952005598e-11
3.005038868743586499e+04 9.067104738278902745e-13
3.005054251236337586e+04 9.840346425553285810e-12
3.005065052843916419e+04 1.536731392333987876e-10
3.005069675598763206e+04 3.051064153098439345e-13
3.005094264347318313e+04 4.745815898943322047e-11
3.005109221899322802e+04 1.509611353797172111e-14
3.005144547534080994e+04 1.351098204835864965e-10
3.005155064746945573e+04 4.924100957235002490e-11
3.005164577234624812e+04 1.034682179923501024e-10
3.005176005173618978e+04 7.291965837057806630e-11
3.005186900070096453e+04 2.144013180617083223e-10
3.005210797300361082e+04 1.019666351514331469e-09
3.005226743426746907e+04 2.602720961498767047e-11
3.005248835275462625e+04 3.780185830888697452e-11
3.005271037458717183e+04 9.486345209354242881e-11
3.005303611035444192e+04 9.009475068821593812e-12
3.005328094314584814e+04 1.810942394996390158e-13
3.005340222077840008e+04 1.816543744510892653e-10
3.005352806794493154e+04 3.595061037748491478e-10
3.005370213317780872e+04 7.017890159272248748e-13
3.005382088058904992e+04 2.344635340835298568e-10
3.005392674702943259e+04 1.200777248419206723e-11
3.005399812692588603e+04 1.183087417001936675e-13
3.005414733297113344e+04 9.346225914896331646e-12
3.005441073000024699e+04 7.131874299666333639e-12
3.005475834803974794e+04 1.242373193945079836e-12
3.005492212773795109e+04 5.361820275262986187e-11
3.005498584171826587e+04 8.361343544643847230e-13
3.005525397725957373e+04 4.250184710035672155e-10
3.005541075023033773e+04 2.153410753761546481e-11
3.005554721764985516e+04 6.570834286384757529e-11
3.005580495535680166e+04 5.688664851220993960e-11
3.005589588542079582e+04 1.527310931855779734e-10
3.005612223697965965e+04 3.778130792773113299e-11
3.005628491481646415e+04 2.806268328225634823e-11
3.005670094936641544e+04 3.501402926090672955e-13
3.005687189759823741e+04 9.046769908838751371e-11
3.005699262600134534e+04 2.706375803822653869e-13
3.005704545885729385e+04 2.388383799548103294e-11
3.005719576787955884e+04 4.505142012292191588e-10
3.005728481759377974e+04 2.821750319503718401e-12
3.005753473755489904e+04 1.249429178675377796e-11
3.005767771290053133e+04 1.954018336561316448e-12
3.005772448843321763e+04 3.659915748921758752e-11
3.005782948874230715e+04 4.987110640163431982e-10
3.005811327712859202e+04 6.178241641005205990e-12
3.005854153865715125e+04 1.617063425752599634e-11
3.005858872895778404e+04 6.512422118950412012e-13
3.005882518375454310e+04 6.773148067812810393e-12
3.005923943681389937e+04 2.587938307447123418e-12
3.005944704292926690e+04 2.562333315287587196e-13
3.005963400059596097e+04 1.771948293004948448e-11
3.005968850591185401e+04 1.718733698860625686e-17
3.005980854560661464e+04 6.065555776186775412e-12
3.005990367254563171e+04 2.686496723585306402e-11
3.006002229886134955e+04 3.172559879232923324e-11
3.006028393175436213e+04 1.577396123632542643e-11
3.006035045188764343e+04 2.608073410706595114e-10
3.006056014057698849e+04 3.647121729728039112e-11
3.006094466800328519e+04 1.574349279738235181e-12
3.006124548240699369e+04 4.842218656732138630e-12
3.006144904499611948e+04 5.531978005503691925e-12
3.006155064502160531e+04 3.755543996855098117e-14
3.006180672171312108e+04 6.527341491016853349e-15
3.006200050693543380e+04 3.733190184805730095e-14
3.006222897658285001e+04 5.266202899213592818e-14
3.006238386212892874e+04 9.251380055949096430e-12
3.006248405269396608e+04 5.485670002560123986e-11
3.006284456374815636e+04 1.028994469308291010e-11
3.006285357021066739e+04 5.808380978883476471e-11
3.006300746372562935e+04 1.956900315548462562e-11
3.006306978708388851e+04 4.038437112388611987e-11
3.006324484230434609e+04 7.938770268613605734e-11
3.006352713517194934e+04 4.476845579029015942e-12
3.006383789372958199e+04 1.164050501798620796e-12
3.006402036628653150e+04 1.086851516185728819e-12
3.006420505262671941e+04 4.689572598549963762e-12
3.006445146267500968e+04 2.075794218950726397e-13
3.006470823114687664e+04 1.188443843559956396e-12
3.006480839191795530e+04 1.671996483061077956e-12
3.006504184502321368e+04 2.244766948084176629e-11
3.006529050728321090e+04 5.430046376187430086e-12
3.006529838844621190e+04 6.649036450513818990e-13
3.006537575301040488e+04 4.064973165009713076e-11
3.006548389792911985e+04 3.653010159737024191e-12
3.006575400942394845e+04 2.746063450484195267e-11
3.006633442712873511e+04 1.388964746600441008e-11
3.006663228235310453e+04 7.370062507546892058e-14
3.006681218945306682e+04 2.430834870149084560e-12
3.006693029432582262e+04 6.136371869597526007e-13
3.006723855277612165e+04 3.808012044567587575e-13
3.006732255969042671e+04 3.258261983199453491e-13
3.006741410580318916e+04 1.222569383701637599e-11
3.006765941708255195e+04 8.812204073830575664e-14
3.006787140070686655e+04 1.642135975542901706e-11
3.006807994550915464e+04 1.058897013474860578e-12
3.006828337181935058e+04 2.657340407251414108e-12
3.006863117913628594e+04 9.599496880273800819e-14
3.006878631008835146e+04 1.025898410563233127e-11
3.006907865612508976e+04 3.149236510411095944e-12
3.006925475411554726e+04 9.501759721485237388e-17
3.006934996619599769e+04 5.838294820683435536e-14
3.006961902846227531e+04 1.454965045777144805e-12
3.006975969727151460e+04 2.651682793129364088e-13
3.006985275516739057e+04 1.524301625886457521e-12
3.007022946626440171e+04 6.502111595260285951e-12
3.007049715817860124e+04 9.196446005168189904e-13
3.007070328002716269e+04 3.485364447058017998e-12
3.007081531013965650e+04 4.654352140467577773e-12
3.007104398703648985e+04 5.308672139502974696e-13
3.007122196534750037e+04 9.689971948611362138e-13
3.007134369241999229e+04 2.228511676424644849e-12
3.007151485373831747e+04 1.122829722643951105e-13
3.007213490033438211e+04 5.795818566632823364e-13
3.007231730166212219e+04 4.991273643894335625e-12
3.007271001454733778e+04 1.269946278112655327e-12
3.007283908615691689e+04 2.680958310696368675e-13
3.007298163380313417e+04 4.948522301560468669e-12
3.007326632015529322e+04 3.781502317234603722e-13
3.007333538940631479e+04 2.311301809705417852e-12
3.007351308812004572e+04 4.220469689043661659e-14
3.007401138108232772e+04 7.130429077661500889e-13
3.007408662593274130e+04 5.550911660795876367e-14
3.007429801154306188e+04 4.651065130107081391e-14
3.007462272866651620e+04 2.651510407947907228e-15
3.007487357556622374e+04 5.945736754893998554e-12
3.007513308212246193e+04 1.367862587806874383e-12
3.007535665107463501e+04 2.755702389697872026e-13
3.007563356450368883e+04 9.641353511088182547e-14
3.007581258720487313e+04 3.663126182452734140e-15
3.007585052784545042e+04 1.422323360190744793e-13
3.007630137197747536e+04 1.435030094727321011e-12
3.007666578985076922e+04 1.280672851847293292e-12
3.007716403082149918e+04 1.163953529107448452e-12
3.007723021203077587e+04 4.247478442318026669e-13
3.007735068227902957e+04 3.209186973051518563e-13
3.007771726170248803e+04 1.986110911934095716e-15
3.007804498285492082e+04 6.839975632228691767e-15
3.007812967005688552e+04 3.429501614289894849e-13
3.007846983767121128e+04 2.694184003484424744e-13
3.007864523661711064e+04 1.281666600970054240e-12
3.007888340136610714e+04 4.537517808487906704e-16
3.007916674222583606e+04 4.318377229258611789e-13
3.007939068913861047e+04 1.997889253412053315e-15
3.007955969994136467e+04 6.086457764905470314e-15
3.007975265382223370e+04 6.960137998176747447e-17
3.008027066515730257e+04 3.290384593692752162e-13
3.008038284282318637e+04 7.302129671789064365e-14
3.008053433736235456e+04 3.347805606789547475e-13
3.008077957166259148e+04 2.032385557934905297e-14
3.008116532888052461e+04 2.347951531539953949e-13
3.008162770234320487e+04 3.001469255363273577e-15
3.008180619991449930e+04 3.787406210534144462e-14
3.008203258799701871e+04 6.206371472302690152e-16
3.008233510303486401e+04 2.537365531329880350e-13
3.008276717795774675e+04 5.376285349661479285e-14
3.008327036310586846e+04 3.781111047834904735e-14
3.008347002080238963e+04 2.122539066604784220e-15
3.008373161568199430e+04 8.969764424523104422e-15
3.008398236503529552e+04 2.056467217115391984e-14
3.008409361929066290e+04 9.335129699738781677e-16
3.008441909870267773e+04 7.089542150031208630e-14
3.008483887762519225e+04 5.969816526655247390e-14
3.008507157348524561e+04 1.750439022253061951e-17
3.008540179492934112e+04 4.218144759109826751e-15
3.008564279194104529e+04 2.154679611613190683e-16
3.008589150264041382e+04 1.900595439004297746e-14
3.008614195021806518e+04 1.448690625453258142e-15
3.008656557474458896e+04 8.881177028891318146e-16
3.008692517491522449e+04 3.089793002212591382e-14
3.008735387576941139e+04 8.035348698292140733e-15
3.008781546441015598e+04 7.924706349964992730e-15
3.008799115593671740e+04 1.376765627676545378e-15
3.008824607901733179e+04 1.251212769457858229e-14
3.008856382110510822e+04 1.788114470636570286e-15
3.008909740548400077e+04 1.087412715070904433e-14
3.008914864576996115e+04 4.548905373815271771e-16
3.008949239975757155e+04 6.819003203644173899e-17
3.009004545045110717e+04 3.307378790261701780e-15
3.009052013593717129e+04 9.060911866774049180e-15
3.009084746627378263e+04 6.847829674509712638e-15
3.009121603308694830e+04 1.220567715428453480e-15
3.009157296222967489e+04 4.128101508461432206e-17
3.009165475577328834e+04 4.428636327237327349e-16
3.009198379683271560e+04 3.642732824428421576e-15
3.009254566307087225e+04 7.753104432256232408e-16
3.009298164908979379e+04 3.808088969629005132e-15
3.009342411830777564e+04 6.389339486078732349e-18
3.009361158414580495e+04 1.319582748335009402e-16
3.009427161498536225e+04 3.764696685941754399e-15
3.009496149573540242e+04 5.823328154646912604e-16
3.009501853686266986e+04 5.105941980781162347e-16
3.009525405880223116e+04 5.712999832774559857e-16
3.009603188486376894e+04 6.481967057315958781e-16
3.009670996621155064e+04 5.606972398451448526e-16
3.009715099630391705e+04 1.699205966767927987e-17
3.009758104715847003e+04 5.672869733715285455e-17
3.009816501679764042e+04 6.518106786014663772e-16
3.009853354983260215e+04 3.377906987547978524e-18
3.009881243626971263e+04 5.469317912153289151e-17
3.009924295295092088e+04 1.298750494390694646e-16
3.009946908235381852e+04 9.366893855994885101e-19
3.010024107905498749e+04 9.699418938629171493e-17
3.010074960558389648e+04 4.073907246976555409e-17
3.010126750877778250e+04 1.681112123424512642e-17
3.010208743344273171e+04 1.326206476252651265e-16
3.010309229599322134e+04 1.206673902914907539e-18
3.010379860103675674e+04 1.050843377034403438e-17
3.010401103943182898e+04 1.060187343811169765e-18
3.010468186775923095e+04 6.471004721907253842e-19
3.010545976277040609e+04 7.725641668199427011e-19
3.010570006898578868e+04 2.414275333982784165e-18
3.010609582071186014e+04 2.686035900798614352e-17
3.010621971978164220e+04 2.744986651475918232e-18
3.010737771065488778e+04 8.238321327198813666e-18
3.010779562833809541e+04 4.430244355963697274e-18
3.010839657904898922e+04 3.039776080242906591e-18
3.010956332712153744e+04 2.124240772059025991e-19
3.011095157947564076e+04 5.362670816801641252e-18
3.011228626587249164e+04 3.256444154269998876e-21
3.011294111451086064e+04 2.406831590926597300e-19
3.011361911527537450e+04 1.863122628224927414e-20
3.011403369652126639e+04 3.939431404160092852e-19
3.011510630984539239e+04 7.072346348351796949e-19
3.011616524852298608e+04 7.343408872272896882e-20
3.011748712264968708e+04 3.625173045373608111e-21
3.011844861233833217e+04 1.335597135596295509e-20
3.011975401443771625e+04 3.321103301609375869e-23
3.012066032081157391e+04 1.298552829475858483e-21
3.012133000757481568e+04 4.258182720767474652e-20
3.012230819978074942e+04 1.053736075475172511e-20
3.012362741028413802e+04 1.021012893429831482e-20
3.012519341279505170e+04 2.784590257248950500e-23
3.012675390260377026e+04 7.913688332295303798e-22
3.012864514987833172e+04 1.143957657937360457e-21
3.012960346791517441e+04 3.370635009597384701e-23
3.012995814577749843e+04 1.154258301442185122e-21
3.013271319018580834e+04 7.688194981961245757e-24
3.013281934802460455e+04 1.297117211818482736e-23
3.013562517337480313e+04 1.051967952375765632e-23
3.013642912831017384e+04 1.028964291585977618e-23
3.013883960526381998e+04 6.201323887052180682e-24
3.013903523580799447e+04 1.601324202043077219e-23
3.014322237601628149e+04 1.022984519499271587e-24
3.014347851028064542e+04 0.000000000000000000e+00
3.014614754237413581e+04 0.000000000000000000e+00
3.014678621388626561e+04 0.000000000000000000e+00
3.014867421374805781e+04 0.000000000000000000e+00
3.014913063017349850e+04 0.000000000000000000e+00
3.015502327995392261e+04 0.000000000000000000e+00
3.015553298319508758e+04 0.000000000000000000e+00
3.015903985810083395e+04 0.000000000000000000e+00
3.015999707242284785e+04 0.000000000000000000e+00
3.016048799676475392e+04 0.000000000000000000e+00
3.016103159790670907e+04 0.000000000000000000e+00
3.016823508870693695e+04 0.000000000000000000e+00
3.016871846667896170e+04 0.000000000000000000e+00
3.017131910551690453e+04 0.000000000000000000e+00
3.017195367478737171e+04 0.000000000000000000e+00
3.018309971539326943e+04 0.000000000000000000e+00
3.018345497839336531e+04 0.000000000000000000e+00
3.018511877529815320e+04 0.000000000000000000e+00
3.018550825460939450e+04 0.000000000000000000e+00
3.019923182667644141e+04 0.000000000000000000e+00
3.019965871042087747e+04 0.000000000000000000e+00
3.020375430241694994e+04 0.000000000000000000e+00
3.020407954581351805e+04 0.000000000000000000e+00
3.021730606685034945e+04 0.000000000000000000e+00
3.021761446264087863e+04 0.000000000000000000e+00
3.024009755366480385e+04 0.000000000000000000e+00
3.024029795824337998e+04 0.000000000000000000e+00
