-3.003253480987181320e+04 0.000000000000000000e+00
-3.003073354190913233e+04 6.266021187162447836e-24
-3.002998283330694176e+04 2.517146271241069097e-21
-3.002979788801350151e+04 5.213122088954706732e-22
-3.002935994782213675e+04 2.704703480164030706e-21
-3.002788898657557365e+04 5.030340883858964575e-22
-3.002707926289044917e+04 1.289608182002106680e-19
-3.002651131513598739e+04 1.593849351927896421e-19
-3.002580388185903212e+04 6.077102490929705947e-18
-3.002518035227185101e+04 1.050710573519520098e-19
-3.002482109784554268e+04 4.459054137691175640e-18
-3.002381370592394524e+04 8.709358816058303398e-17
-3.002280389490141533e+04 1.098391094760646670e-15
-3.002249914689736397e+04 2.163113010870626188e-17
-3.002181298865911594e+04 3.248658451527917571e-17
-3.002083099417421545e+04 3.014085469690252091e-14
-3.002044643414217717e+04 1.049150617310739633e-15
-3.001983235746002174e+04 7.719075058490709127e-14
-3.001910220475179813e+04 7.591555230256238662e-14
-3.001878153278763784e+04 2.000579257003155439e-13
-3.001814449012125624e+04 2.244412390651260137e-14
-3.001777636771138350e+04 4.325834372903105687e-12
-3.001717893541661761e+04 4.302552157473423589e-14
-3.001678158034844819e+04 2.146136075274055618e-13
-3.001602257965410899e+04 3.652905297668346223e-13
-3.001577428775699809e+04 9.187554368251462306e-11
-3.001480747839564356e+04 1.813910946849547973e-12
-3.001476390419144082e+04 1.049265705892822540e-11
-3.001374880459746055e+04 1.410778527029651526e-09
-3.001364617710057064e+04 2.433967307255666678e-13
-3.001272809431275891e+04 5.249527186375499346e-10
-3.001251310627733983e+04 1.846927090750937929e-11
-3.001170486067396268e+04 1.789756882734937771e-08
-3.001137807388752844e+04 7.875506114563902154e-11
-3.001067970849892663e+04 4.863529467202650502e-09
-3.001024907554103629e+04 5.475479409778502673e-11
-3.000965847012260929e+04 1.958640135650571418e-07
-3.000913101005936187e+04 4.818093862867715331e-10
-3.000864751029387480e+04 2.145910254871810590e-11
-3.000803678463608958e+04 1.294790074964958164e-08
-3.000766227642244485e+04 1.192620635047694329e-06
-3.000702378093780499e+04 1.845679482360692325e-07
-3.000675710687490573e+04 7.419912870917875595e-07
-3.000624990917019750e+04 9.529233905386487470e-12
-3.000609568045863853e+04 2.188557857238651705e-08
-3.000552040455446331e+04 1.908717750296234367e-06
-3.000538217764326328e+04 3.439699185538413718e-06
-3.000454024956405556e+04 3.289879754266190457e-07
-3.000451137067941818e+04 1.482088555537416670e-05
-3.000363099461339516e+04 2.567707424849279101e-06
-3.000349970480161210e+04 1.427190887419896412e-06
-3.000284799309788286e+04 5.004719774678398076e-07
-3.000252877195154360e+04 9.109261424152197852e-08
-3.000228702381935364e+04 3.405065713454334335e-06
-3.000192417118286176e+04 1.818571119102587860e-07
-3.000146630121218550e+04 2.373546866845524999e-06
-3.000115844839414058e+04 5.020955528086091912e-07
-3.000064040250570179e+04 2.826091882522601879e-06
-3.000018172475055326e+04 2.174036073409467320e-06
-2.999998283713192359e+04 1.549661126214340901e-05
-2.999946102464297655e+04 9.984464551907360033e-06
-2.999928812057389950e+04 7.461254888758972730e-06
-2.999890908417605533e+04 7.844600101484588902e-06
-2.999853501434774444e+04 6.448617957533691952e-06
-2.999802309421719110e+04 1.252241671834416773e-05
-2.999789607316028923e+04 7.498151781197228181e-07
-2.999768447320607811e+04 1.290022416224424613e-05
-2.999750378342813565e+04 1.437234430342824875e-06
-2.999706806399830020e+04 1.687085938339971647e-04
-2.999698742983849661e+04 2.131054892377453206e-05
-2.999635579415497341e+04 1.311565304794827042e-05
-2.999626826778106260e+04 2.619122238382692587e-04
-2.999615997675099788e+04 1.271783348120272159e-07
-2.999582068490723395e+04 8.176123198484856939e-06
-2.999560511036194293e+04 1.088641075801316006e-08
-2.999543343963799634e+04 1.968673208153324270e-04
-2.999515199283164475e+04 5.578107260843257383e-06
-2.999461432428188346e+04 1.098844442556697782e-05
-2.999438431741405657e+04 1.258121807381930633e-06
-2.999433825988844910e+04 3.289374557208123340e-06
-2.999400720771218403e+04 1.864977861293561467e-09
-2.999371216123701743e+04 3.424896941436377315e-05
-2.999318834889542632e+04 1.137881698241151803e-06
-2.999305972133136675e+04 4.088972469296917533e-05
-2.999275434118157500e+04 3.788444405971546498e-08
-2.999245446946694938e+04 1.237476739481743229e-05
-2.999233080881319984e+04 2.193077290530488402e-05
-2.999212674296332625e+04 8.599849006851644699e-05
-2.999191355327318888e+04 6.128530926682374127e-09
-2.999173268384021139e+04 7.817986976419684982e-04
-2.999148220601840148e+04 2.253070905180876996e-06
-2.999114642915311924e+04 8.059918157905968881e-06
-2.999093785824859515e+04 3.941921619009991002e-05
-2.999047796677035149e+04 3.744701764617995701e-05
-2.999038060791780663e+04 2.012514756275352967e-04
-2.999024316183839619e+04 7.437911872954021094e-05
-2.998989508882874361e+04 1.031534568086274169e-04
-2.998974233808455392e+04 1.142509106090685832e-05
-2.998932567693611054e+04 1.911064610884569354e-04
-2.998923991473885690e+04 1.031196148910957564e-05
-2.998872792019421831e+04 4.639662353051365504e-04
-2.998843613989009827e+04 4.909551349670742510e-05
-2.998817426795680512e+04 6.131196086921501462e-05
-2.998802412318767165e+04 1.864918906463960075e-06
-2.998782617769573335e+04 1.088337057773796745e-04
-2.998768014633058920e+04 5.622792811056439178e-04
-2.998722286788777274e+04 1.309065363147808581e-03
-2.998689447957686207e+04 2.706538188435710996e-05
-2.998681013654399794e+04 7.196403981978306266e-04
-2.998673202255684009e+04 3.278664643130695003e-04
-2.998636161946153516e+04 6.861333516619203835e-06
-2.998604649874620736e+04 4.801366723851812094e-04
-2.998575651014372124e+04 8.853013469691325835e-04
-2.998569810295795105e+04 9.246939333324704778e-05
-2.998555396885823211e+04 1.285109513456847126e-04
-2.998550009397143367e+04 9.250957709298421728e-05
-2.998525682593172314e+04 2.491829680202253122e-03
-2.998517183374232627e+04 2.071607092611923821e-04
-2.998462337855965961e+04 4.357078553333502906e-06
-2.998445971526092399e+04 4.482379448152184510e-04
-2.998435786811652724e+04 3.613631147196206313e-07
-2.998401375100147561e+04 1.778103065851343483e-04
-2.998350358103234976e+04 2.148088863388465495e-05
-2.998342649713859646e+04 2.604808310495262176e-06
-2.998330561350840435e+04 6.096772703787541155e-06
-2.998314265193308165e+04 2.022389293770102706e-05
-2.998269210696553637e+04 7.719852010492621883e-04
-2.998230901760009874e+04 7.574700310456332374e-05
-2.998210075729990422e+04 3.920609997651055724e-06
-2.998181117508723764e+04 3.501263548810541662e-06
-2.998167776936403243e+04 1.497115081910718910e-03
-2.998119209799182863e+04 3.887906782160099276e-03
-2.998112818275519749e+04 1.360719500933104276e-03
-2.998093312656598937e+04 1.547731967557625489e-03
-2.998068808396803433e+04 5.275820470843017469e-06
-2.998045733056791505e+04 5.052003720933134594e-03
-2.998040098483738257e+04 9.570208971457586924e-05
-2.998014101488568122e+04 2.254701066154939342e-04
-2.997975218858905646e+04 1.712761741426250747e-02
-2.997963739738685399e+04 1.281591815515182621e-03
-2.997952958540628242e+04 8.689042228285315250e-03
-2.997933105810204506e+04 1.338154532196234006e-06
-2.997877803442168806e+04 2.298818034879638022e-03
-2.997868944408125753e+04 8.659287103857965680e-05
-2.997854643950526588e+04 9.266191895116861286e-04
-2.997830659236933207e+04 5.416347106260921895e-04
-2.997765775063243564e+04 4.121013350205965007e-04
-2.997735527431849550e+04 8.783388639569763732e-04
-2.997722339735815694e+04 1.006700560334447943e-05
-2.997705637294416374e+04 4.796943471180447217e-04
-2.997649104178216658e+04 2.033719465363456559e-04
-2.997627723624352438e+04 1.434092723664643384e-05
-2.997601178014317338e+04 2.247194954701947373e-03
-2.997576272554885873e+04 3.299261260689604995e-05
-2.997533419954475903e+04 1.472827595045046994e-03
-2.997520153544419372e+04 1.322530299681700661e-01
-2.997513470614908510e+04 2.632515008758002165e-02
-2.997469023596088300e+04 4.185649300534074162e-05
-2.997463057996294810e+04 1.696693448769199392e-02
-2.997445623160653849e+04 3.294610104659051464e-02
-2.997426665504426637e+04 5.657426860800789797e-02
-2.997402802159508792e+04 1.823762200635662897e-02
-2.997368215789970782e+04 7.840747361589125303e-03
-2.997355995432567215e+04 1.441707042395787286e-02
-2.997327479406275961e+04 2.508468361497195268e-03
-2.997311953530513711e+04 5.471942491382589605e-03
-2.997275479620425540e+04 1.167158694773568449e-02
-2.997271881136638694e+04 1.116399305442186208e-03
-2.997248612565573421e+04 3.566225211439055634e-07
-2.997232311007962926e+04 8.193031303967376368e-04
-2.997194414355154731e+04 8.949416851226291054e-07
-2.997179303888116920e+04 7.786774207552700500e-03
-2.997159270622549593e+04 2.362485544310963487e-04
-2.997117937593153329e+04 7.147011686989431477e-04
-2.997101497482374543e+04 2.653625984522943102e-05
-2.997087615796421960e+04 3.562198605888565375e-03
-2.997041935277017183e+04 7.513262007371570120e-06
-2.997038838118660351e+04 3.148790557485345917e-05
-2.997004073771885669e+04 1.681417444818680273e-01
-2.996996575005886552e+04 3.098226581109797192e-02
-2.996968515386413128e+04 1.833349163079390880e-03
-2.996956833382823970e+04 1.347397486471291379e-04
-2.996938521210480030e+04 1.398057147268532026e-04
-2.996909028458490866e+04 1.121154061859065579e-04
-2.996896332349748991e+04 1.561066494639534415e-05
-2.996885037527119857e+04 1.001579473962006171e-04
-2.996856619282253087e+04 4.236615573057302998e-04
-2.996838893560217184e+04 2.981687460220997388e-03
-2.996831358793648542e+04 7.455167725174914606e-02
-2.996805856435078749e+04 2.251567124688958615e-02
-2.996780530223805181e+04 9.847797807405557491e-03
-2.996775099759988007e+04 1.816839497595015493e-02
-2.996768914395687534e+04 8.766816807062552397e-03
-2.996738370601955103e+04 6.395372610440431572e-03
-2.996712515737027206e+04 8.438136591503221130e-04
-2.996698190048488323e+04 9.753864733367673123e-04
-2.996682763897688346e+04 1.527572274382273630e-02
-2.996669440445045257e+04 3.085423667302163881e-06
-2.996618874157719256e+04 1.594129645285665786e-04
-2.996606098662628938e+04 2.565178150486478736e-04
-2.996594354813621612e+04 5.596587891286247153e-03
-2.996580073109440855e+04 5.227957872560655764e-03
-2.996539188575692606e+04 1.833016131874667845e-04
-2.996524097061617795e+04 9.066357620785552045e-06
-2.996510518049695020e+04 4.912429282943223589e-06
-2.996489465098367509e+04 6.275660576485983522e-02
-2.996476223909696273e+04 3.234739297745357488e-04
-2.996458229701411619e+04 2.210393705769349651e-04
-2.996416161790821570e+04 1.751114880709639453e-04
-2.996409051386753708e+04 4.067406843994541004e-04
-2.996394097812619293e+04 2.958680264216606158e-04
-2.996362023015934756e+04 9.935419991510766047e-02
-2.996346447900009662e+04 6.828262195233151567e-03
-2.996338175038757254e+04 1.086073041237073985e-03
-2.996319277544796569e+04 2.497352831266713008e-03
-2.996272929566597668e+04 1.897133411729060455e-07
-2.996249179374474261e+04 1.897711584682457511e-04
-2.996241366344852213e+04 1.162936337204131562e-07
-2.996206989049266122e+04 1.108412795253204433e-05
-2.996197662311638851e+04 3.803309604387016180e-04
-2.996173673938463253e+04 2.514816761208551717e-04
-2.996155653763385271e+04 1.701261255216566116e-03
-2.996144906130362506e+04 1.333603523671347824e-02
-2.996123602445254073e+04 9.126760775212293863e-05
-2.996086998362313170e+04 3.059463050478656307e-05
-2.996070418708636498e+04 8.361747170860790680e-04
-2.996065048483675855e+04 2.221478086579879697e-04
-2.996039112928587565e+04 6.013606199496637913e-05
-2.996011749551522371e+04 2.090458529463002295e-07
-2.996004984761408195e+04 2.129543737510034377e-07
-2.995993056851362417e+04 3.862731882334666483e-05
-2.995962682463029341e+04 5.872642204500195390e-03
-2.995956104240545756e+04 4.988379054175832182e-06
-2.995936080832517837e+04 1.016544998231960718e-03
-2.995922459456386059e+04 1.019887420849146251e-03
-2.995897446253750604e+04 2.323265206118161469e-04
-2.995880473215841994e+04 7.266382464424632698e-05
-2.995834138985646132e+04 1.243437902485691228e-04
-2.995818688124881373e+04 4.718306553828835567e-04
-2.995800235975699979e+04 1.476060665437058713e-03
-2.995795212595961857e+04 2.670573890315609816e-05
-2.995774548488886285e+04 2.395422823357298597e-04
-2.995740096164430361e+04 1.345107780805253686e-04
-2.995726832282469331e+04 1.616815937168603696e-04
-2.995724790947375732e+04 5.459787391312419117e-04
-2.995685488639811592e+04 1.107059990464246075e-03
-2.995674610283999209e+04 2.217369292244607704e-04
-2.995651259567356465e+04 2.898572894135045819e-03
-2.995640111565701591e+04 4.550110483683683361e-05
-2.995620968931691095e+04 1.650068279481382838e-04
-2.995592539454383586e+04 1.295339859535394147e-04
-2.995564764900524824e+04 4.069633757945338237e-04
-2.995538571780487473e+04 7.624628991590317283e-04
-2.995515677182442596e+04 8.201414728251222967e-04
-2.995512156933358347e+04 1.177993881683463010e-03
-2.995501190256157133e+04 1.964899038922938263e-04
-2.995477545623062906e+04 4.084315336108042179e-05
-2.995454579611002919e+04 1.754822305917455388e-05
-2.995449061462269310e+04 2.248341882000438153e-05
-2.995426217382023606e+04 3.176264078873245811e-05
-2.995396496423310236e+04 8.663807234438686562e-06
-2.995380155706961523e+04 1.914240850957366850e-03
-2.995369826486887541e+04 1.821696262891546960e-05
-2.995348173698629762e+04 6.139699205337215074e-07
-2.995319701385681765e+04 6.343183710962442971e-06
-2.995290568599381731e+04 5.853888020907138884e-05
-2.995264002458961841e+04 4.526052622921498196e-06
-2.995256995023605850e+04 1.746300860630776444e-04
-2.995226270304653735e+04 1.423666254364409716e-04
-2.995218290819061440e+04 2.356712200880645407e-03
-2.995200968316809303e+04 2.374487654949123251e-04
-2.995194805611869378e+04 7.757797327431054023e-07
-2.995167766059099085e+04 1.080212488758385724e-04
-2.995164402469405468e+04 9.977915607241036116e-06
-2.995121888985154146e+04 2.616200896089703826e-05
-2.995104724410604831e+04 1.066890954469648675e-05
-2.995089717543958614e+04 4.604795739331480844e-05
-2.995071922772155085e+04 1.599103925156496553e-06
-2.995051371217999622e+04 5.787798090310455217e-05
-2.995038581864446678e+04 2.812380781729851599e-03
-2.995028865313475035e+04 1.848363998703739719e-04
-2.995000108185222780e+04 1.222920800350911583e-04
-2.994971678106890249e+04 1.808201366589467661e-04
-2.994949006759145050e+04 8.229259771655277395e-06
-2.994932703152165777e+04 7.429412259493367967e-05
-2.994885394969496701e+04 1.542498028011262759e-05
-2.994877154854033506e+04 3.737103245154458991e-07
-2.994861438759163866e+04 1.150695612018118070e-04
-2.994858935008772823e+04 4.876749494347949369e-05
-2.994837689635193237e+04 7.343526948081052210e-04
-2.994824700497714366e+04 5.651133024633573200e-04
-2.994803228946776289e+04 1.056709468396358452e-03
-2.994790682809054852e+04 3.716417416857125495e-04
-2.994762090641826217e+04 2.033196038452915480e-05
-2.994737805342960201e+04 3.896881697385380410e-06
-2.994719889726405381e+04 7.264934541026545523e-06
-2.994711813282898220e+04 1.922477473524211641e-05
-2.994696564171434875e+04 1.718509443246964857e-04
-2.994670120515077360e+04 2.257562354195423384e-04
-2.994654873902654799e+04 3.141306029048333875e-05
-2.994608346235761928e+04 4.973828832284981808e-06
-2.994597185388658181e+04 2.826893959014688178e-07
-2.994571204134591972e+04 9.570344020883450131e-05
-2.994558975142682903e+04 2.202343291403883714e-04
-2.994550066696252907e+04 3.936895786271960886e-04
-2.994527553126554267e+04 5.513836416091583159e-05
-2.994494522539123136e+04 6.219526997815721773e-05
-2.994484538390042871e+04 1.319775959732644560e-05
-2.994481649416788423e+04 4.751429136477283678e-05
-2.994460241056622544e+04 2.824378394637663119e-06
-2.994424419025550378e+04 2.606981873347109423e-06
-2.994394368221726108e+04 6.847072619638183943e-08
-2.994376149126604651e+04 4.116369813899281821e-07
-2.994363571090443656e+04 4.846428578495767111e-07
-2.994323096093327695e+04 4.245839987353106911e-05
-2.994316928197328525e+04 4.797525271745051639e-05
-2.994300135544509612e+04 2.871413921566795600e-04
-2.994286080021044836e+04 3.297798697881690824e-06
-2.994269199680775637e+04 1.087883685332249942e-08
-2.994249343233836771e+04 4.964612160085935659e-06
-2.994218165965317530e+04 1.818690196714102837e-06
-2.994209706154313608e+04 2.053239018831710511e-06
-2.994193162871194363e+04 9.617731323237791266e-05
-2.994164169776865674e+04 1.355288951937569686e-08
-2.994146051032693504e+04 3.191404563482757477e-05
-2.994135171757994249e+04 2.522261551277503268e-05
-2.994107718961372666e+04 3.516482731843128227e-05
-2.994098610485987592e+04 2.135916534182452807e-05
-2.994061062334957023e+04 9.825935677487171795e-07
-2.994056764494770323e+04 1.791500540742333079e-06
-2.994038372364788665e+04 1.038940268846202091e-06
-2.993988275837116453e+04 1.899735549315642477e-05
-2.993962864427225213e+04 9.770312641511410417e-06
-2.993949792229523882e+04 6.966398993354673200e-07
-2.993928159420654993e+04 5.940092806936374431e-07
-2.993893343632973119e+04 1.586859377821709282e-07
-2.993879760701220948e+04 1.983020168215106299e-08
-2.993873360684435829e+04 2.201873040144719575e-07
-2.993865027636942250e+04 5.452184734903331469e-05
-2.993839954163716538e+04 8.190332827013827738e-06
-2.993818322465563324e+04 2.333720714041946851e-05
-2.993791015998840521e+04 6.430341393546734983e-06
-2.993768383014230858e+04 9.906389029978342688e-08
-2.993748172292046729e+04 1.529345425289018435e-07
-2.993729380836962810e+04 1.718024597815598999e-06
-2.993707635074037171e+04 8.106064897730984586e-06
-2.993696670200735389e+04 6.846301163466287063e-07
-2.993659972259297865e+04 1.424551774706808400e-06
-2.993620300282760945e+04 1.017089861109184086e-05
-2.993612827601247773e+04 5.071664734336354507e-06
-2.993600435904953702e+04 1.544382420051157906e-05
-2.993584025679959814e+04 1.233574719287818384e-05
-2.993551248140275493e+04 3.817967858094074141e-05
-2.993540808198123705e+04 2.162141257136431614e-07
-2.993521536393836504e+04 2.198777250568331185e-07
-2.993485640436846006e+04 1.050552766478055193e-09
-2.993469399029421038e+04 1.132428023451315312e-06
-2.993461796105256872e+04 8.219087608623210790e-08
-2.993408811635299571e+04 1.042870842642580056e-06
-2.993395112195316688e+04 3.569956394053305605e-06
-2.993377059568987897e+04 6.109358775276720970e-06
-2.993332437679245777e+04 2.429171803933118117e-05
-2.993316199722615056e+04 1.605341772047483843e-05
-2.993305874881202180e+04 1.417275572528246037e-06
-2.993295854651810077e+04 1.506218571148506900e-06
-2.993285564454971245e+04 2.321215861105483625e-05
-2.993256209055731597e+04 3.028539268288053066e-06
-2.993218313922999369e+04 5.908473754720802730e-06
-2.993199879881657762e+04 1.828740980615524930e-07
-2.993169018032823442e+04 6.429146366286403909e-07
-2.993158058147658812e+04 1.081575920382672807e-06
-2.993130517769629296e+04 1.506927270810222329e-06
-2.993083818889566101e+04 3.435506816571311574e-06
-2.993081262376689847e+04 2.038978757751711631e-05
-2.993062771857201369e+04 1.531004402240234126e-06
-2.993042297185510324e+04 7.694993876069731177e-07
-2.993015311342027053e+04 2.580036312439134530e-05
-2.992992504730652217e+04 1.290739274466543778e-06
-2.992976207551501284e+04 3.264828191968510553e-09
-2.992953081524847585e+04 1.151594136337996241e-07
-2.992925528627373205e+04 2.090983842698929674e-08
-2.992912039893225665e+04 4.304233665582580476e-08
-2.992867690721374311e+04 1.385174491451874919e-06
-2.992846368645479743e+04 1.927812782082989306e-06
-2.992826374021837182e+04 9.603005089089798556e-06
-2.992794753045649850e+04 3.827388722632031784e-06
-2.992784718575049556e+04 4.221932889965832235e-06
-2.992762181111034806e+04 5.620906363278893373e-06
-2.992739927409699885e+04 1.652871771885785150e-07
-2.992699704043620659e+04 7.369423493008274348e-07
-2.992679418066089420e+04 2.240890299979563133e-08
-2.992664162968824166e+04 7.999758023052832639e-10
-2.992638523361122861e+04 3.475725047808625338e-07
-2.992608965699015607e+04 3.096008599597022326e-06
-2.992589145707877105e+04 2.601358581943854090e-06
-2.992565610531372658e+04 8.342628757231658208e-07
-2.992531165428695749e+04 1.957280745424998163e-06
-2.992515420012042523e+04 1.741057223676114284e-06
-2.992478092456846207e+04 7.250341196394804812e-07
-2.992431385996975587e+04 1.949020551104938149e-08
-2.992416287111976999e+04 1.192399359651740092e-07
-2.992406168542476007e+04 1.982486650609648255e-10
-2.992377543530247203e+04 2.886739625645854459e-07
-2.992361240227908274e+04 1.128553331276748207e-06
-2.992335335524212496e+04 1.754019136040389729e-06
-2.992310942071400495e+04 6.009556684861671181e-07
-2.992249658056003318e+04 4.156194481795874173e-07
-2.992240473066550476e+04 1.656483692871204031e-08
-2.992227506509974046e+04 1.296282459612787029e-07
-2.992184481519073961e+04 3.370952160369838586e-08
-2.992170234472205630e+04 1.063696534285636358e-10
-2.992112280289806222e+04 9.015512674986163336e-07
-2.992089126668253448e+04 1.722226257082699875e-09
-2.992069183407643868e+04 4.561339062087594257e-08
-2.992066983841981710e+04 8.583464302160020573e-07
-2.992002714642168212e+04 1.127057245061380739e-07
-2.991996604621286679e+04 4.384211168387882621e-08
-2.991978301948658918e+04 2.664906633715875362e-09
-2.991961208244145018e+04 4.040875991571639785e-09
-2.991921630026525963e+04 1.703137222773717123e-09
-2.991907757095411580e+04 4.332469566531942888e-07
-2.991878502283467969e+04 7.567496103773870442e-08
-2.991865447891134318e+04 5.239934346549532562e-08
-2.991809665305252565e+04 4.011284865223868243e-07
-2.991801759773917729e+04 7.735644585390150521e-08
-2.991758621134366331e+04 8.752771267857209872e-08
-2.991724724725966735e+04 5.800397182704160169e-08
-2.991718563387669201e+04 3.581787631402557070e-08
-2.991658126155389255e+04 4.040571045992110218e-07
-2.991620400471725952e+04 2.307512142178252971e-08
-2.991607023319464133e+04 9.030692329562262601e-08
-2.991562549591070274e+04 3.389000409335806133e-08
-2.991550709347834709e+04 4.240835510106149673e-09
-2.991506921704293927e+04 1.217984040817458688e-08
-2.991467176406209546e+04 2.489826480984630476e-07
-2.991437649637248978e+04 9.340222968564807917e-08
-2.991392764955377424e+04 4.569290328745384216e-08
-2.991385516783045023e+04 4.390803590932991739e-08
-2.991367980139422798e+04 6.403086803441638666e-09
-2.991315570043978005e+04 1.210544791650338848e-08
-2.991291990514368445e+04 7.668962674176726637e-08
-2.991253558673467705e+04 2.427965241952998381e-08
-2.991238479638343415e+04 1.950630138424909434e-08
-2.991197349251732521e+04 8.254415198620528427e-08
-2.991153028194884610e+04 2.661680579491654038e-09
-2.991127594547835542e+04 1.520993571907378526e-08
-2.991084616448372253e+04 8.542138232515818763e-09
-2.991058091244691968e+04 6.490740094057934065e-08
-2.991034294840662551e+04 2.855627048073454955e-08
-2.990972261523766792e+04 3.162656456586045870e-11
-2.990918967798850645e+04 7.009038091176565981e-09
-2.990888645028697283e+04 1.839875886885462699e-09
-2.990872141255286988e+04 4.869669827398580734e-09
-2.990837572854800601e+04 3.159415053724924815e-08
-2.990800720920211825e+04 1.751958067504679041e-10
-2.990774787231240407e+04 5.334899198754057554e-10
-2.990757251409713717e+04 7.802575003897267467e-10
-2.990698101787208725e+04 1.895199869632059259e-08
-2.990666171854403729e+04 1.165299444758121436e-09
-2.990645559886661067e+04 1.989671649254598934e-09
-2.990573052169463335e+04 4.552106577434400354e-10
-2.990552143094197163e+04 3.041002588549051692e-10
-2.990513333668137784e+04 6.553402161147605865e-11
-2.990464334437178695e+04 7.905342823640335921e-09
-2.990377604803471331e+04 4.114742608795983553e-10
-2.990375889600961455e+04 1.652480688422022197e-11
-2.990312478925602773e+04 2.905848483738569442e-09
-2.990272273941525782e+04 1.375151408035018834e-09
-2.990204660200616127e+04 1.037648260990668656e-10
-2.990172677188230955e+04 2.489861133342915283e-12
-2.990124555782341122e+04 3.515391027066480998e-11
-2.990070807677688936e+04 7.555109499298348467e-11
-2.990047743820799587e+04 1.827898933615097799e-09
-2.989980628129393881e+04 7.758014991054399808e-11
-2.989945668925994323e+04 1.393440825936499099e-09
-2.989878736674606262e+04 7.448870882097101619e-11
-2.989868931994280865e+04 1.933838560127167465e-18
-2.989820039104363968e+04 1.728746720661507989e-10
-2.989737135137182850e+04 1.545045498468658490e-10
-2.989669164786112742e+04 4.931617074139236653e-13
-2.989661981350940187e+04 4.193141854927608513e-10
-2.989544325344187746e+04 9.905225860936649066e-11
-2.989529008760313809e+04 1.812173913894641573e-10
-2.989488429433873171e+04 2.005996216298101922e-10
-2.989380680024801768e+04 5.778874526332478692e-11
-2.989315112376910838e+04 4.443830192275358272e-12
-2.989285627882502740e+04 7.303721120131933352e-11
-2.989226630378246773e+04 1.971825601791575842e-11
-2.989183692492104819e+04 5.869859845358379740e-11
-2.989079059762101679e+04 1.467347541394050633e-11
-2.989032855062141607e+04 3.553151067541752538e-11
-2.988947931648645317e+04 1.610718134431151205e-12
-2.988870065150317168e+04 5.871492428109630459e-13
-2.988768653275665201e+04 7.336492173422810341e-13
-2.988691097964440996e+04 1.674497707972909166e-11
-2.988626303085847030e+04 1.022119497564504016e-12
-2.988579208979921168e+04 4.504198714644780572e-12
-2.988316561510234897e+04 2.369593594862852423e-12
-2.988280186095635509e+04 2.880855522722316629e-13
-2.988166672067400214e+04 1.608660239410114663e-16
-2.988069274724836578e+04 6.887305463356480718e-14
-2.987981580269361802e+04 4.136984110901686153e-14
-2.987955317925796044e+04 1.243145062959105623e-12
-2.987845266163455017e+04 4.982258083154303733e-14
-2.987773355987193281e+04 5.209556606635753869e-13
-2.987567364613694008e+04 4.744197015788883194e-16
-2.987501468226313955e+04 2.325459196615646803e-14
-2.987271015168187296e+04 5.815759396873000110e-15
-2.987238722460789359e+04 5.005236045904007597e-14
-2.987109469103921219e+04 3.163266216411994318e-14
-2.986992473778003114e+04 4.944339148317356630e-17
-2.986909555811509927e+04 5.109975800878003297e-17
-2.986675558501110936e+04 8.414438300472634402e-16
-2.986592223722556082e+04 1.161476319651598362e-15
-2.986308472111879018e+04 1.604946847944050941e-15
-2.986251531406640061e+04 2.852038184027311849e-16
-2.986089866206592706e+04 9.883096097836398235e-18
-2.985980479012987780e+04 2.187085043953970895e-16
-2.985759766168005081e+04 2.888618292254084200e-17
-2.985697535212061848e+04 9.275685532552267470e-18
-2.985316329958209826e+04 2.758395913761038517e-17
-2.985268625046520174e+04 2.133060596183202476e-19
-2.984937870667127572e+04 1.566481478336280619e-19
-2.984895391425765411e+04 1.138923140200324894e-18
-2.984670225438061607e+04 2.557017329027555571e-19
-2.984625188761353274e+04 1.063959841223369233e-20
-2.984275440575715402e+04 1.848677809242565707e-19
-2.984198864329761636e+04 1.783593445240609632e-19
-2.983634251625641627e+04 1.653010965951509097e-21
-2.983599460194808853e+04 8.986264698989320228e-24
-2.983285272193507990e+04 1.332953910688723651e-23
-2.983230631766838633e+04 2.499224185144562910e-23
-2.983120310034940485e+04 0.000000000000000000e+00
-2.983051567614892338e+04 1.985876042645453290e-21
-2.982246813487718828e+04 0.000000000000000000e+00
-2.982199221034243601e+04 1.912076215129807354e-24
-2.981873420644311045e+04 3.801405995077979603e-24
-2.981800603811248220e+04 3.974457174174543523e-24
-2.980673398383017775e+04 0.000000000000000000e+00
-2.980641754764100915e+04 0.000000000000000000e+00
-2.980443149023241494e+04 0.000000000000000000e+00
-2.980395790266777840e+04 0.000000000000000000e+00
-2.978926848492841236e+04 0.000000000000000000e+00
-2.978887869441488510e+04 0.000000000000000000e+00
-2.978561225024543819e+04 0.000000000000000000e+00
-2.978528502196314366e+04 0.000000000000000000e+00
-2.977034079560604005e+04 0.000000000000000000e+00
-2.977004267985077240e+04 0.000000000000000000e+00
-2.974655692079431901e+04 0.000000000000000000e+00
-2.974635895698311651e+04 0.000000000000000000e+00
2.997021016858778967e+04 0.000000000000000000e+00
2.997049381480817101e+04 0.000000000000000000e+00
2.997051979379952172e+04 0.000000000000000000e+00
2.997241305286542411e+04 0.000000000000000000e+00
2.997298400488917832e+04 0.000000000000000000e+00
2.997405307047641691e+04 0.000000000000000000e+00
2.997430863538429548e+04 1.449432644110287007e-23
2.997458203374249570e+04 2.215095915752089240e-24
2.997543075631481770e+04 2.476163585131367085e-23
2.997629632879675410e+04 1.193022850390139609e-22
2.997723190276362948e+04 2.426886275632008819e-21
2.997780177454113073e+04 3.617923530536716272e-23
2.997818655857146950e+04 8.573717570469510002e-22
2.997910190556312955e+04 4.287630257500889119e-20
2.998006212183530806e+04 2.273637523719263691e-19
2.998013986257124270e+04 3.993451153743696770e-21
2.998101553905600667e+04 1.158802191830668452e-19
2.998162170961169249e+04 4.921084866981821140e-19
2.998202701227168291e+04 6.130844827634088020e-18
2.998238537729854579e+04 1.133884194261175929e-18
2.998301499657014210e+04 5.418668312888808731e-18
2.998318522050938191e+04 3.960450416006682740e-20
2.998396568991320237e+04 1.018244314628000603e-16
2.998426599131229523e+04 1.401253955647475938e-18
2.998493093353303630e+04 2.729876735271332843e-16
2.998542564603036590e+04 1.315543697129194627e-18
2.998590160060056223e+04 9.615989413109094092e-16
2.998652656505431878e+04 4.097753453883991052e-17
2.998688032632395698e+04 5.901297408942036886e-15
2.998758406617119545e+04 1.477379289318089898e-17
2.998786402446135253e+04 8.430696183535408934e-15
2.998865546104170789e+04 1.485344138046637059e-15
2.998885339991012370e+04 7.751095187248209392e-14
2.998973265392835310e+04 2.862633318974887016e-15
2.998984555549420475e+04 9.322415827628408187e-14
2.999080189257439270e+04 1.073869645150515650e-13
2.999083654793995811e+04 5.505383398240643441e-13
2.999181572622177919e+04 1.476511978740912269e-12
2.999186862863734495e+04 1.097249225194833111e-16
2.999277417454131137e+04 1.641272901735694517e-12
2.999291323889806881e+04 1.626788770819113920e-13
2.999364247536474068e+04 1.086279028703339154e-11
2.999392046745992775e+04 2.357102784297551393e-12
2.999429411252307909e+04 4.390686290371952126e-12
2.999466875395034367e+04 1.148151640633664188e-15
2.999496843663146501e+04 1.504350841982410986e-12
2.999533280124369776e+04 3.027061787572627962e-12
2.999588332972842909e+04 8.635354736650677547e-11
2.999623080670892159e+04 8.297063291297020402e-13
2.999678181619491443e+04 1.312132759737805808e-10
2.999720287750232819e+04 4.596606152360863475e-12
2.999761858526765718e+04 2.488330962446244156e-11
2.999813717527686822e+04 1.801108559978180328e-12
2.999823312016193449e+04 3.618978204070201845e-13
2.999874081793251025e+04 4.699453013004254891e-12
2.999893875280066641e+04 1.495820160064825912e-11
2.999949537669966230e+04 8.982804177551976529e-14
2.999976308266643173e+04 4.913908615226245549e-12
3.000043116682755863e+04 2.486395873683399348e-11
3.000051100019079604e+04 2.432625452304609626e-11
3.000111382763694201e+04 1.145807921765938956e-10
3.000127482492022682e+04 8.802361253510051245e-12
3.000168701702450198e+04 1.715599175372811539e-10
3.000195897496626640e+04 1.066659685713718066e-10
3.000244982013708795e+04 1.335663856306330231e-10
3.000267701233153275e+04 1.878859969384122865e-10
3.000308715810535432e+04 6.488625670541616776e-11
3.000335764621784983e+04 3.116585747990136170e-10
3.000357988976487104e+04 1.688095116693476679e-10
3.000383367751634796e+04 6.104737217026621767e-11
3.000428399482289024e+04 2.232700224669949686e-10
3.000428771436733223e+04 1.455261479395032954e-09
3.000474698657826229e+04 1.453413457889572750e-10
3.000509049095587761e+04 1.374737096743796960e-09
3.000518623463495169e+04 9.000609694021426712e-10
3.000526823146935567e+04 3.121677386303424321e-10
3.000587524816851510e+04 1.288681515217118488e-10
3.000594928801550122e+04 1.288251017040216006e-09
3.000660590535517986e+04 3.023540815456186639e-11
3.000667801683981452e+04 2.101863183578432515e-10
3.000687366456229574e+04 2.149220196834213026e-11
3.000719302296996830e+04 3.597155426294031351e-11
3.000753562195538689e+04 2.971074065679095841e-11
3.000777168105096644e+04 1.471294869365917864e-11
3.000791187562288542e+04 3.463470642610524124e-12
3.000821820164640667e+04 1.155499117457446535e-11
3.000839975102680910e+04 1.799167775503677853e-11
3.000855232564714242e+04 9.152303460199925243e-10
3.000873278683874014e+04 3.077553943796060004e-10
3.000912033563899968e+04 4.721187938344124863e-10
3.000928994199969384e+04 2.084044468994715645e-10
3.000974065864421937e+04 9.013576703381908308e-12
3.000979113634070018e+04 3.245735536516017558e-11
3.000992953372317061e+04 4.488922574254805278e-11
3.001026644205496996e+04 1.926248095085299676e-10
3.001055984530191927e+04 1.156889466957588596e-09
3.001079681732429162e+04 2.064593880092395679e-12
3.001121137872146210e+04 1.044007374881264930e-10
3.001136166149511700e+04 1.052239051071614124e-12
3.001153942241964251e+04 3.655957579844781142e-10
3.001188597605096584e+04 1.230448437418223005e-09
3.001203924969023501e+04 8.341945548492295988e-10
3.001212769902907894e+04 3.414707530089687520e-09
3.001272534615491531e+04 2.259943179511754425e-10
3.001295120894396314e+04 2.575986852425697368e-10
3.001325342677301160e+04 3.117883759495340200e-09
3.001346714521047761e+04 3.032262718317840491e-10
3.001359384825607776e+04 1.029500930125499531e-08
3.001387806692460072e+04 5.357366831221260439e-09
3.001431037055754496e+04 8.437044621289479019e-12
3.001456478776568110e+04 5.276872477075969559e-09
3.001463223938112060e+04 5.305320518752178248e-11
3.001471883072382116e+04 2.306524483726993476e-09
3.001478495236318849e+04 1.255561130480346391e-10
3.001498282650659166e+04 5.117744227793698969e-09
3.001522242096955233e+04 2.921320781353373940e-09
3.001565064093722322e+04 2.832315505291974018e-11
3.001577229498315864e+04 2.246778460124684395e-12
3.001590321550672888e+04 1.249676487744348003e-09
3.001598219442964182e+04 1.182004759532215467e-10
3.001669470638777057e+04 4.462820056465444354e-11
3.001681290916145008e+04 7.189442569903938702e-10
3.001693113704585267e+04 9.994611023634493139e-11
3.001706818230386125e+04 1.436038922249650317e-09
3.001718548493016715e+04 9.017528694951840056e-11
3.001771553925888657e+04 7.667222270382683632e-10
3.001804036778461159e+04 2.047861665133140326e-10
3.001815574622981148e+04 1.305601449415979589e-11
3.001837759674626795e+04 2.809905875526879512e-09
3.001868882540779668e+04 6.396860523666933029e-09
3.001907847784792466e+04 7.666237543835220005e-10
3.001921800637193519e+04 5.364496274141637041e-09
3.001936972635994607e+04 7.075085721362790377e-10
3.001956955178252974e+04 3.854397144482149458e-08
3.001971593039319851e+04 3.428737112452659875e-08
3.001988683878049051e+04 1.393128362601803167e-07
3.002011191081316429e+04 1.599900481981309134e-08
3.002022221963648190e+04 5.758785215509834848e-09
3.002060575730643541e+04 1.704851505932302473e-08
3.002076783934419291e+04 2.779701036424933568e-09
3.002104589635085358e+04 2.003830739696748231e-09
3.002105880032088680e+04 1.200338978654336775e-07
3.002154173998089391e+04 8.451447885793214092e-10
3.002161552719259271e+04 1.779014037668435414e-10
3.002173146075861587e+04 5.854891687543538933e-12
3.002208337059515907e+04 2.171934915230702783e-10
3.002265585103130434e+04 7.485091397174887692e-11
3.002290528238800835e+04 1.125504809283569787e-09
3.002309031658116510e+04 3.320857763394749928e-11
3.002320503447311785e+04 3.069107099596177915e-11
3.002385893417719490e+04 2.752199873726605626e-11
3.002404522578068645e+04 3.337087470162579249e-09
3.002426931187230002e+04 6.274674487292469316e-11
3.002452329630755048e+04 7.341435226563061021e-11
3.002495161189540522e+04 1.729881807105973202e-09
3.002508698189025017e+04 1.092007041062714381e-07
3.002530023392061776e+04 1.905043233540167819e-08
3.002557311712659794e+04 7.675338331402978445e-09
3.002559673216045121e+04 1.245604162079592488e-09
3.002586129180021453e+04 2.146988953869823795e-08
3.002613523227076803e+04 3.446082586442803323e-08
3.002626267866900162e+04 8.752484422914022752e-08
3.002658513789730205e+04 1.472011573801110737e-08
3.002687430000099266e+04 1.517016077731238644e-07
3.002705438380092528e+04 6.319464362441838044e-11
3.002716092618925541e+04 1.658821027930989578e-09
3.002749603433474113e+04 4.975570693095988850e-11
3.002774124040394236e+04 7.547556695513734790e-08
3.002786073900747942e+04 7.863674285696869845e-09
3.002827093871690522e+04 9.523898680522856226e-12
3.002835827390357372e+04 4.550009523241477236e-09
3.002864660133998768e+04 2.858199349957241415e-08
3.002893599140622246e+04 3.259157176452180677e-10
3.002906017402908765e+04 6.962600723203989627e-09
3.002922822045719658e+04 5.157682087719378185e-09
3.002953960562568318e+04 1.507429001816878027e-08
3.002980128565065388e+04 4.388255087221041804e-09
3.002996450410153557e+04 2.239645796585568929e-11
3.003022845180331569e+04 9.970733303418323650e-09
3.003052637218947712e+04 8.126100349209884522e-09
3.003063055025147696e+04 4.028869019407937456e-10
3.003067742870327129e+04 2.200918713857484799e-10
3.003104745374138656e+04 4.138761309060230210e-10
3.003129163620670806e+04 3.379155582727526339e-07
3.003143886343569829e+04 1.700162677870331692e-09
3.003147621598947080e+04 5.525812886224082692e-08
3.003184029253945118e+04 3.677578837766791983e-10
3.003197309815140397e+04 6.436774189732618360e-10
3.003204557275979823e+04 3.104486529478189601e-08
3.003232464787094796e+04 3.484018405445521751e-08
3.003247247919436995e+04 3.016106584194437574e-08
3.003269428907388647e+04 4.584193584727446110e-08
3.003280278640325196e+04 2.865429545600930377e-08
3.003286919021943686e+04 3.682412674446762674e-08
3.003331525490421700e+04 3.866111155336619783e-09
3.003334654350704659e+04 6.827779772057410541e-09
3.003359433966906727e+04 6.973830716522421945e-08
3.003369853669964505e+04 1.669351329756143185e-09
3.003408278789015822e+04 1.558635098252786299e-09
3.003435551274229147e+04 8.748556465241205970e-09
3.003453018055429493e+04 2.962434874838722505e-08
3.003462802714604550e+04 1.313848902067785793e-08
3.003482216899856212e+04 2.261175679551613390e-10
3.003505120839269875e+04 3.195403850469781859e-09
3.003532238345948645e+04 1.852486029132951822e-08
3.003536523625246264e+04 1.900246528519625640e-07
3.003575410670254496e+04 5.437659967432732564e-09
3.003580811107089175e+04 1.838845320390000719e-09
3.003617364517603346e+04 4.937036142866776303e-09
3.003622549283047556e+04 1.208076380263306099e-09
3.003638470355987738e+04 1.534004918804525568e-10
3.003664411539875800e+04 3.113974850204017115e-09
3.003680168334419068e+04 4.540468318501350147e-10
3.003707968700221318e+04 1.307106365044290649e-09
3.003738718743128265e+04 3.367085866723949228e-10
3.003766396886872099e+04 3.207177563401848067e-09
3.003785720173751179e+04 1.359169690112893399e-07
3.003792058139840447e+04 2.122004396146789044e-08
3.003812366889142504e+04 1.218654756295104392e-09
3.003837791248673238e+04 8.751080655427542009e-10
3.003861268205061424e+04 2.508959723474338466e-09
3.003874104702455952e+04 7.835475401452754042e-10
3.003889140062206206e+04 3.395264312051430757e-08
3.003899617933739137e+04 1.842630708410444172e-09
3.003957656320026945e+04 2.649253201731984592e-09
3.003972064075176968e+04 1.132363227876523683e-09
3.003988897297053700e+04 3.852797084421425950e-09
3.003993565651822064e+04 3.212193811294699025e-09
3.004004752116799500e+04 1.024218743290921034e-11
3.004027502306468159e+04 1.624860376450489728e-08
3.004047888539496489e+04 1.545879778602974470e-08
3.004062060450229910e+04 4.891808124113681461e-09
3.004066041230880001e+04 2.170633200832092402e-11
3.004103666538983452e+04 1.340198447631894875e-10
3.004114955818645831e+04 7.659169260699073851e-10
3.004141012254069210e+04 4.882986307235683380e-10
3.004164643092971528e+04 7.743878572905827569e-10
3.004203367361809069e+04 8.382219894166038346e-11
3.004211666561133461e+04 6.084125014432194920e-08
3.004230595130692018e+04 4.716932464211741426e-09
3.004240057679372330e+04 8.714582486487839961e-10
3.004260132141783470e+04 9.573927078590370772e-11
3.004285229327531124e+04 1.556568620292024030e-11
3.004301393108869161e+04 8.760718677934942288e-11
3.004314402804071869e+04 8.325899850306900052e-11
3.004345727671881832e+04 3.528840533676703641e-10
3.004369877210427876e+04 1.503944991251124302e-09
3.004380923566649653e+04 9.829145942398370580e-13
3.004395582915210252e+04 6.860877283446672779e-11
3.004415787702431408e+04 2.107297204715756790e-12
3.004430610972792419e+04 1.194835813100309479e-11
3.004476543600566220e+04 2.625530077007104950e-12
3.004487908654962666e+04 2.035453393339045229e-10
3.004506893589100218e+04 6.032349859379405321e-11
3.004514448178537714e+04 1.298084523946220986e-10
3.004537997797828211e+04 3.695146414297483677e-12
3.004561339723907440e+04 3.150312435885049979e-11
3.004564292612547433e+04 2.371728514276001590e-11
3.004588861060958880e+04 1.667565219851288506e-09
3.004600884387241967e+04 4.367467381694379320e-09
3.004630615971725274e+04 2.593852911808972311e-11
3.004650201986613683e+04 6.557405104738689730e-10
3.004672575505702480e+04 1.369916033466584391e-11
3.004680806286330699e+04 2.169374234312153292e-11
3.004709380814328324e+04 2.059211414934951485e-14
3.004736430952243245e+04 1.708417746407798410e-11
3.004769754045980153e+04 3.652966971435312370e-11
3.004781833931864458e+04 5.303662815939680781e-12
3.004800053012817443e+04 9.748533099402166169e-10
3.004805524885626801e+04 5.496852295495981305e-09
3.004815640630762937e+04 1.798547273904312547e-09
3.004838003210664829e+04 1.417294905868713234e-11
3.004873542233421904e+04 7.820116733530174200e-10
3.004876975682159900e+04 5.261041789697844524e-12
3.004907984913608016e+04 3.746741315349405427e-10
3.004922640638709709e+04 6.156037059947725603e-10
3.004944079547128422e+04 3.296895431879017426e-11
3.004956313534683795e+04 2.375797594458358148e-10
3.004981219277934724e+04 8.034686199471090089e-10
3.004987625723965175e+04 2.531939992458621907e-10
3.005001900794705216e+04 9.845749532237318072e-11
3.005041421229736807e+04 1.180501089119492543e-11
3.005064769767511098e+04 2.933113600088707394e-11
3.005078328076222169e+04 1.633347955854150050e-10
3.005096251059123824e+04 7.557046796162662857e-11
3.005147274248958274e+04 1.367798444504414663e-10
3.005157347872140235e+04 3.009959940082732517e-13
3.005162774448369237e+04 8.925774002304380238e-11
3.005166897695185980e+04 2.803728533664462872e-11
3.005190538090364134e+04 1.200459831780304929e-10
3.005210812388448176e+04 3.868612081699671288e-10
3.005219371675922594e+04 1.297332947947453638e-10
3.005229410155961159e+04 9.409162201081284119e-13
3.005271402420434606e+04 2.659904991027619798e-10
3.005299500567979703e+04 3.852862491974374086e-11
3.005317122390299846e+04 8.824572099000720849e-10
3.005326731433000896e+04 1.086865752399089799e-09
3.005344503792423711e+04 9.942446814938725312e-11
3.005354541647854421e+04 4.241641394841060095e-10
3.005389850972172280e+04 2.449525849605851661e-12
3.005427486682496601e+04 7.973203947443892406e-13
3.005432044719583428e+04 3.007261219723491766e-11
3.005461541152637801e+04 2.937758783220799914e-11
3.005466106282196051e+04 1.856176608639013258e-10
3.005475984518197947e+04 1.107133901821716312e-10
3.005497067663542475e+04 1.001351077509525123e-11
3.005525397615154361e+04 3.307025718950833750e-10
3.005530958256290614e+04 3.967014621419877895e-10
3.005537823365531585e+04 3.781976192450448882e-11
3.005570355126408685e+04 1.871052309060436309e-11
3.005601100655164191e+04 6.698882437035220644e-13
3.005631008346549788e+04 1.346816681255219248e-11
3.005654951791029089e+04 3.190353306887362172e-10
3.005669027732005998e+04 7.380603909645807350e-12
3.005701366180123659e+04 2.601214828230843091e-11
3.005705750621453990e+04 9.518918238864942712e-13
3.005721474267341546e+04 1.227154432887822550e-11
3.005733622706327515e+04 5.398347743468140978e-11
3.005755635952846205e+04 2.267219564306724502e-10
3.005771566774087478e+04 1.482008580032160592e-10
3.005800592280242563e+04 3.953279208994937511e-12
3.005816910825524246e+04 4.909462228799207681e-10
3.005829035467508220e+04 9.093692969416427027e-10
3.005851064642618439e+04 7.798466094676359363e-11
3.005872707562158757e+04 1.945115243748208258e-10
3.005894077147598728e+04 1.768211911007804667e-10
3.005924646270372978e+04 8.628941365281767045e-11
3.005931921908015647e+04 6.781371505126424896e-11
3.005962106951511669e+04 5.308561768819804836e-12
3.005979211220826255e+04 4.047928776122593586e-11
3.005991446134537182e+04 1.567777703437514527e-11
3.006037877308777024e+04 1.422957089604102477e-11
3.006058720107354384e+04 1.386696994103505065e-11
3.006080193023597894e+04 1.436604484247931185e-11
3.006086562644658261e+04 9.289016906319295326e-12
3.006124554585210353e+04 5.568258558197011222e-12
3.006142322016138132e+04 1.563453845699353579e-10
3.006154650067321927e+04 1.920384146181953619e-10
3.006163820236202810e+04 2.261843960613026063e-11
3.006184763196625136e+04 1.466483653732868149e-11
3.006202762479278317e+04 3.010864592099919950e-10
3.006227507444261573e+04 1.820634574712903203e-12
3.006259195820186505e+04 3.178360807151204049e-12
3.006276997617514280e+04 8.860250182086662937e-13
3.006297844600878307e+04 7.502029129560932123e-13
3.006310374212139504e+04 7.978019668386522357e-12
3.006327973795195066e+04 9.652742162871979608e-13
3.006357958542651613e+04 4.895145939844671593e-13
3.006400803853219986e+04 7.710139445892931924e-13
3.006406231352998657e+04 1.233392368584011359e-12
3.006418239672518757e+04 4.484833326193209777e-11
3.006447173973625831e+04 1.968875594349471188e-11
3.006472176462499556e+04 2.703950210180393677e-10
3.006479946775541976e+04 4.343062611737193192e-11
3.006498541749795550e+04 1.478814848042433671e-12
3.006547592931840700e+04 7.135821896855824360e-11
3.006556577135810221e+04 3.552674569038391653e-12
3.006568679260369026e+04 4.576763001177304288e-12
3.006612402270571692e+04 1.410035461807007514e-11
3.006623578069819268e+04 9.706575632573301297e-13
3.006646023405211963e+04 8.869389530978129570e-13
3.006686068672628608e+04 4.196973344189258098e-12
3.006705229739798961e+04 5.917240985282952902e-12
3.006717582868022146e+04 5.900470939559439745e-13
3.006727269617162528e+04 2.601828463424040102e-11
3.006731279911358070e+04 2.739779022951050305e-11
3.006770267558339037e+04 1.858829244349379671e-11
3.006795528542373722e+04 6.909180424856753980e-11
3.006828196900454350e+04 2.934025537708166805e-12
3.006855663651911163e+04 2.081014255508817887e-11
3.006860050991845492e+04 3.847649051980907660e-12
3.006888727308987654e+04 8.092658090416626701e-14
3.006928753420660723e+04 1.688131481823315575e-12
3.006934926551770332e+04 3.253180382664636464e-12
3.006960175291183259e+04 1.260187894447717558e-13
3.006979813457756245e+04 2.143291879605379881e-12
3.007001402551527644e+04 2.770082603382653063e-11
3.007034008967002228e+04 3.568280074964665353e-12
3.007046995090586279e+04 1.866963528280325345e-13
3.007063538387579320e+04 1.606103792178613271e-12
3.007102130054062582e+04 9.737599013154241566e-12
3.007113914749435571e+04 1.689390693390252983e-11
3.007150734354196538e+04 8.082681853407389492e-12
3.007181435911863446e+04 4.196403474475761926e-12
3.007194162992266502e+04 3.423805368515875455e-13
3.007229667252703439e+04 1.957949192214482214e-13
3.007242625553255493e+04 3.593792650257559822e-12
3.007262046549008664e+04 2.096642419345897019e-12
3.007276338290576678e+04 8.474367784608384891e-13
3.007318025448764820e+04 6.755239857641146860e-12
3.007350400434987387e+04 5.185452765441245102e-14
3.007358042557712179e+04 4.119571107507291526e-12
3.007377617794601974e+04 9.915070346570652037e-12
3.007405247771385621e+04 8.394366515755147472e-12
3.007428231076903830e+04 1.973939685138509150e-13
3.007445495841508819e+04 1.682498535935015190e-13
3.007485800180962542e+04 3.428380395585384738e-13
3.007514259639600641e+04 2.624199296657185901e-12
3.007542349076340179e+04 4.105153256533162536e-12
3.007582088264452250e+04 1.456753482566172408e-12
3.007600238525923123e+04 9.205220812570707679e-12
3.007624183417073800e+04 1.184916375423041987e-12
3.007649320390109642e+04 1.576163097627031770e-13
3.007659168458206477e+04 2.175725031273557501e-12
3.007697160194705430e+04 4.181309013358508525e-15
3.007723828883647002e+04 6.200596177748941771e-13
3.007773183599869662e+04 1.734316220052100488e-12
3.007779204949983250e+04 2.318136274516652202e-12
3.007797016593419175e+04 1.240168488930945205e-12
3.007830351722722116e+04 6.475707463182211383e-12
3.007841856307833586e+04 2.120146650450032997e-13
3.007907000528818753e+04 5.867652746720252667e-14
3.007925596890571978e+04 2.515826059836028227e-13
3.007948523239857241e+04 7.953283414308952078e-13
3.007960034815839026e+04 9.907648713126408226e-14
3.008008809969281720e+04 1.888320237486795717e-12
3.008031521102299666e+04 1.794453937423224213e-12
3.008049607082957664e+04 1.051819883809740685e-12
3.008065037147048861e+04 5.208401497862710658e-13
3.008097814807888790e+04 1.211717172305174403e-13
3.008111058935608162e+04 2.064532031356233563e-14
3.008142993534441121e+04 1.887779753732516481e-14
3.008181653132308566e+04 1.972886516340194570e-13
3.008204604270183700e+04 2.040905413585264005e-12
3.008225692210579655e+04 2.330407199983371127e-13
3.008257822511050108e+04 1.464513844568376051e-13
3.008296107861392375e+04 4.529605202071334953e-13
3.008312352879167156e+04 9.902795895880524822e-15
3.008367529060449669e+04 2.657906032673467229e-13
3.008398661742311378e+04 1.914625419578356360e-15
3.008419863992572573e+04 1.922672728584008081e-13
3.008449200797962112e+04 8.162118878789696793e-13
3.008469647818743761e+04 3.990498908259008612e-14
3.008522908743933294e+04 3.351784081395553889e-14
3.008550502090938971e+04 1.786504150148235505e-14
3.008590892070527116e+04 7.904409604729458833e-14
3.008623006315798557e+04 2.267387010955563007e-13
3.008638255559683239e+04 1.108829197686453251e-15
3.008658559993678864e+04 3.277843762270001276e-14
3.008701786720663586e+04 9.695690140804022845e-14
3.008734284022836800e+04 3.104961776461983241e-15
3.008768063627209995e+04 4.182212586882050148e-16
3.008789627211359766e+04 1.126670956995450136e-14
3.008828186183225625e+04 2.169826768976256119e-13
3.008871175695371130e+04 6.782829425593759944e-16
3.008890692215676972e+04 1.010860043619314042e-14
3.008951832556895897e+04 1.823990158240569458e-15
3.008960774095383749e+04 5.030816972619564613e-16
3.009002606702342746e+04 4.328359810802248688e-15
3.009046656274208362e+04 5.012288537591496890e-14
3.009102834498725133e+04 2.469846943117317272e-14
3.009125445349288566e+04 7.727090301366738441e-15
3.009144809508219259e+04 2.749845852253113221e-15
3.009187208782168454e+04 3.449945025228045261e-14
3.009223421163404782e+04 1.145855917697865831e-15
3.009239923546215869e+04 1.338519963917305873e-15
3.009286971743905451e+04 1.161256092806784312e-14
3.009322417931841119e+04 2.738071612031837128e-15
3.009360740569576228e+04 1.289625736304525072e-15
3.009385848921278739e+04 1.872309755519330693e-15
3.009456106944230851e+04 3.007557118232900958e-14
3.009465452571533751e+04 2.447141466133815081e-15
3.009514269559983586e+04 4.496897874178523476e-18
3.009555395890829095e+04 5.633071534531296285e-15
3.009639774628324085e+04 6.241909461995978813e-15
3.009652555818171822e+04 2.655977125622917648e-15
3.009711920266062225e+04 5.286692426477978318e-17
3.009750387189915637e+04 2.140356325135310556e-16
3.009818345822109404e+04 5.604871073427905631e-15
3.009842953100284649e+04 2.910642260432840768e-15
3.009929443205955977e+04 9.534019943558989231e-17
3.009953026858343583e+04 1.285707087230370570e-15
3.009976335157168432e+04 2.277243510089401272e-15
3.010050378958207148e+04 7.965987432679553976e-16
3.010075148359354716e+04 3.435678692371763177e-17
3.010132658008057842e+04 3.048672559342479179e-19
3.010171010539708004e+04 9.517100781703343796e-16
3.010203818225632494e+04 4.118168170162755568e-16
3.010295701502469092e+04 1.602603932638751838e-16
3.010352157422502205e+04 7.696268959092299480e-16
3.010381319600731149e+04 2.379929596435860004e-17
3.010484166868541433e+04 5.594435058041521856e-18
3.010502179774593606e+04 4.618050567156535673e-17
3.010543285970409852e+04 3.749571284745467394e-18
3.010630580989438386e+04 5.137848168643921100e-17
3.010702545284780354e+04 2.219554061782082099e-16
3.010739716533210594e+04 6.689036358321988713e-17
3.010821449063128603e+04 2.403331122072168108e-17
3.010835754192700915e+04 1.174486430672672251e-19
3.010965817225815772e+04 1.152290431867761911e-19
3.011007227303186301e+04 8.425106693032956046e-18
3.011102813299050831e+04 1.348459435958342010e-17
3.011174277826356774e+04 3.698627210011653764e-18
3.011253572008221090e+04 3.977077805511821934e-17
3.011335509761861977e+04 4.734759693629260460e-18
3.011429104573211953e+04 1.195176205309244425e-18
3.011443131376622114e+04 6.498534950858678343e-18
3.011712692196201169e+04 5.392952074789508160e-18
3.011769710711256994e+04 5.661824015900208587e-19
3.011876982595290610e+04 7.168343423602666948e-20
3.011988127682120830e+04 6.066107598612930281e-19
3.012054433955390050e+04 3.650701021647811037e-19
3.012073284070154114e+04 4.653442683394519098e-19
3.012206360254022002e+04 1.943043783078723145e-19
3.012263835379308148e+04 1.437207161098160415e-19
3.012485020532740236e+04 3.728916010014063716e-20
3.012535665850665828e+04 4.846824088749426346e-20
3.012773975403838995e+04 1.569507359771256368e-20
3.012786477172932064e+04 6.720349095392254602e-21
3.012911761230028787e+04 2.882794655788057726e-20
3.013059988817636622e+04 2.294855104730651044e-21
3.013113328970274233e+04 1.691081961793126788e-20
3.013365529487310778e+04 3.195876732832277275e-23
3.013448623475842760e+04 4.726437597279010519e-22
3.013717726683479123e+04 8.255052900364208312e-23
3.013765871206414886e+04 1.830561377766514253e-21
3.013967845721093545e+04 6.056794985319223191e-24
3.014052942356122367e+04 8.921554811190479146e-24
3.014286229064664440e+04 0.000000000000000000e+00
3.014342712824379851e+04 1.374883985970921733e-23
3.014704837509660138e+04 3.332467012641075118e-24
3.014745265367371394e+04 2.730948243279231581e-23
3.015121480086757947e+04 0.000000000000000000e+00
3.015147793219767118e+04 0.000000000000000000e+00
3.015380426957133386e+04 0.000000000000000000e+00
3.015424053161096890e+04 0.000000000000000000e+00
3.015744099133292912e+04 0.000000000000000000e+00
3.015813958436171379e+04 0.000000000000000000e+00
3.016403834426324465e+04 0.000000000000000000e+00
3.016442492140680770e+04 0.000000000000000000e+00
3.016779111468546762e+04 0.000000000000000000e+00
3.016837255809859562e+04 0.000000000000000000e+00
3.016909824155988827e+04 0.000000000000000000e+00
3.016961732366526121e+04 0.000000000000000000e+00
3.017790949490528874e+04 0.000000000000000000e+00
3.017837483660372527e+04 0.000000000000000000e+00
3.018144894187453974e+04 0.000000000000000000e+00
3.018213852358873919e+04 0.000000000000000000e+00
3.019362733249234225e+04 0.000000000000000000e+00
3.019393340839548910e+04 0.000000000000000000e+00
3.019579884882948318e+04 0.000000000000000000e+00
3.019623470503696080e+04 0.000000000000000000e+00
3.021090301058516343e+04 0.000000000000000000e+00
3.021128857354103457e+04 0.000000000000000000e+00
3.021483190788055799e+04 0.000000000000000000e+00
3.021515132275290307e+04 0.000000000000000000e+00
3.022982043374608475e+04 0.000000000000000000e+00
3.023011092284209008e+04 0.000000000000000000e+00
3.025361073955807296e+04 0.000000000000000000e+00
3.025380328366606409e+04 0.000000000000000000e+00
