-3.001911083659040014e+04 0.000000000000000000e+00
-3.001792757648581392e+04 1.358946541310576602e-19
-3.001786626120460278e+04 2.781744154802792021e-20
-3.001734470730716203e+04 1.983179511890450458e-19
-3.001684069766154789e+04 3.158441256052994674e-20
-3.001594147455680286e+04 2.800239769705390062e-18
-3.001550027733206662e+04 4.209824231605008453e-18
-3.001510070587295195e+04 7.615706504185110471e-17
-3.001440158547056490e+04 1.329297390745786598e-18
-3.001363525847785058e+04 2.165736731280284332e-15
-3.001283577334940128e+04 1.020152980998208730e-14
-3.001256435985756252e+04 9.952688293674222367e-20
-3.001203286044064953e+04 2.204112024766642979e-15
-3.001123954471663092e+04 4.607732410804872439e-13
-3.001068070754287328e+04 7.014275147462860177e-15
-3.001043810292916532e+04 1.085836066084855872e-12
-3.000963396680277583e+04 2.999105421274894212e-12
-3.000934033584699500e+04 7.199939931299390241e-14
-3.000882440235808463e+04 5.996013885968252384e-11
-3.000841532521170666e+04 8.353063849295455733e-13
-3.000801898925224305e+04 3.788771366647754404e-12
-3.000758220717524819e+04 4.766841304382542084e-13
-3.000722119298069447e+04 1.034434285672391830e-09
-3.000671848956323811e+04 5.963597730034907483e-12
-3.000641031393037338e+04 1.165885559268928742e-09
-3.000579870110621050e+04 8.749910552728892002e-10
-3.000559486567864587e+04 1.026760809125294603e-08
-3.000487854885932757e+04 3.523732616994495780e-09
-3.000476534103245649e+04 2.496445058904439557e-08
-3.000401176949918226e+04 8.276774263026287691e-08
-3.000389756572708939e+04 2.457498118072347961e-08
-3.000317565262039716e+04 2.092381825391769258e-07
-3.000300263395357251e+04 6.880923375676725575e-08
-3.000234550720982224e+04 1.049341900525262715e-06
-3.000209952303723912e+04 3.163183468642956624e-08
-3.000151634986943100e+04 6.661631206758647603e-07
-3.000119720479416355e+04 1.825948936296697186e-07
-3.000068696959449153e+04 8.558342545088597461e-06
-3.000029875103774611e+04 3.406480661079793319e-07
-2.999985880319307762e+04 2.846430717190536580e-06
-2.999940590075940781e+04 1.413048199204439815e-08
-2.999903561213896319e+04 1.064354534733926740e-07
-2.999852244446799887e+04 3.675348064019945175e-08
-2.999822599929054559e+04 9.054422044557874110e-07
-2.999766043689089929e+04 1.044730984200229359e-06
-2.999744376291624576e+04 5.356971558704651869e-06
-2.999688484108181365e+04 1.306140746117115885e-07
-2.999675546376390412e+04 3.503644214072339246e-07
-2.999638712409623258e+04 2.208641520514086495e-06
-2.999628455227275117e+04 3.673677164416521504e-06
-2.999574039561893369e+04 4.694598783504298267e-06
-2.999572893566315906e+04 9.446899235789344080e-06
-2.999494760796145420e+04 7.932799161087407993e-07
-2.999479813962775734e+04 1.193268565188504763e-05
-2.999412580769067426e+04 8.045228865830397367e-05
-2.999389025416229561e+04 1.495770432440166723e-05
-2.999351897632169130e+04 9.332234030206720441e-05
-2.999320748276881932e+04 1.107667541077782498e-05
-2.999304890350734422e+04 1.157773666309034249e-04
-2.999234489174470582e+04 9.203865291698075076e-06
-2.999216090908564001e+04 1.807010411213290666e-07
-2.999166825486990638e+04 5.137011125773625390e-06
-2.999140044566446522e+04 1.803337257659236799e-07
-2.999122820830685305e+04 2.072183218852997733e-05
-2.999091627306751616e+04 2.122508748557102372e-04
-2.999050666799922692e+04 3.144723364658363331e-05
-2.999037795670243213e+04 7.568161287050118437e-05
-2.998983429598009752e+04 2.153123002336794683e-06
-2.998966760751483525e+04 9.610213044321682153e-06
-2.998944814854853394e+04 2.320507215402165479e-05
-2.998905060966391102e+04 1.239759238870702732e-05
-2.998873458721562565e+04 2.720866083590510931e-05
-2.998839410001959550e+04 3.115573680942580487e-05
-2.998831453441456324e+04 2.515240106387920274e-08
-2.998800771851312675e+04 1.069586491586048240e-06
-2.998770444237743504e+04 1.199186811224197599e-05
-2.998731531637422813e+04 7.641408921902693893e-06
-2.998718669699977181e+04 4.710473568987145121e-05
-2.998710483781757648e+04 3.285943679208030684e-05
-2.998686630907039944e+04 2.554612912450396201e-05
-2.998650593897596264e+04 2.240717343349908489e-04
-2.998636216743342811e+04 4.550460754177473367e-08
-2.998617315221601166e+04 3.079056802891704284e-05
-2.998603347150877016e+04 2.801083836705577220e-04
-2.998599288875903949e+04 1.240758506132669367e-04
-2.998560172890823014e+04 1.688615625163774670e-04
-2.998547464317784397e+04 7.785066268579559409e-04
-2.998524857411308039e+04 1.633300743802515475e-04
-2.998522464633117124e+04 2.393366166686965438e-06
-2.998493187359377771e+04 4.540280977242093338e-06
-2.998478822378313271e+04 1.482339215205862731e-03
-2.998471651658820701e+04 1.233223520172657965e-04
-2.998449119148717728e+04 7.697488475378823271e-04
-2.998430364759092481e+04 6.468753401887381845e-06
-2.998414388340341247e+04 6.209874946010069969e-04
-2.998403708816207654e+04 3.044013759259267147e-04
-2.998384770660657887e+04 4.196580567495641402e-04
-2.998348869999148519e+04 1.474673637209253665e-05
-2.998303072582014647e+04 1.681775479437427873e-05
-2.998298759684977995e+04 4.812519125100618097e-06
-2.998266974211350316e+04 1.986796922441227014e-07
-2.998241710778327979e+04 1.126113341716790951e-06
-2.998239002176253416e+04 1.521974894129669926e-06
-2.998195554271732908e+04 2.690796955572470393e-06
-2.998159778482766706e+04 4.129856454850892723e-06
-2.998137919799575320e+04 9.890485495644902942e-07
-2.998104039476678008e+04 2.201459365631960497e-05
-2.998092461065103998e+04 3.589527323005210324e-05
-2.998070428212198021e+04 6.627393451557109499e-05
-2.998031952883429040e+04 1.671494891459184939e-04
-2.998018540473093526e+04 9.144222065638060119e-04
-2.998014840910439671e+04 1.073757367676683207e-03
-2.997984868204730083e+04 2.410595929001751878e-05
-2.997976206781850124e+04 1.352854564425721778e-03
-2.997960197278606211e+04 6.032981056715136904e-04
-2.997947161632393909e+04 1.045175791734292460e-03
-2.997935651443951429e+04 7.357091368295717610e-05
-2.997913754770069500e+04 4.603071261688508782e-03
-2.997905952392768086e+04 4.837560708505888804e-03
-2.997897667920828826e+04 8.239075114292028316e-04
-2.997865385668349336e+04 9.314215855071594514e-04
-2.997862339618257829e+04 5.884440784338250928e-03
-2.997826430117889686e+04 1.021058948691554603e-04
-2.997815825582549223e+04 9.492350376366790257e-04
-2.997793066246675517e+04 6.724830237759212058e-04
-2.997777514933150815e+04 6.403995599800677197e-06
-2.997768722433543371e+04 7.999711899715734268e-04
-2.997740462526113697e+04 3.886243948230226354e-05
-2.997711487765140555e+04 3.348951203294978692e-04
-2.997700192579713257e+04 5.273110311826920962e-04
-2.997679230012692278e+04 2.217184445457631638e-04
-2.997647780187709213e+04 7.961341808590135204e-04
-2.997605888768958903e+04 4.311882420758822439e-06
-2.997587807836035427e+04 7.048905328266852886e-07
-2.997568157861881264e+04 2.231138057226772064e-04
-2.997539366098019309e+04 1.532097757557695616e-04
-2.997514756569240853e+04 7.456476585928066992e-04
-2.997505845031407807e+04 7.711993464797066433e-02
-2.997504111431657293e+04 4.117792755346423757e-03
-2.997446528980660514e+04 1.182689438490668457e-05
-2.997440235480454794e+04 1.326837906508548113e-03
-2.997418315728305606e+04 7.010112622215118388e-04
-2.997409463809509180e+04 1.403951450073276930e-01
-2.997391145683665673e+04 9.462649632293746718e-04
-2.997371488745793613e+04 1.495414630120883888e-03
-2.997363029792702582e+04 1.823038437026087977e-03
-2.997335143121460715e+04 5.552512866625469203e-03
-2.997312165541601280e+04 1.862751202303093495e-03
-2.997308439656957125e+04 6.317042977096736997e-03
-2.997279634844996690e+04 1.741964962978579399e-03
-2.997248031400357286e+04 5.080790524163130827e-04
-2.997241365841126753e+04 7.847059894441682157e-03
-2.997223487855288113e+04 4.152003743656044740e-06
-2.997194738428428900e+04 2.104943718135378653e-04
-2.997173398156764233e+04 2.460559804838595259e-03
-2.997157768087689328e+04 1.354677904737940043e-03
-2.997133129305486727e+04 2.327184083854896921e-03
-2.997117334892517101e+04 1.577859111182227465e-04
-2.997070597947141141e+04 1.659965837751867452e-03
-2.997049233145766630e+04 1.664184839132569612e-03
-2.997032529023211100e+04 1.964960505605451953e-04
-2.997021906090786433e+04 5.563114704478871152e-04
-2.997001899678253540e+04 4.503504507211517072e-01
-2.996977847166490756e+04 5.521381398848967075e-05
-2.996966837665364437e+04 2.476703405393422953e-04
-2.996936910807705499e+04 6.537043432142410049e-05
-2.996922435676704481e+04 1.089366074015667488e-04
-2.996894151334359776e+04 2.614704385801257507e-04
-2.996873243642780290e+04 6.719097273321437795e-04
-2.996858320018107406e+04 3.461360671360516898e-04
-2.996839497071252117e+04 1.464229367037591560e-04
-2.996808344741829569e+04 3.302884437170934290e-03
-2.996794710697098708e+04 6.082022256958695416e-02
-2.996784356962359016e+04 5.646739964007219467e-06
-2.996735414233917254e+04 4.845686194510748527e-04
-2.996727443109079468e+04 5.445827334291932983e-04
-2.996714035332544518e+04 4.084066978407080960e-03
-2.996705111567692802e+04 3.387993741826540034e-03
-2.996687735148559659e+04 1.708691448653580787e-04
-2.996682542412834300e+04 4.180444604582159060e-05
-2.996672772279505443e+04 9.140633016553821849e-05
-2.996645325589313143e+04 8.614059932161692319e-04
-2.996641639264394325e+04 6.644359913825630148e-05
-2.996615700274525807e+04 6.837479780890682451e-04
-2.996593813463647530e+04 1.053215933691049096e-03
-2.996587496519524211e+04 2.946321746796549523e-03
-2.996560300250214641e+04 1.383735712858997287e-04
-2.996533067362351721e+04 2.419663899886792969e-04
-2.996519326958950478e+04 1.660623551131764508e-05
-2.996507880037006908e+04 8.340375634650234299e-05
-2.996498069653660787e+04 4.834228803085316439e-02
-2.996491497084655930e+04 6.757446997861456294e-04
-2.996471152053359401e+04 8.735681382499396221e-05
-2.996458962587780479e+04 1.463465005679507248e-05
-2.996435889765889078e+04 7.632191705316698251e-06
-2.996409256460472170e+04 1.964017496074509735e-04
-2.996386916869147899e+04 3.539750280361245172e-02
-2.996379720794808236e+04 5.970270173267527847e-02
-2.996366004286604948e+04 2.531427549371083503e-03
-2.996340727123678153e+04 1.832716639272888390e-04
-2.996338834289089937e+04 7.061448711671465257e-05
-2.996305514379340821e+04 3.716966039839868632e-06
-2.996293642971571899e+04 2.445083014983273731e-05
-2.996270980784684434e+04 1.717572294042212346e-04
-2.996266044186397630e+04 5.886444062610034656e-07
-2.996247089714861795e+04 1.548508406703637423e-05
-2.996213829887925385e+04 5.240662048306701185e-05
-2.996192877522514027e+04 2.360364333647100974e-06
-2.996164720304660659e+04 9.927504199370165098e-04
-2.996159372510686444e+04 5.940305576109036886e-04
-2.996150181737061939e+04 4.113566617886128796e-04
-2.996119343525641671e+04 2.818975096505127998e-06
-2.996116334030033249e+04 3.831247789980789063e-06
-2.996084706548852046e+04 3.136529309972654762e-15
-2.996063739486654231e+04 1.447059531091297348e-03
-2.996052813379692452e+04 6.195937394862945612e-04
-2.996046894205154604e+04 2.265312018504890177e-04
-2.996019830062612891e+04 5.065867268618703697e-06
-2.995995175416664642e+04 1.519717794097790459e-05
-2.995989095328959229e+04 3.881361375402776412e-03
-2.995975452149387274e+04 1.025625225426383079e-04
-2.995966892764683507e+04 2.694486400316426606e-05
-2.995942738997522974e+04 2.124656394663705886e-05
-2.995928808775038124e+04 5.294138687578006918e-05
-2.995915510498189542e+04 1.654835201440534976e-06
-2.995890652265628160e+04 4.618344091233280032e-07
-2.995880127045074187e+04 2.403571916161525620e-07
-2.995862145790265276e+04 2.499724207391345026e-03
-2.995846970756179508e+04 1.152474450701545649e-03
-2.995815680354262804e+04 5.744858386945726801e-05
-2.995806185765637929e+04 3.653300048003097676e-05
-2.995791722887851938e+04 3.894555844160121021e-05
-2.995757139617225403e+04 1.056331959502611506e-06
-2.995742649017208532e+04 9.009234991153884848e-05
-2.995734451595074643e+04 4.020494954587009481e-04
-2.995733188417106066e+04 2.715501453690069827e-03
-2.995719331539113409e+04 1.502664144097711483e-04
-2.995692049374452472e+04 5.028854784726086684e-05
-2.995668033771074624e+04 7.670105737969791320e-06
-2.995640959030872546e+04 9.227792754349871103e-05
-2.995630799670182751e+04 2.189657760127954976e-06
-2.995623235199928968e+04 3.901355351289159559e-05
-2.995609137678833940e+04 3.943011975035286664e-06
-2.995601634146621291e+04 3.685683814332500014e-04
-2.995567076930741314e+04 3.120420403610395465e-06
-2.995552978580624767e+04 1.169302117127331371e-08
-2.995538299504334645e+04 1.353989194940647170e-05
-2.995523222813241955e+04 1.419931059480089659e-05
-2.995518801635780983e+04 5.468651216374940729e-06
-2.995485698870492706e+04 1.042785011810088130e-03
-2.995472796600616493e+04 1.056737916285424654e-05
-2.995450253726978917e+04 4.364106919253651798e-05
-2.995440638887333989e+04 2.316908365058629630e-05
-2.995428997515436640e+04 7.845201338436489903e-07
-2.995402490484584996e+04 2.606868337240445929e-05
-2.995383893218503727e+04 3.466603813551212349e-06
-2.995368069581312011e+04 1.388338737846885527e-05
-2.995355034511464692e+04 2.285956756312714878e-06
-2.995349760144164975e+04 3.764774196098011637e-05
-2.995334777920487977e+04 2.025398070255102770e-07
-2.995319844380794893e+04 1.744824312607190422e-03
-2.995284668418583533e+04 1.298160135658955842e-05
-2.995283949609485717e+04 9.719806586191217322e-06
-2.995251033331650251e+04 1.309570410939112150e-06
-2.995238284769044549e+04 5.969801252686831796e-06
-2.995222459431891184e+04 5.417341962201283998e-07
-2.995202752758959468e+04 2.011220454099992436e-05
-2.995179377358795318e+04 1.009929935459579332e-04
-2.995175045143990792e+04 2.367653494318690526e-03
-2.995163277371498771e+04 2.313356612768219765e-04
-2.995146246714659719e+04 6.788061176527174895e-05
-2.995127825272580958e+04 9.336638350232525038e-06
-2.995116548330814840e+04 1.875670322109722538e-04
-2.995080186308548946e+04 3.631963226832762482e-06
-2.995064646197679758e+04 6.115224982222386497e-06
-2.995030842518388454e+04 5.787781781366091628e-08
-2.995024416444316012e+04 6.131513761400666829e-06
-2.995007686480901975e+04 2.538509811351720731e-05
-2.995007232427893177e+04 1.970906147705654942e-05
-2.994986647876055213e+04 5.570794189001518137e-05
-2.994976719489461539e+04 3.102828402475483717e-06
-2.994961339874658006e+04 6.475841229915808908e-06
-2.994949130691481696e+04 2.808758483345767282e-06
-2.994922592186585825e+04 1.643003147699595708e-05
-2.994908791840586855e+04 1.012227233465590268e-03
-2.994886572902226544e+04 1.533554791644283680e-07
-2.994876994820189066e+04 1.126241117181884361e-04
-2.994867524198014144e+04 2.950586666145180040e-08
-2.994842527012687060e+04 7.719178358252543070e-06
-2.994820606332410898e+04 4.265385158543352907e-07
-2.994809742172536062e+04 3.629674901566899789e-08
-2.994792360135174749e+04 1.879008178424473499e-08
-2.994772659867623588e+04 1.226083496011433629e-07
-2.994741338122929301e+04 7.337750798572363435e-05
-2.994729479201174399e+04 2.323055490974349058e-05
-2.994705946663409850e+04 2.247027070464286660e-04
-2.994701741734352981e+04 1.250875691761287717e-04
-2.994692704680818497e+04 1.228979647883279155e-05
-2.994670816978968287e+04 1.867913971194237367e-07
-2.994665225149554681e+04 1.324726949446762220e-05
-2.994648167193604968e+04 4.328242616168055490e-06
-2.994622471703782867e+04 8.665037604590020788e-06
-2.994604517248573393e+04 2.680556319223049667e-07
-2.994585831185579082e+04 3.718047611793963197e-06
-2.994569995521671080e+04 4.031160053857688920e-06
-2.994561006169203392e+04 2.869350337905663039e-06
-2.994534818003061810e+04 6.900265817129216711e-05
-2.994523217336330708e+04 4.499510623125765554e-05
-2.994496111334262605e+04 1.217065371984547498e-05
-2.994494325259329344e+04 5.207947054341989075e-06
-2.994476475009039495e+04 5.083788265770135514e-06
-2.994465905989691964e+04 4.469436134383783613e-05
-2.994434977627900298e+04 9.676652925218476320e-06
-2.994417219741041117e+04 4.007570028901378753e-05
-2.994386432626661554e+04 3.366746514376465119e-07
-2.994368866956072452e+04 4.798909995819619425e-06
-2.994349361277819844e+04 2.010199438534391975e-08
-2.994344396746796338e+04 2.378272555232368993e-05
-2.994323172282754967e+04 3.948985642728339325e-08
-2.994314150147829059e+04 7.948049940694912253e-07
-2.994304788682003709e+04 9.250474185910620183e-07
-2.994285066461672977e+04 1.434734112475466616e-07
-2.994269084631741862e+04 1.985185624761709636e-06
-2.994255528824872090e+04 4.849536309763297975e-08
-2.994239951189908243e+04 1.049998747822250073e-07
-2.994218226391763164e+04 1.445668419179421996e-06
-2.994215074262794587e+04 9.424591017875405446e-06
-2.994178397906856480e+04 2.853084160994277745e-06
-2.994162748658513374e+04 1.446085413262803592e-05
-2.994124673516690382e+04 2.108028825677319980e-06
-2.994110838624482858e+04 1.747876068544830389e-05
-2.994092099561192299e+04 3.595969763035099635e-07
-2.994080252382477920e+04 2.309545029134000452e-06
-2.994066724943133886e+04 1.151310777479100381e-06
-2.994061034170777202e+04 8.357294640772790983e-07
-2.994056415249615020e+04 6.354708320471976941e-07
-2.994019010029796846e+04 9.172519528731530857e-07
-2.993994452328128318e+04 1.142687748606071457e-06
-2.993980061438960183e+04 1.984033523659559284e-06
-2.993964610624627312e+04 6.379448856711474270e-06
-2.993956671089704105e+04 4.711302285523348443e-06
-2.993929162147386160e+04 1.881375828496230529e-06
-2.993887633141157494e+04 2.069164042936305805e-06
-2.993872149525425630e+04 1.217352711108326861e-05
-2.993863973894610172e+04 1.793381868001815333e-06
-2.993828531313554777e+04 1.209817361673094545e-06
-2.993818473614132017e+04 1.277172503618722543e-06
-2.993812493679790714e+04 4.553832232536046023e-06
-2.993789727627100729e+04 5.122146160588975834e-08
-2.993771391827845218e+04 1.544364574514696409e-06
-2.993765342724899892e+04 1.137497334358705488e-07
-2.993752327502086700e+04 3.710085468592018930e-06
-2.993718574942799387e+04 7.191468405872083462e-08
-2.993697223492068588e+04 4.038303150423687298e-06
-2.993693270289042994e+04 1.058741976229920037e-06
-2.993676057842157388e+04 1.824715965966214795e-06
-2.993667015163193355e+04 2.951414938530775411e-06
-2.993628998647493790e+04 1.367904342837558649e-05
-2.993619460728478953e+04 1.781222083692296277e-07
-2.993604060929156913e+04 7.730275498384175367e-06
-2.993596531512741421e+04 9.382406120651039176e-07
-2.993558203387189133e+04 1.340656798285338845e-07
-2.993542637426175497e+04 3.398327253361481665e-08
-2.993518712388988570e+04 1.267809313170211871e-06
-2.993491507871350404e+04 8.371398383958291754e-08
-2.993456620404793648e+04 3.820121552124060154e-06
-2.993453137985635112e+04 6.178814565749669296e-06
-2.993441523575868996e+04 3.723316096165347545e-06
-2.993413559486255326e+04 1.354917155978881052e-06
-2.993409354314696247e+04 8.739021643937590453e-06
-2.993367970539142698e+04 8.128944801960956121e-07
-2.993336038458658368e+04 4.706352494534032324e-08
-2.993327961205327301e+04 1.294392643744957123e-08
-2.993302522569428402e+04 2.366596673908035576e-08
-2.993274542222849050e+04 2.787102791954382967e-06
-2.993262290805782686e+04 9.020550809964761469e-07
-2.993254500963963801e+04 4.929341998177118886e-07
-2.993235136597610108e+04 7.975290285347966980e-06
-2.993213833619156503e+04 2.140619878080335722e-07
-2.993193512212134738e+04 2.519679402582466675e-06
-2.993178119126392630e+04 2.243578296174638225e-07
-2.993159284257486433e+04 3.242307060496366674e-12
-2.993132927222525905e+04 1.138129618040450282e-08
-2.993123977398435454e+04 7.318171178755441270e-10
-2.993106202742446112e+04 1.415636966712871751e-08
-2.993083022693272869e+04 1.358093878456347039e-06
-2.993055616338682739e+04 7.734378832419301520e-07
-2.993027575451808298e+04 3.355057432770643734e-06
-2.993025651936302893e+04 6.017919038163249972e-07
-2.993019947904560468e+04 5.851410710702029687e-07
-2.992959855388104916e+04 1.896335581927245799e-08
-2.992950473148735546e+04 8.215840308024933705e-08
-2.992922721958527472e+04 1.824294699142316237e-09
-2.992890863397007342e+04 3.915059229181337202e-08
-2.992875301724972815e+04 1.019207950647302718e-07
-2.992864945596667167e+04 9.300932900656070517e-07
-2.992827745242616948e+04 1.414264150190972821e-06
-2.992805729616158715e+04 1.069730852975685424e-07
-2.992770792115686709e+04 3.412770218588462670e-08
-2.992759357049909522e+04 8.673435314319606579e-08
-2.992732989770781933e+04 4.894450821034029658e-09
-2.992716013973037843e+04 3.155290082748905341e-09
-2.992698201223359501e+04 1.208914259054120993e-07
-2.992658186704945183e+04 1.669618680869234284e-07
-2.992642501507993074e+04 7.548247786435581903e-10
-2.992632911279004111e+04 1.899911095190786732e-07
-2.992606436074724843e+04 3.559627772111363369e-07
-2.992590679398410794e+04 1.652673623124891516e-07
-2.992566775465651153e+04 1.046760719309805067e-11
-2.992537195585737572e+04 5.281837340516798636e-08
-2.992512549228885837e+04 3.066060045044228512e-08
-2.992483519066149529e+04 3.694629698131566828e-08
-2.992454704350452812e+04 2.139087923403009523e-08
-2.992430228125255235e+04 3.410804458480158302e-08
-2.992420478817923140e+04 2.410256077101444102e-07
-2.992403189725370612e+04 6.147903498809962257e-08
-2.992363572165024743e+04 8.011002063842182208e-08
-2.992338230019531693e+04 2.488966892953541869e-08
-2.992306034863193781e+04 5.589574766122503625e-11
-2.992287524973909240e+04 7.003121991334836162e-08
-2.992251179677281107e+04 1.790144561529717338e-09
-2.992232909544051654e+04 6.524049608394137352e-09
-2.992214079788536037e+04 1.958047973284273408e-07
-2.992184258083542227e+04 4.777900777749100574e-08
-2.992165680633254669e+04 4.874704681682324699e-08
-2.992137260233860070e+04 2.914876264695923420e-09
-2.992121747288142797e+04 3.744417368000272929e-10
-2.992102558224011227e+04 3.706806126807601343e-09
-2.992071833824139321e+04 3.430592447962731177e-10
-2.992050848208470416e+04 1.513604180601645717e-09
-2.992024516411885634e+04 1.421221999120956797e-07
-2.991977724503895297e+04 5.322430795294182027e-08
-2.991954095812626474e+04 1.954464722582950433e-10
-2.991943851789365362e+04 4.725414183159744461e-11
-2.991898986984522708e+04 1.426717318909699001e-11
-2.991868136616645279e+04 5.548476902308994544e-08
-2.991857492423233998e+04 9.634595335696274167e-11
-2.991829282035721553e+04 1.905074703101091687e-08
-2.991790588609959013e+04 3.312436062995720465e-08
-2.991748208713282656e+04 7.608137864294201995e-10
-2.991736241611199512e+04 9.947817489181395732e-12
-2.991703553644923522e+04 3.554399571705178235e-09
-2.991669490845948894e+04 7.815404043734250755e-10
-2.991641869568947732e+04 4.552235366169113916e-08
-2.991608745647051546e+04 6.979019989432902668e-10
-2.991561688613980732e+04 8.215482420412652772e-11
-2.991545199319747553e+04 3.131469702781750963e-10
-2.991506805145007456e+04 6.566869187962410081e-11
-2.991486137809217689e+04 1.060415568262677118e-10
-2.991463229149712424e+04 1.609559825510346531e-08
-2.991424216779533162e+04 9.738551425756523186e-11
-2.991395246047996989e+04 2.093421257583208437e-09
-2.991384437460445406e+04 1.867721796284994705e-10
-2.991366686306212432e+04 1.663630158739741391e-09
-2.991315991122396008e+04 1.128111978051868967e-10
-2.991285908949769146e+04 3.621891404713585553e-09
-2.991254261614739517e+04 1.096685201303093378e-09
-2.991220463253114212e+04 1.797390477198869283e-10
-2.991181808990168793e+04 1.627033635286322444e-09
-2.991124744341323822e+04 2.454000417359768849e-10
-2.991109064392180517e+04 4.228419214366830446e-10
-2.991023899497988532e+04 1.538579728887144200e-09
-2.990988353863116572e+04 1.808479742694610715e-10
-2.990946804099797373e+04 2.846615467692383456e-10
-2.990932974809246662e+04 5.735837535449309165e-14
-2.990888823287820196e+04 6.826595744665033998e-12
-2.990872753704217030e+04 2.906375420913288889e-10
-2.990849467839048521e+04 9.087038392404587930e-11
-2.990818787247389628e+04 6.470387734375877772e-11
-2.990763357420943430e+04 6.541681533576955294e-10
-2.990691752220720446e+04 1.646713000971070353e-10
-2.990658030159620466e+04 7.262726755570375280e-11
-2.990623653019298945e+04 2.433918289822880290e-11
-2.990580662938683599e+04 6.894517143899140984e-11
-2.990568406649522876e+04 1.211296615217377131e-10
-2.990506880361251024e+04 4.209364915514237668e-11
-2.990469285026038051e+04 4.314748529075095760e-11
-2.990366059821536328e+04 2.190835313697346997e-10
-2.990362247702018794e+04 5.531553345911622934e-11
-2.990327916059897689e+04 9.143422187094116327e-12
-2.990206785961381320e+04 5.636517164493089299e-11
-2.990160784119817254e+04 1.720196422589861052e-11
-2.990081319577732575e+04 5.249875164138810266e-12
-2.990055284004833811e+04 2.640399192783872105e-12
-2.990028024833408563e+04 2.183580295348445431e-11
-2.990000690076744650e+04 1.592306217657894506e-11
-2.989924913620452935e+04 3.644801778574048931e-14
-2.989875418890038782e+04 3.214604446256568489e-12
-2.989832901439367197e+04 8.906269553298080495e-12
-2.989822183156474057e+04 7.567465917762319824e-13
-2.989762009643651982e+04 2.473977481429071967e-12
-2.989687111965283475e+04 6.210678363226795108e-12
-2.989593921050670542e+04 2.443372816700733269e-12
-2.989567899258553734e+04 1.782311304927846558e-12
-2.989422739567731696e+04 1.125582915116361153e-14
-2.989367862930069168e+04 4.657131874328391104e-14
-2.989249851574595596e+04 2.567912633834347443e-14
-2.989141462185067212e+04 1.978704284800511612e-13
-2.989130121369908375e+04 1.147720124420694228e-12
-2.989087999673882587e+04 1.159043050680711403e-13
-2.989066744014816868e+04 3.241903072866598416e-14
-2.989036572357578189e+04 1.272246693050609165e-13
-2.988912146044913970e+04 9.724161681790960064e-14
-2.988770548318770307e+04 1.040787421120177524e-14
-2.988650714629510185e+04 4.847689796155255604e-14
-2.988603324612477809e+04 8.114311361504105606e-14
-2.988460966931150324e+04 3.556425791141508607e-15
-2.988417137956305305e+04 2.673427288759603703e-14
-2.988367664892267567e+04 4.592103681372348126e-15
-2.988254003818991259e+04 1.432227623926252271e-15
-2.988158464531314894e+04 9.048599274933053006e-15
-2.987913758602509552e+04 3.353122029927572977e-16
-2.987813485890758602e+04 7.767692600986820948e-16
-2.987635395897431954e+04 3.587298327379403126e-16
-2.987570661191760519e+04 5.827789978511995522e-16
-2.987473246131489213e+04 2.105432220365793554e-17
-2.987282532094046474e+04 2.427747869465002073e-16
-2.987242965914059459e+04 1.093673804175358772e-17
-2.986970881040583117e+04 5.479653871113816181e-19
-2.986852325861217469e+04 1.382279355342185793e-18
-2.986699784549445030e+04 2.507265372251709651e-17
-2.986671485465925434e+04 1.691176613459546542e-18
-2.986285656704674329e+04 2.279907982128430959e-19
-2.986240115761934794e+04 9.330065365070677435e-21
-2.985950852271000986e+04 8.283142388207218027e-21
-2.985874412215844131e+04 4.609885543200869212e-20
-2.985746702418618224e+04 4.202181000623620353e-20
-2.985715236491470205e+04 2.318427006545999509e-19
-2.985153012903161653e+04 2.923936635356110483e-22
-2.985094866189755703e+04 9.237577376476744977e-22
-2.984760547229486474e+04 1.426068880271936080e-21
-2.984674310068583145e+04 5.855249623312456364e-22
-2.984544207541512515e+04 1.937728934188367236e-24
-2.984480749683016256e+04 1.339233862850530504e-23
-2.983878094907870764e+04 4.465741725088345975e-24
-2.983825938117802434e+04 4.927457529370917605e-24
-2.983583310121312752e+04 6.004133472265059411e-24
-2.983521868184321283e+04 0.000000000000000000e+00
-2.982452155856107129e+04 0.000000000000000000e+00
-2.982410088438318053e+04 0.000000000000000000e+00
-2.982247926262926558e+04 0.000000000000000000e+00
-2.982208118708528127e+04 0.000000000000000000e+00
-2.980901948377078952e+04 0.000000000000000000e+00
-2.980855169734776428e+04 0.000000000000000000e+00
-2.980431366242006698e+04 0.000000000000000000e+00
-2.980397519174476110e+04 0.000000000000000000e+00
-2.979152922726574616e+04 0.000000000000000000e+00
-2.979119719438008906e+04 0.000000000000000000e+00
-2.976944617728742014e+04 0.000000000000000000e+00
-2.976923340474944416e+04 0.000000000000000000e+00
2.998247778753974490e+04 0.000000000000000000e+00
2.998254796578301830e+04 1.179177410191175739e-24
2.998313485427882915e+04 0.000000000000000000e+00
2.998451843745862061e+04 1.895320518124496155e-23
2.998502404876215951e+04 4.683111865525313041e-23
2.998550803712240668e+04 4.355811685276798033e-22
2.998573217008575375e+04 6.055298582072102520e-23
2.998604278845912995e+04 5.408979411994820124e-22
2.998663860987507724e+04 3.673712289198233379e-21
2.998727241886016054e+04 2.709194051785723777e-20
2.998800501323529170e+04 3.129820545828985906e-22
2.998874219428181823e+04 7.808378654555407233e-19
2.998949417781737793e+04 2.766279511122259738e-18
2.998983096715346255e+04 4.945884897022971623e-20
2.999025820631922397e+04 1.337779134871271021e-18
2.999101246224424540e+04 9.430970910184459910e-17
2.999132800415863312e+04 3.731405123430031251e-18
2.999177724514531656e+04 8.712311304660146765e-17
2.999219583928975408e+04 7.895571192115508120e-17
2.999256881279844674e+04 7.973040626900744740e-16
2.999282996778002416e+04 1.677539511062141109e-18
2.999333077794453493e+04 5.600070106026578894e-15
2.999360985516065193e+04 1.537804595406783149e-16
2.999409938280951246e+04 2.229378974297253258e-15
2.999445637499348595e+04 3.487506581083872074e-16
2.999487321591822911e+04 9.440007650224780159e-14
2.999532835419256298e+04 2.380724581321974410e-15
2.999565080966309688e+04 1.660981518391472230e-16
2.999617989111045608e+04 3.446801739672528772e-14
2.999643561435126685e+04 9.881784902133170691e-13
2.999701851047823948e+04 2.452998547020497612e-14
2.999722722597869870e+04 3.026800011277656671e-15
2.999786111334780799e+04 1.057934955328123111e-12
2.999802482289404725e+04 7.010530491436624324e-12
2.999869985025943242e+04 6.668834579135013666e-13
2.999883032337798068e+04 4.484856443887047533e-13
2.999952936236526875e+04 1.457488806970709705e-11
2.999964517220293055e+04 2.107622857167216650e-11
3.000034981023073487e+04 4.129954250926691063e-11
3.000046833431438790e+04 1.892298378710010016e-11
3.000115961264598445e+04 4.177155532381733721e-12
3.000129710163572599e+04 4.073745405476409986e-13
3.000195351718316670e+04 3.052609215403864902e-13
3.000212642800951653e+04 3.173251981397853478e-14
3.000272467978060376e+04 3.957053761115604816e-11
3.000294956014522540e+04 4.106418807522193788e-12
3.000341700520569430e+04 9.048230393305551629e-11
3.000372891191890085e+04 1.061516745813283174e-11
3.000392109291796078e+04 2.456637469688464066e-11
3.000423733347184680e+04 1.201142207947355968e-12
3.000447072807565564e+04 4.731284181920665561e-12
3.000475760261607502e+04 1.888126433810141235e-11
3.000538379136789808e+04 1.802284743914268641e-12
3.000552028306484863e+04 7.222627412081990470e-13
3.000627144296642655e+04 2.111268681985243813e-10
3.000644711167430432e+04 6.743579826649579540e-11
3.000693684048430441e+04 7.084652730736556665e-10
3.000714050183458312e+04 9.750010355764091547e-11
3.000736552090576151e+04 9.892722286421156554e-10
3.000798765760209062e+04 7.265231401038296933e-10
3.000812798934023886e+04 1.173798116357635574e-12
3.000865016742113221e+04 3.996666959146136871e-12
3.000903371451576095e+04 1.041111701181063953e-11
3.000911410277564937e+04 3.156667335289789919e-11
3.000938548991753487e+04 5.542634864267453376e-11
3.000979379542095194e+04 2.222981295930523067e-10
3.000988280223680340e+04 1.213766288603074549e-10
3.001047024581523146e+04 8.547688252852411357e-11
3.001076905831430122e+04 1.059378882023105130e-12
3.001105130852478396e+04 1.086825683854147953e-11
3.001142518400091649e+04 2.294379760622316654e-15
3.001162377762459437e+04 2.492064361425375941e-11
3.001212253698256245e+04 1.447196710972158689e-12
3.001231093215194778e+04 5.378793816101389982e-11
3.001255028281551859e+04 1.266518348069526347e-13
3.001284865805447771e+04 9.375686462979735984e-11
3.001310548144049244e+04 2.922351631961403494e-13
3.001349295697169146e+04 5.629572800191787711e-10
3.001358195537908250e+04 1.445008661852121119e-10
3.001374181623059485e+04 8.960717857131929049e-11
3.001392286226664146e+04 4.109535338456817516e-11
3.001423256669255352e+04 3.637239887331043407e-12
3.001446119551231823e+04 1.772969507870103000e-09
3.001448944359830784e+04 1.676666523408085421e-09
3.001483731502850787e+04 1.106160118663224561e-10
3.001494604538439671e+04 3.438472231797890632e-10
3.001529297194904939e+04 7.589207911701137764e-10
3.001534562505585200e+04 2.722807146721683831e-09
3.001539145628978440e+04 1.341828019729401487e-09
3.001560557591238830e+04 2.814283488749187068e-09
3.001577178174776418e+04 6.259143516815406843e-12
3.001598613847370143e+04 2.672403400668004431e-09
3.001602326471042761e+04 6.430259836659718121e-11
3.001613389185483538e+04 1.362121488593463809e-09
3.001634052132637225e+04 2.280207805693350928e-10
3.001645614840150301e+04 1.813190684970419269e-10
3.001653970073456003e+04 2.401556056512676385e-09
3.001712089040558567e+04 6.217044915059672784e-12
3.001720312753917824e+04 3.596637734958774085e-10
3.001762429381440234e+04 4.497981209833694769e-11
3.001766161300275053e+04 5.330036154896153591e-11
3.001805389828310945e+04 2.342528305330456339e-11
3.001824750810974729e+04 4.117372178534173928e-10
3.001858628561786827e+04 1.002500869299985075e-11
3.001887282101386882e+04 5.006206300110220015e-11
3.001924767745776626e+04 1.559871773139879649e-11
3.001930867146523087e+04 1.930516843403701859e-12
3.001950438569127800e+04 2.226195562155084717e-10
3.001966722319216206e+04 2.690010203463434588e-11
3.002001666089396895e+04 7.378728643795211477e-08
3.002020348979463961e+04 3.438380631966976027e-10
3.002028672246194765e+04 5.908075992671861265e-10
3.002060406122662607e+04 2.397362269304928466e-09
3.002068425543565536e+04 2.344031614522705287e-08
3.002087416393440071e+04 3.981772966309676084e-08
3.002104154809661850e+04 4.591038259260593179e-09
3.002123565345294628e+04 5.210252065990379905e-09
3.002140677750171744e+04 1.755360052020169899e-08
3.002153057655138400e+04 3.868648992654399138e-09
3.002178863427595934e+04 9.381881942785180638e-09
3.002190827566638472e+04 3.549825015922727063e-10
3.002198306642582247e+04 5.679405870559641391e-09
3.002218720078545084e+04 3.936509625966574991e-09
3.002236186809454739e+04 2.897613822348787563e-09
3.002248686118208207e+04 1.401131281570110465e-10
3.002269357376929474e+04 2.183570934669575535e-09
3.002299460852462289e+04 2.409238303791048696e-09
3.002320523919338666e+04 5.984707221283212416e-12
3.002324180978845834e+04 1.605784048722797007e-10
3.002348367471581878e+04 3.904342659960052571e-11
3.002366094445099225e+04 5.925806708172711144e-10
3.002400365293366485e+04 7.123987091758717528e-13
3.002417792087313865e+04 2.021724665980752044e-12
3.002444882492080433e+04 6.335674877781621668e-11
3.002455290215204514e+04 2.038526404465990678e-12
3.002480998358150464e+04 1.330618297724193623e-10
3.002510294445131149e+04 2.033134469560288214e-07
3.002529948153356600e+04 3.942410952249143303e-10
3.002536425252779736e+04 2.027758087640689873e-11
3.002582490023220453e+04 3.118795958328153093e-14
3.002584272085096745e+04 5.611918280291806297e-11
3.002608408807033993e+04 3.854222940837930879e-09
3.002611653649945583e+04 1.056357191838670873e-09
3.002622811229432773e+04 5.910960862497655659e-10
3.002658283950026453e+04 6.957839907801340125e-09
3.002669524831992385e+04 7.595997845738831154e-09
3.002688307433788941e+04 6.327471983082673427e-08
3.002708444637696812e+04 2.964012947521206566e-10
3.002719791587065993e+04 2.453924949404753952e-08
3.002748950016955496e+04 1.583494785284700009e-08
3.002763547165092314e+04 2.169608059375619061e-10
3.002790791442170303e+04 1.442839666683778756e-08
3.002801377760366086e+04 1.393123527654215346e-08
3.002818853317046887e+04 1.359788854129927211e-10
3.002844859562600323e+04 7.684417075600843235e-10
3.002867483021861335e+04 1.290446795119444588e-08
3.002891884123549607e+04 4.499583986362553158e-10
3.002898877201183495e+04 4.200956790651701182e-09
3.002952110039918989e+04 3.148683083001723876e-09
3.002977335685348953e+04 5.614651161253175775e-09
3.002986317792529735e+04 2.865736177547669336e-10
3.002991813605475181e+04 1.296392266924135393e-10
3.003013817950522571e+04 3.722102178158590585e-10
3.003037290906304406e+04 3.453594545857354759e-10
3.003054261494133607e+04 2.588652115085734956e-09
3.003086056488517352e+04 2.731026018393968437e-10
3.003101101627992830e+04 1.264583485807078702e-08
3.003122582777119533e+04 2.378706777736674459e-07
3.003143453214986948e+04 1.848278061990677239e-12
3.003163147918741743e+04 1.481466486941810634e-09
3.003181619257153216e+04 6.393219776361776746e-11
3.003210040436882991e+04 1.086277866409900607e-09
3.003223968509579936e+04 5.570796343556755852e-08
3.003245425814941336e+04 8.343921693326870845e-11
3.003278268851331086e+04 4.339602323759861568e-10
3.003301874637517903e+04 8.656948278708982577e-09
3.003311150657138933e+04 1.359432150589025628e-08
3.003324644588516094e+04 2.368292754574030385e-09
3.003336277801455435e+04 6.560347950269504207e-12
3.003343061510067491e+04 7.321152619938841362e-12
3.003359792021069370e+04 5.512571642084554272e-09
3.003385445836147119e+04 4.464170706110365936e-09
3.003389586180888364e+04 1.196031108718818575e-08
3.003415562553114796e+04 7.647439945882275261e-10
3.003435433297201234e+04 1.548575400756983816e-09
3.003444427812266440e+04 4.159567630452554989e-09
3.003471999587012760e+04 6.792049866279658592e-10
3.003485834778497519e+04 1.219947980082269324e-10
3.003497491639912187e+04 6.984111113967109073e-12
3.003517152349501703e+04 2.386845862358780061e-07
3.003521630462105168e+04 7.531131781736335543e-09
3.003546190354170903e+04 2.988452804716460518e-10
3.003554997037928842e+04 8.619119051081715143e-12
3.003563467672357001e+04 1.959875731237654528e-10
3.003596999090621102e+04 1.944613328739636083e-10
3.003619191365277584e+04 1.687727322440034510e-09
3.003632674293623495e+04 3.743956926677568001e-09
3.003650002983848754e+04 9.277348047588127056e-10
3.003656497470272734e+04 2.627434181772252146e-10
3.003671269625254354e+04 4.565346721117983403e-11
3.003690707752963499e+04 6.562131886840521359e-11
3.003709660487017391e+04 2.102990635930137125e-11
3.003737397717153362e+04 1.054755087268969934e-08
3.003751649324563550e+04 3.377001482118811432e-08
3.003764104733719796e+04 1.692416800771705251e-11
3.003786620382855472e+04 1.591081442186432346e-13
3.003820990604522740e+04 1.714857042016964592e-10
3.003824097530919244e+04 2.636684207142250915e-10
3.003856933397255125e+04 1.982175591064062014e-08
3.003867152591699050e+04 2.721109179374409085e-09
3.003878018835966941e+04 4.833789452743252419e-10
3.003902468600984503e+04 6.767815264548737178e-12
3.003909229504339964e+04 6.578709772130507200e-11
3.003925752993919741e+04 1.121032665187128655e-11
3.003959209847784587e+04 1.091639490365111493e-09
3.003966520948858670e+04 2.450515737980390329e-10
3.003987086276662012e+04 3.524962424442831657e-10
3.003998718566639945e+04 1.104013822373981065e-10
3.004025252084460953e+04 7.664711851665117329e-09
3.004035739862527407e+04 7.108933574107849486e-12
3.004043823520118531e+04 7.273831284625036890e-10
3.004065063466437277e+04 9.509199488707742521e-11
3.004093993803442936e+04 2.281187061773595166e-10
3.004097847467885003e+04 4.794753357848636907e-10
3.004110939346367741e+04 4.229442139948921645e-10
3.004131068011727257e+04 1.272652617171712562e-09
3.004144882482061439e+04 2.529951622691842701e-09
3.004153230357488064e+04 3.228985018725642423e-08
3.004189837288144918e+04 9.096562799915847950e-10
3.004198941219703192e+04 4.622773788683740558e-11
3.004216201418099445e+04 3.444828019644367875e-12
3.004233351215625589e+04 1.468491990375864927e-12
3.004266870787057633e+04 2.018684126307921178e-12
3.004276439126424884e+04 1.249543012787101130e-11
3.004281056602503668e+04 5.362543918302716552e-12
3.004285513605875531e+04 7.566920510155571553e-12
3.004310125889615665e+04 9.512877209580321593e-12
3.004329060348273197e+04 8.423099442908487319e-13
3.004355705267491430e+04 7.359496874437002525e-13
3.004393465658091009e+04 1.037146721607776743e-12
3.004394968794226588e+04 4.758698349270977378e-12
3.004402491332592763e+04 1.957741844108512508e-11
3.004413006007091826e+04 6.505733093440410244e-12
3.004424523758953001e+04 5.843306959155943621e-11
3.004449290120501973e+04 3.700179070815258670e-11
3.004477026948643470e+04 4.601665885251919317e-11
3.004488619584467233e+04 3.014371418635960773e-13
3.004503988631367611e+04 2.060981925181448834e-10
3.004507250133700654e+04 8.073205248237948354e-12
3.004532139846146674e+04 5.532439183583616738e-10
3.004541279682345703e+04 2.470990189938569207e-09
3.004570213907476136e+04 1.861429121142381312e-11
3.004583516227011205e+04 1.875968341116816595e-11
3.004593198329453662e+04 3.986316194293755280e-12
3.004623723207250077e+04 5.469528594499309531e-12
3.004635193511089528e+04 4.670327457462429379e-12
3.004650857759243081e+04 1.118993188037081176e-13
3.004658607808242232e+04 8.111605120011108754e-14
3.004673739037220366e+04 2.598200427151941604e-10
3.004694086177690406e+04 5.208789126979871573e-09
3.004705890003261811e+04 7.171368935254302702e-11
3.004730256076697697e+04 4.583938702251271084e-11
3.004739517289115611e+04 6.608226705283868475e-11
3.004779382694082597e+04 3.973937602250127815e-10
3.004781008799262054e+04 3.364050161855361429e-11
3.004790903714733940e+04 3.836808895519676477e-11
3.004811486834175594e+04 1.234262115481054360e-11
3.004831920901941339e+04 2.340238360349980980e-13
3.004839459432673539e+04 9.721885916461722202e-11
3.004866004834361956e+04 2.099179805099401499e-11
3.004883667341344335e+04 8.477339808575024557e-12
3.004901829797209575e+04 1.042495313705545767e-10
3.004912727059991448e+04 4.428261644527631661e-12
3.004952037656622269e+04 3.926324431362733276e-11
3.004965824916851489e+04 5.062928452380398439e-11
3.004984968863081667e+04 2.193810865839596383e-13
3.004991723613054637e+04 3.666519848862592555e-13
3.005008207280535498e+04 2.433669400823212454e-12
3.005020293176361156e+04 2.092301464342443514e-11
3.005034444874510882e+04 9.864027749523035703e-12
3.005043241339520682e+04 7.374934015713104585e-11
3.005055942289233644e+04 7.970472383628933602e-14
3.005074347721689992e+04 1.066861464647832739e-11
3.005103731580149179e+04 1.773440399327995991e-10
3.005111160025132267e+04 7.022578355263784031e-12
3.005133702345384881e+04 2.316922346759772832e-10
3.005137230431376156e+04 4.469298271009971615e-10
3.005153529400111438e+04 5.408256402659069581e-12
3.005188331511544675e+04 3.792113035381807648e-11
3.005205769544141367e+04 1.482594784754649327e-12
3.005209193630334994e+04 3.748198106640365474e-12
3.005222197837397835e+04 1.134845022899294648e-13
3.005253703682079140e+04 2.305174211346974964e-10
3.005276700666024408e+04 1.128846676933306416e-10
3.005286117094987276e+04 2.920615652912386770e-10
3.005308421425620327e+04 4.224983811551860294e-13
3.005311331122144475e+04 2.667985170865159454e-12
3.005331642386402382e+04 1.211368976265385228e-13
3.005350432434704999e+04 9.350074822006760238e-14
3.005357526076180875e+04 2.849188235321899850e-11
3.005374885338382592e+04 3.778563761028417981e-12
3.005402876842803744e+04 6.799782322091380592e-12
3.005423281403767396e+04 7.104403359703672543e-11
3.005442311359389714e+04 1.738245054144249153e-10
3.005460348066840743e+04 6.469782390276217347e-12
3.005468351043593793e+04 2.726044412855550184e-11
3.005482945002983979e+04 4.199573529307026664e-10
3.005499395212063246e+04 5.612795252380045160e-12
3.005517515066196574e+04 1.728092289430877150e-11
3.005538824686555745e+04 1.158230987326671096e-11
3.005551144092331742e+04 5.609151050001321535e-12
3.005559917752999172e+04 4.552461087644016459e-13
3.005577077182395806e+04 1.003147357784161856e-12
3.005596574682287610e+04 6.099780642266439307e-12
3.005642725168299148e+04 2.141372119459076189e-11
3.005645578104668311e+04 3.817049499909868708e-12
3.005667451940109822e+04 3.606665298661268089e-11
3.005672286771684594e+04 1.539420177914410672e-10
3.005692681361402356e+04 2.682797843075241881e-11
3.005699325987006523e+04 3.689135847617962987e-10
3.005717157169737038e+04 2.616906854958654102e-11
3.005734849290945203e+04 5.859232338297478651e-13
3.005748851950014068e+04 1.224586150154783602e-11
3.005763299483772425e+04 4.138453062183509663e-13
3.005772503327031518e+04 3.982636787006553059e-14
3.005801348323908678e+04 1.973074572254884823e-12
3.005811255025870923e+04 2.742786723705199199e-13
3.005839920147584417e+04 2.830121634920840674e-14
3.005851874990078431e+04 5.511304440875280086e-13
3.005898189850444032e+04 1.866637127137088571e-11
3.005904375432380039e+04 2.894554917873862485e-11
3.005925374666626522e+04 5.230299623157410499e-11
3.005941515982846977e+04 4.556874093610785957e-11
3.005951550919993315e+04 4.153391712688228457e-11
3.005955996520152985e+04 5.276183747264738427e-11
3.005968217624761746e+04 8.264150012587136781e-12
3.005999592105906777e+04 5.511383394328189180e-12
3.006026418279240534e+04 1.402483725988698964e-12
3.006035648218034476e+04 4.197911053667225307e-12
3.006054036567806907e+04 8.629992860488387174e-14
3.006060610893512421e+04 2.168908751129739105e-14
3.006085699304506852e+04 3.038474969491495745e-13
3.006128150506286693e+04 3.617472937990599300e-12
3.006138951878584339e+04 5.399382491948519600e-11
3.006154276087555991e+04 1.523710289613843235e-12
3.006191074209172075e+04 5.294852873601644152e-11
3.006200516787314700e+04 2.378338077747063019e-12
3.006201646263911243e+04 5.795212805113904371e-11
3.006229616601344605e+04 2.783002020078226195e-12
3.006243693396899471e+04 2.849576521797845387e-12
3.006264636016627264e+04 1.606945009534375430e-12
3.006269095083369393e+04 2.793420975820764493e-13
3.006293011168001613e+04 5.999507880155923018e-15
3.006314932614716963e+04 1.052595771290340080e-13
3.006328725197581298e+04 1.806458700780411820e-15
3.006346722877146385e+04 2.615938105937699915e-12
3.006352426196939996e+04 1.301176402090945970e-16
3.006381269329828137e+04 3.761164364769913609e-11
3.006399394486704114e+04 6.254790620175934820e-15
3.006410096071313455e+04 1.728156934308455386e-11
3.006428094629707266e+04 5.144573243023355571e-12
3.006462937491449702e+04 1.229691501483991101e-11
3.006484197593033605e+04 1.820723747973752159e-14
3.006493267367227963e+04 6.150960583999473643e-12
3.006523258851169157e+04 1.745045225072597712e-13
3.006553617991109058e+04 1.713674304097150381e-14
3.006558601800532779e+04 2.839203439280110070e-13
3.006571924274960111e+04 8.521114837153598524e-13
3.006605831573153046e+04 3.954461017805282270e-12
3.006606798318127403e+04 8.147722845407111527e-12
3.006645509538352781e+04 1.265012763061110353e-11
3.006689010806179431e+04 1.855544096700233236e-13
3.006691086791922862e+04 6.323976354573660930e-13
3.006717739107644229e+04 8.508252834541523151e-13
3.006737197206315614e+04 3.573173229150575880e-12
3.006751565073077654e+04 7.325705037103839752e-15
3.006761180639323720e+04 6.496618598388006778e-14
3.006783128433380625e+04 6.715915309658923830e-13
3.006798653456399552e+04 1.421028900608252325e-13
3.006818488944223645e+04 3.172724873341217137e-12
3.006843772742099463e+04 1.650361694714620242e-13
3.006860170830675270e+04 5.917658281946694091e-19
3.006883749289353364e+04 5.250164893091582119e-13
3.006889711424056804e+04 7.808817738960933185e-12
3.006915744525513219e+04 8.598797255890204611e-13
3.006935299409151412e+04 1.716312043880686613e-12
3.006960375176124580e+04 3.441746103224598345e-13
3.006984357285193983e+04 1.961572401105219297e-14
3.006995376290621425e+04 1.397196367332451252e-13
3.007003781026577417e+04 2.698221083902598695e-13
3.007052642523472605e+04 1.013785306959172430e-13
3.007059889881775598e+04 8.513693679398208928e-13
3.007088368962286040e+04 6.622161718977068055e-12
3.007131584235686023e+04 1.925129595665662214e-13
3.007137765910923918e+04 4.933432964529049209e-14
3.007146561645678594e+04 1.486637488929338996e-12
3.007190387596721121e+04 2.205073729899271158e-13
3.007209096096295252e+04 9.337461034097722871e-15
3.007252296344887873e+04 5.377504542070450010e-13
3.007259309885147377e+04 4.664227300584650151e-13
3.007281896706760017e+04 1.849233554498348138e-12
3.007299350312605384e+04 5.427326722119770598e-14
3.007312446025084864e+04 2.825064134311564117e-12
3.007357238392342333e+04 8.412653474077302636e-15
3.007369941707498219e+04 6.009349200320892388e-14
3.007397493137939455e+04 9.911603546112329115e-18
3.007409155543057204e+04 5.195149137942587509e-13
3.007428245772266746e+04 2.448244733593490706e-13
3.007455168750777375e+04 1.297153993198369862e-18
3.007475159282283857e+04 1.639532545789387786e-12
3.007502340393929626e+04 5.389672227318489380e-13
3.007527437175816522e+04 3.925474830571344650e-13
3.007571518628862759e+04 2.803395843088553064e-15
3.007586894034223224e+04 4.256428308026112175e-14
3.007595147780943444e+04 9.432439095180105993e-14
3.007614997778778343e+04 1.190325824111921447e-13
3.007651730164115361e+04 6.703882370355213510e-13
3.007672152503530742e+04 5.219268846161534381e-13
3.007708766298900082e+04 1.773328641214172569e-13
3.007726907547520386e+04 3.156957980365114938e-14
3.007766154104827729e+04 3.099331578444703461e-15
3.007794790557202941e+04 6.952049487178236895e-14
3.007808150526944155e+04 1.050349134387536065e-13
3.007833042928832219e+04 1.272722011120336706e-13
3.007847332710054252e+04 1.473075960823266691e-13
3.007881687649480955e+04 6.311122647160965218e-14
3.007898310180973931e+04 1.366483109509817341e-13
3.007919649214224773e+04 1.888420958988041985e-14
3.007947068886414854e+04 1.351854236479851283e-15
3.007967507017968455e+04 3.985229539442936561e-16
3.007988552795871510e+04 6.110975233092208673e-14
3.008032716737838200e+04 1.371224710145357818e-13
3.008064914350028994e+04 2.335888419077105619e-14
3.008084334405099798e+04 7.677514563050565705e-15
3.008124819541443867e+04 2.934448364070865510e-15
3.008144300066651340e+04 7.690038973499657561e-15
3.008170920500899229e+04 1.462608094959899502e-16
3.008187681033623085e+04 8.930891725239290643e-15
3.008229659718323092e+04 7.232260133614798903e-14
3.008264526198332533e+04 2.344982638358656570e-15
3.008291765788836346e+04 1.097741006180787377e-14
3.008313137266007107e+04 7.860998778258451464e-15
3.008343405246507609e+04 9.200811596921233087e-16
3.008369322233863568e+04 1.707109355145576947e-15
3.008423991064138318e+04 9.590591720320231077e-18
3.008453189391380147e+04 4.005497103724848985e-18
3.008469389118138861e+04 2.797751223275643709e-14
3.008515103460649334e+04 3.116971351824160375e-15
3.008530739002844712e+04 2.054608297235314272e-15
3.008549253535722164e+04 5.255098070734865437e-16
3.008600626968724464e+04 1.476962347132784720e-16
3.008624271346511159e+04 4.770618405446340353e-15
3.008642046941325680e+04 1.918276515422564703e-15
3.008673108972259433e+04 7.942678101476381055e-15
3.008700890196759065e+04 2.232833802552390427e-17
3.008730366852871884e+04 4.344760200434940811e-15
3.008759518170903903e+04 1.022856350832818920e-17
3.008809386182927119e+04 8.632931699227790649e-17
3.008831694895714827e+04 3.077726745249049515e-15
3.008890873177035246e+04 5.617617166383661710e-15
3.008906024104187964e+04 7.968952635435228137e-16
3.008998358010961601e+04 7.824036425540356721e-18
3.009033073115809748e+04 3.027887279099096346e-17
3.009063841951601717e+04 2.412190171150908051e-15
3.009079426949534172e+04 1.810468034973150302e-15
3.009134184540770002e+04 2.239266573782658274e-16
3.009143007944786586e+04 1.325880047507177995e-16
3.009170248784356590e+04 2.170830192113800600e-16
3.009207382400281858e+04 2.334865032601642838e-17
3.009248223717830115e+04 1.356455341213302395e-15
3.009328851135723744e+04 2.174221240265051920e-16
3.009374030592827694e+04 3.901080363932706877e-17
3.009407389142454485e+04 2.126813703025331005e-19
3.009438337399136799e+04 3.146284178395709311e-16
3.009444834609374084e+04 1.740846816127825915e-17
3.009509494790605822e+04 3.331091131332296585e-16
3.009564408084754541e+04 7.081242877282055522e-17
3.009643976197152733e+04 6.864142085466651870e-17
3.009662202349133076e+04 2.374978281263220486e-17
3.009701666726703115e+04 7.207786589641632811e-17
3.009812999006886457e+04 2.022684435451390746e-19
3.009858213031363266e+04 4.928633965138785365e-17
3.009933313685686880e+04 2.076286627764116130e-17
3.009957939042254657e+04 7.691518463381496324e-18
3.009996258055790531e+04 2.784558492340669861e-18
3.010025295591900431e+04 7.748616366067487639e-18
3.010104638086133855e+04 8.512106471403999852e-19
3.010155397832217932e+04 1.490369230875599401e-18
3.010177321766992100e+04 2.123322193009536537e-19
3.010214901333958187e+04 1.161903607613346411e-17
3.010257029908755067e+04 2.610121772539147599e-18
3.010335355194739532e+04 1.037154189372795619e-17
3.010422367380970536e+04 3.041638056657588342e-18
3.010471080131430426e+04 9.577078558276047973e-19
3.010607203832663436e+04 1.816638349572022413e-18
3.010661442089970296e+04 1.820220139545623025e-18
3.010779970941703868e+04 1.240437904037641127e-19
3.010871434813801534e+04 3.177782854647895583e-19
3.010883627500388684e+04 6.686428019337312042e-19
3.010923632381124480e+04 6.377331123775180927e-21
3.010975099990367744e+04 2.779153782755009281e-19
3.010987494200644869e+04 1.089494783508166732e-19
3.011102345104772030e+04 3.737833265262018364e-19
3.011279716638483660e+04 1.122168807182818544e-20
3.011380743976864323e+04 2.172607734755724283e-22
3.011438093267813019e+04 2.907965728285864659e-22
3.011574273719944904e+04 5.290286234337860235e-22
3.011620954285955668e+04 5.291517232660222547e-21
3.011649140678914773e+04 5.093473957303527483e-20
3.011785374457858416e+04 2.026869712215144882e-22
3.011857107820999954e+04 3.723754211432537736e-21
3.012121086486004060e+04 3.525205496651239655e-22
3.012215794167648710e+04 1.651652749489792036e-21
3.012385122291295920e+04 1.438104838703177242e-21
3.012446382974242806e+04 2.056851775896934271e-22
3.012563416367915488e+04 2.661182625062599812e-23
3.012735735094638949e+04 8.665660435630977109e-23
3.012797451250419181e+04 1.046424958893451464e-23
3.013064527876630746e+04 1.306609457398351033e-23
3.013179140610899776e+04 9.717493282612209084e-24
3.013313390599124614e+04 1.975788248827226125e-24
3.013351724326935073e+04 9.843300918947190100e-24
3.013739314118255788e+04 1.287186790308247967e-24
3.013795956560293416e+04 0.000000000000000000e+00
3.014093125336245794e+04 0.000000000000000000e+00
3.014167530096979317e+04 0.000000000000000000e+00
3.014270722966482936e+04 0.000000000000000000e+00
3.014302521100945160e+04 0.000000000000000000e+00
3.014873955434580057e+04 0.000000000000000000e+00
3.014934903640929406e+04 0.000000000000000000e+00
3.015257163376682365e+04 0.000000000000000000e+00
3.015336209373467864e+04 0.000000000000000000e+00
3.015514281369029050e+04 0.000000000000000000e+00
3.015576137653845944e+04 0.000000000000000000e+00
3.016149563163667699e+04 0.000000000000000000e+00
3.016202446867402978e+04 0.000000000000000000e+00
3.016433413475352063e+04 0.000000000000000000e+00
3.016490276050613465e+04 0.000000000000000000e+00
3.017569678577715968e+04 0.000000000000000000e+00
3.017614419537962385e+04 0.000000000000000000e+00
3.017774548656934348e+04 0.000000000000000000e+00
3.017812394587384915e+04 0.000000000000000000e+00
3.019111501941475944e+04 0.000000000000000000e+00
3.019157465427676289e+04 0.000000000000000000e+00
3.019604385855498549e+04 0.000000000000000000e+00
3.019637340806721113e+04 0.000000000000000000e+00
3.020860145017559989e+04 0.000000000000000000e+00
3.020892585456966117e+04 0.000000000000000000e+00
3.023068994155988185e+04 0.000000000000000000e+00
3.023089750305914276e+04 0.000000000000000000e+00
