-2.999508036667257329e+04 9.837439850542982293e-10
-2.999419751207116133e+04 1.014716878694764487e-10
-2.999345264673696875e+04 2.366833711571318152e-11
-2.999282091631678850e+04 1.282567564555427496e-09
-2.999227921641872308e+04 2.172959305556640292e-08
-2.999180867097887312e+04 2.507980545381883756e-09
-2.999139560619866461e+04 4.177065793163963106e-08
-2.999102987690196460e+04 4.633565148394133025e-10
-2.999070393545925981e+04 2.474973763191842723e-08
-2.999041263366825660e+04 1.001714247605892867e-10
-2.999015033815827337e+04 1.535239385237598175e-08
-2.998998290874395752e+04 5.532824237579664435e-08
-2.998991054363282092e+04 2.386498881031332876e-09
-2.998970071503561485e+04 4.998777890089914831e-09
-2.998948596132235980e+04 1.287027693939314231e-10
-2.998928118789453220e+04 9.019560547285233342e-09
-2.998915237744682599e+04 5.299378374235439704e-10
-2.998900739883775532e+04 9.348135995193800546e-10
-2.998897418773573736e+04 5.858388605788906926e-09
-2.998874259455452557e+04 2.901176945460458818e-09
-2.998860604008824521e+04 4.065062612630583567e-11
-2.998831685145498341e+04 7.057831389535336674e-09
-2.998813975126373771e+04 7.859345783632839086e-09
-2.998804950210248353e+04 1.077279071427060103e-07
-2.998789289711069068e+04 3.460766463104064919e-09
-2.998762207697728445e+04 5.288123150883479875e-11
-2.998727374214968950e+04 3.464386958011938368e-09
-2.998720231705082915e+04 1.755230157718464227e-08
-2.998703907773030733e+04 2.464442082864597581e-09
-2.998679015468682337e+04 8.108713734265592039e-10
-2.998649790598975960e+04 6.526507082317444407e-07
-2.998641561494667985e+04 3.459484380314754755e-07
-2.998609527311503916e+04 7.120269906114219887e-09
-2.998581421638804750e+04 5.932270935390637075e-08
-2.998577193824357164e+04 8.100551184738660057e-08
-2.998538409320114079e+04 1.259328782254445994e-08
-2.998522532788498575e+04 1.396016756311638947e-06
-2.998507661047581132e+04 1.384925442022805817e-07
-2.998496264010711093e+04 2.160984105388747445e-06
-2.998485288603980371e+04 1.870981944704480177e-09
-2.998465164789984192e+04 9.585205963146026224e-08
-2.998439481131396678e+04 3.451895131467110758e-09
-2.998416755400808688e+04 1.392794090078319121e-08
-2.998403790096289595e+04 1.715129508008164315e-13
-2.998389662634315027e+04 1.108383964530092213e-08
-2.998373117523947803e+04 3.178990478055659514e-08
-2.998366236073059918e+04 1.107536788089827849e-09
-2.998331888038769102e+04 3.811247220349926422e-08
-2.998324505222947482e+04 9.694446074608377696e-10
-2.998295132033538903e+04 2.710997138446185891e-08
-2.998291931854601353e+04 2.037348095519727850e-08
-2.998284680178746567e+04 2.912041328036123647e-06
-2.998267941481012895e+04 3.647724107363034772e-08
-2.998258115766466290e+04 3.809640332361613584e-09
-2.998227063726297274e+04 7.529393163999054018e-08
-2.998215688810528445e+04 1.084727876974975418e-08
-2.998197130315852337e+04 9.168709403752918694e-08
-2.998185237284100731e+04 2.673075213032888652e-07
-2.998183156939062974e+04 8.270842935528561552e-07
-2.998168040609307718e+04 1.723900808561953783e-07
-2.998141530059020442e+04 3.675949580223798118e-08
-2.998124987547588898e+04 1.993026142622320805e-08
-2.998111820119380354e+04 5.563682092766580732e-07
-2.998094469658333765e+04 1.012803414397701707e-05
-2.998086522135715131e+04 3.013416458738406572e-05
-2.998077257311958965e+04 7.898929550907278298e-07
-2.998056837259105305e+04 4.044215559492231780e-07
-2.998048103105354676e+04 2.277206500125260348e-07
-2.998026969754100355e+04 7.479313695312745402e-08
-2.998021734617605034e+04 8.562019237211568878e-09
-2.997998362620003900e+04 1.138869696336413312e-06
-2.997996065600421207e+04 1.674945829463638620e-04
-2.997991748473050393e+04 3.485318404787506077e-07
-2.997981004695999945e+04 5.302787925556045580e-08
-2.997954220132187766e+04 1.183311290464348591e-06
-2.997941644037017613e+04 1.318724091743960594e-08
-2.997926421048319389e+04 8.007078637361228287e-07
-2.997914391995775077e+04 2.577524576671709337e-05
-2.997901896207148820e+04 1.756452934260202576e-06
-2.997888400103477397e+04 4.084908727585986342e-06
-2.997872523531595652e+04 1.971598438203955738e-07
-2.997844635533751352e+04 4.199822495725148844e-09
-2.997842955084982532e+04 1.810390890263494440e-08
-2.997834878319101335e+04 2.415580904624108572e-07
-2.997810414615803529e+04 3.489454963973251592e-09
-2.997782596877847391e+04 2.997840245651629072e-05
-2.997781361646381993e+04 3.735877190819907289e-05
-2.997763507873035269e+04 3.385130444086173215e-06
-2.997752289794877652e+04 8.907058543381450900e-08
-2.997745354491265243e+04 2.439074650754296944e-07
-2.997729140435205773e+04 1.495249354948432426e-09
-2.997712742987643287e+04 1.830280515608996483e-07
-2.997694965805911124e+04 2.957498679042806113e-06
-2.997674481723851204e+04 6.587528132646320881e-06
-2.997670586913923762e+04 2.915034037785263179e-08
-2.997633392857907165e+04 3.268884781986351816e-05
-2.997620984155072438e+04 3.718919564338625096e-08
-2.997577882634453636e+04 2.023671600989004072e-05
-2.997572840719922169e+04 8.802080708698568033e-04
-2.997565179129466924e+04 2.316687902441706703e-04
-2.997535063969427938e+04 5.573146535040040289e-07
-2.997513850042739068e+04 5.175021595101670095e-07
-2.997496037134687504e+04 6.379082579851187360e-03
-2.997494569274243258e+04 1.036920062485147633e-08
-2.997472022719791494e+04 1.571801310471752691e-07
-2.997462633759199161e+04 2.772873849477108632e-07
-2.997441469039795993e+04 9.320530143673601407e-09
-2.997418844096052271e+04 7.245599825999057233e-08
-2.997388146963633335e+04 9.686265817502069187e-05
-2.997379916251497343e+04 1.577686969281395573e-06
-2.997370279710802060e+04 9.016309963894501527e-07
-2.997337731957940559e+04 6.900646366237892111e-11
-2.997319281086223782e+04 5.716268209515462742e-07
-2.997302686134900068e+04 2.179109936190859461e-06
-2.997289272629510378e+04 1.498629832719300954e-07
-2.997283116842728123e+04 4.652075253402821739e-05
-2.997280437920694385e+04 2.793252301613645405e-02
-2.997253425013877131e+04 8.695287506136782257e-08
-2.997236777894652550e+04 9.688162924781757860e-08
-2.997210255395563945e+04 1.770142032305487773e-08
-2.997192390109533517e+04 3.883461786738558428e-09
-2.997173313345711722e+04 3.429701977555288778e-09
-2.997172186353982761e+04 2.028753700034576553e-09
-2.997152216861032502e+04 4.132464293545365898e-09
-2.997134099510502710e+04 4.580891795101646561e-09
-2.997119580662807130e+04 2.023532901795080979e-07
-2.997094110335194637e+04 1.918097375312005139e-08
-2.997068091607467068e+04 4.522944725661980668e-07
-2.997063905018719379e+04 3.188573561871389615e-08
-2.997040276889571032e+04 1.150128287250561897e-06
-2.997030371505300354e+04 1.574607404421734788e-08
-2.997016045958946779e+04 2.835008531151982160e-07
-2.996996031556327216e+04 9.506262180029980691e-01
-2.996992904848995022e+04 7.936017402845069035e-07
-2.996978150913558056e+04 2.409907016513721393e-07
-2.996964725618857119e+04 6.099308641429765347e-07
-2.996956369729268772e+04 6.316418054113272921e-07
-2.996923933633780325e+04 2.894757897718633191e-07
-2.996919801691718021e+04 7.005558150232780872e-07
-2.996901438185517327e+04 4.081903171061727107e-06
-2.996888095118319688e+04 3.632639059760900261e-07
-2.996866379396217962e+04 8.944702204003621111e-06
-2.996858451430345667e+04 5.528943430592002243e-05
-2.996851433926601749e+04 1.801139789537444587e-05
-2.996836577138876237e+04 3.862713836567723187e-07
-2.996800180603909757e+04 2.682293739106361507e-08
-2.996786750612535616e+04 2.236429316610037423e-09
-2.996780190824491365e+04 7.005818602567092205e-06
-2.996777905181191818e+04 2.541619593220410860e-08
-2.996757446928755598e+04 1.447184605686019284e-07
-2.996729908325510405e+04 2.285252339725789032e-09
-2.996719869990671941e+04 2.696932296069868476e-09
-2.996706926671892506e+04 1.623178828358142574e-09
-2.996672399071432301e+04 1.255930236118658586e-05
-2.996668065971941542e+04 8.173346678779436835e-07
-2.996657637602921386e+04 9.112509300199149580e-07
-2.996647849019287605e+04 2.498449051709701984e-09
-2.996630424068680804e+04 4.894605059038138908e-10
-2.996600134092466760e+04 2.747510720793595900e-09
-2.996581632826771602e+04 7.130098630403341605e-11
-2.996574525890270888e+04 3.602070000211335687e-07
-2.996565105769768343e+04 6.211506494780698502e-04
-2.996564422771501268e+04 2.615331502955622282e-04
-2.996540661828309385e+04 7.846033386323589616e-10
-2.996524024319213277e+04 8.357739357144077636e-09
-2.996496029882466974e+04 6.788019836963954043e-03
-2.996488149511129814e+04 5.489084120182413572e-09
-2.996475373178065274e+04 1.514065601778432493e-09
-2.996467453219320305e+04 9.352957658918542671e-10
-2.996465752007142873e+04 4.920061183935414490e-10
-2.996458125232585007e+04 2.289041039258557415e-07
-2.996428590066540346e+04 1.945824215020190307e-09
-2.996413641513384209e+04 9.819845607639213551e-10
-2.996402847636796650e+04 1.453458031004658434e-08
-2.996388078807443526e+04 6.839540839928369550e-05
-2.996383902712623239e+04 1.349677442374025157e-08
-2.996358192249375134e+04 1.873161490995584716e-07
-2.996352958312610644e+04 4.814915388439374384e-06
-2.996340585789086253e+04 2.540623837557591999e-08
-2.996316017275975173e+04 7.937248035366149948e-09
-2.996311600327599808e+04 6.580302593315188389e-09
-2.996296199697171323e+04 1.417701954110161178e-09
-2.996284524372300075e+04 1.865322765700745039e-12
-2.996280108364388434e+04 4.990942071219151184e-03
-2.996256662456569029e+04 4.778048499911482488e-08
-2.996254320078356614e+04 1.907737364874641459e-08
-2.996246869849546056e+04 1.160225507114099409e-08
-2.996233628783471795e+04 1.701089341525490293e-08
-2.996206590072641848e+04 9.300245469997528072e-10
-2.996198766353903193e+04 3.363133156489324217e-08
-2.996177383360601016e+04 3.150989793187087573e-07
-2.996172109107889264e+04 1.706901159011325241e-06
-2.996168438753468581e+04 7.317201398961876372e-08
-2.996155031380242144e+04 7.444148915445688513e-07
-2.996137901660287389e+04 1.706600837595451312e-06
-2.996123816748382160e+04 2.379462778870265121e-07
-2.996100825638339666e+04 1.421222490276399824e-09
-2.996089394242768685e+04 9.576250706197974538e-11
-2.996084210653447008e+04 3.709677924120635787e-15
-2.996064098905172796e+04 3.168353460036809862e-05
-2.996043561272519219e+04 1.722009019998288677e-09
-2.996031716494062130e+04 1.246132966513393592e-08
-2.996029855894037246e+04 3.998061116508708625e-09
-2.996018976791654859e+04 2.278448799293148426e-10
-2.996007678653200855e+04 2.496492719070715364e-10
-2.995996020042216333e+04 3.845714986871061510e-04
-2.995964030275650657e+04 1.247711887796132735e-08
-2.995956155810773271e+04 4.122296024394057181e-07
-2.995950130154582803e+04 6.244257707555516306e-09
-2.995942101891273705e+04 1.190795197484285254e-07
-2.995927333171543069e+04 3.510612005826770203e-09
-2.995895676017278674e+04 1.261265362423978585e-10
-2.995888006542638686e+04 7.763885359064221449e-06
-2.995881586692641213e+04 4.879364200681174432e-10
-2.995875894960243386e+04 2.055228914263175190e-09
-2.995852856925249580e+04 1.813471798149106025e-07
-2.995848442027389319e+04 1.465162337663046243e-05
-2.995845906218267555e+04 6.342921170085972493e-09
-2.995833802392614962e+04 5.143454190960417808e-10
-2.995825941887318186e+04 3.367685965934478393e-11
-2.995786071115306549e+04 7.166644486899464767e-09
-2.995782075951229490e+04 2.750391858466206206e-09
-2.995779848275227414e+04 5.124085205567608682e-05
-2.995759463314539607e+04 1.106393095715213007e-09
-2.995741541656384288e+04 3.402918036455120573e-08
-2.995737330857177585e+04 6.575084240865268218e-10
-2.995726297118701405e+04 1.133823804163506898e-10
-2.995695455676810525e+04 1.493694105621838220e-09
-2.995687737288636345e+04 5.768545307397477233e-12
-2.995674839703263569e+04 2.121021025348731838e-08
-2.995671418801787513e+04 7.315850773214515288e-07
-2.995650803167709091e+04 6.313803841447398668e-11
-2.995639393363994168e+04 2.502137749128329222e-08
-2.995636746064160252e+04 5.930107270172408041e-08
-2.995635905194617590e+04 4.980737591232547714e-07
-2.995609773346182919e+04 8.843765756260118587e-11
-2.995590268249764267e+04 1.714315506881180420e-09
-2.995563634069087493e+04 6.481220125957957775e-07
-2.995562720593732956e+04 2.249461486465088837e-05
-2.995559465250376161e+04 1.029747133470039065e-07
-2.995535813720120495e+04 3.312702062962344727e-09
-2.995533074918967031e+04 1.052225000143859585e-09
-2.995516496245834787e+04 2.858452357856203470e-11
-2.995502067954631275e+04 1.898806435974056376e-09
-2.995495924767144243e+04 5.466611547828003247e-07
-2.995481498688694410e+04 1.372893673122059853e-10
-2.995453656322420284e+04 1.276733336651582956e-07
-2.995448680723938378e+04 2.499110863730299032e-08
-2.995444898518002810e+04 6.510193494182220907e-09
-2.995427543937783412e+04 3.475194308809925243e-08
-2.995418187229889372e+04 9.781863877174873894e-11
-2.995401361164156333e+04 2.705623369434160907e-08
-2.995387484977833446e+04 5.139615397742827718e-07
-2.995386931648285827e+04 2.426599777417883472e-09
-2.995366372442667489e+04 1.566185733431519015e-09
-2.995355821046612618e+04 4.187134329111718192e-10
-2.995349370741882376e+04 1.197375453202852149e-11
-2.995344057589060685e+04 2.116568788291483576e-06
-2.995312737292562815e+04 2.340680119809152133e-11
-2.995296434991150454e+04 2.673228708771813935e-08
-2.995293032436233261e+04 3.357490820673950870e-09
-2.995282360976609925e+04 2.981373015812174365e-07
-2.995278352229858865e+04 3.205759993874300704e-05
-2.995249023955635494e+04 1.860364836368953624e-09
-2.995234489796554044e+04 9.143878636788803185e-09
-2.995228098316782052e+04 3.048749877510704508e-10
-2.995217720086160625e+04 3.012315241854650901e-10
-2.995209321816494048e+04 2.477698256718972734e-09
-2.995168470445829007e+04 2.330056868684573896e-07
-2.995165315491642104e+04 4.055925339055872175e-09
-2.995146895239242804e+04 5.747459248373901977e-10
-2.995130643985776987e+04 6.329024991585564435e-10
-2.995123888665598861e+04 2.175025285916396963e-07
-2.995117138140752650e+04 4.599207873625445984e-10
-2.995107834749728863e+04 8.466238787012959719e-11
-2.995087156128297647e+04 7.481096472991122498e-12
-2.995057725367232342e+04 2.295172405813630858e-06
-2.995057612436003910e+04 2.034737511523238766e-08
-2.995049634676029382e+04 2.879156740951727716e-09
-2.995040149870224559e+04 1.327775225392516171e-08
-2.995023973580551683e+04 3.110183983322665462e-09
-2.995013753133682985e+04 2.991713804170055875e-09
-2.994994939592936862e+04 6.706649778051498147e-07
-2.994982304327961174e+04 5.992343902775821899e-10
-2.994973035918359528e+04 1.887599338581658563e-09
-2.994950925411394928e+04 2.299314264596585637e-10
-2.994946029417238242e+04 6.045276438379211861e-09
-2.994934402747206695e+04 2.551028438873721252e-11
-2.994924108410925692e+04 2.769782908947775452e-10
-2.994906427043622170e+04 2.414282468759913183e-08
-2.994889289134321734e+04 1.417842108471030388e-10
-2.994883746401545795e+04 5.171597924575934494e-08
-2.994870719117733461e+04 1.180894158623921736e-09
-2.994850729361161211e+04 8.785585410341660676e-11
-2.994843960051296381e+04 4.098336044509191758e-09
-2.994833279591767132e+04 8.056267894182991151e-08
-2.994802829140384347e+04 1.687320564231068702e-11
-2.994795824381911007e+04 4.530095262501337489e-11
-2.994794654126530440e+04 5.868610847074924461e-10
-2.994771308408972254e+04 6.945380999992993059e-07
-2.994760997131677141e+04 1.252723836400274155e-10
-2.994753244865864690e+04 3.165007530673894037e-11
-2.994738875452427237e+04 5.940877342157377617e-11
-2.994718572254005630e+04 1.673205574470260808e-09
-2.994712558107619770e+04 5.869987737406338148e-10
-2.994702366763594182e+04 1.180584241146676248e-08
-2.994690411559503991e+04 2.798384708830528431e-09
-2.994671107914532695e+04 3.578203520054297660e-09
-2.994657914007589716e+04 7.183639076491480817e-10
-2.994647176863342247e+04 1.565174705487993359e-11
-2.994627336151095369e+04 1.969349545188363054e-09
-2.994610465200340332e+04 5.808160741900873836e-11
-2.994603056943172851e+04 2.742955629010725798e-08
-2.994583059138884710e+04 2.149967886474116252e-09
-2.994566092019608550e+04 8.338164609898896962e-10
-2.994563704205482281e+04 4.082009456255611989e-10
-2.994548310969840895e+04 5.379934424946918802e-10
-2.994542280773407765e+04 2.545157550101779864e-07
-2.994518303786647084e+04 3.976548668150292168e-09
-2.994511316468040604e+04 3.716156493092326620e-09
-2.994497980601028758e+04 8.004288735644162068e-10
-2.994486854501806374e+04 1.057106138816083288e-11
-2.994480573735759754e+04 4.121725704875764492e-10
-2.994456805798717687e+04 4.055943979643061333e-10
-2.994433966684790357e+04 6.360880879404383483e-10
-2.994430556555805015e+04 4.463801140632238007e-12
-2.994416529930944671e+04 1.848074478022498921e-09
-2.994393500942701939e+04 2.019865859658368256e-11
-2.994374424919538433e+04 2.018541716316850679e-09
-2.994366877739908523e+04 1.744190741208632822e-09
-2.994364746953621216e+04 6.437279038162912136e-11
-2.994356883043101334e+04 6.163209179899646786e-09
-2.994346051701467877e+04 4.655420150534402836e-11
-2.994337873661086269e+04 4.964762451682352482e-10
-2.994300577409596372e+04 1.093308944944882698e-08
-2.994287630841476494e+04 3.801119439851803757e-09
-2.994285300976560393e+04 2.255309271946854767e-09
-2.994269238593735645e+04 1.813628965656504004e-09
-2.994235536988217791e+04 2.497269434068543414e-11
-2.994230792039439621e+04 6.007519795212657516e-08
-2.994225065599938171e+04 4.378907728658029891e-09
-2.994222597087280883e+04 7.523608390716236977e-09
-2.994202210028591799e+04 3.339918181321801573e-10
-2.994187342967950462e+04 1.231434148199603740e-13
-2.994154729637403216e+04 1.437240227216842438e-11
-2.994154132791445591e+04 3.480609940120287990e-11
-2.994140352167514357e+04 1.253509460342755200e-11
-2.994110883793413450e+04 5.151323176638324706e-11
-2.994108133886684300e+04 4.552209136370995837e-10
-2.994093936577675777e+04 1.850324884408735871e-11
-2.994090749258442884e+04 1.127830623821284471e-10
-2.994083181116214473e+04 3.029703926682411335e-09
-2.994032542209544044e+04 2.613861771129327056e-11
-2.994020092206589106e+04 1.442697207405986224e-12
-2.994015690672263736e+04 1.229251169838487309e-09
-2.993983146797214067e+04 5.037968031546722836e-11
-2.993968515707456027e+04 2.000379786580574333e-10
-2.993942526538262609e+04 7.843790889259306389e-09
-2.993938898280157446e+04 6.463512886441364364e-09
-2.993926791338638941e+04 3.818350245062698045e-08
-2.993920883984548709e+04 1.237478540313674810e-09
-2.993884318568103481e+04 1.375953751617294883e-11
-2.993874384118245507e+04 3.986092910043257071e-10
-2.993869043038351083e+04 2.591492195794142987e-10
-2.993852173266402679e+04 5.102656344846453140e-10
-2.993837306568562417e+04 3.562128525437955870e-11
-2.993796745155899043e+04 2.988127776299359418e-12
-2.993771199166844235e+04 2.141354291190938597e-10
-2.993764225826767870e+04 6.221506442390880275e-11
-2.993753852494083185e+04 3.170167388336657329e-10
-2.993741483298714957e+04 1.841920664468384111e-16
-2.993728164352178646e+04 2.085949167260209938e-09
-2.993715406712077311e+04 1.381544784385046980e-10
-2.993705341235378000e+04 2.664171791634045954e-11
-2.993691247885821940e+04 3.626886305026808774e-10
-2.993652365085912606e+04 4.353029523367834165e-11
-2.993633128749284151e+04 4.902803701565678604e-11
-2.993614349209975626e+04 1.772743506555140164e-12
-2.993608183878051568e+04 4.882278484244588541e-11
-2.993589496017731653e+04 3.248656253573400727e-11
-2.993576584820392964e+04 2.464313785799802340e-12
-2.993556128493598953e+04 6.695593544652201425e-11
-2.993538919267485107e+04 1.709893033664781446e-11
-2.993517474485086132e+04 2.359688002344960174e-12
-2.993488354675185110e+04 1.617608902260226779e-11
-2.993455030475814783e+04 3.096519255699717524e-11
-2.993443335503331764e+04 2.572069054759612494e-11
-2.993428636175921565e+04 4.397198184921349408e-13
-2.993416739149668865e+04 2.801186976046225120e-12
-2.993413951900509710e+04 3.260071688287632036e-11
-2.993372653692116364e+04 6.778440022816420532e-11
-2.993361540837452048e+04 5.323124819243639615e-12
-2.993343431931829036e+04 1.506188991913239282e-12
-2.993306179600998439e+04 3.221089142215154716e-10
-2.993286212089360561e+04 4.419913048212823690e-10
-2.993268873908280511e+04 2.666374299717174532e-10
-2.993266297030669739e+04 1.475388577221413550e-11
-2.993206779532811925e+04 8.268368707344468939e-11
-2.993205225583645006e+04 8.255900975504699957e-11
-2.993186215939465910e+04 1.485109561918473682e-11
-2.993164846007017695e+04 3.262636653223513789e-14
-2.993131994488310011e+04 7.295087639806977666e-12
-2.993123344992760394e+04 4.558218658565474180e-15
-2.993106514104397502e+04 1.347660205897440369e-11
-2.993099160236926400e+04 8.110639155279619135e-11
-2.993058524928255792e+04 1.708813656574281534e-11
-2.993018909906032786e+04 1.799755517795127657e-12
-2.993000705307616954e+04 2.714096562872745710e-11
-2.992990592335195106e+04 3.184753196426527313e-13
-2.992968107968684490e+04 1.703537028171104242e-12
-2.992962741203457699e+04 1.940464841647713367e-12
-2.992932776648879371e+04 1.152531544506414847e-11
-2.992864560288372377e+04 5.660298597298779332e-13
-2.992855240302417951e+04 3.538466049134280878e-12
-2.992839263850482894e+04 1.491864842474562535e-11
-2.992815666089406659e+04 2.832198540464046580e-12
-2.992799738133955543e+04 3.121775248285489317e-14
-2.992761490446884636e+04 2.084685544641097408e-12
-2.992731994343593033e+04 3.134583821874525844e-14
-2.992725020108289391e+04 3.657680498549868080e-12
-2.992684002138329379e+04 5.184165484406915955e-13
-2.992662595241286908e+04 1.559323809900199803e-13
-2.992633578365843641e+04 1.047864277459626811e-13
-2.992613767923316846e+04 3.465151747622037324e-12
-2.992586199763726836e+04 6.857239342643899170e-14
-2.992567244297257639e+04 5.365780009075009817e-14
-2.992539652052021847e+04 2.251794080865272485e-14
-2.992521557040267362e+04 5.508309332848018230e-13
-2.992486291904237441e+04 7.894756039345395769e-15
-2.992459851074198014e+04 4.197518981585243406e-13
-2.992417324001171073e+04 4.934871210692158626e-14
-2.992410469069213286e+04 5.138414194338837574e-17
-2.992401977170044847e+04 1.469770369102663958e-13
-2.992351558437630229e+04 3.793701329510381028e-14
-2.992326469670313236e+04 1.091928304267701855e-13
-2.992298751508471105e+04 3.818975755345419569e-16
-2.992279996012525589e+04 2.675755998436366780e-14
-2.992240224723405481e+04 1.700988312681637018e-13
-2.992228718112269416e+04 2.046840792591969389e-14
-2.992190006146237647e+04 2.371033377452559997e-13
-2.992173553958629418e+04 6.072409558247471662e-14
-2.992163517464566758e+04 1.591080540359085887e-14
-2.992142514193315583e+04 1.875195608807428505e-14
-2.992110502605414877e+04 2.339593809179139035e-14
-2.992063581828802126e+04 2.714667983656653459e-14
-2.992032381035180515e+04 2.260960690278201182e-14
-2.992001383213711961e+04 6.443750386990241874e-14
-2.991975999079922622e+04 2.716007917780446393e-14
-2.991932052038364054e+04 2.959463382542417006e-15
-2.991890205369716205e+04 5.722595622015615286e-16
-2.991860885025667812e+04 3.192103009226841166e-15
-2.991837687936904331e+04 1.478196561824777966e-14
-2.991808014175035714e+04 1.020692308363394879e-16
-2.991763696707619965e+04 8.854525966145554245e-17
-2.991722066910664580e+04 2.553991931597039391e-18
-2.991692156538417476e+04 6.918550029894462420e-19
-2.991660581937194002e+04 1.685697446378743702e-15
-2.991622630399277477e+04 1.777024578934176879e-16
-2.991590313769936984e+04 1.378858453293605478e-15
-2.991575804277395582e+04 1.279931731288212380e-15
-2.991546523098187390e+04 1.260143071082159184e-16
-2.991484364995365104e+04 3.405259018468917093e-17
-2.991453873543138980e+04 8.440708032437719327e-18
-2.991423701701355458e+04 5.604075535032550439e-19
-2.991365540326990231e+04 4.903535101024718774e-16
-2.991346488313079317e+04 1.923117040059160692e-16
-2.991308554365287637e+04 4.812779973964442135e-17
-2.991267896344005567e+04 2.891626591434094335e-16
-2.991221241454759001e+04 5.247222825997254308e-18
-2.991198906222845471e+04 1.787941101934746370e-17
-2.991160082983452594e+04 2.219689657007128479e-16
-2.991111637013903237e+04 9.020710712269035424e-19
-2.991109308212063115e+04 3.373977564176387930e-22
-2.991075798738547019e+04 1.965888751009193238e-18
-2.991043225297012395e+04 8.945282750118690467e-19
-2.990976328685189583e+04 9.979755696746179940e-19
-2.990880782831274337e+04 3.666436899195419972e-17
-2.990837706953068118e+04 1.793757951996671891e-17
-2.990758036338742022e+04 1.689019367121326440e-18
-2.990730665722372942e+04 1.802939693089748999e-18
-2.990714431774526020e+04 5.393437599277287038e-18
-2.990667334566966383e+04 6.369577060401216468e-21
-2.990599470579523040e+04 3.522788255758428366e-19
-2.990560767037291953e+04 2.449386327383005827e-19
-2.990542553076331751e+04 5.972812266646360338e-19
-2.990516006865147574e+04 5.369725246910269702e-19
-2.990468979144255354e+04 1.193057304433030019e-19
-2.990433717131072990e+04 1.689907205599276075e-21
-2.990411931991443998e+04 1.130431268620726149e-19
-2.990374540358509330e+04 8.001150683282360320e-21
-2.990353106920713617e+04 1.387856209679622584e-22
-2.990241078100990489e+04 1.291426714474108615e-20
-2.990176396215231216e+04 1.307786163551306156e-19
-2.990155824813872096e+04 1.267862634017732145e-19
-2.990106832037823915e+04 1.518297980179524293e-21
-2.990082231677191521e+04 8.726935770621586699e-21
-2.990030401575726501e+04 1.865989215773943616e-20
-2.989983957992713840e+04 9.038252734227465895e-20
-2.989894353190818947e+04 1.763473477642490276e-21
-2.989776737171766945e+04 1.813615936205684236e-21
-2.989733029105864625e+04 5.121680760818374484e-21
-2.989626329418123350e+04 2.067449688524705217e-21
-2.989608003929875122e+04 1.220603995750070551e-22
-2.989539576075551304e+04 1.042197034928909810e-21
-2.989467034802363560e+04 6.052774405229388935e-23
-2.989427174105128142e+04 3.594738051303371808e-22
-2.989380510740918180e+04 5.633755610099455359e-22
-2.989317435587258660e+04 1.210025798816185203e-22
-2.989293489933763340e+04 2.300971871567480344e-22
-2.989260087798629684e+04 2.365006136432894564e-22
-2.989181168622159748e+04 2.651243778607289786e-24
-2.989060268233486568e+04 1.266460492033456181e-23
-2.988837831721125985e+04 0.000000000000000000e+00
-2.988809653614009221e+04 1.114713073988520329e-23
-2.988666768969242185e+04 2.072369843835035887e-24
-2.988615979121485725e+04 4.183086297979138250e-24
-2.988577409442684439e+04 0.000000000000000000e+00
-2.988529401289017915e+04 3.857981452053048025e-24
-2.988496085223605769e+04 0.000000000000000000e+00
-2.988410071596010312e+04 0.000000000000000000e+00
-2.988307140656627234e+04 0.000000000000000000e+00
-2.988227185024011123e+04 0.000000000000000000e+00
-2.988176550783724451e+04 0.000000000000000000e+00
-2.988142916304540995e+04 0.000000000000000000e+00
-2.987875047534264741e+04 0.000000000000000000e+00
-2.987819039071762381e+04 0.000000000000000000e+00
-2.987702532940430319e+04 0.000000000000000000e+00
-2.987645562529832387e+04 0.000000000000000000e+00
-2.987547670140497939e+04 0.000000000000000000e+00
-2.987451588041229115e+04 0.000000000000000000e+00
-2.987433574745732039e+04 0.000000000000000000e+00
-2.987382510542550517e+04 0.000000000000000000e+00
-2.987119080085571477e+04 0.000000000000000000e+00
-2.986950872638308283e+04 0.000000000000000000e+00
-2.986691948396889347e+04 0.000000000000000000e+00
-2.986613804278838506e+04 0.000000000000000000e+00
-2.986441229614963595e+04 0.000000000000000000e+00
-2.986335634146886878e+04 0.000000000000000000e+00
-2.985994917461789373e+04 0.000000000000000000e+00
-2.985966302734252167e+04 0.000000000000000000e+00
-2.985737300452783893e+04 0.000000000000000000e+00
-2.985664350288903006e+04 0.000000000000000000e+00
-2.985390865300082442e+04 0.000000000000000000e+00
-2.985339195759789072e+04 0.000000000000000000e+00
-2.985109305227151344e+04 0.000000000000000000e+00
-2.985016476229610271e+04 0.000000000000000000e+00
-2.983725269283001762e+04 0.000000000000000000e+00
-2.983696114932403361e+04 0.000000000000000000e+00
-2.983437051321541730e+04 0.000000000000000000e+00
-2.983385628204215755e+04 0.000000000000000000e+00
3.000492189980559124e+04 4.187834240035151423e-16
3.000580969216068115e+04 1.424324272662155111e-14
3.000656007470931218e+04 4.184435223728434695e-16
3.000719789112355284e+04 8.113897801444405865e-15
3.000774618916392137e+04 5.424622906513393802e-15
3.000822379415346950e+04 7.887445661799593198e-14
3.000864431498380873e+04 2.568059154689063687e-15
3.000901789311784160e+04 5.708005931368835878e-14
3.000935210163216834e+04 2.670836174376346612e-16
3.000965209899109323e+04 3.251428958760098338e-14
3.000992337467525795e+04 2.676187334494277537e-16
3.001002263141226285e+04 1.410051752554948605e-14
3.001017187249690323e+04 1.566079324954654108e-14
3.001039527455803545e+04 4.005969803946820921e-16
3.001061329624983046e+04 8.463226981436686711e-15
3.001083778647827057e+04 2.916706508647836848e-16
3.001102114703222469e+04 1.864310301382682812e-13
3.001105082810289605e+04 9.674286645594759431e-14
3.001114655367813248e+04 3.320686412627945927e-18
3.001145741430513226e+04 3.534844777013773347e-15
3.001156378074361055e+04 4.364427627310760784e-15
3.001181256458563075e+04 1.974591904976752187e-19
3.001196050797125281e+04 2.249944909393115122e-14
3.001201341085213789e+04 1.108243953482454389e-15
3.001229410006122998e+04 6.375633584241415152e-16
3.001254741493694019e+04 1.192275607095137869e-16
3.001280418870427820e+04 1.161348862604802374e-12
3.001293876989796991e+04 1.296083548198251180e-13
3.001313527676351441e+04 2.185694571771844100e-15
3.001339592288975473e+04 1.190412754538672257e-14
3.001357125126375831e+04 1.273112585548124157e-13
3.001377399297590819e+04 7.039803712656656288e-17
3.001415925646493270e+04 3.394264598633722243e-13
3.001426967459334264e+04 1.795489850997660164e-12
3.001447638803101290e+04 3.889249489389405028e-15
3.001482575567687309e+04 3.238635628553585451e-14
3.001486785059202521e+04 4.198334582628834642e-14
3.001504194743734479e+04 3.682164618966682722e-13
3.001518336713690951e+04 2.308001109281312937e-16
3.001540380960290713e+04 7.828320850658776651e-13
3.001551274550195012e+04 1.907093048413342174e-13
3.001587966345268796e+04 8.910575793111144522e-14
3.001599509814160410e+04 1.975621462274112043e-13
3.001611784954160248e+04 1.632293215646046742e-11
3.001634415116270975e+04 2.031409416980864478e-14
3.001643755820431397e+04 3.287149236357128610e-14
3.001670875673600312e+04 8.750224254668159787e-15
3.001684034108565538e+04 2.316078514647861474e-14
3.001706088770524002e+04 2.559103087756964761e-14
3.001716248890917632e+04 1.134874118422370864e-13
3.001724652253826935e+04 3.833482639149062487e-15
3.001751237892175413e+04 4.127982211823164751e-14
3.001760403624692844e+04 4.075588958438029195e-14
3.001777896870641052e+04 1.255215701624562446e-16
3.001792075677513276e+04 1.378911181684907755e-14
3.001816496364946943e+04 1.497611024535902505e-12
3.001824757986304758e+04 1.524124700224696120e-12
3.001839317014821427e+04 1.163794392834315467e-14
3.001854707653946389e+04 6.537908673013812021e-14
3.001876976243874378e+04 1.518690758541933650e-13
3.001885682605533657e+04 1.005382824715173597e-13
3.001904384578093959e+04 6.612757343839631227e-13
3.001915954422192226e+04 1.569100361755737232e-12
3.001929323000398290e+04 2.553340112831579233e-13
3.001933075643721168e+04 3.707851846396458703e-13
3.001956868434451826e+04 6.358717220424585903e-14
3.001966260145702108e+04 6.159794179889142025e-13
3.001990788743372468e+04 3.065878887498390090e-12
3.002000450837702010e+04 3.370540450196442382e-11
3.002004387462820523e+04 5.494875774940064638e-12
3.002010289378670132e+04 4.324973383107018406e-11
3.002021385728209134e+04 4.391423126393477496e-12
3.002039771308151103e+04 2.916472330279454027e-13
3.002051942570642495e+04 3.710145307504560071e-13
3.002076759264188513e+04 5.737145872743681446e-14
3.002093095035603983e+04 2.142383824097996642e-13
3.002108472793733745e+04 2.286004060876077826e-13
3.002112955179431810e+04 1.263401044064724513e-10
3.002117996448649137e+04 1.679983890797180139e-14
3.002136297826826922e+04 6.342159996471918697e-15
3.002166822526492251e+04 1.034217269445302169e-15
3.002172708892606170e+04 5.721864685427438764e-18
3.002198953114530013e+04 1.274387232364027094e-15
3.002219176807503391e+04 7.105324464655229801e-13
3.002220428826842181e+04 1.992754189453703308e-11
3.002231991385752917e+04 1.042462206493607840e-14
3.002247562861696133e+04 1.532989790310213443e-13
3.002258670077696297e+04 1.652928560539090270e-15
3.002268107805161344e+04 5.065984949859788057e-13
3.002305423845077894e+04 1.252105698398315988e-11
3.002310170203484813e+04 1.496024936183431928e-10
3.002322308415055522e+04 4.806720871405334904e-11
3.002329417603277398e+04 1.107017044389830157e-09
3.002347189304411950e+04 1.365420731615385821e-11
3.002371599157324090e+04 1.686233853947983850e-13
3.002392814446672128e+04 2.385686703736683019e-13
3.002424640716822250e+04 4.953424103562596019e-15
3.002432855285918413e+04 1.532594814366940546e-14
3.002446352967658822e+04 1.477380864261688520e-13
3.002467110624396446e+04 2.269124510870188261e-14
3.002497871733477587e+04 2.175198148836880627e-14
3.002502382796320671e+04 4.922919979744505086e-14
3.002504417380293671e+04 2.231903904824291163e-10
3.002532902334291794e+04 7.256799953855114532e-13
3.002534690634224535e+04 5.441972942375364325e-13
3.002549937625456005e+04 2.501139693282934071e-13
3.002594373336672652e+04 2.865413269746872367e-13
3.002598177107449010e+04 3.620384688479139101e-15
3.002613205260521136e+04 1.455583801121590182e-08
3.002628283101130364e+04 2.798833221234512640e-13
3.002642938161988423e+04 1.816501260788486074e-13
3.002678884058558469e+04 2.546088057473928420e-13
3.002705821883775570e+04 2.455005937581785095e-13
3.002714698949921149e+04 1.080234182547093844e-11
3.002721812481194502e+04 5.628022453704746563e-13
3.002726293360373529e+04 3.972050269245134418e-12
3.002729696880392657e+04 5.044265015914145793e-12
3.002763382592075868e+04 5.088852033053010622e-14
3.002779037806677297e+04 1.716054805350539020e-13
3.002803992208094132e+04 1.407832188275572924e-13
3.002821708929582746e+04 4.068311374309143963e-14
3.002829901833341501e+04 6.976665298624268295e-12
3.002847168335511742e+04 2.178337326844340054e-14
3.002868855076401451e+04 4.103674932191915285e-15
3.002886849977700331e+04 1.500953546110236691e-16
3.002891704092923101e+04 7.868939822665390048e-13
3.002926404860000548e+04 1.758346148089946324e-14
3.002936466594249578e+04 6.995044833050202509e-12
3.002956151080341078e+04 4.153083171547596249e-15
3.002974249313822293e+04 6.820408933023074774e-14
3.002988343703920691e+04 5.022519362932779594e-14
3.003004422792936384e+04 5.594126067633985595e-12
3.003006712684901868e+04 4.158919573055039452e-13
3.003027486636340109e+04 2.433433485072116310e-12
3.003034281497895427e+04 1.267221304383510578e-10
3.003048142519651083e+04 1.573031159761207736e-10
3.003059555853068014e+04 9.047443378741425554e-12
3.003094237684369364e+04 5.871925802176056627e-14
3.003097430967123000e+04 1.170828446917368149e-13
3.003113255919746371e+04 2.524640879345385235e-11
3.003117253060069925e+04 7.355638690875341032e-14
3.003147732870822074e+04 4.286874410797085900e-14
3.003155500832803591e+04 1.954744309687689475e-15
3.003163461176403871e+04 5.683295302539459465e-14
3.003182563615446634e+04 5.851579694432599542e-15
3.003215391760543571e+04 1.029326137934041337e-15
3.003222056510036782e+04 4.247249150625083280e-11
3.003231208809237432e+04 5.816433383195097206e-14
3.003243148922235196e+04 8.589712096968171473e-14
3.003250638462797724e+04 4.764356571179181007e-13
3.003292057356592704e+04 1.408553938295516744e-14
3.003298130923582357e+04 1.255343768938714535e-14
3.003310902741842074e+04 3.723086707053792069e-14
3.003330746645279214e+04 2.347233961958548448e-09
3.003343628957698820e+04 1.824422011208871558e-15
3.003356876494531753e+04 1.184385625902900563e-16
3.003380714266087671e+04 1.515249600295813366e-15
3.003387034218460758e+04 3.469055292558141089e-15
3.003419746642149039e+04 6.888478975440709109e-14
3.003437123805400552e+04 8.442862937286625483e-13
3.003439139475263073e+04 6.452463128249538636e-14
3.003441379345380119e+04 2.618504302298746492e-13
3.003460153305751737e+04 4.008762756937876159e-14
3.003480737882021276e+04 8.620369369511046860e-15
3.003495404305343254e+04 1.254766138206995741e-14
3.003504424384766025e+04 1.973231524197859477e-10
3.003524785032542786e+04 4.211131467804416758e-14
3.003541934783919714e+04 2.975369538598910608e-15
3.003546838693796599e+04 7.391327844762113779e-13
3.003552801217334854e+04 1.319361023703687572e-15
3.003566392788458688e+04 1.334070536028524149e-16
3.003591828385132976e+04 4.549700565946076121e-14
3.003613268357856941e+04 1.196771326177178806e-08
3.003613867566974295e+04 5.750847321888975602e-11
3.003616749943916511e+04 1.784189358294065708e-13
3.003635546482577411e+04 2.409930076400389903e-15
3.003652926586752801e+04 5.681371381227157460e-13
3.003667550683301670e+04 3.568923104420028528e-16
3.003682595959692844e+04 1.814957166100053053e-15
3.003700299270285541e+04 2.512654206446207839e-14
3.003713639507596235e+04 6.762452371217288536e-15
3.003722135307221470e+04 2.538334798851793837e-13
3.003733574819218120e+04 4.339186586182476814e-14
3.003738681162387002e+04 1.410787057097620681e-14
3.003754081136173045e+04 1.308661463899539186e-11
3.003773279557820933e+04 1.600529117920615467e-12
3.003779411137134957e+04 1.392809304613564929e-12
3.003786636574749718e+04 1.935975491316928523e-13
3.003825692985105343e+04 3.029711454649589065e-14
3.003829898041808337e+04 2.637757082503512636e-17
3.003831023131887923e+04 2.824506700731288106e-13
3.003840069698081061e+04 2.930294103829927766e-15
3.003846882420363181e+04 1.097885018023069574e-14
3.003866233389135232e+04 1.162270771531716577e-14
3.003880443140010539e+04 9.972139183183264837e-17
3.003895521976747841e+04 1.559972522888552733e-14
3.003916277235613597e+04 4.966811791206438996e-14
3.003939910062419949e+04 2.119275504910996803e-12
3.003945486578010605e+04 4.929377157223317057e-15
3.003964211902776515e+04 3.253707940491486364e-14
3.003968860948571819e+04 1.784483685475579498e-13
3.003982875665798201e+04 1.106367521320933389e-14
3.003992695856713908e+04 1.023793012725360232e-14
3.004004433452330704e+04 6.668207467962506388e-15
3.004017059079774481e+04 2.823008549368814994e-15
3.004035140186173521e+04 7.059234115343268857e-16
3.004048714537216438e+04 7.266244987993376800e-11
3.004051873597573285e+04 1.104228633985481614e-13
3.004068539549347770e+04 4.470287476551320778e-16
3.004081236567119777e+04 5.049662211217104000e-16
3.004093561613192651e+04 9.563374657592095596e-17
3.004113338063782430e+04 1.298247209938924105e-10
3.004136450954316751e+04 3.182746934510444319e-16
3.004140397930105974e+04 4.366030084155731530e-15
3.004144974502954938e+04 6.308646874833059914e-15
3.004157212346783490e+04 4.630987318566160530e-14
3.004161629285896925e+04 6.794773660691348921e-14
3.004176718675711163e+04 3.249067844097339354e-15
3.004195573061696996e+04 4.684716205043252622e-17
3.004203370105373324e+04 3.547060082838337451e-19
3.004222373811098078e+04 3.725973150557715953e-12
3.004233786107237029e+04 1.389920973621573380e-15
3.004247562086594553e+04 2.970695369231316065e-16
3.004254287697626933e+04 1.089169709589722317e-14
3.004265101853042870e+04 8.433109688619437519e-13
3.004292283581002266e+04 5.028177326597225685e-15
3.004314778844080502e+04 1.623129445992381211e-15
3.004330673868983286e+04 3.430633751448152972e-12
3.004331644420715384e+04 1.226343226615420582e-10
3.004340212913119103e+04 8.588405660397222796e-14
3.004352453172924652e+04 5.340711622818819778e-15
3.004371383626443640e+04 2.864964238380521357e-14
3.004373777471463836e+04 5.893478893533449666e-16
3.004387571116819163e+04 6.807414488132235573e-17
3.004405619202374874e+04 4.242438184496283615e-16
3.004413042945621055e+04 1.852631199554348880e-15
3.004427746452347492e+04 8.323335440001312376e-16
3.004441180093915318e+04 2.140901445302955234e-13
3.004462943016077043e+04 1.868811729757026279e-14
3.004468800292563174e+04 3.836376920880762879e-14
3.004475109604501631e+04 4.367956544803711095e-13
3.004493308727529438e+04 3.982875728863792175e-17
3.004504289684236937e+04 4.438131693549560628e-14
3.004504523534125110e+04 9.109133944586782487e-13
3.004525112865180199e+04 6.694498267355415339e-15
3.004542719608311381e+04 1.351061202231387821e-14
3.004551088518366305e+04 2.406807099342137223e-12
3.004568339589382958e+04 1.022023136438712309e-15
3.004582895814572112e+04 6.764321468046617467e-16
3.004592983318302140e+04 6.545503504851878469e-15
3.004612778840231840e+04 5.991484954234420821e-13
3.004613843205982266e+04 5.209251506698467463e-11
3.004621532706242215e+04 1.798240074784040201e-16
3.004631111229908129e+04 1.305841973812071643e-16
3.004655415194715533e+04 3.201337015694717144e-19
3.004661197809613077e+04 5.247482256559306693e-14
3.004662828748568791e+04 1.919410537291189766e-15
3.004673267115958151e+04 8.623650892838849339e-16
3.004701748015612975e+04 1.423856263439350983e-14
3.004722092430296834e+04 2.463121637733380178e-14
3.004723877517090295e+04 3.187516245406852042e-13
3.004733988781424341e+04 9.019671811160520652e-16
3.004747787428174706e+04 9.402623880033879035e-15
3.004768784361900907e+04 1.402799338716592527e-14
3.004772079315625160e+04 1.189810077444849833e-12
3.004793045334348426e+04 3.643615601813625767e-15
3.004799550743911459e+04 6.788612166641961798e-16
3.004804252118070144e+04 2.495653080363228019e-16
3.004834452026307918e+04 1.237859517856830189e-12
3.004858949758718518e+04 3.294470828364783064e-16
3.004870053471211941e+04 8.592921681327295650e-16
3.004883164964222669e+04 3.067204003392583781e-15
3.004886029255025642e+04 5.403395706724278150e-15
3.004898003793232419e+04 6.369152454314482356e-15
3.004907954809122748e+04 1.408497228133927851e-15
3.004939730553621848e+04 1.369437575847572732e-15
3.004946033949231060e+04 2.315565039714199778e-14
3.004961486924273049e+04 7.618291940887244045e-18
3.004971656558248287e+04 2.885583204525481290e-15
3.004979006158081029e+04 1.484920147486020153e-16
3.004989760040781402e+04 3.281757582683953631e-15
3.004994053735536363e+04 6.864842414544433872e-14
3.005005468500355710e+04 2.688543822805408093e-15
3.005039286803283176e+04 2.706044758706470280e-16
3.005048168540462211e+04 2.008642123170441295e-15
3.005058232615772795e+04 4.254819779668386658e-13
3.005070388020379687e+04 1.084517279302244657e-15
3.005080454779001957e+04 4.654655689176904873e-16
3.005095870776497759e+04 4.789420583669443028e-17
3.005102658968937612e+04 2.621708514114684310e-15
3.005117415338841602e+04 9.634955154563084143e-14
3.005134942675174170e+04 2.869855556833186790e-16
3.005154668438854060e+04 4.234370154902207760e-17
3.005169165380225604e+04 1.902016433987907967e-15
3.005171052784916537e+04 4.591576530301502036e-15
3.005172843520966489e+04 5.843674267664435862e-15
3.005210047445133387e+04 3.298536435480118736e-14
3.005223198954234977e+04 6.169412827590745906e-15
3.005226729130994863e+04 1.519785167223057435e-16
3.005230549190440797e+04 5.774327391258567239e-14
3.005257441407849547e+04 1.172566730791290585e-16
3.005268974854798216e+04 7.625414817050853674e-16
3.005280191537356950e+04 3.643748113304908426e-14
3.005289078762166173e+04 7.696129587916510236e-14
3.005308766853955240e+04 4.054051419567075518e-16
3.005312991600420355e+04 1.158590291321972967e-18
3.005327865257205849e+04 3.119658170449715231e-15
3.005344502995454241e+04 2.356723020039206630e-12
3.005345830295396809e+04 1.995605184296633081e-13
3.005372069070321231e+04 4.694078094491275280e-17
3.005390735548573502e+04 7.652167986234257121e-16
3.005404321702225934e+04 2.730553030555502452e-15
3.005405654184416198e+04 1.161486517722707682e-14
3.005438202358555645e+04 3.390468905601370213e-15
3.005449122830242050e+04 3.130955668288606389e-15
3.005456574489545164e+04 2.369350332122399474e-16
3.005461315255904628e+04 1.313891477474072851e-14
3.005480685196317791e+04 1.240439878235166669e-17
3.005500386673060348e+04 2.328776097263830388e-16
3.005511821453036828e+04 6.210247672577333920e-15
3.005513388885529275e+04 2.159278688990717251e-15
3.005519138735110391e+04 2.821934786142005544e-15
3.005530285581311909e+04 1.432989230555040423e-14
3.005557106905573164e+04 1.080603576575430164e-15
3.005579530371868168e+04 4.409868783043399409e-14
3.005593287987233998e+04 2.669783720633791409e-14
3.005593929393761937e+04 2.686498466114845793e-16
3.005627788869508367e+04 2.346879426976882236e-21
3.005635325590818320e+04 2.254102655971067595e-13
3.005642190751005546e+04 7.374451714437192550e-16
3.005654199064916975e+04 2.335718609533536559e-15
3.005662962767044883e+04 2.524419064068976970e-16
3.005673859104750227e+04 9.195109328642619032e-16
3.005677227180298723e+04 1.574347102338351122e-15
3.005708935810916955e+04 7.552880723424070819e-17
3.005730141625763281e+04 1.318588205568707171e-19
3.005737203382232838e+04 1.028042928222935161e-16
3.005746827560281235e+04 5.351819336168686516e-17
3.005771160931922714e+04 7.924599467165787960e-15
3.005773624611069317e+04 5.050957800381885927e-16
3.005791862362777465e+04 1.088363558558798161e-17
3.005799937719140144e+04 2.735307747771191291e-17
3.005814505907707280e+04 4.190153951377352065e-16
3.005835458659163851e+04 1.956966366705398938e-17
3.005850817313501466e+04 1.734207344126147138e-15
3.005868450665306591e+04 3.874400062846618968e-17
3.005877920276064469e+04 2.839690501657536982e-18
3.005901663800417373e+04 4.050597384317509954e-16
3.005909408706704198e+04 3.793404738656449582e-15
3.005917538009661803e+04 5.729885696494254503e-14
3.005921416664842036e+04 3.543890052238452847e-15
3.005931889700928150e+04 1.623209152266585088e-15
3.005984636365151528e+04 5.811182278160377825e-16
3.005993075812868483e+04 3.174561074277227850e-16
3.005999141844520273e+04 1.509022049692682314e-15
3.006028394170849424e+04 1.934540187603672535e-15
3.006048643679622910e+04 4.433075027748080076e-19
3.006068818397542054e+04 5.237522116168415051e-18
3.006084257183724912e+04 1.913048678048373465e-17
3.006096487103119216e+04 8.685262550913179399e-17
3.006100740184411188e+04 4.598678965993882824e-17
3.006132125731861015e+04 2.410853255069337643e-15
3.006137859320044299e+04 7.033020873182809092e-15
3.006149227011684707e+04 2.430123472702691597e-16
3.006161564205295144e+04 5.293514355504933703e-17
3.006190101509171654e+04 1.223897646883446879e-18
3.006218095130937581e+04 5.531724921462205541e-15
3.006234145985247596e+04 9.105342652962941915e-15
3.006254936768897824e+04 1.297248331772408640e-17
3.006264635804702266e+04 2.479226264974295400e-16
3.006279451094453543e+04 3.974203473536975913e-18
3.006281001496306271e+04 1.442422515313542303e-18
3.006307241068782969e+04 9.462198196867702085e-18
3.006316114783858939e+04 5.668303556045022773e-18
3.006327039670019440e+04 4.049202683227810803e-17
3.006366305123050552e+04 8.026210979247400306e-17
3.006384283092506303e+04 6.887317856417464821e-17
3.006393063464615261e+04 3.365971082967794564e-16
3.006408501855204668e+04 2.770237164995062859e-16
3.006432231211864928e+04 5.560289497612923185e-17
3.006438776448614226e+04 1.920587811464392465e-17
3.006458476253436311e+04 7.655469376189996621e-18
3.006476716007962386e+04 4.932137370121254471e-17
3.006494614545806326e+04 1.455991608347137111e-21
3.006530420821378357e+04 9.684543749651311796e-17
3.006551377320097163e+04 5.557689901758930071e-15
3.006573952129634927e+04 9.453238679313811062e-17
3.006581848037994496e+04 1.469103762839733068e-15
3.006599495465361179e+04 4.078569958509910317e-17
3.006603493535761299e+04 1.497168025098498691e-16
3.006644429920749462e+04 5.008477014221111030e-18
3.006657810437449734e+04 1.583152282926847342e-16
3.006680288455268601e+04 8.979068206039406356e-18
3.006704741937569270e+04 8.265170792010821795e-17
3.006724623357436576e+04 4.561194824697928508e-17
3.006742760506186460e+04 3.768306273694270400e-16
3.006747371636530806e+04 2.255057012797863278e-16
3.006810018514264084e+04 1.398675430260168313e-16
3.006813095120014623e+04 4.153417049454769408e-18
3.006836188506776307e+04 7.243353993699493166e-18
3.006854012215132752e+04 3.490516418956666842e-19
3.006879238914711823e+04 2.261468704390207278e-18
3.006894546985161651e+04 1.213084844522028571e-19
3.006910565988558301e+04 3.692784222584005610e-18
3.006912942073752492e+04 2.592968669879949055e-18
3.006957012653814309e+04 8.643110023508652442e-20
3.006995293256554942e+04 5.132692411183615205e-19
3.007012908633652114e+04 1.250656166507736638e-20
3.007022316854265591e+04 9.283279116728071684e-18
3.007047344955990775e+04 4.017006812881856879e-20
3.007055070285064357e+04 1.110134608870072879e-18
3.007081544858984125e+04 7.257973637578072230e-19
3.007145981061359998e+04 1.727798517842906550e-18
3.007157116545384633e+04 2.498216473407245547e-17
3.007175800802657977e+04 2.528537684654793323e-18
3.007200979601795189e+04 6.473348354549488800e-21
3.007224801180030045e+04 2.788779403469866038e-18
3.007261419589225625e+04 2.397748517703494111e-18
3.007279718774733919e+04 1.256073641293236149e-17
3.007285908791697875e+04 6.954476030717274925e-18
3.007326623350632144e+04 1.867037710698369059e-18
3.007350272778121871e+04 3.228754202914036285e-18
3.007378466699749697e+04 1.441933161834961345e-18
3.007397658245866842e+04 4.600162942707962127e-19
3.007432001121500070e+04 2.110041403810823014e-18
3.007444848271419323e+04 2.999693916863411128e-18
3.007475045062064237e+04 1.032873505158819198e-18
3.007492458758087014e+04 4.266215658787316778e-20
3.007527477650325091e+04 3.550903741731283842e-19
3.007554169176640789e+04 9.304058401005360769e-20
3.007604727219427878e+04 1.245003301212558006e-20
3.007611020722704779e+04 5.418315711532387033e-20
3.007613268265609804e+04 6.856262216387183267e-20
3.007659851169359536e+04 1.398536746392879856e-18
3.007687238532946867e+04 7.019867961477581588e-20
3.007715504607361072e+04 2.231789131193604063e-21
3.007741280994498447e+04 1.047448525760173014e-20
3.007774675544131969e+04 2.002937943944868326e-21
3.007787447364041873e+04 4.268240459910480229e-20
3.007824511040174912e+04 6.477042530474768370e-22
3.007841936621012792e+04 1.193448235548654884e-19
3.007851660661126516e+04 8.700448395229205772e-20
3.007876025280007889e+04 1.533688227473063841e-19
3.007905216474062763e+04 1.927470105392747856e-20
3.007952394417850155e+04 3.057698715265592750e-20
3.007984753068290593e+04 8.224015950062698775e-23
3.008009946347081132e+04 2.612536963301144413e-21
3.008037725488481374e+04 8.629974920574464505e-21
3.008080683411334394e+04 5.170503245651923925e-23
3.008121139515292816e+04 6.645743304126336576e-21
3.008160431750406133e+04 4.296302410360681046e-22
3.008173306366086399e+04 9.030742320645915232e-22
3.008202451747139639e+04 2.524666972991472632e-21
3.008245303707334460e+04 1.241183542608385355e-20
3.008289661758543662e+04 2.942219851779436406e-21
3.008323797924267637e+04 1.658766086521069073e-21
3.008353256250479899e+04 8.671950502205231843e-22
3.008391628775027129e+04 1.393666559976416420e-21
3.008421478043829848e+04 1.909322370579278827e-23
3.008439410280432639e+04 2.250947015091984997e-21
3.008466402610348086e+04 0.000000000000000000e+00
3.008532436210456945e+04 1.575185628998217531e-21
3.008562751934440530e+04 1.882066424283381264e-21
3.008593992596505632e+04 6.675379560462775331e-22
3.008650047359419841e+04 2.240633786141629695e-22
3.008666557319042477e+04 1.546444782216712101e-22
3.008709811974255354e+04 1.256223462122875844e-22
3.008741461137770239e+04 1.272063656025793153e-23
3.008790621126052429e+04 1.958030522907177267e-23
3.008816568931077200e+04 4.404695102667422267e-24
3.008848715806184191e+04 9.283071879554587460e-23
3.008897898311470635e+04 0.000000000000000000e+00
3.008912806792210540e+04 3.909486109683662301e-24
3.008937715784981629e+04 1.093077716703241822e-22
3.008977548710057454e+04 1.551310536342449959e-23
3.009032886543660425e+04 2.447766060585498530e-23
3.009128839933870768e+04 3.472162806991318556e-24
3.009176035784971100e+04 0.000000000000000000e+00
3.009253902829304934e+04 9.729599338108352742e-24
3.009284462924884792e+04 0.000000000000000000e+00
3.009296012220008924e+04 0.000000000000000000e+00
3.009346343879199412e+04 2.275912215915673620e-24
3.009416793637227966e+04 0.000000000000000000e+00
3.009450752756237125e+04 2.832813392754704373e-24
3.009475664414760467e+04 0.000000000000000000e+00
3.009505256517008092e+04 0.000000000000000000e+00
3.009551800987712340e+04 0.000000000000000000e+00
3.009581576631393909e+04 1.008715937729888512e-24
3.009611420532417105e+04 0.000000000000000000e+00
3.009646626944725358e+04 0.000000000000000000e+00
3.009664072299499094e+04 0.000000000000000000e+00
3.009769248672209505e+04 0.000000000000000000e+00
3.009834354940637422e+04 0.000000000000000000e+00
3.009858059428455090e+04 0.000000000000000000e+00
3.009907424693983558e+04 0.000000000000000000e+00
3.009932241717129000e+04 0.000000000000000000e+00
3.009978808274212861e+04 0.000000000000000000e+00
3.010023197243099276e+04 0.000000000000000000e+00
3.010116568197819288e+04 0.000000000000000000e+00
3.010235119643348298e+04 0.000000000000000000e+00
3.010280009522580076e+04 0.000000000000000000e+00
3.010389551034064789e+04 0.000000000000000000e+00
3.010407024235193967e+04 0.000000000000000000e+00
3.010472246786406322e+04 0.000000000000000000e+00
3.010551238580921927e+04 0.000000000000000000e+00
3.010581096660738694e+04 0.000000000000000000e+00
3.010631114573795276e+04 0.000000000000000000e+00
3.010698248872635304e+04 0.000000000000000000e+00
3.010721135773269634e+04 0.000000000000000000e+00
3.010749898836611101e+04 0.000000000000000000e+00
3.010829977923769911e+04 0.000000000000000000e+00
3.010951729068855275e+04 0.000000000000000000e+00
3.011177013376937612e+04 0.000000000000000000e+00
3.011200011032510520e+04 0.000000000000000000e+00
3.011345259224551410e+04 0.000000000000000000e+00
3.011394776806985465e+04 0.000000000000000000e+00
3.011430993560058778e+04 0.000000000000000000e+00
3.011481738005681109e+04 0.000000000000000000e+00
3.011517475246832328e+04 0.000000000000000000e+00
3.011601016786982655e+04 0.000000000000000000e+00
3.011706876315297632e+04 0.000000000000000000e+00
3.011790019980836951e+04 0.000000000000000000e+00
3.011847479260962064e+04 0.000000000000000000e+00
3.011881004708663750e+04 0.000000000000000000e+00
3.012143521523622258e+04 0.000000000000000000e+00
3.012189925928340381e+04 0.000000000000000000e+00
3.012306865094716341e+04 0.000000000000000000e+00
3.012361916951405510e+04 0.000000000000000000e+00
3.012463941653437723e+04 0.000000000000000000e+00
3.012558489219765033e+04 0.000000000000000000e+00
3.012578214927784211e+04 0.000000000000000000e+00
3.012629912148121366e+04 0.000000000000000000e+00
3.012894145705296978e+04 0.000000000000000000e+00
3.013061379483963537e+04 0.000000000000000000e+00
3.013315128245736196e+04 0.000000000000000000e+00
3.013391696077339657e+04 0.000000000000000000e+00
3.013566408111585770e+04 0.000000000000000000e+00
3.013670618072123398e+04 0.000000000000000000e+00
3.014020618872935665e+04 0.000000000000000000e+00
3.014048924718682611e+04 0.000000000000000000e+00
3.014278071630342311e+04 0.000000000000000000e+00
3.014349584932883590e+04 0.000000000000000000e+00
3.014615995943706730e+04 0.000000000000000000e+00
3.014666807065118337e+04 0.000000000000000000e+00
3.014897866553865242e+04 0.000000000000000000e+00
3.014989588429760624e+04 0.000000000000000000e+00
3.016281762764426458e+04 0.000000000000000000e+00
3.016310423260458629e+04 0.000000000000000000e+00
3.016570148271007565e+04 0.000000000000000000e+00
3.016620832837589842e+04 0.000000000000000000e+00
