-2.999780399119923823e+04 3.365847223244630581e-14
-2.999777310000695070e+04 5.908897375672630209e-13
-2.999660273785487516e+04 1.224770821583843906e-10
-2.999656584704478155e+04 1.995976791429787622e-10
-2.999579594058131624e+04 1.208939061312518616e-08
-2.999575401038803102e+04 4.565576091407132678e-09
-2.999536436641140608e+04 1.414893805769984261e-07
-2.999526854509045370e+04 9.721737853212682098e-08
-2.999514657716271904e+04 2.142017742420515384e-08
-2.999492768895574409e+04 5.822403820704868034e-09
-2.999476853107568604e+04 5.001383174752869421e-08
-2.999450147826852844e+04 2.433531040580790396e-07
-2.999439870933888596e+04 1.370141048170087050e-08
-2.999420928087856373e+04 3.677629187346506302e-07
-2.999394026703137206e+04 3.819412801115549557e-07
-2.999384017215549829e+04 1.260328434603457563e-10
-2.999368132730018260e+04 9.450835894178255228e-09
-2.999366609208160662e+04 2.902390181492540559e-07
-2.999338953736545591e+04 1.734911336531765476e-07
-2.999310804383117284e+04 6.975641745247875024e-08
-2.999300948989606331e+04 6.382775419701859111e-10
-2.999282272168200143e+04 1.464736843198708293e-08
-2.999224794215685688e+04 3.343946325321782237e-09
-2.999172634210673641e+04 1.312301263701604637e-09
-2.999107665064162211e+04 4.077466655866286271e-10
-2.999018926422829099e+04 3.489555008032266441e-08
-2.999009874080892041e+04 2.998335928753800500e-06
-2.998954253836728822e+04 2.513702555232923744e-09
-2.998951279814345980e+04 1.694792297738981159e-10
-2.998936272020783144e+04 6.627586226747938442e-07
-2.998922702128111268e+04 3.250969952342163205e-08
-2.998891697996873336e+04 2.784105825344431108e-09
-2.998889365320715297e+04 2.165356127789670858e-06
-2.998884757124484167e+04 1.242959828046122138e-05
-2.998865776024228035e+04 2.306451713625003513e-06
-2.998856163079558246e+04 4.751377126322523230e-06
-2.998847197012984907e+04 3.758595202852717027e-06
-2.998838416476732527e+04 2.426567521087730601e-06
-2.998828826810312603e+04 6.522068082669973878e-08
-2.998818575532115210e+04 1.628195950494483495e-06
-2.998810814987624326e+04 1.936685341137672183e-06
-2.998797208276463061e+04 7.120864829367434932e-07
-2.998774807049134688e+04 1.872361774312260120e-07
-2.998764330976153724e+04 3.079552539663799408e-07
-2.998751460153836160e+04 3.043405893465855697e-08
-2.998738406683431458e+04 4.965647029992516409e-09
-2.998708365140668320e+04 5.916901737226372835e-07
-2.998649568238520806e+04 3.219909677680622662e-08
-2.998643162745900554e+04 1.572175730875928850e-06
-2.998570093760018790e+04 2.442752147072299449e-08
-2.998564942490449175e+04 4.419473862063062603e-07
-2.998498905192144593e+04 1.535528910592167851e-05
-2.998491477520937769e+04 3.203074923087233877e-07
-2.998479183181272310e+04 5.822522547816928651e-07
-2.998419702529352071e+04 6.581331491784277739e-07
-2.998397534876928330e+04 2.047569692727163655e-05
-2.998384537127124349e+04 4.591356900157836812e-08
-2.998341721062035504e+04 2.121318663444640271e-07
-2.998307596788329101e+04 6.460184815616102705e-05
-2.998301917599182343e+04 1.177520082499543697e-04
-2.998253635151025810e+04 1.412610192294739887e-06
-2.998229179953256244e+04 2.996329712854796983e-05
-2.998221081387252707e+04 2.935801118850592055e-04
-2.998182854357151155e+04 2.549367053522260525e-06
-2.998151684848774312e+04 5.815512968951640416e-05
-2.998131257905449093e+04 2.667158463481301748e-06
-2.998115585552730045e+04 7.842449779911527859e-07
-2.998093044597857806e+04 4.022646054066515101e-05
-2.998060717596871109e+04 7.409775749815988971e-07
-2.998047070369582798e+04 1.405351009889992528e-05
-2.998029467089108221e+04 2.648593521938764540e-06
-2.998014010196230083e+04 1.290803884411705296e-05
-2.997997293190238634e+04 1.601219717858882376e-06
-2.997995309184060898e+04 2.499526169585231490e-06
-2.997988205179408396e+04 2.033926459323764866e-06
-2.997966316153520529e+04 1.057873162438194027e-05
-2.997940477906310116e+04 5.470049726368863685e-06
-2.997927697925776374e+04 1.691507336905228937e-06
-2.997920012323883202e+04 2.126491342882019672e-06
-2.997893447992921938e+04 5.744502570267411286e-06
-2.997891397587460960e+04 9.475201224615485869e-04
-2.997862868323405928e+04 2.243411178656002541e-06
-2.997856604352789873e+04 2.768064635448857956e-07
-2.997825957772086986e+04 1.469627837767276219e-07
-2.997808709485635336e+04 6.852535610083605791e-06
-2.997789312301428436e+04 6.523839150408477583e-04
-2.997774480822449914e+04 3.113107631493992644e-05
-2.997760496169031103e+04 2.009649204957711748e-06
-2.997726234952031882e+04 8.279838378349721267e-06
-2.997711806615855676e+04 1.587263497610264949e-05
-2.997694073652739462e+04 2.462871166548130479e-03
-2.997684879007214477e+04 2.581373761181842037e-04
-2.997648274627595310e+04 1.659523271666213628e-06
-2.997643657424732010e+04 9.763952473725376883e-07
-2.997626943436494548e+04 2.959388954569106134e-06
-2.997606483589181153e+04 3.948149631056306250e-04
-2.997597133930003838e+04 1.155876584674925571e-04
-2.997560321345906777e+04 6.395775032743590093e-08
-2.997530624146913397e+04 1.354984194539037828e-05
-2.997521687249818933e+04 4.401231472625867692e-05
-2.997504696927360419e+04 4.445752482069557670e-08
-2.997497015519289562e+04 1.254059750838085012e-02
-2.997486337197180910e+04 6.160336524473781158e-06
-2.997472427210323804e+04 1.498293767725929376e-08
-2.997450836229107881e+04 3.473907676268357865e-04
-2.997416549049071546e+04 6.599002692036831396e-06
-2.997402209866196426e+04 4.417281479727722624e-07
-2.997389679710659766e+04 2.922146216991172718e-02
-2.997387828565822929e+04 2.029900684707203109e-04
-2.997385477750323844e+04 1.554771776863099497e-04
-2.997345003933089902e+04 1.468699602149579879e-07
-2.997330402359576328e+04 1.304118241552589059e-05
-2.997319025445742591e+04 1.344162303975821054e-06
-2.997311877906752852e+04 1.485046722275117195e-06
-2.997288958684814497e+04 7.199769105472387024e-05
-2.997283845507800652e+04 2.622057182715348267e-02
-2.997278082615778112e+04 1.292583977031669905e-03
-2.997258344495965139e+04 5.685344123422435323e-06
-2.997235574253014056e+04 1.228904425847840868e-06
-2.997226928067642075e+04 3.364925041573006837e-07
-2.997212477103683705e+04 2.492785902685948556e-08
-2.997196572226381977e+04 3.802474858594025134e-06
-2.997192011329125671e+04 8.139442428825744797e-07
-2.997179661874589510e+04 9.809187445807535081e-06
-2.997165596933053166e+04 4.869522938272856961e-06
-2.997155394510881524e+04 1.679248935247348186e-07
-2.997133550147544156e+04 7.509628584624379158e-08
-2.997126341651971234e+04 5.725962600422164362e-06
-2.997097623898580787e+04 8.892138594601174842e-07
-2.997082357364612835e+04 3.771450543431735649e-05
-2.997078811116803990e+04 2.292256177789742729e-04
-2.997065539487771821e+04 2.742998221925007350e-08
-2.997048598888373817e+04 7.238999886305136281e-06
-2.997044769757158065e+04 1.395061172527594763e-06
-2.997013919122490188e+04 1.712027684519372997e-06
-2.997009887463377891e+04 5.418897730555080948e-06
-2.996996931971067534e+04 8.798497030076367631e-01
-2.996993363182780377e+04 8.233321006625270849e-05
-2.996983289884480837e+04 1.422210493349791621e-05
-2.996959025474762166e+04 6.058305687380921373e-07
-2.996946751505708016e+04 1.098657245215098780e-07
-2.996943318739108508e+04 6.406251289171944021e-08
-2.996923013565376095e+04 4.402290186310546500e-08
-2.996904745491881476e+04 3.763957212960219195e-07
-2.996892639071376470e+04 9.212909427587780641e-06
-2.996888845991277049e+04 1.059975292165329230e-04
-2.996887228466609668e+04 3.076125049497163332e-07
-2.996852513625306165e+04 7.886166253860752513e-10
-2.996843544459075201e+04 1.630022466840614632e-09
-2.996821816344927356e+04 3.868380715956363534e-07
-2.996807917174129761e+04 7.440019356294630497e-06
-2.996784813316792133e+04 4.132617269658260371e-05
-2.996781256732525799e+04 1.051964537120223583e-03
-2.996769128454830934e+04 2.817566448216434907e-08
-2.996735890266185743e+04 2.697373119811602622e-05
-2.996727951015219878e+04 2.184550486773754999e-05
-2.996726543205105918e+04 2.707304047400717171e-05
-2.996704014016218207e+04 3.078324659768976755e-06
-2.996686291946875644e+04 1.229049114170603780e-05
-2.996674484045312784e+04 3.639872420265082877e-03
-2.996657855360064787e+04 2.631334662081736418e-06
-2.996652476443814521e+04 2.843966137113056860e-07
-2.996642613366414662e+04 6.031859706724378468e-09
-2.996615044990212482e+04 4.891681832634481630e-09
-2.996598266362925642e+04 8.081171748645169830e-09
-2.996587383486693943e+04 1.747806890028092033e-07
-2.996569354687563828e+04 4.619615243767565796e-04
-2.996566681239003447e+04 3.967207261888347406e-08
-2.996549823332896631e+04 9.111914672037044322e-08
-2.996526087505123360e+04 9.815151371302461705e-09
-2.996518641488290086e+04 1.138911265307294019e-08
-2.996496859773621691e+04 1.129861768404853001e-02
-2.996495463899525566e+04 6.325077326302825321e-08
-2.996470716828925651e+04 2.103225638390934329e-05
-2.996461900234804125e+04 6.702664307374148448e-06
-2.996458343622439861e+04 5.227504689539101842e-07
-2.996436668756381187e+04 3.584525630058057223e-10
-2.996415925938520377e+04 2.763673048401852299e-06
-2.996407080285435586e+04 4.388756287614779640e-06
-2.996398833105301310e+04 1.894820242222279445e-06
-2.996388687035988914e+04 2.060110077742333470e-02
-2.996366013044990905e+04 9.419700909566385108e-06
-2.996362488933193526e+04 1.978866106698748203e-08
-2.996357700212537748e+04 7.607545073392729029e-08
-2.996333663645694833e+04 1.419231072086701936e-09
-2.996310152964240115e+04 1.904266078794606166e-07
-2.996295417074139550e+04 1.413931732441922068e-07
-2.996280423080790570e+04 2.611688141131877049e-03
-2.996278831061465098e+04 6.646797380832516351e-06
-2.996272713151047355e+04 8.803718518438791580e-06
-2.996262757005169260e+04 9.979705923061273013e-07
-2.996253477921366357e+04 1.126180026285327368e-06
-2.996220199169587067e+04 9.073598942881111426e-07
-2.996195978545629259e+04 2.578108452945675537e-06
-2.996185981831392564e+04 2.286305798596464607e-06
-2.996176029497743002e+04 4.865584612550416884e-05
-2.996171293275121934e+04 2.424621214796166327e-04
-2.996163237345119342e+04 3.056983928539690168e-07
-2.996150561217735594e+04 2.628539646941580397e-07
-2.996119043191343371e+04 1.472804332410902863e-09
-2.996090904301369301e+04 2.238303299501547294e-06
-2.996081898345536320e+04 1.963711242612040813e-07
-2.996077699959195161e+04 1.831238285318720556e-07
-2.996063299200104666e+04 3.524884265883292806e-05
-2.996053275861837756e+04 9.337069403938567994e-08
-2.996033025053473102e+04 3.210489191674521824e-08
-2.996007421478432661e+04 5.190710774977732281e-06
-2.996001649964750686e+04 7.431038496277015109e-07
-2.995996579308696892e+04 7.899142814675793461e-04
-2.995991950583859580e+04 5.105394296199516041e-08
-2.995955704180291650e+04 7.170487558520316767e-05
-2.995950213784155494e+04 1.053366257774931455e-07
-2.995927152563229902e+04 3.504580619066104226e-07
-2.995919697337515026e+04 7.595829083039761838e-10
-2.995910535516563323e+04 1.871667305490520811e-08
-2.995887592646315534e+04 1.970849558894766183e-03
-2.995870062245308509e+04 1.277387204516830389e-07
-2.995852143795476513e+04 4.527071599976258228e-07
-2.995849484391350052e+04 1.252594659671430409e-09
-2.995846580543530581e+04 6.676007793606371310e-07
-2.995818477212462312e+04 8.023020847342224989e-09
-2.995799714995384420e+04 7.128545346572300328e-07
-2.995783202469496246e+04 3.546079195273019701e-08
-2.995779695671567242e+04 1.082526410898866889e-05
-2.995777483435861723e+04 4.841320530892179912e-05
-2.995767033033996631e+04 9.291364318563009876e-08
-2.995745365191609380e+04 3.063470529993445671e-06
-2.995726993784416482e+04 2.087377234691959770e-10
-2.995705295046463652e+04 3.951578249732683260e-07
-2.995692234368151549e+04 4.052304705149787940e-08
-2.995676524239487480e+04 7.190419670678074493e-08
-2.995667443276388803e+04 1.099174036637038065e-04
-2.995649137659003463e+04 7.560504758869896880e-07
-2.995635102257456674e+04 4.308094088987080592e-08
-2.995617128244695778e+04 2.173944090862062263e-09
-2.995598699405418301e+04 3.996638459472099505e-08
-2.995585966216265297e+04 5.184294532990162012e-08
-2.995572000564835980e+04 3.870635569698810820e-08
-2.995556714927647408e+04 1.075842209718112211e-05
-2.995542572952367846e+04 1.343018346954997990e-07
-2.995539736013289439e+04 2.584260664992273376e-07
-2.995528391032478248e+04 2.846388986801984486e-09
-2.995510961262593628e+04 1.845769562635161833e-07
-2.995508085212550941e+04 1.256923485771622978e-07
-2.995495321602693366e+04 1.644341932686425746e-07
-2.995468133081736596e+04 1.471571542997699349e-11
-2.995449373453611770e+04 7.560396339272321116e-06
-2.995447375017987724e+04 5.838940207159936723e-06
-2.995442233966272761e+04 8.588806018610749989e-06
-2.995430898813150634e+04 1.037469350950790364e-08
-2.995414773350845280e+04 8.582659050270208971e-08
-2.995384115444973213e+04 1.927636880030222672e-04
-2.995382271610059979e+04 2.327722216634085350e-06
-2.995370889837242430e+04 2.764458807922083170e-07
-2.995352086447237161e+04 4.524989271616243493e-07
-2.995333768201029670e+04 3.080961944358484499e-07
-2.995314825875715542e+04 2.700916862705884932e-08
-2.995311494856827267e+04 1.230098737856320354e-07
-2.995301021423636848e+04 5.537485558857522441e-07
-2.995288638133466884e+04 1.480217920214937126e-07
-2.995273881865121439e+04 7.453828384856574929e-06
-2.995271637854721848e+04 2.365501821861792052e-04
-2.995258042477185154e+04 7.400235750405100474e-06
-2.995228118991350493e+04 6.745504654277758660e-08
-2.995224922893883195e+04 1.489437704526814852e-07
-2.995220474302014554e+04 8.484024877419786492e-08
-2.995192921475695766e+04 1.132540253572695612e-08
-2.995171056470941039e+04 1.265431438368890999e-06
-2.995159421159973135e+04 4.395213425665298658e-08
-2.995157321372121805e+04 4.884951738323714348e-05
-2.995138015222072863e+04 2.311464346608450834e-07
-2.995120404684624737e+04 7.954232010884619624e-10
-2.995117243225700804e+04 2.487571069818378663e-07
-2.995111625918075879e+04 9.430022327688411756e-07
-2.995085468695116288e+04 7.219917722576809925e-08
-2.995077782359061166e+04 1.331771971069850542e-07
-2.995048846468894772e+04 2.102229461020223641e-09
-2.995043958179396213e+04 2.339334151823326540e-08
-2.995041553229411147e+04 8.608427701818822370e-11
-2.995017414389972691e+04 8.225473075443156428e-08
-2.994999656129078357e+04 2.323331256107093065e-06
-2.994992668798511659e+04 7.312278509256991470e-08
-2.994988444218265431e+04 2.165522882797370869e-05
-2.994966451050234900e+04 9.798431271889237957e-08
-2.994948921724117827e+04 4.698236310862326693e-11
-2.994932666578387216e+04 1.367559979797503306e-08
-2.994925936331034973e+04 1.011145242807811084e-07
-2.994897540123089493e+04 4.799878151245671802e-08
-2.994892254941378633e+04 1.586006376242411653e-07
-2.994889505779224419e+04 6.044938130509346286e-07
-2.994874905317650700e+04 4.872627643483621247e-06
-2.994868919533825829e+04 1.874783187766624118e-05
-2.994848359707445707e+04 5.493874596755749817e-08
-2.994837353593127409e+04 1.495122377812816801e-10
-2.994817647714715349e+04 3.309023164394134197e-09
-2.994808062687497295e+04 6.433075812549892313e-07
-2.994780363445883995e+04 3.687658755726966852e-09
-2.994778537983777642e+04 5.818297127664631206e-09
-2.994770485055544850e+04 8.195348636709077376e-08
-2.994756521980256002e+04 9.291609595364505043e-07
-2.994749961154053017e+04 5.801485075139202691e-06
-2.994729412571525245e+04 3.274659454275304184e-08
-2.994717471838664642e+04 5.991511998069278662e-08
-2.994698205764027807e+04 7.051093913350170220e-08
-2.994684955645541049e+04 2.696010787643779618e-07
-2.994667443922239545e+04 2.854241149086810692e-08
-2.994652965516567201e+04 5.835329012265868453e-07
-2.994631171538983472e+04 1.407736209705368908e-08
-2.994629090158471445e+04 2.257480363410721520e-07
-2.994621568900349666e+04 4.975765129595663458e-09
-2.994609206400008406e+04 5.697081975953429825e-10
-2.994580054931048289e+04 6.638759502553829340e-08
-2.994563262285225574e+04 2.408597478676721784e-08
-2.994548724319643588e+04 1.301085627537971885e-07
-2.994536324427617728e+04 2.737272357956507429e-07
-2.994530922737083529e+04 1.347732141917304014e-07
-2.994511426020489671e+04 4.465473626421866030e-08
-2.994502091931780524e+04 2.191890346046437370e-06
-2.994487351706704067e+04 2.773683197588657742e-09
-2.994469819515938070e+04 1.643916337707920736e-08
-2.994467483614910452e+04 9.987359721293833445e-09
-2.994444760556723486e+04 9.551026052059161407e-08
-2.994431827123811308e+04 3.999692706535255967e-08
-2.994429627143822290e+04 2.385687240427060662e-08
-2.994408186184048100e+04 7.205541159573537228e-09
-2.994388842734158970e+04 1.561713646617826913e-09
-2.994374753889393105e+04 5.509394656737445119e-07
-2.994363316379318712e+04 1.056343170361244761e-07
-2.994345252023931243e+04 1.004093167945571692e-07
-2.994335048071003621e+04 1.375738345021410281e-07
-2.994327675196212658e+04 2.988516385341881759e-07
-2.994318739706153065e+04 1.666444879316678205e-09
-2.994289830133769647e+04 7.280050412496071128e-08
-2.994263668950512874e+04 1.511727635045681898e-09
-2.994257436513901121e+04 2.202167602863073729e-11
-2.994238484044940196e+04 2.490537710586164168e-10
-2.994223860955897908e+04 9.812475872584211929e-09
-2.994207209907077777e+04 1.277716516785973409e-07
-2.994187557945354638e+04 4.208010998343342548e-07
-2.994180406113231948e+04 5.555476833842716183e-07
-2.994170423949601900e+04 4.974720547217889815e-09
-2.994145791723363436e+04 5.928650369385367984e-09
-2.994135194858288014e+04 1.139748527692554727e-08
-2.994123639088291748e+04 2.107167947575445883e-11
-2.994117959608620731e+04 9.227792904417429158e-11
-2.994108079855389587e+04 4.962616402094043106e-08
-2.994074380323888909e+04 7.582796701121973408e-09
-2.994055386521802211e+04 7.770880205218111495e-08
-2.994036976819320626e+04 9.016311137621660380e-07
-2.994035206468376055e+04 3.288364804535875873e-07
-2.994013177408169940e+04 8.514662426408524624e-08
-2.994001619299069353e+04 1.807719941869109658e-08
-2.993990984745001333e+04 3.033506138426440643e-09
-2.993984259507876050e+04 1.336115268415121156e-08
-2.993955349482420570e+04 4.256131185016693779e-12
-2.993946644158864729e+04 6.400810905810452275e-09
-2.993926724734562958e+04 4.604912702830534307e-09
-2.993898056048551007e+04 2.321132105047391804e-07
-2.993889621573213662e+04 2.345355665448899858e-07
-2.993882241950472599e+04 3.832590932780684733e-07
-2.993864264420234031e+04 1.542188877841941535e-08
-2.993847325178176470e+04 2.502592008857910858e-07
-2.993836212554764643e+04 4.682855338484652936e-12
-2.993801306819616002e+04 4.364687109246765756e-08
-2.993788129705364554e+04 2.641835956544675341e-09
-2.993770068891389383e+04 2.234511659728451165e-08
-2.993761088002410906e+04 7.101964488340390824e-10
-2.993731884786521914e+04 3.827846169247765622e-08
-2.993724226073471436e+04 4.830245887172448549e-08
-2.993717366145136111e+04 2.344847071987668897e-07
-2.993690643596575319e+04 1.094841953470104814e-07
-2.993668978374442668e+04 3.699110839555730472e-09
-2.993645430415033115e+04 3.223448676502097934e-08
-2.993639688354446480e+04 3.480824553932865319e-08
-2.993623018392574522e+04 8.156550183107815892e-09
-2.993586706190319455e+04 2.310982364527055432e-11
-2.993579884171911181e+04 9.522234494267899221e-09
-2.993569483531134756e+04 6.347500195705464698e-09
-2.993562370648594515e+04 2.473912648555326380e-08
-2.993531408000068404e+04 2.056482963849436632e-08
-2.993519048531842782e+04 5.276769670517678316e-09
-2.993495695535550840e+04 2.116289167869422876e-08
-2.993479394271622732e+04 4.003043772744757724e-08
-2.993441049121069955e+04 2.685540037251161350e-09
-2.993426004228888996e+04 3.244653779062340156e-09
-2.993418135607558725e+04 1.470067095989943759e-09
-2.993398329647961509e+04 1.137640874026683128e-09
-2.993386329013863360e+04 2.642848587939785455e-09
-2.993374147223091131e+04 1.950376126316314063e-09
-2.993334458163760428e+04 2.723277645834067184e-09
-2.993324962000985033e+04 3.650530081897437918e-09
-2.993309642824728508e+04 1.919580280436877208e-09
-2.993276251256862452e+04 5.588683491316858109e-09
-2.993260921178450008e+04 3.116442102863052313e-09
-2.993232716416077892e+04 3.678452486764334945e-09
-2.993223281848563784e+04 1.207023687570003646e-09
-2.993193067802986479e+04 8.919756937789211990e-09
-2.993166878849210116e+04 7.757417413085200344e-14
-2.993157366593511688e+04 3.058668180071108173e-10
-2.993137511132409782e+04 1.349833235234409046e-09
-2.993120360687265566e+04 1.455640296943058396e-10
-2.993100834271965141e+04 1.530955487760889316e-09
-2.993058735515497756e+04 5.599677000972452675e-09
-2.993048352297235760e+04 6.807828218345156305e-10
-2.993024633597572392e+04 2.598814120874071614e-09
-2.992998404485672290e+04 1.116504164721228000e-09
-2.992976512945084323e+04 2.788711353854074352e-09
-2.992943992780529516e+04 1.231661726160110466e-09
-2.992940288404209423e+04 2.619096810340880034e-11
-2.992933059235157634e+04 2.161481269642986301e-09
-2.992880261789048745e+04 2.686164124536792742e-10
-2.992856405496743901e+04 9.955569306121200604e-10
-2.992820603610760736e+04 1.487527152938139800e-09
-2.992806664316604292e+04 1.184067124908158281e-09
-2.992796215837463387e+04 2.183907092947316303e-09
-2.992760740654292022e+04 8.622666861900883198e-12
-2.992745633882630864e+04 3.684882901096613182e-10
-2.992740595876387670e+04 2.126110823508615435e-11
-2.992715484273805123e+04 6.079560949635668279e-12
-2.992651148481548444e+04 3.912442137270368090e-10
-2.992643601319102527e+04 8.639291803149839417e-11
-2.992630594820078841e+04 1.141701291882482599e-09
-2.992615825610805405e+04 4.251033373907011507e-10
-2.992582983792204323e+04 1.777324120685230542e-12
-2.992551315260077536e+04 1.723964367131750955e-10
-2.992508437195877195e+04 3.781113935210571750e-12
-2.992474819752015537e+04 6.169554929103440783e-12
-2.992452978226439882e+04 3.393198156201890306e-10
-2.992442081113006498e+04 3.537633193892139122e-11
-2.992403231561549546e+04 1.131817869130219533e-10
-2.992377820277434512e+04 5.776442739583003974e-11
-2.992359193061725091e+04 7.692310438708188784e-12
-2.992316047914728551e+04 4.024745633002704935e-13
-2.992301078284976029e+04 2.776593510650029846e-15
-2.992296175372104699e+04 1.157242908377192977e-12
-2.992272743677287872e+04 1.921576124730234432e-11
-2.992245935615179405e+04 2.201635183285393313e-11
-2.992216608798289235e+04 8.982344738716825678e-12
-2.992209669554145876e+04 4.634333471581104293e-12
-2.992154060789613868e+04 1.950837221917577817e-11
-2.992141059161932571e+04 3.969971376339436160e-11
-2.992094998624887376e+04 1.965533923305749374e-12
-2.992059818170247672e+04 2.285476697578388958e-12
-2.992034983941990140e+04 3.651478738730530707e-12
-2.992027616709957510e+04 2.674539526005346512e-12
-2.991996353481974802e+04 3.702000801625762743e-12
-2.991929790980194230e+04 7.126437291512724363e-12
-2.991898991156439297e+04 6.224237209116702400e-14
-2.991887105954741128e+04 8.964707368598864219e-12
-2.991866908377331129e+04 2.895363496389764153e-13
-2.991827460314787822e+04 1.151948893882959258e-13
-2.991784462027331392e+04 1.986431630700336040e-12
-2.991760563222815472e+04 9.136131625571039669e-12
-2.991723996416918453e+04 1.930847067865627018e-13
-2.991702977096669565e+04 8.785882245623886198e-13
-2.991650369726832650e+04 1.848016569895225612e-14
-2.991642491641794186e+04 1.653216061828825375e-12
-2.991615128165321948e+04 2.016077737869465123e-13
-2.991571150131827380e+04 1.830989539355319052e-12
-2.991533826127631255e+04 1.665671715401035185e-12
-2.991463878227011810e+04 4.283801274316244460e-13
-2.991452209645917901e+04 2.125267458911970948e-13
-2.991412436525322482e+04 4.889847939350662187e-14
-2.991372723882552600e+04 5.559270127457088180e-13
-2.991354914182289940e+04 1.885369584138971944e-13
-2.991301320553909318e+04 3.779231068922416283e-15
-2.991278963990796910e+04 3.756271604662026886e-14
-2.991209029710136747e+04 3.965808459160874888e-13
-2.991190076769450752e+04 2.878535943796295181e-14
-2.991159589638455873e+04 1.654340776957357804e-14
-2.991129853345017909e+04 7.782904303394261170e-14
-2.991028620073423372e+04 3.642715356150881208e-15
-2.991002964803616123e+04 6.429921387542527010e-15
-2.990974754338464481e+04 5.125985895192584461e-16
-2.990958170588415305e+04 2.545404933630973831e-14
-2.990928147108935082e+04 4.662917628775889902e-15
-2.990866481738398943e+04 8.408663232970936213e-16
-2.990806667973896401e+04 3.084513281488583293e-16
-2.990792319142610359e+04 8.655836130815967705e-16
-2.990750437233454431e+04 1.256961045915275024e-14
-2.990697446411752389e+04 1.218408398657823047e-14
-2.990660236887738210e+04 1.484391966558617609e-16
-2.990654687460708010e+04 6.796711427047986739e-15
-2.990610695040702558e+04 7.451999358834323578e-18
-2.990541788538491528e+04 9.128622734520864737e-16
-2.990473443298237180e+04 2.885756814797881569e-15
-2.990415104334280477e+04 1.642959747356586295e-15
-2.990360671703869593e+04 1.111238113977129763e-17
-2.990296012467390756e+04 1.086602969140446906e-15
-2.990265910021070886e+04 4.868165345178927494e-18
-2.990199666304660786e+04 4.213256019023484646e-16
-2.990153218470489810e+04 6.403792512658166132e-17
-2.990113971193638645e+04 5.703664200603814752e-16
-2.990059481297798993e+04 9.471008043766884337e-17
-2.990017966867778159e+04 1.339513699157656911e-16
-2.989971484253782910e+04 5.016173111539926524e-17
-2.989932923231012319e+04 3.830609716256663399e-17
-2.989887994894333315e+04 7.759773621115007072e-19
-2.989831753277265670e+04 3.085314872608042312e-17
-2.989752321382599257e+04 1.375042134531830629e-18
-2.989727885597108252e+04 9.020392009560981294e-18
-2.989620262008454665e+04 1.866172291599557288e-17
-2.989451620430623007e+04 1.962207469043929852e-18
-2.989443747506766158e+04 1.103434115992021146e-18
-2.989371278181910384e+04 1.463216918786321089e-20
-2.989344054764242537e+04 3.729283073970543842e-18
-2.989336070831612597e+04 1.226057140465593111e-18
-2.989309828473979724e+04 2.623524981646693506e-18
-2.989217052023879660e+04 8.243744337183562236e-19
-2.989175860215484136e+04 7.396386345185457033e-20
-2.989032034501965245e+04 9.786336303972604442e-19
-2.988985951469577412e+04 2.015305124699597543e-20
-2.988925835777498287e+04 5.056480316716340855e-20
-2.988862268170788593e+04 1.361215285668892548e-19
-2.988664106581165470e+04 6.990478702642570919e-23
-2.988612159685097140e+04 1.268462243324078418e-19
-2.988543598374672365e+04 2.747568702858653314e-20
-2.988433923445736582e+04 2.834396502177469991e-23
-2.988328481357848432e+04 1.837246252904204183e-21
-2.988281946958841581e+04 1.335293446251996994e-21
-2.988175448548970598e+04 8.078482950985427567e-24
-2.988093878868450702e+04 1.042213317635314492e-21
-2.987931279966778675e+04 3.245495720827460268e-24
-2.987811013880697283e+04 1.754112232502642749e-22
-2.987739840561293022e+04 0.000000000000000000e+00
-2.987731047604206469e+04 1.067341960116634546e-21
-2.987588926955291026e+04 1.431066538376180742e-23
-2.987464043664585188e+04 0.000000000000000000e+00
-2.987232270981779220e+04 4.717073444121594977e-24
-2.987160276682470430e+04 0.000000000000000000e+00
-2.987078300556907197e+04 0.000000000000000000e+00
-2.987034570569167772e+04 0.000000000000000000e+00
-2.986891233195239329e+04 1.989520570124914975e-24
-2.986784741172194845e+04 2.281159756995252991e-24
-2.986644185429371282e+04 0.000000000000000000e+00
-2.986510443220611342e+04 0.000000000000000000e+00
-2.985916647589420245e+04 0.000000000000000000e+00
-2.985843535087919372e+04 0.000000000000000000e+00
-2.985760053585613787e+04 0.000000000000000000e+00
-2.985716222423792715e+04 0.000000000000000000e+00
-2.985562230089106743e+04 0.000000000000000000e+00
-2.985473496909001915e+04 0.000000000000000000e+00
-2.984629548114932186e+04 0.000000000000000000e+00
-2.984552636672780500e+04 0.000000000000000000e+00
-2.983988465374184307e+04 0.000000000000000000e+00
-2.983947993431182113e+04 0.000000000000000000e+00
-2.983162122166399058e+04 0.000000000000000000e+00
-2.983112191664265993e+04 0.000000000000000000e+00
-2.981294804532170019e+04 0.000000000000000000e+00
-2.981266286195162320e+04 0.000000000000000000e+00
3.000241587403082667e+04 7.408630650486799148e-20
3.000244470423425446e+04 2.854725196469946922e-18
3.000361517213049228e+04 6.703314469488541677e-17
3.000364786258625827e+04 1.670911299767049110e-15
3.000441335204912320e+04 2.726176005875841878e-14
3.000444727835764934e+04 4.206079461963030666e-14
3.000467582236675662e+04 2.685201696027964002e-13
3.000489726300570692e+04 4.189227568807967668e-14
3.000504085962726458e+04 2.590774785211428750e-13
3.000525219297655349e+04 4.953043187920848219e-13
3.000553976845533180e+04 8.214507554503727523e-13
3.000573251945205629e+04 1.489132091246213480e-12
3.000602511363255326e+04 1.546486555856496125e-12
3.000631692417921295e+04 1.008764997017611705e-12
3.000643751461512511e+04 7.637948352859194055e-13
3.000674924302729414e+04 7.284050702530018183e-13
3.000704544512908251e+04 2.104174347590648045e-13
3.000707517557297615e+04 8.161500910567352811e-14
3.000732447452822817e+04 8.210885043288322682e-14
3.000746062040576362e+04 1.121760716408791368e-14
3.000758878425725561e+04 1.902593816366922362e-14
3.000782817193982919e+04 2.905251911102041521e-15
3.000794630038131800e+04 2.304855248685675900e-14
3.000881106624213862e+04 5.453673707863200091e-15
3.000951648154026407e+04 5.645833798520415481e-20
3.000992955364758018e+04 6.200324065382325689e-12
3.000998842700459500e+04 3.443375954536128020e-13
3.001069784939793681e+04 1.418539162919945272e-13
3.001080140557423147e+04 1.588278908503782016e-13
3.001098761614367322e+04 1.823638986854055420e-15
3.001102314963838216e+04 1.818647405931700605e-13
3.001125272685426899e+04 6.745410049271535215e-11
3.001152183610645807e+04 7.168516428277705792e-12
3.001157936741502635e+04 4.034594610893617991e-12
3.001167628736893312e+04 1.212967907477931155e-11
3.001176432286196359e+04 2.668622022450746028e-12
3.001188337808427968e+04 2.327398873872327971e-12
3.001203906027796256e+04 6.691052947513400906e-12
3.001220775749671520e+04 6.824998279645435933e-13
3.001239559746290251e+04 2.445413912883405499e-12
3.001256351722585896e+04 8.109371595693479713e-15
3.001264637657068306e+04 4.592090480143552378e-13
3.001275843805094337e+04 1.799865339254434346e-13
3.001286827206128146e+04 4.177578936960946226e-14
3.001306338272016728e+04 3.284486955561681356e-14
3.001312912654630054e+04 1.795017737121679252e-14
3.001327196538513454e+04 2.503609912506093247e-15
3.001357216524607793e+04 5.791314423954891849e-16
3.001375361621319826e+04 1.122020978374010610e-15
3.001436574220208058e+04 1.485032945824072832e-14
3.001449801104023572e+04 4.705221058399677493e-14
3.001503619219643952e+04 7.261952780769718297e-11
3.001518971621505989e+04 5.115188157681083785e-14
3.001529209800561148e+04 6.915729550003284489e-14
3.001590662080107722e+04 2.488610003896791962e-13
3.001606121842436187e+04 5.466181238441597005e-11
3.001623149406536322e+04 9.713000911065084413e-13
3.001668083167510122e+04 3.060819028253574451e-15
3.001698932547976801e+04 8.043046176238236100e-11
3.001705017322268031e+04 5.783786280626792685e-11
3.001754498261241679e+04 2.731680253389818938e-12
3.001780425149955045e+04 1.246901002141541049e-10
3.001786352215350053e+04 4.711394708434154849e-10
3.001825108441337215e+04 8.179155386552624773e-12
3.001857444677953754e+04 2.361210148363214609e-10
3.001879972188749889e+04 2.532977845831402248e-12
3.001892812984487682e+04 3.593905520000325243e-14
3.001918863436817992e+04 1.004472708897159035e-11
3.001949595631160992e+04 2.357249281491214497e-12
3.001968227917603508e+04 1.106135976694837811e-10
3.001981798229878041e+04 3.670020797360929737e-12
3.002004809062171626e+04 2.195821333111818622e-09
3.002006607665511183e+04 5.630296100926725475e-10
3.002018643855136543e+04 4.512372066263256850e-13
3.002033605929893019e+04 2.416159611349202436e-11
3.002058524670682891e+04 1.134644260117781124e-11
3.002077485414925104e+04 5.068554174392648121e-12
3.002086543645835627e+04 1.487553045963154685e-11
3.002096639579147813e+04 1.110489192339378474e-11
3.002112097222726516e+04 1.096121672310382380e-09
3.002127302170298572e+04 3.293689856143119613e-11
3.002152004057470913e+04 1.898184020088491962e-11
3.002162807599854932e+04 1.197359335293236445e-13
3.002185886266222587e+04 2.381331179779108391e-11
3.002212463289092557e+04 2.259458061255154363e-09
3.002216600933833251e+04 4.335630240083396022e-09
3.002240094802733438e+04 1.191173744125650265e-11
3.002258562806553891e+04 2.535292460781376375e-12
3.002286427706009999e+04 9.407081873045210059e-12
3.002309518478656901e+04 3.407862594642112384e-10
3.002313778062742495e+04 1.287502030444077594e-09
3.002332255963338685e+04 1.888671007631533395e-11
3.002365074302311405e+04 3.002048288725341191e-12
3.002374050838595213e+04 1.056440880869543587e-13
3.002392736630807485e+04 3.598921074479442873e-12
3.002403899040573378e+04 9.921173455002010475e-11
3.002423604909493224e+04 5.373750075347071577e-12
3.002453089193603955e+04 2.925056330945489857e-13
3.002484305526941534e+04 5.250635255212677476e-10
3.002495781222444202e+04 2.365714775860261183e-10
3.002505391425504058e+04 6.389907350397959628e-08
3.002515313365983820e+04 5.211184943396583238e-14
3.002538584597346198e+04 5.419804809725593150e-13
3.002547386975254994e+04 3.387076171623401843e-12
3.002561990373365916e+04 9.193921067361662965e-11
3.002600139687000046e+04 5.254457087903696596e-12
3.002613682843951392e+04 1.592662061355591771e-08
3.002614787564561630e+04 4.055385637732761410e-11
3.002629318351835900e+04 1.455559095878209126e-11
3.002643046667541057e+04 3.706418313134310012e-14
3.002676344684672949e+04 8.576581892999333671e-13
3.002687415096425684e+04 2.443984385132648468e-11
3.002703048064342875e+04 1.903387133236379215e-13
3.002708514021538576e+04 4.113089699719126863e-15
3.002720736076419416e+04 7.305024801985528100e-10
3.002739264552060195e+04 3.679711597350080453e-12
3.002744900215351299e+04 3.627268843477423482e-12
3.002758628427045915e+04 3.828506739797057484e-13
3.002788231358667326e+04 2.117442746227479930e-11
3.002806402959711704e+04 1.811219314117480842e-13
3.002818331895309530e+04 2.996219190742096511e-14
3.002825424967164872e+04 1.851430106514688302e-09
3.002830322639901351e+04 1.932101029965851260e-10
3.002836466783909782e+04 7.192297006804952613e-12
3.002865146619333245e+04 3.217124414818869632e-12
3.002866997856244416e+04 7.592946643059225585e-12
3.002897193289646384e+04 7.687628388793487081e-14
3.002901293718642046e+04 3.919017813890616086e-11
3.002927393164637760e+04 1.809593165472905245e-09
3.002931877097052347e+04 1.523518769174540767e-11
3.002954760396241545e+04 5.907278840548541415e-12
3.002961096537949925e+04 1.640599278605981276e-13
3.002977113373520478e+04 1.284968339420894304e-12
3.003004652048322896e+04 4.054377858547393290e-12
3.003005459922508089e+04 1.463508599237589298e-09
3.003015940251735083e+04 2.455502319650042091e-12
3.003023244982401229e+04 9.109578506353448014e-11
3.003027151899112141e+04 4.407271402733944916e-11
3.003037628257952383e+04 3.008708623079585930e-12
3.003071789825692758e+04 5.163210179208478133e-13
3.003073318877679776e+04 3.507572940969282612e-19
3.003089132397335925e+04 1.854154126196384772e-13
3.003105629875825252e+04 7.792614553487775136e-15
3.003113807177073977e+04 6.482309480792410368e-09
3.003116264071708429e+04 1.071628318644908907e-09
3.003131181951125836e+04 1.120494273484929067e-13
3.003157722746357831e+04 1.382565779810487148e-13
3.003176888741669245e+04 2.793671562941820918e-13
3.003182564544102206e+04 1.947530258317518381e-12
3.003199418317641175e+04 2.732499740828811300e-10
3.003211573638804839e+04 2.190011111825061268e-10
3.003222918552420742e+04 1.227051105510132704e-08
3.003237792933613309e+04 3.515738010924534948e-12
3.003263475750537327e+04 3.305338953038226518e-14
3.003282103701530286e+04 1.212695530982939648e-11
3.003298721593823211e+04 1.249659247219721432e-16
3.003305407967711653e+04 4.145056950744957291e-12
3.003330628324456120e+04 2.017431400932772041e-09
3.003332295734856962e+04 2.255411613492721043e-11
3.003341381904529044e+04 6.441278430506961081e-12
3.003358012329291887e+04 8.320378043465569376e-15
3.003366597959735009e+04 8.996113159301985640e-14
3.003387618213795577e+04 1.897095227169829835e-13
3.003413472810883832e+04 6.343970797795081753e-13
3.003429079116184585e+04 5.958976165258769649e-12
3.003436873718991410e+04 3.103299440446762666e-11
3.003446595414706826e+04 1.791691431855856919e-13
3.003473506134481795e+04 4.258411474357749129e-14
3.003491370048625686e+04 5.123258358741902580e-13
3.003494601254669760e+04 1.457874961339881881e-13
3.003504317790304049e+04 1.136108391319114007e-15
3.003505520529485875e+04 5.898024585959243887e-08
3.003539544890003526e+04 1.779656274289094549e-10
3.003543109844752325e+04 5.468868133632751746e-12
3.003556518602486176e+04 1.457669095190707208e-11
3.003576520856225034e+04 2.977357147941763417e-14
3.003592251288033003e+04 2.387821045970046756e-13
3.003608473271178445e+04 1.327519320247548089e-11
3.003614517450032145e+04 8.741530875509657795e-09
3.003615139599574832e+04 5.281076775348118891e-10
3.003635608090134338e+04 2.774387999153578464e-12
3.003643216396428397e+04 7.484996751009963229e-11
3.003665835414417597e+04 3.496776767623557036e-13
3.003676342649377330e+04 1.912095484367672048e-15
3.003689986684575706e+04 3.236339973716899645e-16
3.003714135806044214e+04 2.261293094606758069e-14
3.003723695615298857e+04 1.503672445448079367e-11
3.003723846126094213e+04 2.090970486446053764e-12
3.003738721125819211e+04 4.515929737102941306e-16
3.003749660464293629e+04 1.769257652611558567e-14
3.003763971259675964e+04 1.137749814233764068e-13
3.003770752605758389e+04 7.004982986162401000e-14
3.003810574440152777e+04 8.483643384670139317e-13
3.003820463027089136e+04 4.155006826078208793e-12
3.003832149583210412e+04 5.594140293514521397e-10
3.003835986323213729e+04 1.565485850708624392e-10
3.003847351562340555e+04 1.676685034416271470e-15
3.003860014689583841e+04 1.119656284437847903e-13
3.003872692319770067e+04 1.945934781871097343e-14
3.003900808098328707e+04 6.168757342769544860e-15
3.003921947830906356e+04 3.007062853682592923e-11
3.003941267888870425e+04 1.702038130655640560e-10
3.003942228701986824e+04 4.759142797283875330e-11
3.003943657409970911e+04 2.222500203320773633e-10
3.003963117419725313e+04 7.627887478046129845e-13
3.003985559366605594e+04 4.630033048377281191e-14
3.004005730173530901e+04 5.317739354199373853e-11
3.004006679026586062e+04 8.397928691502994154e-13
3.004023794995567368e+04 3.626797498297840444e-13
3.004028228345742536e+04 9.210032134221704213e-15
3.004051039336440590e+04 1.296918284470667245e-11
3.004066702176080798e+04 7.202797502097075201e-14
3.004087987262100069e+04 5.049134283089685994e-13
3.004100033564372643e+04 1.519551826035634737e-13
3.004104397284922379e+04 3.416150672327773366e-12
3.004115546164321131e+04 1.815202975460622570e-09
3.004150685242358304e+04 2.604825637313393552e-13
3.004157969225475608e+04 7.414288754370588895e-13
3.004164459560785690e+04 3.336100154750574976e-13
3.004169752955113290e+04 4.002249712380499030e-13
3.004199199697195218e+04 1.565727781847336431e-15
3.004220683176778766e+04 1.156205023621106331e-11
3.004226019970524067e+04 7.205826046871488468e-10
3.004236128954434025e+04 5.818925623679916601e-14
3.004244803445497018e+04 2.547935771134954291e-12
3.004258346874504059e+04 4.878789796034579690e-13
3.004263512223808721e+04 5.704172397566431498e-12
3.004288696724367401e+04 1.705191209675767503e-15
3.004313826987119319e+04 1.731144366491180738e-14
3.004327571214674390e+04 1.340236451650824949e-14
3.004337066146553116e+04 8.698557912359275445e-14
3.004338697698488249e+04 1.523155121468090236e-15
3.004363475318880592e+04 1.280189643512686019e-12
3.004383432033308782e+04 3.277023774109530517e-14
3.004398203730565729e+04 6.809035153189273809e-17
3.004420479801600959e+04 1.111700376584249073e-15
3.004436780104264835e+04 1.991981917698943194e-14
3.004447625116498966e+04 6.095267829050508472e-12
3.004449102476740154e+04 1.083570066121967218e-11
3.004471892032900359e+04 2.030680154719407922e-13
3.004474244674751753e+04 2.172056142254644085e-15
3.004489088672402431e+04 2.473317114643466832e-14
3.004506853886069075e+04 3.208785883464763032e-10
3.004511105053053325e+04 1.257708648192757509e-12
3.004516557739477503e+04 7.698285391798547117e-13
3.004554316432648193e+04 1.531649959594086861e-13
3.004559433505152629e+04 8.548156667983527997e-12
3.004567929667937642e+04 1.123316821186848927e-12
3.004577166043576653e+04 2.006531808943415517e-14
3.004583249833468653e+04 4.200980115713263594e-14
3.004604369352226422e+04 2.951191681381831183e-18
3.004618852544839683e+04 4.567288702664719074e-10
3.004638940142012143e+04 2.911372987948656424e-14
3.004654126865048238e+04 3.159096821226728014e-13
3.004660604927640816e+04 2.942324526527865311e-12
3.004673514300380702e+04 2.321332891946165077e-12
3.004705366927466821e+04 7.135565625708279062e-16
3.004711582707260823e+04 3.708073252143713308e-14
3.004721792820946575e+04 2.596297619786272517e-13
3.004731916743512556e+04 5.415466052489524825e-11
3.004733274473971687e+04 2.816786497137639794e-12
3.004748907483746734e+04 5.923230347145186444e-13
3.004756907069183217e+04 2.455055779252051889e-13
3.004785683377770329e+04 9.936823791084526425e-13
3.004793559193291730e+04 2.301882034537672101e-13
3.004800675573897752e+04 4.404168087371936994e-15
3.004825208679852221e+04 2.124143900478394369e-15
3.004843529181825943e+04 2.756481018267556971e-12
3.004848605811786183e+04 8.599456322147959091e-13
3.004861871135810361e+04 1.893423362900978171e-14
3.004880916596419047e+04 3.727271301615722898e-15
3.004896300825737490e+04 2.859653619903882731e-13
3.004898370029729631e+04 1.380143187754386853e-14
3.004907427130154974e+04 3.682631105684830904e-15
3.004934714684704159e+04 4.962163622849735066e-14
3.004938567950744618e+04 2.287180059320509061e-13
3.004961392397209420e+04 9.996802591323135040e-14
3.004972834231266097e+04 1.621407410026723734e-14
3.004986868038983084e+04 7.574866588433650039e-14
3.005001914353086977e+04 7.198461884260345361e-15
3.005011265776840810e+04 9.807535646280225678e-13
3.005015323071669991e+04 2.510993893913264382e-12
3.005031002466073551e+04 1.307315611314390054e-14
3.005053949518911759e+04 5.084948757820380528e-13
3.005071130730733421e+04 5.741278149415265945e-14
3.005078746337099437e+04 5.628154288126093789e-12
3.005088674395429916e+04 1.849345697624387144e-13
3.005116971862182982e+04 3.918471000860440841e-13
3.005126535993831931e+04 4.173747407616643715e-12
3.005131057600551139e+04 9.366026488108333148e-15
3.005134023676116340e+04 2.369910140132316128e-12
3.005147205991023657e+04 4.407933405401759126e-14
3.005173076055832644e+04 1.784135075421271697e-14
3.005185091272234422e+04 2.654267013769389316e-14
3.005197955235988411e+04 2.524736528967878787e-12
3.005206253667410783e+04 3.188442014037758691e-13
3.005235268170923518e+04 6.142334278894073281e-12
3.005244580395492085e+04 5.001065822341788285e-12
3.005251909788415651e+04 1.167345150652833453e-11
3.005253538041948559e+04 1.181053404904777504e-11
3.005264434360427185e+04 5.641457913191903950e-13
3.005290730840549077e+04 1.083904017224163137e-15
3.005302156882194322e+04 3.881161853130507691e-14
3.005315994757559747e+04 4.136786565968820492e-14
3.005324043426868957e+04 1.060625489470441878e-15
3.005351536121449317e+04 1.008919099599719448e-13
3.005358618886417389e+04 4.906422836347531451e-12
3.005375558838110373e+04 1.798828466102974344e-11
3.005391355429256510e+04 5.167499981888300587e-14
3.005395417992018702e+04 2.345287114109765108e-13
3.005408767257242653e+04 4.937254927225475271e-14
3.005442030403338504e+04 2.815131892637341208e-17
3.005445976415251425e+04 9.921808623128197278e-14
3.005472902944653833e+04 1.285728366000810337e-13
3.005478604753428226e+04 2.317756692895502339e-15
3.005491895834774914e+04 2.836122061525279883e-14
3.005502664130526682e+04 2.336577533973434121e-12
3.005512139971367651e+04 3.744559751935656447e-17
3.005533453913857011e+04 5.097441069633647956e-12
3.005537903372681103e+04 7.709170851856269977e-14
3.005546801169672472e+04 2.140438949168868219e-14
3.005567852331500399e+04 7.095327100247199617e-15
3.005592100398460025e+04 1.700139356837277884e-14
3.005594677231651804e+04 1.777611312037812773e-16
3.005604432341480788e+04 6.119656741701896094e-14
3.005630496584627690e+04 2.165476461769323663e-14
3.005632901459460481e+04 4.735878941032155220e-15
3.005650091549475110e+04 1.007491869721294443e-15
3.005672088283949779e+04 3.971904233178950340e-12
3.005676243273556975e+04 1.456763936964138218e-12
3.005684215497657715e+04 5.925486654535654767e-13
3.005695903391140382e+04 1.252835594202182717e-13
3.005724162988962780e+04 7.945002122646586465e-15
3.005753522257151781e+04 2.748900508195276330e-16
3.005759039300775476e+04 6.475198788506740151e-15
3.005768012279685718e+04 8.018125099729573518e-14
3.005796611267793924e+04 1.497651779277460075e-14
3.005809696019564217e+04 7.691351693550296372e-13
3.005821183386348275e+04 3.478979579492611315e-12
3.005835101907298667e+04 2.038358999979720583e-13
3.005847445432715904e+04 1.627554601753689059e-14
3.005869929746683920e+04 2.612646515584673529e-15
3.005881492109975079e+04 3.912865857411070343e-14
3.005897163176693357e+04 1.962247726925230482e-14
3.005897675487447486e+04 7.076903150913281175e-14
3.005903392958668701e+04 1.370692171596949937e-14
3.005941644089714828e+04 1.183914855007774280e-15
3.005964135604697367e+04 1.034444860134320360e-12
3.005971539246729662e+04 5.555359150244311694e-13
3.005982899306991385e+04 1.664139222606620272e-15
3.005999293739834320e+04 2.412951539743517902e-14
3.006015225621927675e+04 2.125802522015538038e-13
3.006025274369890030e+04 2.459193253450264446e-13
3.006038159568639821e+04 1.014486404143835198e-14
3.006059848430742932e+04 1.188657782556893757e-13
3.006069482290814994e+04 8.560280509055224131e-15
3.006098609474011027e+04 1.215283666663329025e-15
3.006114323826065811e+04 4.395757959290244482e-14
3.006127235315742655e+04 2.346556187868910318e-14
3.006137940828069623e+04 7.930264771342535883e-15
3.006151977603096748e+04 3.979480469977897343e-15
3.006164684998500888e+04 2.899075424535388025e-13
3.006183725845625304e+04 2.366126795711304675e-16
3.006208541575121126e+04 8.854122293057191760e-14
3.006230615586050044e+04 1.058770766320236492e-14
3.006243710396137612e+04 1.246373055689639577e-13
3.006263130524133157e+04 1.254997811976788242e-14
3.006280445177462025e+04 2.582780033349827830e-14
3.006289645005589045e+04 1.197592267423867297e-14
3.006298036704103288e+04 1.859820032885012548e-15
3.006331769841739515e+04 5.010451042388938843e-15
3.006350138792766302e+04 3.361661911842675508e-14
3.006366239475013572e+04 1.116510996835229332e-14
3.006382451255779961e+04 8.648724943127666001e-16
3.006396527391502605e+04 1.512735606032486284e-14
3.006428085012067822e+04 2.321308412418802634e-13
3.006432336650458819e+04 1.348340168284574732e-14
3.006448556256780284e+04 1.862751796734460799e-15
3.006450976027583238e+04 2.710520209210438898e-14
3.006485914479041458e+04 4.126257668324220063e-16
3.006504472485886436e+04 1.775926023327926375e-14
3.006516876531175149e+04 2.560866417595336594e-14
3.006532589985444429e+04 5.257957620480612307e-15
3.006572254886100927e+04 2.123182715540620798e-14
3.006586936561288894e+04 8.743126583296157989e-14
3.006596034133985086e+04 2.124016108875737190e-15
3.006618393405809184e+04 2.950061037346149274e-14
3.006629775146568136e+04 2.870823554563961105e-16
3.006642816032006886e+04 3.659712413255717330e-14
3.006679356251746867e+04 2.744827777524623898e-14
3.006686937777896674e+04 3.137300732329228678e-14
3.006707692652941478e+04 2.089574996347655300e-15
3.006735166690176993e+04 1.568869858520971134e-14
3.006752891458846352e+04 1.598710123216074954e-14
3.006783450214888217e+04 1.639724224883257833e-14
3.006798890856372600e+04 4.193473306418429078e-16
3.006822080526854552e+04 2.310506975159532742e-14
3.006852165502178468e+04 3.517392130258858552e-15
3.006857322349038805e+04 1.547426027605322069e-14
3.006873373846827235e+04 5.463999141111866903e-15
3.006896995990173309e+04 6.497554625820506058e-15
3.006911238144287563e+04 4.800664399781540937e-15
3.006957881572139013e+04 3.471653878797647801e-15
3.006976712364444757e+04 1.444561961237988252e-16
3.006992112814704160e+04 3.760597820781746966e-15
3.007016642990110267e+04 5.664644545208477451e-15
3.007039078213672838e+04 5.373973397379516302e-15
3.007070702306321982e+04 3.882469116796370701e-15
3.007076093686936292e+04 4.846693620650140714e-16
3.007077242869090696e+04 4.163175130938195652e-16
3.007136451251041217e+04 5.603836310591512700e-19
3.007157727852477910e+04 1.333386819317037202e-16
3.007191609707516545e+04 5.243438830584505576e-16
3.007208569352781706e+04 1.188553395900680347e-16
3.007212851978813706e+04 2.455515278711933886e-15
3.007255878892468172e+04 3.223790227044751900e-17
3.007271023284671173e+04 1.323791652667821785e-16
3.007277968197225709e+04 8.043706232633031721e-16
3.007306724464544459e+04 2.371132868478696152e-16
3.007362101579681985e+04 7.020714588525535160e-17
3.007370275054026206e+04 2.454963644457604380e-16
3.007382454434069950e+04 1.687289484205198917e-16
3.007396777833946544e+04 9.249800888718225850e-17
3.007429558693641229e+04 1.696729027880831516e-16
3.007466868451853225e+04 6.742591913873490235e-17
3.007504766412225581e+04 5.293720639604826682e-16
3.007543962220405228e+04 8.551780208462760369e-17
3.007557112040352513e+04 3.267969555630122948e-17
3.007576512834748428e+04 9.542618566742045384e-17
3.007609361330838874e+04 3.747967910912693180e-19
3.007641934558988942e+04 2.912018852117634423e-18
3.007661855709246083e+04 2.049704081965629097e-17
3.007694877567552612e+04 1.385177872908263914e-16
3.007715456201109191e+04 2.128246932304812473e-16
3.007719041331222252e+04 5.017610766262912915e-18
3.007742486098066001e+04 1.944756636638667168e-17
3.007767524590425091e+04 2.928744340898645786e-17
3.007803742931005399e+04 3.606425879516043610e-17
3.007817882691096020e+04 4.923452529884678362e-19
3.007858277815905603e+04 4.810117581110722430e-18
3.007872568149480503e+04 3.860537608689037445e-17
3.007915946942476148e+04 9.737295203726697842e-17
3.007954739968636932e+04 5.568565692265928840e-18
3.007984800511613139e+04 2.779222106835883695e-18
3.007985370568805956e+04 7.687873967853327349e-18
3.008021993926260984e+04 7.932254096609070912e-18
3.008082958030151349e+04 2.478054486329298084e-17
3.008113339335793717e+04 9.640844581844489361e-18
3.008128160652607767e+04 7.171741227564640652e-18
3.008151783325867655e+04 1.510754158263378695e-18
3.008189538198218361e+04 2.329114379003706278e-18
3.008230756077784463e+04 6.743091091933268385e-19
3.008249535050484337e+04 5.890311256986966903e-19
3.008301289112081213e+04 1.046422490506031554e-19
3.008307419716489676e+04 7.694690602962372240e-18
3.008369889806549691e+04 7.751845308318788436e-20
3.008376823359245464e+04 2.784118498813006910e-18
3.008394988661999014e+04 2.321770862353788747e-19
3.008439694194866752e+04 1.103157946842916363e-19
3.008477262672585493e+04 2.228361974684720145e-19
3.008547145050047038e+04 2.676198758210534014e-19
3.008560643620593692e+04 2.244617071175923911e-20
3.008600300009860439e+04 4.765453080503202429e-19
3.008637976828563114e+04 4.152363506089568670e-19
3.008658396225993420e+04 5.942114049457964030e-21
3.008714490171627403e+04 1.253112674634941774e-19
3.008742796206545609e+04 1.060442319714386990e-19
3.008801827122104442e+04 7.738423972418747164e-20
3.008826166517302408e+04 9.337882593963196007e-20
3.008857017020828789e+04 1.112650536161943184e-20
3.008877478113596953e+04 1.486919780681681552e-19
3.008989001290136366e+04 1.575335805493979835e-19
3.009013717159076623e+04 4.459859282125843023e-21
3.009045847046752169e+04 5.831405152929565262e-23
3.009060739479140102e+04 2.105566115916326103e-20
3.009087982916684268e+04 2.222034317284618727e-20
3.009153037814743584e+04 1.511167303773800518e-20
3.009213148361929052e+04 8.532313384286539791e-22
3.009222787354082175e+04 2.701973021725548943e-22
3.009262204044284590e+04 1.693959310088100198e-21
3.009310003461973974e+04 3.445680604309936311e-20
3.009354411463910219e+04 1.702062644823239072e-22
3.009363231556187384e+04 6.187965895526425681e-24
3.009406175197489574e+04 6.104308128323930356e-21
3.009466742451989921e+04 5.697789099606827718e-21
3.009542475201598063e+04 1.063832210343564846e-21
3.009600110163288264e+04 1.051123383080715992e-22
3.009653441735329761e+04 8.827509519321692935e-22
3.009718436727743028e+04 1.402977414651264460e-23
3.009750674412402077e+04 4.409228627840876604e-23
3.009814162778660466e+04 2.072967137985879495e-22
3.009864318215408639e+04 4.873910799005764753e-23
3.009898593235181761e+04 1.887354172902166749e-22
3.009962450125243413e+04 7.228213636247468787e-23
3.009989632236271063e+04 2.367378501107361410e-22
3.010038105274849659e+04 1.984292922674197007e-22
3.010086682371946881e+04 2.890857594087404603e-23
3.010124316976269620e+04 5.443929682097893411e-24
3.010188948811621231e+04 1.385687192835101440e-23
3.010272497827939515e+04 1.434669242767120386e-23
3.010287265712508452e+04 4.662964543406994673e-24
3.010399177834223156e+04 7.083948913398934320e-24
3.010562092433858925e+04 2.284570691100139694e-23
3.010569041145549636e+04 3.119340004610408784e-24
3.010641590214205280e+04 4.338211529842836139e-24
3.010666509773773578e+04 0.000000000000000000e+00
3.010680832496556468e+04 0.000000000000000000e+00
3.010707163600433705e+04 0.000000000000000000e+00
3.010804056195545854e+04 0.000000000000000000e+00
3.010830903970049621e+04 0.000000000000000000e+00
3.010978470635915801e+04 0.000000000000000000e+00
3.011028907353970862e+04 0.000000000000000000e+00
3.011087518295250266e+04 0.000000000000000000e+00
3.011153466906550966e+04 0.000000000000000000e+00
3.011348842519679602e+04 0.000000000000000000e+00
3.011397569087363809e+04 0.000000000000000000e+00
3.011467333465578122e+04 0.000000000000000000e+00
3.011578299241147397e+04 0.000000000000000000e+00
3.011693635198725315e+04 0.000000000000000000e+00
3.011728839716307266e+04 0.000000000000000000e+00
3.011848517013684250e+04 0.000000000000000000e+00
3.011916439768847340e+04 0.000000000000000000e+00
3.012087079987405014e+04 0.000000000000000000e+00
3.012203832563969991e+04 0.000000000000000000e+00
3.012271853212709539e+04 0.000000000000000000e+00
3.012275771089107366e+04 0.000000000000000000e+00
3.012423845532726045e+04 0.000000000000000000e+00
3.012550931396759188e+04 0.000000000000000000e+00
3.012775242696871646e+04 0.000000000000000000e+00
3.012850484013836103e+04 0.000000000000000000e+00
3.012936989347749113e+04 0.000000000000000000e+00
3.012990096178044405e+04 0.000000000000000000e+00
3.013128984380512702e+04 0.000000000000000000e+00
3.013228964957282733e+04 0.000000000000000000e+00
3.013375773517667403e+04 0.000000000000000000e+00
3.013509185859214267e+04 0.000000000000000000e+00
3.014092420891733491e+04 0.000000000000000000e+00
3.014163183187547838e+04 0.000000000000000000e+00
3.014248306198324644e+04 0.000000000000000000e+00
3.014294985987908512e+04 0.000000000000000000e+00
3.014453018420159788e+04 0.000000000000000000e+00
3.014540256559653062e+04 0.000000000000000000e+00
3.015379111543457475e+04 0.000000000000000000e+00
3.015454784223712340e+04 0.000000000000000000e+00
3.016032902749651839e+04 0.000000000000000000e+00
3.016072509250585426e+04 0.000000000000000000e+00
3.016846418119121154e+04 0.000000000000000000e+00
3.016895473866478642e+04 0.000000000000000000e+00
3.018714083090379791e+04 0.000000000000000000e+00
3.018742065541469856e+04 0.000000000000000000e+00
