-3.002067193843877976e+04 6.581945446945123285e-24
-3.001931663419273173e+04 2.360767741730538204e-20
-3.001923172931287991e+04 6.833908307269219752e-20
-3.001882894977710748e+04 1.027981470618553491e-19
-3.001830742086206737e+04 2.042718843753149779e-20
-3.001731717982484770e+04 8.073214942131631411e-19
-3.001683085523927730e+04 7.747378791952911059e-18
-3.001640767906693145e+04 1.524378723179362281e-17
-3.001569749571151260e+04 8.163806493743977751e-17
-3.001490561484841965e+04 1.382584463320751850e-15
-3.001408275427718036e+04 1.119382145299677871e-15
-3.001403358832259255e+04 4.982499301765518144e-17
-3.001324449141281002e+04 2.237197268172624702e-14
-3.001242460504217161e+04 2.581171134345568390e-13
-3.001205740065967257e+04 2.465445772012982353e-15
-3.001159679902042262e+04 1.939236528957478668e-14
-3.001076805254429928e+04 5.751628716448515820e-12
-3.001062776030128589e+04 1.021013013600009412e-13
-3.000993173017611480e+04 1.794198412088234884e-11
-3.000964966343997730e+04 1.651519947660397979e-12
-3.000909655997079972e+04 3.616111028595160933e-11
-3.000879696262375728e+04 1.115889434422683555e-13
-3.000827422651759844e+04 6.332812235147098254e-10
-3.000790751958053806e+04 3.108193268406964379e-11
-3.000743885196752308e+04 2.598488202340629781e-11
-3.000695342985333991e+04 9.291236421764742675e-11
-3.000659990694367661e+04 1.072938112556354075e-08
-3.000598480947368444e+04 2.655118241425034857e-10
-3.000575671857120324e+04 6.776700418290461265e-10
-3.000504246044022875e+04 1.520668239630735304e-08
-3.000490393582994511e+04 1.143990975938356604e-07
-3.000412509171334750e+04 8.439490739270768964e-13
-3.000403121603981708e+04 1.030435792930768649e-08
-3.000324310884288934e+04 9.334391518394487896e-07
-3.000312080348136078e+04 2.235317885452029388e-07
-3.000238072783461757e+04 6.207175980600469705e-08
-3.000219270258458346e+04 8.173344235346021821e-09
-3.000152269980209530e+04 5.615098332996394626e-06
-3.000126456666769809e+04 4.424689106396234645e-07
-3.000066803627711124e+04 7.682962307705736550e-06
-3.000034126723673035e+04 2.128204154976443163e-07
-2.999982161814902065e+04 6.689331685787761297e-08
-2.999942748264149486e+04 3.966569822115672416e-10
-2.999899610506937461e+04 1.230790462664568134e-07
-2.999853648468784741e+04 1.859135579357264694e-07
-2.999823494763203780e+04 2.686942601721631741e-06
-2.999773412602584722e+04 1.900527110995762335e-06
-2.999767783498639983e+04 3.232707660921878290e-06
-2.999727479520008274e+04 1.192821320131344827e-06
-2.999708109919276831e+04 1.000792411520491490e-06
-2.999656799960690842e+04 2.447252666736387875e-06
-2.999642335528404874e+04 7.564543220799183030e-06
-2.999575554259867931e+04 6.568972785735753970e-06
-2.999564951308119635e+04 9.831088684320696646e-06
-2.999493833407873535e+04 7.036152827968035576e-06
-2.999484141480519611e+04 2.637389658757576178e-05
-2.999439052546089442e+04 6.066975274981305526e-05
-2.999420205052873644e+04 3.177600935828979686e-06
-2.999379964948683119e+04 1.848081025614253185e-04
-2.999319138713291977e+04 2.249316753153675812e-06
-2.999302618150771741e+04 8.700672647376196602e-05
-2.999242008575428918e+04 9.688662210389300604e-09
-2.999232440509939261e+04 1.216279374659017827e-07
-2.999193936068603580e+04 7.024173184005069222e-06
-2.999153177536571457e+04 9.503099724627789870e-07
-2.999135922244337780e+04 2.528131316392300004e-05
-2.999092915066393834e+04 2.709324890182242848e-04
-2.999069006627075578e+04 5.271266727811400242e-05
-2.999049296518087431e+04 3.225196534657490073e-05
-2.999021609068542239e+04 4.692391616981824091e-06
-2.998993135753138267e+04 8.914733736295496491e-07
-2.998953536625217384e+04 3.023476191724511143e-05
-2.998925259333108625e+04 1.497418985532958547e-05
-2.998917718439437886e+04 3.830622766301166807e-05
-2.998888879646049827e+04 2.268144330480525365e-05
-2.998860657727123180e+04 2.440187150526056297e-06
-2.998809173962967179e+04 1.410783120513406696e-05
-2.998807723351003369e+04 1.630198593796930646e-05
-2.998788889807042506e+04 1.051479669074907206e-05
-2.998782863409639322e+04 1.551284957858186251e-05
-2.998739454698305781e+04 5.936790987700099582e-05
-2.998722823199168488e+04 6.240108146037612465e-05
-2.998707755679271941e+04 4.704130537200433101e-06
-2.998687801302025036e+04 7.360847978914218836e-06
-2.998671152800044001e+04 2.020081021620477504e-04
-2.998638733580235566e+04 1.135179389599546060e-04
-2.998611605355424399e+04 6.332386836904571647e-04
-2.998588244642913560e+04 4.627261465928790449e-05
-2.998574038657615529e+04 5.630104919536804006e-06
-2.998550241820472729e+04 7.316234177490528370e-04
-2.998543112129598376e+04 8.098300094714154225e-05
-2.998527357281804507e+04 3.498999636103571200e-06
-2.998518522868255241e+04 6.573121990931487168e-04
-2.998503817886372781e+04 3.394268563777697359e-04
-2.998480626990400560e+04 5.930956808582153739e-04
-2.998447050958585896e+04 1.074273422522511057e-03
-2.998442565858422313e+04 2.824141237743054041e-04
-2.998432892198548507e+04 8.635245837466786617e-04
-2.998382753661949391e+04 5.408216340327662216e-05
-2.998357873919312624e+04 1.832106232469967388e-04
-2.998349247493981602e+04 1.436768858219279526e-06
-2.998324354061932536e+04 1.835949131360927109e-05
-2.998318800172755800e+04 4.657506440904034397e-06
-2.998258737555458720e+04 1.764794396037637671e-07
-2.998236983749779029e+04 9.241484715047218523e-08
-2.998208897066901773e+04 2.286013800829120570e-07
-2.998179575939979986e+04 1.313300402216872119e-05
-2.998161841303081019e+04 1.194653829658427390e-06
-2.998139458190460937e+04 3.639887156187350721e-05
-2.998100833596031589e+04 3.018206790579204969e-05
-2.998087201457564879e+04 5.969619224705743118e-05
-2.998053178222338101e+04 3.162553706770331627e-04
-2.998047405518921005e+04 3.102402511115392612e-04
-2.998023215459946732e+04 1.419416836895241426e-03
-2.998016747065025993e+04 4.859250746360140646e-04
-2.998008763282390282e+04 5.363810666671787759e-04
-2.997987332444703134e+04 7.436857187132372532e-07
-2.997972410038256203e+04 3.734767428522702297e-04
-2.997955077994589374e+04 5.213321353459566231e-03
-2.997940622295979483e+04 4.460446115366638922e-05
-2.997916090571871246e+04 1.558638961465757915e-04
-2.997911507969290324e+04 5.193576148806414335e-03
-2.997892353161659776e+04 7.521495518381153544e-03
-2.997871809829758058e+04 4.813456769832267406e-06
-2.997857935205017202e+04 1.379736206054561981e-03
-2.997831913334050114e+04 2.156699896238452145e-03
-2.997815945073838157e+04 1.487981194896373979e-03
-2.997802792131858951e+04 2.970582886825863341e-05
-2.997783468367497699e+04 6.915761223946264777e-05
-2.997772841532794337e+04 2.677579620826966834e-05
-2.997746095322258407e+04 2.738870165064229666e-04
-2.997701292444541104e+04 1.190907031445862354e-03
-2.997679255407756136e+04 1.039085184346274577e-05
-2.997650621807903372e+04 4.754218173005102481e-08
-2.997623567744797765e+04 8.946952333365129108e-04
-2.997597366244290970e+04 2.649645765506723297e-05
-2.997573735501538249e+04 8.016928330464448491e-05
-2.997565315647011448e+04 5.431261324768672112e-06
-2.997511091183662938e+04 4.709498834427185772e-04
-2.997506920140148941e+04 8.868372988465063333e-02
-2.997489882108084566e+04 1.586908614361823831e-04
-2.997487804406840951e+04 1.400851834128825359e-04
-2.997449052385633695e+04 7.472345654500367777e-04
-2.997429903041592115e+04 1.094607781773231916e-03
-2.997414244542326560e+04 1.068050641884118329e-01
-2.997405331782579015e+04 3.726078948575840127e-02
-2.997360960645772866e+04 8.668312056484856355e-04
-2.997355197318278078e+04 3.010117674729575359e-04
-2.997343527574102700e+04 9.966453845654641916e-03
-2.997318175386889925e+04 7.193798278543276294e-06
-2.997299341006657778e+04 2.654832516126261286e-03
-2.997285568516983039e+04 9.387389816409279913e-03
-2.997261114256463043e+04 9.270305911143036839e-04
-2.997243024180447537e+04 1.020249314635837115e-03
-2.997210733538941713e+04 1.971118791148828309e-03
-2.997203163393275827e+04 4.271458640827820175e-03
-2.997166925805135907e+04 9.682427447926393637e-04
-2.997157037075743210e+04 5.091560004681664961e-04
-2.997114074081194849e+04 3.312978301134637035e-03
-2.997094417676266312e+04 7.974271514981503628e-04
-2.997073300901062248e+04 2.786228821457700225e-04
-2.997058115263302898e+04 3.787826668943333286e-05
-2.997026628741400418e+04 7.923050346310225346e-04
-2.997011348595220625e+04 9.346819473011396678e-03
-2.997002168829292350e+04 4.099833270529136264e-01
-2.996968276878811230e+04 7.177846131327883126e-04
-2.996949759382244156e+04 2.724435163061959104e-04
-2.996918161942878942e+04 2.056811120842574957e-04
-2.996910019378166544e+04 8.884335122021843082e-04
-2.996894786977278636e+04 2.317404780602870496e-04
-2.996886162975670959e+04 1.108987121141576546e-06
-2.996843969333813948e+04 6.174408449096776197e-04
-2.996812167978061188e+04 7.789126079629245638e-04
-2.996797513306784822e+04 6.983830319696646138e-02
-2.996783574745448641e+04 8.489053519293482441e-04
-2.996772042358567342e+04 8.113314202840612305e-04
-2.996749279809155269e+04 3.750873788139146123e-04
-2.996738472795703274e+04 3.699963770293967840e-05
-2.996726278554869714e+04 8.822045062276320370e-05
-2.996721786497701032e+04 2.012468158191393040e-03
-2.996717529138764803e+04 4.647328105014528372e-03
-2.996688753100738541e+04 8.463823404111006903e-04
-2.996661561992864154e+04 6.419290368437318003e-04
-2.996648444455026402e+04 9.173360950596770765e-04
-2.996620473862308063e+04 9.861805283681254232e-04
-2.996613215204385779e+04 3.356336494449929913e-03
-2.996597500716922514e+04 3.808256923467566403e-04
-2.996568698255511481e+04 1.998984422813701134e-04
-2.996560286388862005e+04 2.649608050378614711e-04
-2.996546205051603829e+04 6.924456611657165512e-04
-2.996524528519184241e+04 2.795700173066075172e-04
-2.996501889104504880e+04 1.176448035643557800e-02
-2.996496857373159946e+04 3.945656199635094730e-02
-2.996485679089690893e+04 3.481987095410270911e-04
-2.996466419083537403e+04 2.589013074776379893e-04
-2.996437498403255086e+04 4.051954171374544194e-04
-2.996412760440498460e+04 1.991577093495726369e-03
-2.996402760041617148e+04 2.049540233736097186e-04
-2.996387130211147814e+04 1.131818370960714637e-02
-2.996378514777420787e+04 8.728369746512765204e-02
-2.996368316235200837e+04 3.667056299039312795e-07
-2.996338645501773863e+04 2.701483614948109083e-05
-2.996318022079745424e+04 7.364799275825712495e-06
-2.996296548070210338e+04 8.414117524234645152e-05
-2.996285179114801576e+04 1.527774511012645123e-06
-2.996264418799363557e+04 5.429131665539647635e-05
-2.996243510939445696e+04 1.158637436753642387e-05
-2.996220247286822996e+04 1.419042690034992781e-06
-2.996196206337345939e+04 1.380466015337357584e-04
-2.996183878054896195e+04 4.234543133441081761e-04
-2.996163356926934648e+04 3.110283739087995160e-04
-2.996153931494489007e+04 2.022517997554427235e-03
-2.996140873854677193e+04 7.759664393889838938e-06
-2.996105103338644039e+04 4.501769970125088079e-07
-2.996087736133036742e+04 2.059905594361306921e-04
-2.996079513306167428e+04 6.044547594721774860e-05
-2.996057878469741627e+04 2.019897371063660799e-03
-2.996042230246617328e+04 1.265246688574963631e-04
-2.996024168971521794e+04 6.909189410432701673e-07
-2.995999403854882257e+04 1.755975728651272896e-04
-2.995986761897270480e+04 3.984472571193362761e-03
-2.995972633058611609e+04 7.960471539148092324e-06
-2.995960924753508152e+04 2.616946503051184201e-06
-2.995958867296606695e+04 2.037646933807078537e-04
-2.995938152928261843e+04 2.035844783401110318e-05
-2.995907481052204093e+04 1.356963898309711838e-05
-2.995891876714615864e+04 1.902539267127224929e-05
-2.995883721933425477e+04 1.166646031133163346e-05
-2.995854361896294722e+04 3.406542918542664923e-03
-2.995831945436769456e+04 8.956821532381076354e-05
-2.995816340034497625e+04 5.000851638401428352e-05
-2.995803627859457993e+04 5.499665444978864618e-05
-2.995784246834210717e+04 3.118592622617868405e-06
-2.995773507316031464e+04 3.122183700229159108e-05
-2.995757366619853565e+04 2.963546192795765366e-06
-2.995728873684258360e+04 3.221993005224293039e-03
-2.995725571634217340e+04 1.707587878005096627e-04
-2.995704004811687992e+04 2.908222995017922244e-04
-2.995685301977425479e+04 1.929883335784108294e-06
-2.995658080459937992e+04 8.929073005434353411e-06
-2.995647629337234684e+04 1.243228235859311767e-04
-2.995637567236163522e+04 1.511176403054392735e-06
-2.995634848103527838e+04 1.409545689306843792e-05
-2.995596623472412466e+04 4.504040065074551170e-04
-2.995586920843144617e+04 1.185285797977160647e-04
-2.995568033496525459e+04 4.991519893554101466e-06
-2.995551302950941317e+04 1.464542189303989367e-05
-2.995536133800432071e+04 1.441603705197934580e-05
-2.995521750717550094e+04 1.095744874177124901e-07
-2.995480396166113132e+04 9.501523816017997531e-04
-2.995470418431344297e+04 1.542412702443264531e-07
-2.995460292215745721e+04 4.722380521940987210e-05
-2.995456144472539745e+04 1.773240171828703051e-04
-2.995446363845289306e+04 5.743156992214318323e-05
-2.995410056410128163e+04 4.847610949787576766e-05
-2.995401699231198654e+04 9.423692879904843140e-06
-2.995368908461934916e+04 2.501646656798099169e-06
-2.995359941940929275e+04 1.192411583144318843e-08
-2.995351789010890570e+04 1.435507558060793496e-05
-2.995344979800020883e+04 4.788866123562276609e-07
-2.995312398720230703e+04 1.729383094290174111e-03
-2.995302704428483776e+04 1.072340220760229591e-04
-2.995291754902938192e+04 8.187150194310283439e-05
-2.995256232712303245e+04 1.132282607936785845e-05
-2.995241577207284718e+04 2.835634022168450851e-08
-2.995228411743223478e+04 3.699513655511982701e-06
-2.995218895064542085e+04 4.758407001172692579e-06
-2.995195107705332339e+04 8.969355077965865354e-06
-2.995173935649015766e+04 1.960105293136730131e-05
-2.995163953485824095e+04 2.251812199059228907e-03
-2.995149794888341421e+04 6.213879207570897597e-04
-2.995139496147079262e+04 5.887485735208592862e-07
-2.995106716590029100e+04 2.163232964123399944e-04
-2.995088989793051951e+04 2.189663158162592497e-05
-2.995066391926123470e+04 7.252338214123092445e-06
-2.995042292498418465e+04 5.756162003717412092e-07
-2.995015878204094042e+04 7.383797059788655392e-07
-2.995008355606271653e+04 1.276066016278021801e-07
-2.995003666797359983e+04 1.597705288892635852e-05
-2.994997957229525855e+04 6.065184534371742413e-06
-2.994979034324070017e+04 7.575784704266280342e-05
-2.994963121723437871e+04 3.228423275051946456e-05
-2.994952143507671644e+04 4.929780305120740130e-06
-2.994926084415642254e+04 5.819954993887200810e-06
-2.994901190474750911e+04 3.855824161375681798e-04
-2.994897875165470396e+04 7.800656519215677610e-04
-2.994865140007609079e+04 3.820819228058802160e-05
-2.994856339452666361e+04 9.344205537395405641e-05
-2.994839663015024053e+04 3.942052101826143966e-06
-2.994830267720145639e+04 4.857144896696785251e-06
-2.994810108574727565e+04 9.512930842091685997e-08
-2.994792252689906309e+04 1.145293776002246563e-07
-2.994772107614694323e+04 4.059575663644582414e-07
-2.994730317578167524e+04 3.955674854100601313e-05
-2.994721501490679657e+04 3.957247764677938103e-05
-2.994712100632847796e+04 3.204686959130838275e-05
-2.994695253598153067e+04 4.643330471461753925e-05
-2.994686484803533313e+04 3.374902784438386471e-04
-2.994673719947088102e+04 9.973286902992384599e-08
-2.994664539530482944e+04 2.171313223165570962e-05
-2.994645067493743045e+04 5.942699600057456900e-06
-2.994613718426360356e+04 1.099327035194892167e-05
-2.994602152264340475e+04 1.870324409909251369e-06
-2.994581015851046686e+04 1.383363915501342319e-06
-2.994556274733848477e+04 2.925576835432426337e-06
-2.994545845514021858e+04 4.558616887180408512e-06
-2.994543956576272467e+04 1.461384680565624048e-06
-2.994514784117330055e+04 7.705455019902114730e-05
-2.994500564548289185e+04 1.884993007296382393e-05
-2.994492799748253310e+04 2.165214314149171732e-05
-2.994466726169171307e+04 4.898779044122934687e-05
-2.994452392873837380e+04 3.204466924805434759e-05
-2.994437463829424451e+04 4.786973487874584533e-06
-2.994392801431072803e+04 5.376408172194072668e-05
-2.994386567061288952e+04 2.051938078549895542e-06
-2.994358692397924824e+04 2.401551686952443110e-06
-2.994343229447240083e+04 1.370290978748161674e-06
-2.994323165322631758e+04 2.929889890751594082e-05
-2.994315881137577526e+04 2.879894734716255198e-06
-2.994298331145918564e+04 1.464327086380553224e-08
-2.994291192915561987e+04 2.774793115729993221e-07
-2.994278057987951252e+04 4.080216739779718571e-07
-2.994266524510576710e+04 6.384598068747461699e-07
-2.994252520520334292e+04 1.282395156489146968e-07
-2.994231735718305572e+04 5.108985568461976720e-07
-2.994204601488001572e+04 1.870046739542550989e-06
-2.994196012344757764e+04 9.838146813528959549e-06
-2.994184743149199494e+04 8.734844116774372288e-11
-2.994141370303977601e+04 1.443159848397318297e-05
-2.994111281160733415e+04 3.132597768442331017e-06
-2.994087745849705243e+04 2.264337109483178411e-05
-2.994071123818018168e+04 3.122963732831281674e-06
-2.994069683233004980e+04 3.265069729768397979e-07
-2.994060755978402813e+04 2.853113941170585036e-07
-2.994046963034676446e+04 1.817999499132605532e-06
-2.994035728521414785e+04 3.425929542020825899e-06
-2.994011514575218462e+04 5.144649625517456838e-07
-2.993998622434440767e+04 1.077804742816958300e-07
-2.993960874611545660e+04 7.409876910631154507e-08
-2.993950453443878359e+04 1.462898282461488873e-06
-2.993937402360699707e+04 1.111066640876122289e-05
-2.993901211785061969e+04 2.774066771693477412e-06
-2.993885119185623626e+04 8.533974388192884649e-07
-2.993855633479695098e+04 3.973655577289796088e-06
-2.993842251831642716e+04 1.560114608831988613e-05
-2.993816240696495879e+04 1.344468490114892022e-06
-2.993794433622307770e+04 4.973184575709742261e-08
-2.993786856417821400e+04 5.091939998523839843e-06
-2.993772656275522604e+04 8.423699096030036874e-07
-2.993753541082885931e+04 6.531581404694725534e-09
-2.993745288450755106e+04 8.435949318122634018e-07
-2.993723271413166731e+04 2.507623960459157948e-06
-2.993719783058512621e+04 2.590931281542613027e-06
-2.993691849426165209e+04 8.654717202760725212e-07
-2.993670093212352003e+04 1.370238265963956342e-06
-2.993662402813064182e+04 3.194467890991709840e-06
-2.993635158927700832e+04 7.341737138476955130e-06
-2.993608181657868045e+04 1.528902468315121818e-06
-2.993596721932886066e+04 6.832248118204321976e-06
-2.993581323804876956e+04 1.088830507890015928e-05
-2.993561324164246616e+04 4.396090515192390552e-06
-2.993536588579332238e+04 6.502128163198722992e-07
-2.993525844820599013e+04 4.504225741450740320e-07
-2.993492784729329287e+04 2.819358919734757153e-07
-2.993475940550804080e+04 1.341147635664594186e-06
-2.993463731116028794e+04 9.357354845001531987e-08
-2.993420056245486194e+04 9.917237821802488728e-06
-2.993409763644538907e+04 3.494897945301137522e-07
-2.993397662030348874e+04 6.255888750756190525e-07
-2.993374726764637671e+04 1.499764716025995204e-05
-2.993332245418728780e+04 1.452660113175587732e-06
-2.993317341037006918e+04 4.867469851865174717e-08
-2.993303730159658880e+04 4.638783971486019554e-08
-2.993275278094786336e+04 1.020122286495176989e-08
-2.993260474766071275e+04 2.505276920774865735e-07
-2.993236302187641923e+04 1.411684751776038697e-06
-2.993228919271063569e+04 5.318346211245681053e-07
-2.993217429754046680e+04 2.056893483157689807e-08
-2.993197246573966549e+04 1.000774947090003350e-05
-2.993160725126799298e+04 8.668327656699599272e-07
-2.993152708222820002e+04 3.279999639590571279e-06
-2.993133636824604764e+04 1.745066923732274889e-09
-2.993104812781251530e+04 4.924478689103943877e-08
-2.993091478253553214e+04 1.071398968925080668e-07
-2.993070762879163158e+04 1.725460040907462836e-11
-2.993051615198302898e+04 2.070953104099313643e-07
-2.993033216574643302e+04 1.215611198057231921e-06
-2.993002058980442598e+04 3.417840429641768944e-07
-2.992989920717456698e+04 4.864618347039091139e-07
-2.992983594517523306e+04 4.662418156274257235e-06
-2.992954148319167871e+04 3.032677619696101749e-07
-2.992910830309881567e+04 1.197155486532404509e-07
-2.992886450106789925e+04 5.361857261410279216e-08
-2.992874404084328125e+04 5.464265124357456738e-09
-2.992854159162566793e+04 9.279547515955044193e-08
-2.992824515790003352e+04 6.293117556284634293e-07
-2.992785269599430831e+04 1.876794425280063580e-06
-2.992765636006149725e+04 4.916435832230446269e-10
-2.992748262908502511e+04 2.626665261367104360e-07
-2.992720527720264727e+04 1.039586318033096983e-07
-2.992713389976935287e+04 7.436741125591098563e-10
-2.992695066782586218e+04 4.778700069036707306e-08
-2.992663278604162770e+04 4.840662161109560860e-09
-2.992644284248134500e+04 1.903426648029683855e-07
-2.992610435515864810e+04 4.157940500459966487e-08
-2.992592199578542568e+04 6.419886875136003550e-08
-2.992572014553361805e+04 6.203083318336025065e-08
-2.992561195775607848e+04 6.141439531151853222e-07
-2.992532864948232236e+04 2.660298573581707980e-08
-2.992508147250369075e+04 1.907588231799456257e-07
-2.992468501781986924e+04 2.583385670260789010e-09
-2.992433972320149041e+04 6.890536488426705729e-09
-2.992424639963188747e+04 9.011144378214750303e-10
-2.992404915252742285e+04 4.045838631273243359e-08
-2.992384345548810961e+04 2.719565826832210604e-07
-2.992373192098103027e+04 3.389357097758292682e-08
-2.992319345502320721e+04 1.374903351245398563e-07
-2.992302862848342556e+04 8.580342002264371092e-08
-2.992257150759082288e+04 2.309294790748365170e-10
-2.992250934903270536e+04 3.538385309026343458e-08
-2.992222976996098805e+04 2.946643619376209604e-08
-2.992207999568077867e+04 1.843618911310799650e-08
-2.992169949021286811e+04 5.477115389419287015e-08
-2.992151455299676309e+04 2.093500773352650042e-07
-2.992115871131610766e+04 5.374621802905251573e-08
-2.992106244225686169e+04 8.492734832869327112e-09
-2.992086327832991810e+04 3.905656307661437816e-10
-2.992065671177179684e+04 8.871335917592503418e-13
-2.992050811968429844e+04 3.178048236746944511e-12
-2.992020578534557717e+04 1.485792566356513179e-08
-2.991978276544244363e+04 1.361219489030009433e-07
-2.991925822460153722e+04 7.797036605571338721e-08
-2.991911424641312988e+04 1.462290170052783486e-09
-2.991903771209820479e+04 9.372507648252655823e-10
-2.991872178461064323e+04 6.599029911781627276e-11
-2.991821888320913786e+04 2.860757448497913676e-08
-2.991814528904817780e+04 3.867384643595016617e-08
-2.991774262089516560e+04 2.216148298765599116e-08
-2.991738938250867432e+04 2.932741412467794739e-08
-2.991727216574113118e+04 8.472274063989440848e-09
-2.991674618768430446e+04 6.166221623698929200e-10
-2.991658603559659605e+04 4.482376021454785742e-10
-2.991642015689441905e+04 1.634678542488881922e-09
-2.991592896513484084e+04 5.515676227375411255e-08
-2.991564975628311731e+04 9.196145878147191717e-10
-2.991546733199419759e+04 9.687738784981107766e-10
-2.991501891310433348e+04 7.718496281362209248e-10
-2.991464528983995478e+04 4.619600838907936479e-10
-2.991432679564671344e+04 6.796870955115022706e-10
-2.991416599146139924e+04 1.499579653879581337e-08
-2.991371757136766610e+04 6.171679841702089177e-09
-2.991349230743644148e+04 4.938442774389179865e-10
-2.991340200627145896e+04 1.140868726195703035e-09
-2.991303703810133811e+04 9.285878329943829056e-10
-2.991288463747303467e+04 1.335135959418189505e-11
-2.991238682244078518e+04 2.784344869706455836e-09
-2.991223494708032376e+04 3.775938938247635992e-09
-2.991149103000472678e+04 1.140156790858978770e-09
-2.991134652767268562e+04 9.841783489351638817e-10
-2.991069469270491754e+04 2.140610035410489312e-11
-2.991047126505058986e+04 1.062343198213494460e-09
-2.990967528906704683e+04 1.328275697741679015e-09
-2.990951000765864592e+04 8.793442169713764833e-10
-2.990921498676542251e+04 1.467514929651424923e-10
-2.990894161890730174e+04 4.784777368166836487e-12
-2.990837966015522397e+04 8.780829009426386768e-12
-2.990832682437026233e+04 1.363254436322052456e-10
-2.990800520707377655e+04 3.982358597307263190e-10
-2.990764513379271739e+04 1.114229680066220677e-10
-2.990720333672352353e+04 6.354124654534927761e-10
-2.990638164272608628e+04 6.322914204708677175e-11
-2.990600502587077790e+04 5.056241468557757909e-10
-2.990561077725644645e+04 7.037009013972414566e-12
-2.990553489299634748e+04 4.682556425781931721e-11
-2.990498509235285019e+04 1.411383237868696049e-10
-2.990451413035009318e+04 5.620122412309228913e-12
-2.990376733052581403e+04 3.519508174523017096e-11
-2.990323378306006634e+04 2.232698656779837657e-10
-2.990292589919007514e+04 7.201894563124015532e-11
-2.990233062566589797e+04 6.028300828606862963e-11
-2.990174376157341976e+04 6.116184819774396759e-11
-2.990140682811904117e+04 2.688354266114720214e-11
-2.990089048312423620e+04 8.378890652527638200e-12
-2.990033885530825137e+04 1.803437271877601962e-11
-2.989957296736496210e+04 4.834875041293690018e-11
-2.989915636376864859e+04 6.305751213252014975e-13
-2.989859114455496092e+04 7.833660126477356727e-12
-2.989824696108006538e+04 5.400074931493606155e-12
-2.989772422243592882e+04 2.740937983227666542e-12
-2.989731956057507341e+04 1.565008405446293163e-12
-2.989695973350853092e+04 7.046468672864815412e-12
-2.989577799948375468e+04 7.204310206604908085e-12
-2.989512518047723279e+04 7.976838744595253982e-14
-2.989479884612477326e+04 5.535631159974633519e-12
-2.989333116061684268e+04 5.164077941246074101e-15
-2.989290657403501973e+04 2.541199703320477356e-14
-2.989231798068986973e+04 1.376963074908291245e-14
-2.989168787333856017e+04 2.400745142479931436e-14
-2.989084601682608991e+04 1.624172459981142636e-13
-2.988989801264509515e+04 1.191997361998258879e-12
-2.988978652353052166e+04 2.105902241584035973e-13
-2.988931041973340689e+04 1.435999834723815204e-13
-2.988814068084509563e+04 1.181721642261571617e-13
-2.988678631599170330e+04 2.538117361522753189e-14
-2.988549551474007239e+04 1.727846579428925139e-14
-2.988491450906656610e+04 1.075471032702110163e-13
-2.988344198041873824e+04 7.056054479129046114e-17
-2.988297531248820451e+04 3.511820488159562037e-14
-2.988230183617332295e+04 1.128612190461218821e-14
-2.988128379302823669e+04 1.047181171101085518e-15
-2.988016330520662086e+04 7.718474514745644566e-15
-2.987799934493680848e+04 3.192509173733194831e-16
-2.987686394607370312e+04 1.024281148669619354e-15
-2.987491498816977037e+04 5.445641817158427312e-16
-2.987423230005511505e+04 5.088161044576768275e-16
-2.987360230164053064e+04 2.125174291819576945e-17
-2.987127913685014937e+04 2.584625387890217438e-16
-2.987112089592421034e+04 1.770653340348210898e-17
-2.986831044933809608e+04 2.044734324715468260e-18
-2.986722281777510216e+04 6.341163301885300386e-19
-2.986537682291290912e+04 2.292928559293229851e-17
-2.986517977010745381e+04 3.763037441824367972e-18
-2.986120354849865180e+04 3.644335921063563824e-19
-2.986084336074908060e+04 3.570376044692207352e-21
-2.985804061131863637e+04 1.032914562124696271e-21
-2.985730112211701635e+04 3.405890333407799326e-20
-2.985578456154575906e+04 2.378473955991444221e-20
-2.985541980687684918e+04 2.708580212391309979e-19
-2.984974923127375223e+04 7.481400323441110321e-23
-2.984919864164189494e+04 7.951248273377813391e-22
-2.984576897318836927e+04 1.212268544663526799e-21
-2.984485541887880390e+04 8.187569290747150494e-22
-2.984393809668250833e+04 1.529987088151759690e-24
-2.984332427421358807e+04 1.721026554153465154e-23
-2.983686988913005916e+04 3.224865123537177851e-24
-2.983636244686658029e+04 5.145492409269650126e-24
-2.983384934660898580e+04 6.710819862258903735e-24
-2.983321393513081421e+04 0.000000000000000000e+00
-2.982241878697607171e+04 0.000000000000000000e+00
-2.982202648291130390e+04 0.000000000000000000e+00
-2.982038325171941688e+04 0.000000000000000000e+00
-2.981998101159468933e+04 0.000000000000000000e+00
-2.980670922400558993e+04 0.000000000000000000e+00
-2.980625155572396397e+04 0.000000000000000000e+00
-2.980212446054335669e+04 0.000000000000000000e+00
-2.980178732173794560e+04 0.000000000000000000e+00
-2.978905065730604838e+04 0.000000000000000000e+00
-2.978872355973258163e+04 0.000000000000000000e+00
-2.976676647738596512e+04 0.000000000000000000e+00
-2.976655589574073747e+04 0.000000000000000000e+00
2.998111872251641762e+04 0.000000000000000000e+00
2.998119899482245091e+04 0.000000000000000000e+00
2.998164567934328807e+04 0.000000000000000000e+00
2.998313909273994068e+04 6.857555419242733986e-24
2.998368417672607393e+04 0.000000000000000000e+00
2.998418932792177293e+04 3.118375295495451465e-22
2.998435716170399974e+04 6.564302901074990682e-23
2.998472403448448676e+04 3.356255795581924879e-23
2.998535719462238558e+04 3.389498704106117375e-21
2.998602647153492580e+04 4.394192927234141817e-21
2.998678783591088722e+04 3.299791684654953065e-20
2.998755131046210954e+04 5.131351621267423955e-19
2.998833022933489701e+04 2.331598376083982903e-19
2.998842433526167952e+04 3.203197773021729973e-20
2.998912019204705575e+04 6.884186300056561783e-18
2.998989014090292767e+04 3.757698212541297957e-17
2.999003893629707818e+04 9.333311230805560249e-18
2.999068287169294854e+04 5.272790193800277920e-18
2.999098724762695565e+04 1.184900902128981598e-17
2.999150335317561985e+04 9.584630513666796682e-16
2.999162979760963572e+04 7.981247853799448872e-17
2.999229988471943579e+04 8.112702696168450493e-16
2.999241842111222650e+04 9.900580965338534841e-17
2.999309428814394050e+04 1.036772404441539849e-14
2.999329606930556110e+04 1.258367763021867020e-16
2.999389490145176387e+04 3.125328909258727329e-14
2.999420378158312815e+04 2.437694210659004941e-15
2.999469836119902902e+04 7.730530611232065386e-14
2.999509149930415879e+04 6.080865091018306069e-16
2.999550799649887995e+04 4.489382341914498581e-13
2.999596459605836935e+04 4.642917416808947305e-14
2.999632359458687279e+04 6.531371347281723392e-13
2.999684359967420096e+04 3.931131943317906771e-14
2.999714346910099630e+04 3.386355771200648482e-12
2.999772297746916229e+04 6.162707627446962157e-13
2.999796748207169003e+04 7.317313689001125367e-12
2.999859833643866659e+04 2.302320897332463030e-13
2.999879525605234085e+04 8.593025583192397251e-12
2.999947032651441987e+04 9.283663697207830194e-12
2.999962493519426789e+04 6.573647087701697955e-11
3.000033477736532222e+04 8.752432883705538098e-12
3.000045519208155747e+04 2.141789897097556120e-11
3.000117975505738286e+04 2.885677693520366816e-14
3.000128650504465986e+04 1.572877670850709959e-13
3.000197471048582884e+04 3.109971294695193664e-12
3.000211498897544152e+04 9.614804859614090603e-13
3.000265041190767806e+04 4.197168903366637764e-11
3.000285869853473559e+04 1.443152236086912622e-12
3.000314967815938508e+04 8.418342313291986476e-11
3.000330714133533547e+04 7.986016045460063309e-12
3.000375087888350390e+04 6.734866119837175454e-11
3.000394643284986887e+04 1.033372638033796589e-11
3.000450089163098164e+04 2.806225872383031057e-13
3.000475478288192244e+04 1.859356130336045166e-11
3.000542480242809324e+04 7.424839064095686291e-13
3.000556765081729463e+04 4.092771374531739643e-11
3.000608747087017036e+04 1.325616792155566491e-10
3.000616819704435693e+04 1.288012129879261159e-10
3.000661875301492182e+04 1.040327873950739187e-09
3.000709422448576515e+04 7.833730453143423896e-13
3.000733594952142812e+04 1.523765406119319821e-09
3.000801691007655609e+04 2.269257417682644688e-10
3.000806779404754707e+04 5.840745675470074681e-11
3.000849542428737186e+04 1.541071657392572062e-12
3.000881568826958392e+04 1.265869478266632767e-11
3.000894884873427145e+04 7.647029910697971456e-11
3.000931354614633892e+04 1.330795669211886187e-10
3.000974282277025122e+04 1.254692117903884696e-10
3.000991617665912054e+04 1.841395689405307547e-10
3.001031607734691352e+04 9.489326462715818666e-11
3.001053909347377703e+04 2.594108880975566616e-11
3.001084775080139661e+04 3.372593546316019093e-14
3.001127040664446031e+04 6.122584901977059357e-12
3.001148688388099254e+04 1.418222741071225990e-11
3.001174287336675116e+04 4.887998115739852287e-13
3.001199146725797982e+04 5.770083322788089283e-11
3.001227332916876549e+04 1.464540450043732565e-11
3.001263102502348920e+04 8.039797663770504100e-11
3.001279983052866010e+04 2.790474686300319726e-12
3.001282848804990135e+04 3.280005670189487199e-10
3.001313210421610711e+04 3.042924005299775194e-11
3.001326025843095340e+04 8.759422331710825008e-12
3.001378216881297703e+04 2.760848399445632798e-10
3.001385441663226447e+04 1.917638033227129479e-09
3.001417035231787668e+04 1.981663046433755080e-10
3.001441513110119195e+04 6.526832486312486958e-10
3.001463704565616354e+04 1.126867629411499713e-09
3.001472274328429921e+04 6.237727262745397896e-10
3.001478426494546511e+04 7.752982990011258262e-10
3.001495340286560531e+04 1.845003205197543186e-09
3.001508264822288038e+04 2.603441441057760477e-10
3.001517680812500475e+04 1.475013650804533836e-09
3.001533448244968531e+04 1.683073612780628854e-09
3.001558215327942526e+04 4.162676247449376365e-10
3.001558698222233943e+04 2.523763438730248395e-09
3.001584828829807884e+04 2.995476707220234845e-09
3.001616147779907988e+04 4.209417356761671813e-09
3.001633012632609098e+04 2.250622675162354776e-10
3.001663332277835070e+04 1.776827264920899571e-11
3.001683023940428393e+04 2.696507196462207355e-11
3.001686430762482269e+04 3.872150285773938916e-11
3.001727505209843730e+04 1.087319914709434601e-11
3.001766857708459793e+04 6.976736143423358941e-10
3.001778838637432636e+04 3.639076828290062484e-12
3.001807635620550354e+04 1.444723632955410510e-11
3.001853877048349386e+04 6.288508860326900383e-12
3.001861676236721541e+04 9.753257504571759224e-11
3.001879849325971009e+04 1.390510458023978610e-11
3.001897738375499830e+04 1.477413040423617044e-11
3.001948223237425555e+04 3.525389836586737299e-10
3.001969262667610383e+04 3.724700820370114214e-09
3.002000667302618240e+04 7.474406283579649675e-08
3.002006273664124092e+04 8.560117353334135238e-11
3.002011123822279114e+04 6.827647546247016355e-09
3.002028616915988823e+04 2.466227801542828321e-10
3.002059886944885875e+04 3.107070460515375466e-08
3.002082035278026160e+04 9.025919371081957750e-11
3.002086524695868866e+04 3.989934271789956693e-08
3.002101099471985071e+04 3.246804002500761720e-10
3.002115384409934632e+04 1.527526567766772137e-08
3.002134621166801298e+04 2.903144775093222674e-09
3.002140869591688897e+04 1.337990977879850136e-08
3.002161788740209886e+04 6.904325191025107311e-09
3.002180687369004227e+04 9.994555031272042747e-09
3.002198339685651445e+04 2.649428731341533459e-09
3.002213213425381400e+04 3.680995174183798265e-09
3.002248777725121909e+04 2.284879657719559219e-09
3.002252993621332644e+04 3.658031698247627546e-09
3.002262506999664402e+04 1.909774166199784902e-10
3.002273570746414043e+04 6.611532502807934268e-10
3.002309729129681364e+04 1.435008101067099391e-09
3.002330491801432072e+04 2.268969920352483518e-11
3.002349862856326581e+04 5.015165569616705742e-13
3.002381426838039624e+04 1.313788170915053028e-10
3.002400853522672696e+04 3.293713487895549567e-10
3.002427478459566919e+04 6.886841725025011462e-13
3.002470228235674949e+04 1.551221910372805718e-12
3.002475106478404268e+04 6.011686118431900774e-13
3.002510381016163228e+04 1.904089514309750773e-07
3.002513223064134945e+04 8.173218053796498272e-09
3.002531488776454717e+04 6.379894752629706681e-10
3.002545118984430519e+04 2.268247532850685101e-11
3.002564393724075489e+04 1.590563429903444759e-11
3.002606246218429078e+04 9.221540128809376641e-10
3.002610743387450566e+04 5.310614899565094942e-09
3.002623905430359446e+04 1.756386185719454177e-10
3.002661295891062400e+04 4.939578366580956466e-09
3.002668046118824350e+04 1.450714116820922475e-08
3.002685285946276417e+04 8.280518420450059225e-08
3.002709624593748595e+04 1.152086433612421314e-09
3.002716500484563221e+04 7.007197737660598005e-10
3.002744820615559729e+04 3.484601780486772848e-08
3.002761763331929978e+04 4.744768432710001451e-09
3.002774767145891383e+04 8.370722329823322139e-09
3.002806454860951271e+04 4.693908032552792838e-11
3.002828432013175916e+04 2.612332589394961856e-08
3.002852802637156856e+04 2.369812997110395318e-09
3.002860425365386254e+04 2.193469583551162810e-11
3.002917141832265406e+04 6.724637625319467618e-09
3.002927931024811915e+04 7.947705240969413432e-09
3.002940114195954447e+04 3.186387976084164221e-11
3.002961072227543627e+04 1.855596106213492003e-10
3.002988326834669351e+04 3.145027658462224261e-10
3.003014457238165414e+04 6.390178906343552385e-10
3.003019524159044886e+04 5.368043070291266662e-09
3.003051375176645524e+04 9.412730700531745807e-11
3.003069741987030284e+04 3.445478951626867037e-09
3.003094887084681250e+04 1.281517215369842003e-09
3.003122623549297350e+04 2.394722001382498584e-07
3.003124971697458386e+04 3.174895542904129648e-08
3.003133479928334782e+04 4.833826362782860329e-10
3.003174455084228612e+04 4.812774571277557095e-10
3.003217386243508372e+04 1.029980327319839995e-08
3.003223631464848586e+04 4.670606355200869004e-08
3.003246047419112074e+04 1.311786483594970690e-09
3.003252572171956490e+04 2.248514085667463640e-09
3.003277419606850890e+04 1.354051904253205833e-10
3.003292178729736042e+04 3.551729955981783685e-13
3.003304999625280107e+04 6.683217724250065757e-10
3.003305195410858869e+04 2.826084497781667791e-08
3.003309507249324088e+04 6.135652701579710958e-12
3.003342259825656583e+04 2.470478351354880716e-09
3.003370523928059993e+04 2.054452049817181903e-08
3.003379637931968682e+04 1.827238357741724771e-12
3.003413236107994817e+04 5.530479126811824819e-09
3.003419975590547983e+04 3.736779998291957229e-09
3.003430319451325340e+04 3.598201177818272310e-11
3.003453816493858540e+04 6.694441424512909923e-11
3.003456865246126108e+04 6.999961236393272532e-10
3.003486443889283328e+04 6.360835620359585398e-09
3.003515501416476400e+04 3.598848901275477242e-08
3.003519025794853587e+04 2.071624809220426711e-07
3.003525994015659671e+04 2.548130285437451982e-10
3.003537499049988037e+04 6.463267189657387011e-10
3.003567673608589030e+04 2.133026547708991525e-09
3.003589796432271396e+04 2.215411196980795183e-09
3.003615067370397810e+04 8.870353606307693461e-10
3.003624189929353452e+04 1.429888483458101149e-10
3.003634843138745782e+04 3.052890960306350814e-09
3.003641855716718419e+04 2.672323510642775019e-10
3.003650845949954601e+04 5.075873574160574706e-10
3.003677423075781189e+04 3.969231518672906272e-11
3.003717334136482532e+04 2.691008332721008144e-09
3.003741317104301925e+04 1.828438512527513358e-10
3.003750951459400676e+04 3.360346166334437439e-08
3.003754868694759716e+04 1.770531975933494885e-08
3.003782194720760526e+04 2.920159029677813251e-10
3.003795570691994726e+04 7.447707253735956800e-12
3.003843143692880403e+04 6.609259478003147221e-11
3.003843835379548182e+04 2.696088812622860492e-09
3.003858643903785924e+04 1.758881376998131753e-08
3.003873102075554561e+04 2.662872772663791711e-09
3.003878785723516921e+04 3.009664513050450355e-09
3.003907438999551596e+04 5.328656097490023835e-13
3.003939723679221788e+04 1.126188758175398463e-11
3.003948476912017577e+04 1.198506861373616644e-09
3.003964390523579641e+04 3.552279672897595011e-10
3.003979126964647003e+04 1.429300476263915653e-10
3.004015519879037674e+04 1.705180097128911856e-09
3.004022586537190728e+04 3.160848965040167518e-10
3.004028473951142223e+04 7.755419555735248036e-09
3.004051827234047596e+04 9.683680268537516931e-10
3.004065802338096546e+04 3.837661975962357552e-12
3.004076841220917413e+04 6.139389029209736604e-12
3.004090256323227368e+04 1.988462313480055263e-10
3.004113813999724880e+04 3.299032179101761495e-10
3.004136157308949987e+04 4.573579176990646111e-09
3.004152670655917973e+04 1.843404355609924071e-08
3.004166697828460383e+04 1.815750935189976699e-08
3.004185524050645108e+04 1.194972085461219255e-10
3.004204242249485469e+04 4.359074003054914571e-11
3.004223590070993669e+04 7.566127186890896372e-12
3.004237395705250674e+04 1.993702555110885800e-12
3.004253400814524139e+04 6.056888015477469853e-12
3.004259622457839941e+04 1.395007660909156789e-11
3.004289045239473126e+04 1.028170881278099214e-11
3.004305903329854482e+04 3.710045540921757507e-11
3.004314489762240919e+04 3.900795552239693649e-12
3.004337073683244671e+04 1.482820102063400820e-12
3.004371991444573723e+04 6.548966134114054408e-13
3.004374897803390195e+04 1.954814868958286351e-12
3.004393171538969909e+04 4.406866295441364495e-12
3.004401044077525876e+04 4.863506160735583717e-13
3.004421862867315576e+04 1.479811967005351585e-11
3.004432477976817609e+04 8.178500376287065479e-11
3.004466209106075985e+04 2.647691049982248777e-11
3.004479283721471074e+04 1.035220046425641798e-11
3.004495117076521638e+04 1.363521700204259830e-10
3.004497240348042033e+04 1.447025896012329380e-14
3.004539162235734693e+04 9.611062853989886016e-10
3.004545304026969097e+04 2.415901784527060614e-09
3.004554060177385691e+04 6.049756782781179878e-11
3.004568716128284723e+04 1.915905807354711688e-12
3.004582746426666927e+04 5.921244067397508693e-11
3.004612862942575885e+04 3.407570397022734656e-12
3.004620085431722691e+04 5.222134760627684087e-14
3.004652704751682541e+04 4.867867981546200920e-13
3.004655994331379407e+04 2.928964780081776825e-13
3.004675630685435681e+04 9.822358669890181800e-11
3.004689262879009402e+04 8.463073594758115729e-13
3.004702830416313373e+04 5.290140731333460890e-09
3.004713203252545281e+04 4.770178791520264856e-10
3.004730791320144635e+04 9.497795782776124934e-11
3.004772342693749670e+04 2.857743875547851690e-11
3.004775492724249852e+04 6.669776337416271092e-11
3.004790178363093946e+04 4.816820420271262641e-10
3.004798466783197728e+04 5.406360894660588680e-11
3.004818063587016513e+04 1.694343833285241444e-11
3.004851681851824833e+04 1.534479331034450746e-10
3.004856068803534436e+04 4.225996728737474733e-12
3.004879584095565224e+04 3.068645898831954162e-11
3.004904018879353316e+04 1.154220087449168089e-11
3.004914102897073826e+04 9.523647077515681015e-11
3.004937973000862257e+04 3.486829997147656274e-11
3.004964515934195515e+04 7.728910960044679568e-11
3.004985133950513045e+04 8.752206132415120154e-12
3.005001822460253970e+04 4.943267937491226145e-14
3.005002982367546429e+04 3.919767669742689068e-12
3.005013395235780990e+04 1.280764442666571100e-11
3.005029492116493566e+04 6.131165515273801803e-12
3.005045371235234052e+04 6.779984226566608884e-11
3.005053753948993472e+04 2.731777990303142660e-11
3.005072850800431843e+04 2.340565437246554711e-11
3.005102795110540683e+04 3.743178140567567500e-11
3.005114905865217588e+04 1.280225933888044129e-10
3.005124690967610513e+04 3.112200768508861914e-11
3.005153852512009689e+04 8.004722037014515777e-10
3.005165853244169193e+04 5.251802036747965053e-11
3.005191152583870280e+04 1.429759648247860249e-11
3.005193981300964151e+04 1.349625795987445252e-11
3.005210907870733718e+04 6.695163061042733811e-14
3.005218053692763351e+04 2.147870853773604317e-12
3.005256552629427097e+04 1.812237867387669702e-10
3.005288644724430196e+04 6.879329945894290062e-11
3.005295959388489791e+04 2.603832838151602162e-11
3.005304539880194352e+04 4.294646365463557383e-10
3.005327024421779788e+04 1.417732188691204614e-12
3.005328556366563498e+04 2.530696341326388897e-11
3.005346663074780736e+04 8.635541234296423882e-13
3.005363136248991577e+04 1.694124540019233898e-11
3.005380675299717404e+04 1.539224115469661733e-12
3.005414786525678937e+04 9.693788852663035865e-12
3.005434921331290388e+04 1.729354863958672746e-11
3.005449656649922326e+04 1.053821612478450015e-10
3.005465668194890895e+04 1.361754109853520359e-10
3.005477491622950765e+04 2.925116196453968588e-11
3.005480486578631462e+04 3.273992251780080969e-14
3.005500275658628743e+04 3.607916199847495621e-10
3.005515306428155236e+04 8.222508338380771534e-11
3.005546945139153104e+04 2.112475241785717567e-11
3.005557113474469224e+04 2.710122900385742820e-11
3.005570909864013447e+04 5.931941311232779715e-13
3.005577475841976047e+04 6.174113829542766488e-12
3.005621388441774980e+04 1.473108773093830123e-11
3.005641718107662018e+04 2.921714844564322000e-12
3.005661476412933916e+04 3.232263829743418825e-11
3.005673074651083880e+04 8.813737517325318181e-11
3.005694522893089743e+04 1.230031143751532035e-10
3.005697971120863440e+04 6.369828313657130081e-11
3.005718063669579351e+04 1.771680736706050287e-10
3.005725105790749149e+04 2.426563234445815543e-10
3.005738710666920088e+04 3.819532359482031266e-12
3.005759272463997331e+04 1.315162534145687572e-12
3.005761469244895852e+04 1.798169593444503064e-11
3.005781503172411976e+04 4.716634525408521456e-12
3.005819500395534124e+04 1.254353287709756000e-12
3.005826616815071611e+04 1.690347979235199678e-12
3.005834065366608411e+04 2.904256592160673971e-13
3.005875276646319981e+04 2.068959877830872044e-13
3.005911661931772323e+04 9.460147275436955206e-13
3.005929278161391630e+04 5.667591016075145234e-11
3.005948199772541557e+04 4.657790678434767078e-11
3.005949077492834476e+04 3.911349011624470241e-12
3.005962304668416255e+04 3.290564122094611023e-13
3.005973012639202716e+04 1.131109535417185137e-10
3.005981941614242896e+04 6.514304848269100610e-11
3.006010801064921543e+04 1.889825734766456255e-12
3.006021933929151055e+04 1.713056587804602972e-13
3.006061658784886822e+04 7.011771957359684035e-12
3.006062435895580711e+04 1.631035605511579011e-13
3.006081316532885830e+04 2.330787112250466566e-13
3.006112191896860531e+04 3.587928044960809272e-13
3.006130455669635921e+04 2.499045094241512002e-14
3.006163505353976507e+04 2.584590007520365688e-11
3.006172066093390458e+04 3.690856395461114888e-11
3.006204698062626267e+04 1.408497297930717995e-11
3.006226265905123000e+04 2.865229722856168120e-12
3.006228057659180195e+04 1.134003797071010743e-10
3.006244419766237115e+04 8.537654120258768583e-13
3.006269331140743816e+04 6.108648276847050324e-12
3.006276615709307225e+04 5.562895016823614097e-12
3.006290867848556081e+04 9.741604339258459604e-14
3.006295104005580652e+04 8.165940676589887660e-14
3.006323453657794380e+04 5.939356324963049046e-13
3.006352112392220079e+04 4.002325933443661422e-13
3.006364525503066761e+04 7.266762799638371548e-14
3.006380265993501962e+04 2.427301069322532554e-12
3.006409553174107350e+04 1.129150106599490827e-11
3.006420105819193486e+04 2.228336042443351368e-11
3.006440999969909171e+04 2.661114436958765521e-11
3.006453822036167185e+04 2.081679292511512479e-13
3.006484887098523905e+04 1.732287860133337536e-11
3.006500333920964840e+04 2.594744617563369374e-12
3.006521087786077987e+04 1.715201156743884647e-12
3.006536540863953996e+04 6.029854631767141209e-12
3.006547895170782067e+04 7.026521925498732085e-13
3.006591961636024280e+04 1.398939928930087342e-14
3.006608454818842802e+04 1.235630828310431467e-13
3.006623458203072732e+04 5.458261583965737866e-13
3.006638911189299688e+04 1.170560819852141507e-11
3.006681840466929134e+04 1.530967602976108962e-11
3.006701769212242289e+04 6.160933087509278920e-14
3.006716856256229221e+04 3.636765772180706517e-14
3.006745580656316451e+04 5.017575175801722825e-14
3.006752160538793396e+04 4.350548065485306108e-12
3.006780361071757943e+04 2.516821005687652235e-12
3.006789879952291813e+04 1.014365183814787887e-12
3.006796359664944248e+04 9.231858273911396809e-14
3.006816623230831465e+04 6.095893373873659117e-14
3.006854153895850322e+04 2.031623265107484575e-12
3.006865855561315038e+04 1.297699848178204300e-12
3.006884456974189743e+04 2.570290126855170974e-16
3.006915482927409539e+04 1.532647374129931039e-12
3.006926908971309967e+04 7.736091672535409473e-12
3.006945682759168267e+04 5.706286464765835835e-15
3.006962807125701147e+04 2.033789282235289795e-12
3.006990204314288349e+04 2.307317211903328041e-12
3.007018202042190023e+04 1.359965430637654306e-13
3.007024903885800450e+04 6.195604041076314402e-14
3.007038071753472468e+04 1.946315142623492546e-13
3.007058164880550612e+04 2.610862624224831342e-13
3.007101567523067934e+04 6.477856822787309038e-13
3.007124114211045162e+04 3.090364190524041623e-12
3.007139242991507490e+04 4.190635204848921098e-12
3.007168447310982447e+04 2.933269548394148393e-14
3.007188437291038645e+04 2.669765906375695610e-12
3.007230602754762731e+04 1.359130971778637269e-15
3.007253612641070868e+04 1.363405543397687950e-13
3.007269530059146564e+04 2.224522459191336422e-13
3.007298856843830436e+04 2.271452790357745462e-13
3.007304751519186175e+04 4.991687045351082246e-19
3.007319728599670270e+04 1.864379206313176247e-12
3.007350169371346783e+04 1.553429959206231176e-12
3.007365964335354511e+04 2.570723220142500618e-12
3.007407635349558041e+04 1.707434951822472109e-13
3.007431484039441784e+04 4.893267120491786438e-14
3.007449567784150349e+04 2.352885649607651759e-14
3.007457506395872770e+04 4.365247452737439375e-13
3.007484838460539322e+04 1.151092648424398406e-13
3.007508613599318778e+04 1.068907384676432351e-12
3.007546613386735771e+04 1.552612605563840631e-12
3.007579405360731835e+04 4.403487408762814220e-13
3.007587018945766977e+04 4.007675704163695716e-14
3.007620086513671413e+04 2.180062928083688315e-14
3.007631063172096765e+04 3.965049523611643713e-14
3.007653108578969477e+04 4.776073919574823305e-15
3.007693956747201810e+04 9.365609082600926284e-13
3.007711584113261051e+04 3.274847552539519125e-13
3.007756103693051773e+04 5.349985294306299779e-13
3.007764444432622258e+04 1.171479578444912594e-14
3.007792669629383454e+04 4.967583033626878335e-15
3.007818540478017530e+04 3.619278085528264317e-16
3.007855689443386655e+04 1.764743915244067878e-13
3.007863214931126276e+04 6.554807908521651088e-14
3.007900288576867024e+04 1.680968342545930433e-13
3.007910381863040675e+04 9.489494748838772366e-14
3.007932310889845758e+04 1.241339303077165485e-13
3.007953976614418207e+04 1.114904991480741824e-13
3.007973823342028118e+04 1.697771915308733599e-14
3.008000274105284916e+04 4.771187770980217791e-15
3.008035181591930814e+04 4.409862551123401124e-14
3.008083669869829464e+04 1.803680517825082870e-13
3.008106500591643271e+04 3.851062924349799080e-14
3.008117246819445427e+04 1.022620942954152220e-14
3.008156556659483613e+04 5.363934188507379329e-16
3.008193122088778910e+04 9.959848237437453031e-15
3.008218194651739759e+04 4.927834136723305614e-17
3.008245747519579163e+04 1.080053214265839579e-14
3.008278509519628278e+04 5.207067183268071954e-14
3.008288279806616629e+04 3.082847791147860060e-14
3.008342001059780159e+04 3.076607134556034758e-14
3.008369300291013133e+04 3.083869768342312936e-16
3.008374378703681941e+04 1.108537869611177759e-16
3.008418339743217075e+04 1.257409691282637257e-15
3.008458002606177979e+04 4.413908329004858057e-16
3.008476211001857519e+04 8.212355657722163531e-16
3.008510335955830669e+04 2.639674274298181471e-14
3.008557498992202090e+04 7.756186180128051271e-15
3.008582746841033440e+04 5.607862893513847434e-15
3.008599231329923714e+04 2.553245519896167877e-17
3.008645408336671244e+04 4.505016852393907044e-15
3.008667851713513301e+04 9.677507901261355585e-16
3.008690087488009158e+04 3.262283645482813211e-15
3.008731851805902988e+04 1.024894248457350550e-15
3.008736813859463655e+04 1.000440293695537959e-14
3.008781835438075359e+04 3.175969537113572441e-15
3.008794084973253121e+04 1.189695620786566636e-16
3.008870216926570720e+04 2.331182425561572037e-15
3.008891508019768298e+04 2.555697800023879309e-15
3.008940907375512688e+04 7.291829095708887141e-15
3.008973567058876506e+04 6.722109746818904626e-18
3.009050658945247051e+04 3.444676506656945814e-18
3.009070901320425401e+04 1.002652934693180929e-15
3.009087561436110263e+04 6.572494311927467282e-16
3.009121852845475951e+04 2.465884160913482180e-15
3.009175975254296281e+04 1.693245271057999850e-15
3.009189767546352596e+04 6.696755897772544715e-17
3.009215579275583514e+04 8.672767752108628183e-17
3.009266400924138725e+04 8.176504765519501163e-16
3.009299120854630019e+04 1.216875837100646784e-15
3.009376867586840672e+04 3.236428043105882323e-16
3.009431419661552718e+04 5.867949836943252351e-17
3.009450096773637779e+04 2.634153497969462148e-16
3.009477119424840203e+04 1.240525592421693544e-16
3.009526401174013881e+04 1.575046785916868735e-16
3.009574299998663264e+04 3.588847042970322589e-16
3.009653999898583425e+04 4.602530579413214183e-17
3.009688019196974710e+04 2.180728331489662049e-16
3.009736089965296924e+04 3.279622688493557849e-18
3.009793614739560144e+04 5.648513710909334685e-17
3.009835943127291830e+04 3.711657863332903688e-17
3.009879929315527261e+04 1.982832725795884045e-18
3.009924982556431860e+04 8.555683346913038955e-18
3.009991201373305375e+04 7.351116931006216279e-17
3.010054268787064575e+04 1.858628249087034819e-18
3.010122011243850648e+04 1.140775306402766436e-17
3.010162111645958430e+04 2.910861378236930453e-21
3.010193972317866792e+04 2.357376288908749452e-19
3.010271953586498057e+04 6.694747090719127040e-19
3.010295938264493452e+04 2.660587488224653873e-18
3.010325843338414052e+04 1.699582009778035034e-17
3.010447699103550622e+04 9.216629489700522032e-18
3.010502526098971066e+04 5.059429073625222517e-18
3.010560782934285089e+04 1.606245579140456329e-19
3.010691119880422411e+04 2.832657984733348281e-18
3.010739945393777452e+04 7.120348418448675290e-19
3.010776920748202974e+04 1.102256615421268920e-19
3.010852172522465844e+04 1.765381550470710235e-18
3.010941018586899008e+04 1.110293881693868409e-19
3.011026698786985435e+04 4.059728215259766391e-19
3.011061029510212029e+04 2.009272383022997145e-19
3.011101250891848031e+04 1.123304363273803073e-19
3.011202982832791895e+04 6.109203841143944470e-19
3.011372977185604759e+04 1.674452124037011987e-20
3.011493947879208281e+04 4.931160304892024189e-22
3.011541160448955634e+04 2.714481364703250309e-23
3.011698370626043834e+04 0.000000000000000000e+00
3.011734813647395276e+04 1.230827347929571576e-21
3.011787954346999322e+04 5.471729128107409260e-20
3.011910130731752361e+04 1.301050426871181244e-21
3.011999807639819119e+04 5.412808402060591395e-21
3.012238009732367573e+04 1.360810407347860025e-22
3.012343221493597594e+04 1.477420513748507221e-21
3.012528618452030423e+04 1.563912882917755546e-21
3.012596642143011559e+04 2.585468940116810070e-22
3.012674402946036207e+04 1.181462509673736933e-22
3.012891321736162718e+04 6.396722435107237586e-23
3.012930359123150265e+04 7.868534368533319910e-24
3.013205436839562390e+04 1.315569654783423316e-23
3.013312566612302180e+04 9.655935927495378070e-24
3.013477090386342024e+04 1.834801416369384545e-24
3.013502015939586636e+04 1.305233128642542729e-23
3.013905878664281772e+04 1.240195490011941718e-24
3.013953769417951480e+04 0.000000000000000000e+00
3.014241555820427675e+04 0.000000000000000000e+00
3.014314809922296627e+04 0.000000000000000000e+00
3.014440750109521105e+04 0.000000000000000000e+00
3.014471893693142192e+04 0.000000000000000000e+00
3.015053138774467880e+04 0.000000000000000000e+00
3.015110961554985261e+04 0.000000000000000000e+00
3.015441871078193071e+04 0.000000000000000000e+00
3.015525424430652492e+04 0.000000000000000000e+00
3.015665709729956143e+04 0.000000000000000000e+00
3.015725922833838558e+04 0.000000000000000000e+00
3.016341822598046929e+04 0.000000000000000000e+00
3.016392997593600376e+04 0.000000000000000000e+00
3.016631932231097380e+04 0.000000000000000000e+00
3.016690948453751480e+04 0.000000000000000000e+00
3.017781372738533537e+04 0.000000000000000000e+00
3.017823089068989066e+04 0.000000000000000000e+00
3.017984364375289806e+04 0.000000000000000000e+00
3.018022209448231297e+04 0.000000000000000000e+00
3.019342909398718984e+04 0.000000000000000000e+00
3.019387892902545354e+04 0.000000000000000000e+00
3.019824297997832400e+04 0.000000000000000000e+00
3.019857122282430646e+04 0.000000000000000000e+00
3.021108336172197596e+04 0.000000000000000000e+00
3.021140284393028560e+04 0.000000000000000000e+00
3.023337309854344858e+04 0.000000000000000000e+00
3.023357845126827306e+04 0.000000000000000000e+00
